NCVOG0719-consensus	scaffold_14	26.79	224	113	51	47	219	331420	332086	1.3e-12	72.9
NCVOG0669-consensus	scaffold_7	27.60	192	127	12	279	466	1070946	1070398	3.8e-13	75.4
NCVOG0669-consensus	scaffold_3	29.13	206	134	12	266	466	101160	101753	2.5e-12	72.7
NCVOG0333-consensus	scaffold_5	41.67	120	52	18	599	709	847276	847605	3.4e-12	72.9
NCVOG0333-consensus	scaffold_1	36.36	143	85	6	535	677	2004154	2003747	8.6e-12	71.5
NCVOG0233-consensus	scaffold_8	35.85	873	445	115	104	863	1188257	1190866	1.7e-57	223.6
NCVOG0233-consensus	scaffold_9	35.92	863	441	112	104	856	691043	688464	3e-57	222.8
NCVOG0233-consensus	scaffold_13	32.07	895	424	184	135	851	459604	456943	8.4e-43	174.8
NCVOG0233-consensus	scaffold_1	29.80	547	349	35	234	760	453781	452189	1.2e-42	174.3
NCVOG0233-consensus	scaffold_9	24.85	837	553	76	61	859	635301	637688	5.5e-42	172.1
NCVOG0233-consensus	scaffold_12	29.48	736	406	113	123	746	590750	588549	9.2e-37	154.8
NCVOG0233-consensus	scaffold_1	31.13	363	180	70	452	746	1934450	1933373	4.2e-28	126.0
NCVOG0233-consensus	scaffold_2	26.09	801	488	104	16	729	1372351	1374699	2.6e-18	93.5
NCVOG0233-consensus	scaffold_9	26.09	801	488	104	16	729	107500	109848	3.2e-18	93.2
NCVOG0233-consensus	scaffold_2	25.71	424	266	49	342	722	1118913	1117665	5.8e-15	82.3
NCVOG0233-consensus	scaffold_5	25.56	665	412	83	73	684	1327806	1329691	5.8e-11	69.0
NCVOG1013-consensus	scaffold_6	38.10	315	143	52	242	527	541253	542125	2.1e-19	96.8
NCVOG1013-consensus	scaffold_1	30.58	412	228	58	137	518	2115958	2117100	3.1e-19	96.2
NCVOG0013-consensus	scaffold_3	36.84	171	106	2	116	284	166346	165837	1.4e-19	97.1
NCVOG0763-consensus	scaffold_9	52.76	127	52	8	190	311	346094	346462	1.2e-11	69.9
NCVOG0297-consensus	scaffold_2	25.00	300	207	18	14	298	1481544	1482431	1.6e-11	70.2
NCVOG0073-consensus	scaffold_1	41.65	617	335	25	28	640	2991685	2993469	4e-98	358.7
NCVOG0073-consensus	scaffold_1	38.38	667	356	55	24	664	534339	536245	4e-86	318.8
NCVOG0073-consensus	scaffold_7	30.95	811	492	68	31	806	967442	969764	1.5e-56	220.7
NCVOG0073-consensus	scaffold_2	27.85	456	273	56	2	408	392740	391397	7.3e-22	105.4
NCVOG0268-consensus	scaffold_2	26.71	307	197	28	299	595	49672	48809	5.1e-13	75.4
NCVOG1068-consensus	scaffold_18	43.33	120	42	26	128	221	472148	472502	3.4e-12	70.6
NCVOG0613-consensus	scaffold_2	31.43	105	71	1	2	106	1539300	1538992	1.2e-12	71.9
NCVOG4523-consensus	scaffold_1	30.90	903	425	199	76	823	3186539	3189098	9.8e-29	128.4
NCVOG1353-consensus	scaffold_5	58.49	754	239	74	99	780	755256	757502	3.7e-96	351.9
NCVOG4445-consensus	scaffold_4	31.16	199	129	8	148	344	1520722	1521297	1.1e-15	83.1
NCVOG4123-consensus	scaffold_4	35.33	167	101	7	141	307	1520770	1521246	9.2e-15	80.1
NCVOG0243-consensus	scaffold_7	29.64	442	225	86	29	389	1108999	1107692	5.5e-13	74.7
NCVOG0055-consensus	scaffold_10	36.71	158	85	15	228	380	747956	748388	1.3e-12	73.5
NCVOG0055-consensus	scaffold_20	29.07	313	185	37	103	392	114112	114975	1.5e-12	73.3
NCVOG4105-consensus	scaffold_1	36.12	1124	620	98	14	1082	606268	603029	5.7e-110	398.3
NCVOG1045-consensus	scaffold_12	30.91	165	107	7	387	550	93939	93466	6.8e-17	88.1
NCVOG0305-consensus	scaffold_10	31.09	267	171	13	1303	1560	370000	370785	6.2e-27	123.0
NCVOG0305-consensus	scaffold_8	30.37	214	145	4	822	1034	336057	335428	4.1e-22	106.9
NCVOG0305-consensus	scaffold_15	35.20	196	121	6	1334	1527	251621	252193	1.5e-21	105.1
NCVOG0305-consensus	scaffold_2	29.49	217	144	9	1341	1555	302034	301408	1e-17	92.3
NCVOG0305-consensus	scaffold_9	31.27	291	174	26	1281	1551	91874	92725	5.2e-15	83.4
NCVOG0305-consensus	scaffold_1	27.69	260	172	16	1309	1555	2751520	2750753	8.7e-14	79.3
NCVOG0305-consensus	scaffold_12	27.96	279	179	22	803	1065	571785	572596	3.1e-12	74.1
NCVOG0305-consensus	scaffold_1	31.36	169	110	6	809	974	688678	688184	9.6e-12	72.5
NCVOG0305-consensus	scaffold_1	29.80	151	98	8	1316	1458	4318167	4317718	7.6e-11	69.5
NCVOG0105-consensus	scaffold_18	36.89	122	76	1	707	828	354155	354514	6e-12	72.5
NCVOG0105-consensus	scaffold_7	26.85	298	179	39	622	886	1197512	1196644	8.1e-11	68.5
NCVOG4598-consensus	scaffold_4	31.85	157	95	12	11	159	975820	976271	4e-11	67.5
NCVOG4804-consensus	scaffold_1	54.00	150	55	14	37	186	1867529	1867933	1.1e-27	122.5
NCVOG4804-consensus	scaffold_1	54.00	150	55	14	37	186	2419052	2419456	1.1e-27	122.5
NCVOG0282-consensus	scaffold_9	26.84	354	210	49	319	637	91964	92980	1.3e-19	97.8
NCVOG0282-consensus	scaffold_16	26.63	323	186	51	294	581	25645	24728	2.4e-16	86.9
NCVOG0282-consensus	scaffold_2	24.76	416	289	24	174	582	302579	301390	7.3e-16	85.3
NCVOG0282-consensus	scaffold_1	25.85	352	225	36	321	655	2751499	2750504	1.1e-15	84.8
NCVOG0282-consensus	scaffold_1	21.55	608	417	60	29	590	689752	687974	1.1e-15	84.8
NCVOG0282-consensus	scaffold_15	34.52	168	101	9	360	526	251654	252130	2.5e-13	76.9
NCVOG0282-consensus	scaffold_12	29.11	237	153	15	354	581	571806	572489	9.3e-13	75.0
NCVOG0282-consensus	scaffold_1	25.34	363	218	53	201	522	3429826	3430875	1.3e-11	71.2
NCVOG2963-consensus	scaffold_191	2.03	197	193	0	108	304	3330	3917	3e-17	83.6
NCVOG4883-consensus	scaffold_2	35.84	279	157	22	182	460	1628594	1629361	3.9e-26	118.5
NCVOG0360-consensus	scaffold_6	44.78	297	157	7	24	315	62822	61941	7.8e-59	226.6
NCVOG0979-consensus	scaffold_1	47.26	328	138	35	33	328	47489	48456	5.3e-55	214.1
NCVOG0274-consensus	scaffold_3	37.56	1483	719	207	65	1368	543628	539267	4.8e-60	232.8
NCVOG0274-consensus	scaffold_3	33.23	990	501	160	212	1050	124059	121132	2.6e-31	137.3
NCVOG0274-consensus	scaffold_18	29.76	1156	472	340	251	1067	301964	305399	2.2e-23	111.0
NCVOG0074-consensus	scaffold_1	65.83	597	204	0	14	610	2991685	2993472	9.7e-203	705.7
NCVOG0074-consensus	scaffold_1	55.87	630	251	27	10	616	534339	536209	4.9e-132	470.8
NCVOG0074-consensus	scaffold_7	46.87	623	292	39	27	623	967471	969297	3e-117	421.7
NCVOG0074-consensus	scaffold_7	31.13	453	282	30	78	502	1217418	1216069	3.2e-43	175.4
NCVOG0074-consensus	scaffold_2	33.41	416	221	56	21	380	392641	391397	7.2e-27	121.5
NCVOG0074-consensus	scaffold_9	27.60	413	214	85	62	390	893949	892721	3.1e-17	89.4
NCVOG4414-consensus	scaffold_4	32.05	156	99	7	47	202	1520827	1521270	1.3e-11	69.1
NCVOG4324-consensus	scaffold_9	29.96	564	312	83	139	630	513702	512057	5.9e-23	108.4
NCVOG4134-consensus	scaffold_1	31.58	437	225	74	39	416	4359206	4357952	1.4e-27	122.6
NCVOG4024-consensus	scaffold_56	28.26	368	236	28	17	375	2397	3440	2.6e-23	105.3
NCVOG0244-consensus	scaffold_3	25.00	376	264	18	39	398	1532714	1533824	4e-13	75.6
NCVOG0334-consensus	scaffold_105	29.28	304	199	16	6	302	1669	788	1.4e-29	125.1
NCVOG0334-consensus	scaffold_105	27.68	224	155	7	5	224	674	17	6.4e-22	99.6
NCVOG0304-consensus	scaffold_2	35.06	174	96	17	39	202	1255226	1255723	9e-14	77.6
NCVOG0304-consensus	scaffold_4	34.36	163	90	17	52	201	360165	360638	8.2e-12	71.1
NCVOG0304-consensus	scaffold_2	36.45	107	63	5	97	203	302007	301705	6.5e-11	68.1
NCVOG0214-consensus	scaffold_12	45.83	144	73	5	375	515	355482	355904	8.3e-17	88.3
NCVOG0214-consensus	scaffold_6	25.42	531	362	34	78	591	480525	478987	1.5e-13	77.5
NCVOG0214-consensus	scaffold_6	31.23	301	182	25	255	543	482083	481223	1e-16	88.0
NCVOG0214-consensus	scaffold_5	36.73	147	87	6	375	516	1367551	1367117	8.3e-13	75.0
NCVOG0214-consensus	scaffold_5	6.68	374	340	9	230	599	1371914	1370819	1.2e-12	74.5
NCVOG0276-consensus	scaffold_4	63.96	333	87	33	58	357	756709	755718	7.4e-63	240.2
NCVOG4882-consensus	scaffold_1	30.87	379	226	36	368	718	2978617	2979726	3.9e-24	113.0
NCVOG0777-consensus	scaffold_12	31.46	356	182	62	166	498	135116	136063	8.9e-24	112.4
NCVOG0777-consensus	scaffold_4	31.65	297	176	27	26	307	975131	975978	3.6e-17	90.4
NCVOG0777-consensus	scaffold_8	39.51	162	70	28	182	339	1000289	999879	2.5e-13	77.7
NCVOG0777-consensus	scaffold_1	37.91	182	95	18	151	322	169284	168766	6.4e-13	76.3
NCVOG0777-consensus	scaffold_84	27.23	415	249	53	100	486	2844	1684	9e-13	71.7
NCVOG0777-consensus	scaffold_84	25.75	435	263	60	163	545	4433	3160	1.3e-12	71.1
NCVOG0777-consensus	scaffold_12	39.25	214	103	27	142	350	135690	135118	6.1e-12	73.1
NCVOG0777-consensus	scaffold_12	35.71	168	92	16	155	311	132569	132084	1.6e-12	75.0
NCVOG0777-consensus	scaffold_12	28.90	436	248	62	120	545	130169	129021	1.6e-12	75.0
NCVOG2610-consensus	scaffold_5	25.00	372	244	35	2	366	442224	441196	5.2e-13	74.7
NCVOG0976-consensus	scaffold_5	28.36	201	128	16	194	382	242930	242343	9.2e-13	73.9
NCVOG0185-consensus	scaffold_1	33.87	124	76	6	31	148	1022482	1022120	1.2e-14	79.5
NCVOG0185-consensus	scaffold_1	30.73	179	110	14	32	199	4134100	4133580	1.5e-14	79.2
NCVOG0185-consensus	scaffold_6	35.25	139	80	10	16	147	1330405	1330809	1.7e-13	75.7
NCVOG0185-consensus	scaffold_4	36.46	181	100	15	26	194	533607	533083	6.3e-13	73.8
NCVOG0185-consensus	scaffold_4	43.75	96	49	5	19	113	536755	536487	1.2e-13	76.2
NCVOG0185-consensus	scaffold_5	49.21	63	30	2	35	97	1294441	1294620	4.2e-12	71.1
NCVOG0185-consensus	scaffold_4	33.53	167	87	24	3	146	974495	974985	5e-12	70.8
NCVOG3000-consensus	scaffold_5	32.60	181	99	23	48	212	1365372	1364862	6.5e-11	67.0
NCVOG0030-consensus	scaffold_10	33.65	523	244	103	31	472	245573	244080	2.5e-29	129.8
NCVOG0030-consensus	scaffold_1	31.47	483	188	143	76	432	2276949	2275561	2.9e-24	113.0
NCVOG0030-consensus	scaffold_6	27.61	431	262	50	38	439	358680	359898	4.1e-15	82.6
NCVOG4494-consensus	scaffold_1	35.33	167	107	1	53	218	581935	581438	3.7e-18	92.2
NCVOG4494-consensus	scaffold_12	38.61	158	95	2	76	232	551318	551781	8.6e-16	84.3
NCVOG0757-consensus	scaffold_23	39.58	144	82	5	3	145	15612	16028	2.6e-21	98.9
NCVOG4707-consensus	scaffold_6	26.41	337	227	21	14	342	480054	479092	7e-11	67.6
NCVOG0077-consensus	scaffold_40	28.15	238	154	17	331	563	11766	12440	7.3e-16	81.8
NCVOG0296-consensus	scaffold_2	31.61	174	106	13	61	229	301980	301486	1.1e-11	71.0
NCVOG0267-consensus	scaffold_13	28.94	463	277	52	343	785	81430	80145	1.4e-27	124.6
NCVOG0267-consensus	scaffold_2	30.91	317	186	33	357	664	1608034	1607159	1.4e-22	108.1
NCVOG0267-consensus	scaffold_15	25.73	443	268	61	330	733	245609	246868	1.6e-13	78.0
NCVOG0517-consensus	scaffold_91	28.16	277	173	26	76	328	4400	5221	6.1e-13	70.0
NCVOG0037-consensus	scaffold_1	41.93	1152	452	217	105	1043	1135394	1138826	3.1e-49	196.5
NCVOG0007-consensus	scaffold_9	30.69	404	202	78	21	346	859903	858699	5.6e-28	124.3
NCVOG1115-consensus	scaffold_4	48.80	166	81	4	251	412	918505	918011	1.8e-33	142.7
NCVOG0015-consensus	scaffold_3	35.45	189	111	11	96	273	166766	166203	1.1e-13	77.3
NCVOG0486-consensus	scaffold_15	28.42	373	203	64	43	360	163303	164387	1.9e-20	99.4
NCVOG0744-consensus	scaffold_1	27.90	466	271	65	90	499	382857	381494	2.8e-11	69.4
NCVOG0806-consensus	scaffold_3	34.75	469	232	74	24	447	853870	852558	1.1e-41	170.1
NCVOG0806-consensus	scaffold_6	38.56	485	165	133	85	447	533427	534839	1.8e-19	96.3
NCVOG0806-consensus	scaffold_10	24.68	466	247	104	81	447	124351	122974	2.7e-15	82.5
NCVOG0987-consensus	scaffold_12	13.24	657	505	65	165	782	135119	137008	9.4e-14	79.0
NCVOG0987-consensus	scaffold_1	35.06	154	87	13	163	311	169326	168892	7.4e-13	76.0
NCVOG0029-consensus	scaffold_5	39.56	412	231	18	15	410	599420	598194	9.5e-53	207.2
NCVOG0029-consensus	scaffold_5	34.67	225	137	10	277	498	598598	597948	4.5e-29	128.5
NCVOG0029-consensus	scaffold_7	39.05	105	64	0	253	357	1250778	1250467	6.4e-17	87.8
NCVOG0029-consensus	scaffold_1	29.73	481	176	162	152	491	4266946	4268310	5.5e-13	75.1
NCVOG4566-consensus	scaffold_5	25.45	334	222	27	191	515	442188	441244	2.4e-13	77.2
NCVOG4154-consensus	scaffold_4	37.50	144	82	8	92	232	799614	800027	2.1e-12	72.3
NCVOG1066-consensus	scaffold_23	32.12	358	186	57	3	321	32198	31182	1.6e-21	100.7
NCVOG4416-consensus	scaffold_4	28.25	177	123	4	90	264	1520725	1521246	2.1e-11	68.3
NCVOG0242-consensus	scaffold_16	39.42	104	62	1	517	620	366113	366418	2.1e-11	70.2
NCVOG1326-consensus	scaffold_2	42.25	142	80	2	13	152	79005	79427	1.1e-26	118.8
NCVOG0036-consensus	scaffold_7	41.96	112	64	1	104	214	589986	589654	4.6e-14	78.0
NCVOG0314-consensus	scaffold_1	38.54	96	55	4	10	104	64174	64449	4.3e-12	69.7
NCVOG0222-consensus	scaffold_4	34.93	418	218	54	128	504	798458	799667	6.5e-22	104.7
NCVOG0222-consensus	scaffold_5	26.54	456	305	30	66	504	1356339	1357664	3.1e-18	92.5
NCVOG0222-consensus	scaffold_5	27.32	399	264	26	84	475	442215	441087	5.1e-17	88.4
NCVOG0222-consensus	scaffold_1	20.68	440	330	19	74	504	1670226	1671512	1.1e-13	77.3
NCVOG0014-consensus	scaffold_3	30.00	250	172	3	100	348	166716	165978	6.8e-22	104.7
NCVOG0002-consensus	scaffold_9	31.89	555	323	55	303	841	799324	797780	5e-41	168.9
NCVOG0002-consensus	scaffold_3	32.26	496	301	35	332	813	926479	925066	2.3e-40	166.7
NCVOG0002-consensus	scaffold_3	34.48	87	57	0	679	765	1656718	1656461	9.8e-11	66.9
NCVOG1194-consensus	scaffold_4	68.75	48	14	1	64	111	536689	536552	1.2e-12	73.3
NCVOG2775-consensus	scaffold_2	30.29	307	208	6	84	386	260607	261518	2.9e-26	119.3
NCVOG2775-consensus	scaffold_3	33.33	222	145	3	179	398	1401417	1400758	1e-24	114.1
NCVOG2775-consensus	scaffold_1	30.56	324	206	19	92	404	1250022	1250954	3.2e-24	112.5
NCVOG2775-consensus	scaffold_1	30.39	283	173	24	129	387	1249167	1250012	4.9e-17	88.7
NCVOG2775-consensus	scaffold_1	29.41	272	171	21	124	387	2372634	2373407	3.9e-16	85.7
NCVOG2775-consensus	scaffold_3	32.59	316	197	16	92	402	1532921	1533824	1.4e-14	80.5
NCVOG2775-consensus	scaffold_1	34.28	283	151	35	97	371	3184269	3183521	7.5e-14	78.1
NCVOG2775-consensus	scaffold_12	31.09	267	157	27	163	405	245623	244835	1.3e-12	74.0
NCVOG2775-consensus	scaffold_9	33.82	207	117	20	246	432	755811	756428	1.5e-11	70.5
NCVOG0275-consensus	scaffold_17	31.47	197	106	29	7	174	462617	462032	4.6e-13	73.4
NCVOG0275-consensus	scaffold_11	34.29	105	69	0	18	122	196519	196830	3.3e-12	71.0
NCVOG0729-consensus	scaffold_8	30.63	617	200	228	5	404	868178	866372	1.6e-14	80.3
NCVOG5103-consensus	scaffold_1	36.75	234	111	37	298	501	4134575	4133900	3.9e-26	119.7
NCVOG5103-consensus	scaffold_2	31.27	275	183	6	228	501	56177	55373	2.2e-18	94.0
NCVOG5103-consensus	scaffold_2	33.02	215	130	14	315	517	533806	534441	4.3e-16	86.4
NCVOG5103-consensus	scaffold_9	37.11	194	100	22	317	503	346704	346171	1.5e-14	81.2
NCVOG5103-consensus	scaffold_4	26.79	224	140	24	310	509	799704	800372	1.1e-11	71.7
NCVOG4874-consensus	scaffold_3	38.46	403	169	79	25	370	1231735	1232872	1e-44	179.9
NCVOG4605-consensus	scaffold_5	23.94	564	381	48	6	538	968003	969640	5.1e-16	85.6
NCVOG4423-consensus	scaffold_4	36.89	122	77	0	82	203	1520905	1521267	2.1e-17	88.0
NCVOG4001-consensus	scaffold_1	23.03	508	348	43	35	527	1249281	1250709	7e-13	74.8
NCVOG1136-consensus	scaffold_4	47.99	323	99	69	194	449	1370980	1371939	7.4e-43	174.1
NCVOG1049-consensus	scaffold_121	32.09	268	171	11	1	266	842	69	6.2e-28	119.4
NCVOG1049-consensus	scaffold_98	27.88	330	222	16	6	323	4546	3572	8.4e-27	115.9
NCVOG0191-consensus	scaffold_14	38.31	201	100	24	9	208	303841	304367	1.5e-18	92.3
NCVOG0191-consensus	scaffold_1	35.75	193	94	30	28	216	169335	168838	9.1e-12	69.8
NCVOG0901-consensus	scaffold_16	40.19	214	65	63	32	182	346262	345630	2.1e-16	84.9
NCVOG2980-consensus	scaffold_12	36.64	494	225	88	67	474	653069	651603	8.1e-25	114.2
NCVOG1298-consensus	scaffold_6	26.75	415	272	32	201	603	480138	478959	2.3e-16	86.5
NCVOG0450-consensus	scaffold_6	33.07	251	153	15	119	363	541364	542086	2.9e-17	89.0
NCVOG0652-consensus	scaffold_30	29.89	261	156	27	97	339	3337	2587	5.3e-14	75.4
NCVOG0835-consensus	scaffold_2	45.22	115	63	0	3	117	1319814	1320155	5.7e-21	100.6
NCVOG0835-consensus	scaffold_2	33.12	154	91	12	128	270	1320921	1321376	2.3e-14	78.6
NCVOG1062-consensus	scaffold_176	26.52	313	208	22	86	384	1888	977	6.6e-12	66.4
NCVOG4522-consensus	scaffold_1	32.88	222	68	81	261	401	3345554	3344894	3.1e-18	92.3
NCVOG1352-consensus	scaffold_17	37.30	126	74	5	45	170	232961	232602	9.5e-16	83.1
NCVOG0522-consensus	scaffold_14	42.50	80	46	0	162	241	273398	273162	2.6e-11	68.8
NCVOG5117-consensus	scaffold_2	26.40	663	414	74	319	952	535659	533811	8.6e-20	99.3
NCVOG5117-consensus	scaffold_5	28.07	342	221	25	682	1013	958059	959032	1e-19	99.1
NCVOG5117-consensus	scaffold_9	25.97	439	291	34	533	961	340310	341551	2e-17	91.5
NCVOG5117-consensus	scaffold_9	22.55	705	496	50	291	959	344650	346711	6.2e-17	89.9
NCVOG5117-consensus	scaffold_12	31.44	264	170	11	742	998	132127	132903	5.1e-17	90.1
NCVOG5117-consensus	scaffold_6	34.04	188	104	20	791	976	1330955	1330449	9e-13	76.0
NCVOG5117-consensus	scaffold_4	25.20	754	461	103	324	1046	976389	974361	1.1e-12	75.8
NCVOG5117-consensus	scaffold_1	30.09	226	143	15	796	1014	168797	169447	1.6e-12	75.2
NCVOG5117-consensus	scaffold_14	23.32	922	618	89	806	1666	303846	306512	7.1e-12	73.0
NCVOG5117-consensus	scaffold_4	30.99	213	123	24	777	966	800767	800135	2.2e-11	71.4
NCVOG0052-consensus	scaffold_45	37.04	108	65	3	31	138	8384	8073	2.7e-13	71.6
NCVOG0052-consensus	scaffold_7	25.79	190	132	9	36	225	1275568	1275029	4.9e-12	70.3
NCVOG4122-consensus	scaffold_4	31.91	235	153	7	69	296	1520656	1521357	2.8e-22	105.2
NCVOG0032-consensus	scaffold_4	25.79	760	385	179	236	843	784744	786921	2.1e-29	130.3
NCVOG0032-consensus	scaffold_11	34.24	295	158	36	310	586	910701	909874	3.1e-24	111.6
NCVOG0032-consensus	scaffold_11	39.09	110	67	0	720	829	909045	908719	2.1e-15	82.3
NCVOG0032-consensus	scaffold_7	28.59	682	370	117	249	881	1136245	1134409	8.6e-19	95.1
NCVOG0032-consensus	scaffold_11	29.01	617	308	130	286	877	749225	747699	2.1e-17	90.5
NCVOG0032-consensus	scaffold_4	29.17	216	141	12	678	885	1107794	1107162	1.9e-15	84.0
NCVOG0032-consensus	scaffold_1	43.30	97	55	0	724	820	1270182	1270469	4.7e-14	79.4
NCVOG0032-consensus	scaffold_2	24.21	541	286	124	285	815	1084683	1083406	2.1e-13	77.2
NCVOG0032-consensus	scaffold_14	24.96	557	240	178	418	798	14548	16199	5.9e-11	69.0
NCVOG0302-consensus	scaffold_16	27.52	298	189	27	265	544	25567	24704	1.8e-21	103.3
NCVOG0302-consensus	scaffold_2	27.89	251	168	13	2	243	1481508	1482245	9.6e-17	87.6
NCVOG0302-consensus	scaffold_1	35.52	183	104	14	368	542	2147727	2147202	7.3e-15	81.3
NCVOG0302-consensus	scaffold_1	32.94	170	109	5	302	467	2751370	2750873	8.4e-14	77.8
NCVOG0302-consensus	scaffold_9	30.85	201	124	15	267	455	92000	92584	3.1e-13	75.9
NCVOG0302-consensus	scaffold_2	28.93	159	104	9	299	454	302019	301564	3e-12	72.7
NCVOG0302-consensus	scaffold_2	24.55	220	151	15	258	470	1255274	1255906	7.6e-12	71.3
NCVOG0302-consensus	scaffold_13	31.23	253	122	52	330	534	211071	210332	7.6e-12	71.3
NCVOG0302-consensus	scaffold_12	41.75	103	58	2	380	482	252870	253169	1.9e-11	70.0
NCVOG0012-consensus	scaffold_12	36.39	349	140	82	83	415	133025	132186	9e-38	157.3
NCVOG0012-consensus	scaffold_12	40.85	142	56	28	301	414	135690	135268	3.2e-20	99.0
NCVOG0012-consensus	scaffold_12	28.18	220	130	28	223	414	130222	129570	2.4e-14	79.5
NCVOG0012-consensus	scaffold_12	32.84	134	72	18	297	414	129557	129165	1.5e-12	73.5
NCVOG0012-consensus	scaffold_4	47.37	133	54	16	302	418	800184	800579	6.2e-30	131.3
NCVOG0012-consensus	scaffold_6	54.33	127	40	18	302	414	1330432	1330797	5.7e-28	124.8
NCVOG0012-consensus	scaffold_6	36.51	126	73	7	296	414	1334683	1335057	6.5e-15	81.4
NCVOG0012-consensus	scaffold_8	42.95	149	62	23	291	420	1000328	999897	8.6e-25	114.2
NCVOG0012-consensus	scaffold_32	37.73	220	111	26	215	408	6419	5763	1.1e-24	110.9
NCVOG0012-consensus	scaffold_11	36.40	239	120	32	200	408	933180	933887	2.9e-24	110.9
NCVOG0012-consensus	scaffold_1	47.52	141	44	30	301	414	169233	168823	1.8e-23	109.8
NCVOG0012-consensus	scaffold_14	30.28	393	228	46	59	428	304999	303915	2.1e-23	109.6
NCVOG0012-consensus	scaffold_6	31.72	268	139	44	239	478	1458258	1459010	2.4e-23	109.3
NCVOG0012-consensus	scaffold_2	35.50	231	120	29	258	468	533835	534487	1.1e-21	103.9
NCVOG0012-consensus	scaffold_2	39.85	133	70	10	304	429	534553	534939	1.3e-17	90.3
NCVOG0012-consensus	scaffold_12	34.98	223	121	24	218	421	126465	127115	1.3e-21	103.6
NCVOG0012-consensus	scaffold_12	32.72	162	94	15	301	453	127125	127589	1.8e-15	83.3
NCVOG0012-consensus	scaffold_8	37.95	166	79	24	276	420	150450	149965	3.9e-20	98.7
NCVOG0012-consensus	scaffold_7	45.16	124	57	11	301	420	198920	198573	8.3e-20	97.6
NCVOG0012-consensus	scaffold_4	27.73	440	261	57	15	414	974676	975933	4.5e-19	95.2
NCVOG0012-consensus	scaffold_2	31.28	211	119	26	270	464	244301	244900	1.7e-18	93.3
NCVOG0012-consensus	scaffold_4	50.00	86	40	3	310	393	330003	330254	1.7e-18	93.3
NCVOG0012-consensus	scaffold_11	54.02	87	29	11	304	382	251665	251913	2e-18	93.0
NCVOG0012-consensus	scaffold_5	38.00	200	94	30	228	404	936607	936034	4.3e-18	91.9
NCVOG0012-consensus	scaffold_5	41.27	126	64	10	296	411	958831	958457	9.5e-15	80.8
NCVOG0012-consensus	scaffold_5	40.34	119	60	11	305	412	914011	913658	6e-13	74.9
NCVOG0012-consensus	scaffold_6	35.07	134	81	6	293	420	1338881	1338483	1e-16	87.3
NCVOG0012-consensus	scaffold_1	43.93	107	51	9	300	402	646666	646968	1.5e-16	86.8
NCVOG0012-consensus	scaffold_13	38.84	121	66	8	285	405	699835	700170	3.7e-15	82.2
NCVOG0012-consensus	scaffold_3	36.72	177	97	15	255	420	539044	538529	4.5e-15	81.9
NCVOG0012-consensus	scaffold_1	50.62	81	34	6	297	373	614352	614119	2e-14	79.7
NCVOG0012-consensus	scaffold_1	38.26	115	60	11	263	370	457181	456852	2.4e-14	79.5
NCVOG0012-consensus	scaffold_4	44.66	103	49	8	302	398	536818	536519	3.6e-14	78.9
NCVOG0012-consensus	scaffold_8	30.46	197	123	14	238	424	1163036	1163611	1.3e-13	77.0
NCVOG0012-consensus	scaffold_5	29.17	192	126	10	244	432	691930	691381	1.9e-13	76.5
NCVOG0012-consensus	scaffold_1	30.70	228	133	25	200	404	2064261	2064935	7.2e-13	74.6
NCVOG0012-consensus	scaffold_1	25.82	182	109	26	264	419	1961324	1961866	4.1e-13	75.4
NCVOG0012-consensus	scaffold_1	35.77	123	63	16	292	411	989277	989599	4.7e-12	71.9
NCVOG0012-consensus	scaffold_4	41.28	109	60	4	301	406	1332614	1332300	6.9e-12	71.3
NCVOG0012-consensus	scaffold_3	27.30	304	180	41	149	421	1397564	1398442	2.1e-11	69.7
NCVOG0012-consensus	scaffold_3	32.81	128	81	5	263	387	921497	921871	3.7e-11	68.9
NCVOG0012-consensus	scaffold_11	34.46	148	84	13	295	434	853888	854313	4.5e-11	68.6
NCVOG0012-consensus	scaffold_1	54.84	62	23	5	329	390	2806630	2806797	6.6e-11	68.1
NCVOG0012-consensus	scaffold_6	28.37	349	195	55	47	376	1100550	1101473	7.9e-11	67.8
NCVOG1127-consensus	scaffold_5	29.07	227	140	21	54	267	1293498	1292845	6.6e-19	94.9
NCVOG0868-consensus	scaffold_5	51.19	84	40	1	164	246	1294438	1294682	1.3e-16	86.6
NCVOG0868-consensus	scaffold_1	46.67	90	45	3	137	223	4134190	4133924	8.6e-16	83.9
NCVOG0868-consensus	scaffold_4	50.65	77	35	3	158	234	536737	536519	1.7e-14	79.6
NCVOG0868-consensus	scaffold_1	44.00	75	42	0	150	224	1022551	1022330	3.5e-13	75.2
NCVOG0868-consensus	scaffold_4	42.03	69	40	0	155	223	330000	330203	4.9e-12	71.4
NCVOG0868-consensus	scaffold_3	38.10	105	53	12	141	239	1130987	1131276	7.1e-12	70.9
NCVOG0868-consensus	scaffold_4	48.31	89	37	9	148	227	974563	974826	2.2e-11	69.3
NCVOG2900-consensus	scaffold_4	30.00	200	139	1	10	208	1520734	1521330	1.3e-16	85.3
NCVOG0190-consensus	scaffold_12	40.60	133	69	10	165	291	132579	132198	2.5e-14	79.5
NCVOG0190-consensus	scaffold_4	46.67	90	32	16	179	260	536770	536528	6.5e-14	78.1
NCVOG0190-consensus	scaffold_4	31.61	155	77	29	176	301	533694	533233	4.2e-13	75.4
NCVOG0190-consensus	scaffold_4	36.43	129	68	14	182	296	974515	974898	9.4e-14	77.6
NCVOG0190-consensus	scaffold_6	34.21	152	85	15	183	323	1330537	1330977	1.1e-13	77.3
NCVOG0190-consensus	scaffold_32	32.89	149	83	17	174	306	6140	5700	4.3e-12	69.1
NCVOG0190-consensus	scaffold_1	35.09	114	67	7	183	289	1022443	1022105	7.1e-12	71.3
NCVOG0190-consensus	scaffold_12	34.65	127	65	18	178	291	126708	127070	1e-11	70.8
NCVOG0190-consensus	scaffold_11	32.89	149	83	17	174	306	933510	933950	1.6e-11	68.6
NCVOG0190-consensus	scaffold_6	30.32	155	95	13	183	328	1458450	1458899	2.5e-11	69.4
NCVOG0025-consensus	scaffold_10	29.36	453	233	87	102	505	429735	430968	1.2e-22	107.1
NCVOG0025-consensus	scaffold_11	27.36	435	236	80	113	522	326766	327900	1.5e-18	93.6
NCVOG0025-consensus	scaffold_1	23.38	479	321	46	36	486	2808771	2807394	6e-16	84.9
NCVOG0025-consensus	scaffold_16	26.97	419	256	50	91	502	395838	394714	2.2e-15	83.0
NCVOG0025-consensus	scaffold_2	26.14	394	245	46	113	501	946554	947609	4.7e-15	81.9
NCVOG0025-consensus	scaffold_1	25.81	430	254	65	119	489	3643534	3644800	5.7e-15	81.6
NCVOG0025-consensus	scaffold_1	26.88	413	274	28	127	517	1588579	1589782	9.6e-14	77.6
NCVOG0025-consensus	scaffold_4	27.51	269	175	20	233	487	645499	646276	1.2e-13	77.3
NCVOG0025-consensus	scaffold_2	25.21	468	296	54	39	487	88542	89837	1.4e-13	77.0
NCVOG0025-consensus	scaffold_13	25.50	400	263	35	113	499	519480	518352	1.9e-12	73.2
NCVOG0025-consensus	scaffold_8	25.96	285	171	40	235	508	514958	515722	3.4e-12	72.4
NCVOG0271-consensus	scaffold_8	47.58	723	310	69	496	1153	954788	952635	5.1e-90	332.1
NCVOG0271-consensus	scaffold_8	34.95	432	205	76	143	508	957476	956216	9.2e-46	185.1
NCVOG0271-consensus	scaffold_6	28.38	1212	713	155	83	1153	435731	439313	5.4e-75	282.2
NCVOG0271-consensus	scaffold_3	39.69	703	371	53	496	1154	188676	190754	1e-68	261.3
NCVOG0078-consensus	scaffold_1	48.84	129	60	6	72	198	1867281	1866910	3.7e-18	91.2
NCVOG0078-consensus	scaffold_1	48.84	129	60	6	72	198	2418804	2418433	3.7e-18	91.2
NCVOG4568-consensus	scaffold_5	37.13	307	174	19	201	491	442194	441290	2.7e-25	115.8
NCVOG4568-consensus	scaffold_9	43.69	206	112	4	282	483	346007	346621	7.3e-22	104.4
NCVOG4568-consensus	scaffold_5	38.31	201	118	6	285	485	959030	958449	1.9e-17	89.8
NCVOG4568-consensus	scaffold_2	46.91	194	87	16	305	488	55227	55787	3e-15	82.5
NCVOG4568-consensus	scaffold_2	46.73	199	90	16	307	490	49068	49658	1e-16	87.3
NCVOG4568-consensus	scaffold_6	38.57	223	125	12	275	488	732670	733310	1.4e-14	80.3
NCVOG4568-consensus	scaffold_61	27.37	369	244	24	126	475	9225	10305	7.1e-14	74.3
NCVOG4568-consensus	scaffold_2	31.31	198	132	4	287	483	533880	534461	8.9e-14	77.6
NCVOG4568-consensus	scaffold_6	26.98	278	185	18	218	482	479973	479162	2.7e-13	75.9
NCVOG4568-consensus	scaffold_1	38.38	185	96	18	311	479	993328	992783	1.8e-12	73.2
NCVOG4568-consensus	scaffold_15	35.91	181	97	19	307	480	147749	148252	2.6e-12	72.7
NCVOG4568-consensus	scaffold_10	42.24	161	88	5	259	416	809323	809796	4.6e-12	71.9
NCVOG4568-consensus	scaffold_6	42.97	128	72	1	320	447	294760	295137	9.8e-12	70.8
NCVOG4568-consensus	scaffold_1	38.89	180	98	12	310	488	3278171	3277668	9.8e-12	70.8
NCVOG4568-consensus	scaffold_5	41.32	167	92	6	309	469	696009	695512	1.7e-11	70.0
NCVOG4568-consensus	scaffold_10	27.67	347	232	19	156	486	397953	398971	3e-11	69.2
NCVOG4568-consensus	scaffold_40	35.14	148	94	2	334	481	10271	9837	5.5e-11	65.1
NCVOG4568-consensus	scaffold_6	45.09	173	82	13	308	469	1449718	1449219	7.1e-11	67.8
NCVOG4568-consensus	scaffold_3	42.31	208	99	21	301	489	607681	607071	7.7e-11	67.8
NCVOG5301-consensus	scaffold_4	30.54	167	105	11	420	577	556623	557112	4.1e-11	69.3
NCVOG0451-consensus	scaffold_4	32.91	237	156	3	120	355	1520659	1521360	2.4e-26	118.6
NCVOG0541-consensus	scaffold_7	28.40	257	148	36	14	236	498966	498205	1.4e-12	72.9
NCVOG1351-consensus	scaffold_2	31.95	313	167	46	149	428	199695	198801	9.5e-21	100.9
NCVOG0531-consensus	scaffold_8	26.38	163	118	2	55	216	775712	775232	4.9e-12	71.6
NCVOG0301-consensus	scaffold_16	26.94	297	188	29	265	542	25567	24710	1.8e-17	90.0
NCVOG0301-consensus	scaffold_1	36.99	173	96	13	369	534	2147727	2147232	7.7e-16	84.6
NCVOG0301-consensus	scaffold_5	29.37	269	148	42	314	547	872507	871735	1.5e-13	77.0
NCVOG0301-consensus	scaffold_2	29.55	176	113	11	299	470	302019	301516	6.7e-13	74.8
NCVOG0301-consensus	scaffold_3	25.07	343	204	53	239	535	1396692	1397692	6.4e-12	71.6
NCVOG0301-consensus	scaffold_2	27.11	225	145	19	263	477	1255289	1255933	6.4e-12	71.6
NCVOG0301-consensus	scaffold_9	30.47	233	140	22	267	487	92000	92665	1.3e-11	70.5
NCVOG1121-consensus	scaffold_5	26.47	408	268	32	92	491	442212	441064	6.1e-12	71.6
NCVOG1121-consensus	scaffold_7	27.04	270	179	18	265	524	250885	250105	2.3e-11	69.7
NCVOG0021-consensus	scaffold_5	27.51	309	201	23	442	743	958140	959015	9.5e-18	91.8
NCVOG0021-consensus	scaffold_8	27.49	411	274	24	114	511	96037	94841	1.8e-14	81.0
NCVOG0021-consensus	scaffold_12	28.92	415	259	36	361	764	132004	133170	4.7e-11	69.6
NCVOG0021-consensus	scaffold_4	29.80	406	231	54	516	889	976295	975147	8.3e-11	68.8
NCVOG0021-consensus	scaffold_1	51.06	94	43	3	471	563	1964449	1964721	1e-10	68.5
NCVOG2860-consensus	scaffold_4	34.91	169	107	3	170	335	1520722	1521225	1e-11	69.8
NCVOG0001-consensus	scaffold_1	43.89	303	146	24	260	556	3535422	3536273	2.9e-48	192.5
NCVOG0001-consensus	scaffold_6	42.12	273	138	20	323	595	1389012	1389767	1.5e-24	113.6
NCVOG0001-consensus	scaffold_15	34.36	358	204	31	210	555	384869	383860	3.3e-23	109.2
NCVOG0001-consensus	scaffold_15	33.82	272	140	40	324	566	383700	382923	3.2e-26	119.3
NCVOG0001-consensus	scaffold_15	36.84	247	93	63	363	548	310883	310156	8.5e-19	94.6
NCVOG0001-consensus	scaffold_15	34.05	326	149	66	328	607	173561	172651	3.7e-21	102.5
NCVOG0001-consensus	scaffold_5	41.44	181	89	17	324	498	1403701	1403195	1.1e-20	100.8
NCVOG0001-consensus	scaffold_11	31.76	340	159	73	351	626	538834	539819	1.9e-15	83.5
NCVOG0001-consensus	scaffold_11	31.79	324	146	75	324	588	539841	540753	1.2e-13	77.5
NCVOG0001-consensus	scaffold_6	30.61	196	95	41	391	554	344651	344094	1.1e-11	71.0
NCVOG0001-consensus	scaffold_10	31.53	314	161	54	313	592	576605	577479	1.9e-11	70.2
NCVOG2058-consensus	scaffold_4	39.58	192	115	1	149	339	1520746	1521318	3.2e-29	128.1
NCVOG0066-consensus	scaffold_16	34.04	426	195	86	89	444	404003	402781	3.9e-32	138.8
NCVOG0066-consensus	scaffold_16	33.33	435	195	95	89	444	407215	405962	4.5e-35	148.6
NCVOG0066-consensus	scaffold_16	31.60	269	184	0	119	387	402765	401962	3.9e-32	138.8
NCVOG0066-consensus	scaffold_16	31.60	269	184	0	119	387	405946	405143	3.9e-32	138.8
NCVOG0066-consensus	scaffold_20	33.02	321	201	14	93	409	21802	22727	1.9e-28	126.6
NCVOG1128-consensus	scaffold_14	31.33	166	103	11	134	294	563445	562969	1.5e-13	76.6
NCVOG0280-consensus	scaffold_4	21.84	1502	972	202	371	1725	157156	152823	2.3e-27	124.6
NCVOG0280-consensus	scaffold_7	21.43	1241	844	131	651	1775	219036	215376	1.2e-17	92.3
NCVOG0218-consensus	scaffold_12	44.13	426	171	67	485	892	133136	132009	3.7e-84	312.6
NCVOG0218-consensus	scaffold_12	41.39	273	143	17	623	879	135912	135100	6.2e-51	202.2
NCVOG0218-consensus	scaffold_12	36.27	375	201	38	526	887	130145	129099	1e-48	194.9
NCVOG0218-consensus	scaffold_2	37.62	606	303	75	356	898	533812	535590	8.6e-74	278.1
NCVOG0218-consensus	scaffold_4	33.70	638	344	79	351	926	974458	976313	4.5e-68	259.1
NCVOG0218-consensus	scaffold_12	35.44	395	234	21	504	884	126351	127509	2.8e-58	226.6
NCVOG0218-consensus	scaffold_4	29.51	549	344	43	336	856	799080	800678	1.1e-55	217.9
NCVOG0218-consensus	scaffold_6	43.70	254	130	13	607	858	1330234	1330959	9.1e-51	201.6
NCVOG0218-consensus	scaffold_6	33.68	193	119	9	664	848	1334608	1335178	1.1e-17	91.8
NCVOG0218-consensus	scaffold_1	47.37	190	87	13	672	857	169353	168814	1e-44	181.6
NCVOG0218-consensus	scaffold_1	31.87	615	321	98	359	897	1162774	1164543	3.2e-41	169.9
NCVOG0218-consensus	scaffold_14	28.24	556	334	65	505	1000	305236	303591	3.7e-40	166.4
NCVOG0218-consensus	scaffold_11	34.03	288	172	18	427	714	933087	933893	5.1e-33	141.2
NCVOG0218-consensus	scaffold_32	32.01	353	202	38	427	764	6743	5757	3.3e-32	137.1
NCVOG0218-consensus	scaffold_5	39.34	272	139	26	636	882	958963	958154	5.5e-32	139.3
NCVOG0218-consensus	scaffold_8	45.99	137	70	4	671	807	1000286	999891	5.7e-29	129.2
NCVOG0218-consensus	scaffold_84	23.37	659	384	121	365	910	3803	1854	7.7e-28	121.3
NCVOG0218-consensus	scaffold_84	26.90	197	139	5	646	837	4442	3855	3.2e-13	72.8
NCVOG0218-consensus	scaffold_6	35.45	299	165	28	483	768	1458070	1458914	4.8e-27	122.7
NCVOG0218-consensus	scaffold_6	23.41	551	375	47	276	808	1453345	1454887	1e-18	95.0
NCVOG0218-consensus	scaffold_1	32.38	281	172	18	613	881	1961328	1962145	3.4e-26	120.0
NCVOG0218-consensus	scaffold_1	29.19	322	206	22	511	822	2064009	2064935	4.8e-25	116.2
NCVOG0218-consensus	scaffold_3	35.19	216	133	7	676	886	538996	538358	6e-26	119.2
NCVOG0218-consensus	scaffold_8	45.31	128	66	4	734	857	150366	149986	7.3e-26	118.9
NCVOG0218-consensus	scaffold_8	22.44	410	276	42	460	844	275207	274032	1e-12	75.3
NCVOG0218-consensus	scaffold_2	29.22	438	256	54	512	903	99757	101043	2.1e-24	114.0
NCVOG0218-consensus	scaffold_17	24.50	555	385	34	354	882	159638	161263	3e-23	110.2
NCVOG0218-consensus	scaffold_7	25.00	524	365	28	357	877	1086210	1087703	1.6e-22	107.8
NCVOG0218-consensus	scaffold_7	30.12	259	174	7	613	864	1113564	1114337	1.6e-22	107.8
NCVOG0218-consensus	scaffold_9	36.79	193	115	7	716	901	341529	340954	8.8e-22	105.4
NCVOG0218-consensus	scaffold_2	37.10	186	99	18	555	738	244299	244801	1.2e-20	101.6
NCVOG0218-consensus	scaffold_6	26.06	330	230	14	564	891	1100523	1101473	1.5e-20	101.3
NCVOG0218-consensus	scaffold_11	51.49	101	40	9	716	809	251614	251907	1.5e-20	101.3
NCVOG0218-consensus	scaffold_4	56.18	89	32	7	714	802	330003	330245	4.6e-20	99.7
NCVOG0218-consensus	scaffold_7	43.24	111	60	3	742	850	198932	198606	5.5e-20	99.4
NCVOG0218-consensus	scaffold_5	24.65	503	339	40	432	903	968465	969931	1.7e-19	97.8
NCVOG0218-consensus	scaffold_1	41.61	149	75	12	774	916	646615	647036	2e-19	97.5
NCVOG0218-consensus	scaffold_1	32.02	203	123	15	602	796	1022608	1022028	5.2e-19	96.1
NCVOG0218-consensus	scaffold_6	39.22	153	85	8	679	825	1338875	1338426	1.6e-18	94.5
NCVOG0218-consensus	scaffold_3	26.72	408	268	31	578	975	997425	998578	5e-18	92.9
NCVOG0218-consensus	scaffold_13	45.19	104	54	3	761	862	699865	700170	1.5e-17	91.3
NCVOG0218-consensus	scaffold_1	64.52	62	20	2	793	854	614295	614119	8.4e-17	88.8
NCVOG0218-consensus	scaffold_7	25.32	545	343	64	366	859	1088020	1086428	3.1e-16	86.9
NCVOG0218-consensus	scaffold_84	27.07	628	356	102	366	898	1498	3357	3.6e-16	82.6
NCVOG0218-consensus	scaffold_8	37.40	131	79	3	650	777	1163249	1163638	1.2e-15	85.0
NCVOG0218-consensus	scaffold_10	32.70	159	104	3	680	837	333000	332533	3e-15	83.7
NCVOG0218-consensus	scaffold_4	43.96	91	48	3	739	827	536790	536528	2.9e-14	80.4
NCVOG0218-consensus	scaffold_11	35.29	136	77	11	658	793	853894	854265	1.1e-13	78.5
NCVOG0218-consensus	scaffold_1	27.44	277	167	34	482	725	988788	989596	2.3e-13	77.4
NCVOG0218-consensus	scaffold_1	47.30	74	34	5	685	755	457046	456834	5.8e-13	76.1
NCVOG0218-consensus	scaffold_12	41.67	108	60	3	790	895	190215	189898	1.2e-12	75.0
NCVOG0218-consensus	scaffold_5	34.91	106	68	1	751	855	691770	691456	1.8e-12	74.4
NCVOG0218-consensus	scaffold_3	35.54	121	76	2	649	767	1398059	1398418	2.6e-12	73.9
NCVOG0218-consensus	scaffold_5	41.67	84	47	2	778	861	691214	691456	6.7e-12	72.5
NCVOG0218-consensus	scaffold_1	56.92	65	20	8	759	821	2806630	2806803	9.7e-12	72.0
NCVOG0218-consensus	scaffold_2	35.77	123	73	6	700	820	650684	650331	2.1e-11	70.9
NCVOG0218-consensus	scaffold_3	24.28	383	258	32	355	718	1237623	1236529	3.6e-11	70.1
NCVOG4344-consensus	scaffold_2	31.47	197	127	8	139	334	260922	261488	2.8e-13	75.9
NCVOG2246-consensus	scaffold_4	31.67	300	168	37	145	424	246354	245509	8.8e-19	94.1
NCVOG4116-consensus	scaffold_4	34.36	163	103	4	238	398	1520815	1521294	4.4e-13	74.6
NCVOG0226-consensus	scaffold_1	29.68	155	104	5	16	167	1022512	1022061	1.2e-13	77.0
NCVOG0226-consensus	scaffold_4	29.26	188	119	14	19	200	533619	533083	2e-11	69.7
NCVOG0226-consensus	scaffold_4	41.30	92	47	7	28	112	536755	536487	2e-11	69.7
NCVOG4587-consensus	scaffold_14	31.38	188	107	22	55	237	304020	304529	3.9e-11	68.0
NCVOG1242-consensus	scaffold_96	26.72	232	154	16	5	221	6151	6840	5.8e-13	69.4
