NCVOG0719-consensus	scaffold_28	28.52	277	133	65	50	261	16516	17339	7.6e-11	68.0
NCVOG4629-consensus	scaffold_617	28.52	270	174	19	224	475	7615	8410	9.2e-11	66.4
NCVOG0333-consensus	scaffold_42	52.56	78	34	3	602	679	35473	35694	3.4e-12	73.7
NCVOG2223-consensus	scaffold_209	34.39	189	122	2	670	858	12310	11753	2.5e-24	113.5
NCVOG0233-consensus	scaffold_765	33.22	906	459	146	92	853	3002	296	3.8e-57	220.6
NCVOG0233-consensus	scaffold_602	35.35	911	483	106	38	849	9942	7244	5.7e-54	210.6
NCVOG0233-consensus	scaffold_736	27.55	726	401	125	131	737	6696	4540	3.6e-39	161.0
NCVOG0233-consensus	scaffold_179	29.05	754	432	103	98	762	3743	5959	4.5e-36	152.6
NCVOG0233-consensus	scaffold_199	27.22	709	384	132	109	704	9498	7438	3e-25	116.5
NCVOG0233-consensus	scaffold_666	37.85	354	154	66	504	791	2997	1947	2.8e-22	105.1
NCVOG0233-consensus	scaffold_666	31.83	355	191	51	42	346	5314	4258	9.2e-15	80.1
NCVOG0233-consensus	scaffold_83	26.69	682	428	72	104	762	21316	23199	1.7e-21	104.6
NCVOG0233-consensus	scaffold_435	26.89	729	427	106	86	729	2657	4777	9.4e-21	100.8
NCVOG0233-consensus	scaffold_108	23.23	878	574	100	29	827	28958	26407	9e-18	92.1
NCVOG0233-consensus	scaffold_816	26.11	674	339	159	133	647	2015	5	9.7e-11	66.3
NCVOG1013-consensus	scaffold_140	30.70	596	335	78	36	592	4128	2475	3.5e-30	132.8
NCVOG1013-consensus	scaffold_501	29.91	438	240	67	201	574	8787	7494	2.5e-25	115.4
NCVOG1013-consensus	scaffold_501	37.59	133	75	8	368	492	7454	7059	7.7e-13	73.9
NCVOG1013-consensus	scaffold_291	27.15	523	332	49	87	568	8434	6907	3.8e-24	112.2
NCVOG1013-consensus	scaffold_883	27.62	467	298	40	55	492	4998	3648	6.2e-22	103.0
NCVOG1013-consensus	scaffold_287	31.34	268	168	16	201	454	18424	17630	1.9e-21	103.2
NCVOG1013-consensus	scaffold_673	30.43	253	165	11	343	584	1	752	2e-20	98.6
NCVOG1013-consensus	scaffold_1485	32.84	271	166	16	200	456	910	107	4.4e-20	94.3
NCVOG1013-consensus	scaffold_328	30.69	189	123	8	339	519	18582	19145	1.8e-18	93.2
NCVOG1013-consensus	scaffold_282	32.06	262	163	15	250	498	1071	295	1.1e-17	90.8
NCVOG1013-consensus	scaffold_1411	32.27	220	137	12	255	464	907	257	5.6e-17	84.3
NCVOG1013-consensus	scaffold_726	27.48	444	270	52	205	617	5713	4462	8.2e-17	86.4
NCVOG1013-consensus	scaffold_565	30.49	328	198	30	191	505	4024	3095	2.5e-16	85.3
NCVOG1013-consensus	scaffold_163	29.56	203	128	15	272	463	837	244	7.5e-15	81.8
NCVOG1013-consensus	scaffold_119	29.91	224	142	15	255	466	34066	33411	1.5e-14	81.0
NCVOG1013-consensus	scaffold_518	31.27	259	159	19	215	460	204	957	4.4e-14	78.0
NCVOG1013-consensus	scaffold_726	28.99	207	136	11	302	498	7080	7694	4.7e-13	73.9
NCVOG1013-consensus	scaffold_526	31.18	170	109	8	302	464	546	43	5e-13	74.5
NCVOG1013-consensus	scaffold_736	28.67	279	163	36	190	439	58	864	2.1e-12	71.8
NCVOG1013-consensus	scaffold_40	29.21	202	134	9	246	440	8449	7853	2.8e-12	74.0
NCVOG1013-consensus	scaffold_834	30.18	169	110	8	302	463	5971	5471	6e-11	66.6
NCVOG1013-consensus	scaffold_299	29.69	192	124	11	292	473	19842	20411	9.1e-11	67.7
NCVOG0013-consensus	scaffold_54	32.98	191	121	7	122	307	12407	12970	1.6e-18	94.3
NCVOG0763-consensus	scaffold_816	36.97	119	75	0	191	309	3814	3461	3e-11	66.5
NCVOG0297-consensus	scaffold_1144	30.35	313	173	45	266	537	1505	590	3.1e-14	75.9
NCVOG0297-consensus	scaffold_784	26.06	165	117	5	6	167	4526	4041	3.6e-11	67.2
NCVOG0073-consensus	scaffold_207	37.78	675	347	73	20	640	18402	20358	1.6e-90	333.5
NCVOG0073-consensus	scaffold_77	36.05	688	358	82	38	651	21658	19622	6.6e-88	325.3
NCVOG0073-consensus	scaffold_396	39.64	676	352	56	19	666	4397	2465	5.6e-75	281.1
NCVOG0073-consensus	scaffold_337	34.55	683	377	70	19	661	17483	15530	1.9e-57	223.1
NCVOG0073-consensus	scaffold_394	26.56	482	302	52	16	455	13271	14669	1.2e-37	157.2
NCVOG0073-consensus	scaffold_100	27.09	358	242	19	123	471	30486	29446	5.9e-27	122.7
NCVOG1068-consensus	scaffold_267	43.58	179	58	43	102	237	21230	20699	6.9e-19	93.3
NCVOG2643-consensus	scaffold_204	33.83	266	147	29	18	259	15668	14897	2.2e-17	88.6
NCVOG0613-consensus	scaffold_224	37.50	120	68	7	3	118	15501	15154	1.2e-13	75.1
NCVOG4523-consensus	scaffold_126	34.51	933	453	158	51	883	28809	31416	1.3e-13	78.5
NCVOG4523-consensus	scaffold_70	31.43	560	325	59	311	852	12929	14456	1.8e-12	75.0
NCVOG4523-consensus	scaffold_70	30.00	440	238	70	13	441	14645	15780	5.4e-15	83.4
NCVOG1353-consensus	scaffold_785	60.77	752	282	13	38	778	5618	3372	0	766.9
NCVOG4045-consensus	scaffold_120	29.67	246	154	19	153	379	34121	33387	5e-11	68.4
NCVOG0055-consensus	scaffold_97	34.87	238	138	17	182	413	22795	22130	2.3e-21	103.1
NCVOG0055-consensus	scaffold_100	30.60	232	144	17	182	398	28290	28970	3.1e-16	86.0
NCVOG0055-consensus	scaffold_1212	36.96	92	56	2	243	332	1881	2153	5.5e-12	67.8
NCVOG4105-consensus	scaffold_205	33.07	1131	618	139	14	1045	26480	23211	4.2e-140	498.4
NCVOG4105-consensus	scaffold_13	23.74	855	538	114	32	820	50073	47662	3.1e-22	108.1
NCVOG4105-consensus	scaffold_496	21.75	823	543	101	56	841	9707	11978	8.8e-21	101.0
NCVOG1045-consensus	scaffold_66	30.60	183	119	8	377	556	33849	33319	1.4e-14	81.0
NCVOG1045-consensus	scaffold_757	32.62	141	90	5	391	530	6167	5760	3.2e-11	67.5
NCVOG1045-consensus	scaffold_757	29.28	304	165	50	98	355	7658	6762	3.2e-11	67.5
NCVOG0305-consensus	scaffold_1141	27.63	427	277	32	770	1179	1439	213	2e-28	124.6
NCVOG0305-consensus	scaffold_1268	33.22	289	170	23	765	1040	97	930	1.1e-27	121.6
NCVOG0305-consensus	scaffold_144	31.54	298	178	26	765	1048	22683	23537	7e-26	119.7
NCVOG0305-consensus	scaffold_970	33.83	337	188	35	1254	1562	2064	1078	1.3e-24	112.6
NCVOG0305-consensus	scaffold_953	33.83	337	188	35	1254	1562	2554	3540	1.3e-24	112.6
NCVOG0305-consensus	scaffold_151	34.85	264	148	24	1316	1562	25675	26442	4.3e-24	113.7
NCVOG0305-consensus	scaffold_204	30.63	284	184	13	751	1034	20108	19299	5.1e-23	109.9
NCVOG0305-consensus	scaffold_21	28.79	264	174	14	784	1040	10736	11503	3.2e-21	105.0
NCVOG0305-consensus	scaffold_788	41.22	148	77	10	1429	1566	7262	6822	3.2e-17	88.8
NCVOG0305-consensus	scaffold_1404	32.94	255	156	15	1313	1559	1080	346	2.4e-16	83.4
NCVOG0305-consensus	scaffold_521	30.35	257	151	28	1316	1549	8808	9556	1.1e-14	81.2
NCVOG0305-consensus	scaffold_125	35.27	207	125	9	1312	1511	22391	21786	1.4e-14	82.3
NCVOG0305-consensus	scaffold_313	37.31	201	110	16	1372	1559	20344	19754	1.5e-14	81.4
NCVOG0305-consensus	scaffold_41	32.56	172	110	6	774	943	11730	11230	1.8e-13	79.0
NCVOG0305-consensus	scaffold_757	30.71	267	138	47	1334	1555	852	1635	4.8e-12	71.7
NCVOG0305-consensus	scaffold_128	30.14	282	151	46	1316	1555	33009	32189	6.4e-11	70.1
NCVOG0248-consensus	scaffold_487	27.11	461	255	81	45	489	1444	2628	9e-15	80.0
NCVOG0248-consensus	scaffold_112	27.51	469	260	80	45	496	24568	23354	7e-14	78.4
NCVOG0105-consensus	scaffold_255	29.11	237	153	15	621	848	4952	5641	2.1e-16	87.2
NCVOG0105-consensus	scaffold_387	24.57	293	190	31	626	895	4250	3399	1.6e-14	80.4
NCVOG4584-consensus	scaffold_507	29.07	375	228	38	7	360	3815	4875	8.4e-11	66.2
NCVOG4804-consensus	scaffold_221	56.25	112	48	1	70	180	23676	23344	8.2e-26	116.2
NCVOG0282-consensus	scaffold_204	26.82	537	352	41	75	601	20731	19227	4e-23	109.4
NCVOG0282-consensus	scaffold_41	27.86	639	358	103	38	593	12620	10785	4.8e-19	96.7
NCVOG0282-consensus	scaffold_41	29.01	555	321	73	36	537	15750	14173	3.6e-17	90.5
NCVOG0282-consensus	scaffold_118	32.20	295	151	49	279	539	6459	7283	1.3e-14	81.5
NCVOG0282-consensus	scaffold_79	28.46	376	241	28	101	458	29170	30260	3.2e-14	80.4
NCVOG0282-consensus	scaffold_477	26.54	633	389	76	12	592	5273	7076	7.1e-13	74.5
NCVOG0282-consensus	scaffold_89	28.47	432	245	64	210	581	201	1475	7.6e-13	75.8
NCVOG0282-consensus	scaffold_1	28.84	371	195	69	273	581	73451	74531	7.1e-12	74.2
NCVOG0282-consensus	scaffold_521	28.06	499	302	57	107	571	8161	9559	1.3e-11	70.1
NCVOG0282-consensus	scaffold_143	32.24	214	117	28	412	601	31338	30712	1.5e-11	71.2
NCVOG0282-consensus	scaffold_1400	27.69	390	222	60	270	612	1294	171	4.6e-11	65.0
NCVOG0282-consensus	scaffold_231	24.70	656	393	101	20	600	20470	22328	6.5e-11	68.8
NCVOG4883-consensus	scaffold_351	31.84	446	254	50	43	460	6790	5522	7.3e-27	120.4
NCVOG4883-consensus	scaffold_409	29.40	466	268	61	36	462	13414	14740	9.5e-15	80.0
NCVOG2979-consensus	scaffold_183	32.65	147	89	10	109	248	10931	10503	4.5e-16	84.3
NCVOG0360-consensus	scaffold_302	44.59	296	157	7	25	315	1435	557	9.2e-59	226.0
NCVOG0979-consensus	scaffold_952	42.52	341	151	45	8	305	3783	2776	2.6e-48	189.3
NCVOG0274-consensus	scaffold_370	38.09	1494	746	179	18	1354	12038	16450	6.3e-87	321.5
NCVOG0274-consensus	scaffold_130	33.16	1363	725	186	103	1359	19769	15932	4.2e-49	196.7
NCVOG0274-consensus	scaffold_153	34.20	918	516	88	203	1047	7159	9864	1.9e-33	144.7
NCVOG0274-consensus	scaffold_153	33.54	158	103	2	1208	1364	10771	11238	6.8e-12	73.0
NCVOG0074-consensus	scaffold_396	57.03	633	246	26	6	615	4394	2510	2.2e-173	607.5
NCVOG0074-consensus	scaffold_207	64.24	618	193	28	21	610	18515	20361	4.6e-159	560.5
NCVOG0074-consensus	scaffold_77	48.15	648	253	83	50	616	21580	19646	5.9e-127	454.5
NCVOG0074-consensus	scaffold_337	46.17	639	301	43	6	611	17480	15599	4.4e-116	417.3
NCVOG0074-consensus	scaffold_394	29.40	670	411	62	6	616	13283	15278	1.3e-57	222.9
NCVOG0074-consensus	scaffold_100	27.25	400	268	23	112	489	30456	29263	9.8e-31	134.7
NCVOG1299-consensus	scaffold_41	42.57	202	56	60	6	147	32200	32794	1.5e-16	85.8
NCVOG1299-consensus	scaffold_355	39.22	204	65	59	5	149	3063	2463	1.4e-12	71.4
NCVOG1299-consensus	scaffold_183	35.86	145	62	31	27	149	14282	14684	5.3e-12	70.1
NCVOG1196-consensus	scaffold_37	21.65	619	427	58	341	945	22125	20404	6.6e-11	70.1
NCVOG0064-consensus	scaffold_522	23.68	359	240	34	23	362	7007	5979	8.7e-17	86.5
NCVOG4324-consensus	scaffold_289	28.55	613	332	106	92	611	15121	13335	1.7e-29	129.8
NCVOG4134-consensus	scaffold_320	38.57	490	215	86	5	456	3978	5296	6.2e-22	104.1
NCVOG0304-consensus	scaffold_118	38.61	158	84	13	53	202	6574	7029	7.5e-17	88.1
NCVOG0304-consensus	scaffold_125	36.36	154	90	8	53	202	22406	21960	2e-13	76.7
NCVOG0304-consensus	scaffold_521	32.12	165	102	10	62	221	8808	9284	1.1e-12	72.9
NCVOG0304-consensus	scaffold_204	30.30	165	103	12	43	200	20093	19617	1.8e-12	73.2
NCVOG0214-consensus	scaffold_174	33.83	269	161	17	292	546	25881	26673	3.4e-24	113.0
NCVOG0214-consensus	scaffold_152	33.46	254	151	18	271	514	18112	17378	1.1e-15	84.8
NCVOG0214-consensus	scaffold_251	25.83	511	340	39	56	547	1767	314	1.3e-13	77.5
NCVOG0214-consensus	scaffold_24	28.47	288	185	21	269	543	53082	52254	6.4e-12	73.1
NCVOG0214-consensus	scaffold_93	28.05	353	223	31	324	652	35378	34360	2.4e-11	70.7
NCVOG0214-consensus	scaffold_735	25.62	363	233	37	266	620	5802	4812	2.7e-11	68.2
NCVOG0214-consensus	scaffold_177	32.20	236	149	11	308	535	803	110	9.9e-11	68.2
NCVOG0683-consensus	scaffold_399	37.58	157	73	25	1	146	12403	12828	2.6e-11	67.2
NCVOG0276-consensus	scaffold_505	61.14	368	94	49	39	357	12231	11133	3e-62	237.1
NCVOG0689-consensus	scaffold_178	19.31	461	350	22	5	449	16507	17860	2.8e-11	69.4
NCVOG4882-consensus	scaffold_339	34.71	363	206	31	372	718	5009	3969	3e-29	129.5
NCVOG4882-consensus	scaffold_53	37.36	182	103	11	741	912	10826	10293	2.8e-14	81.0
NCVOG4640-consensus	scaffold_360	26.48	1050	589	183	36	1007	4696	7473	9.8e-13	74.7
NCVOG2204-consensus	scaffold_21	27.35	468	256	84	50	437	43293	41909	4.7e-19	96.0
NCVOG2204-consensus	scaffold_62	27.47	273	166	32	200	440	10076	10891	1.2e-15	84.4
NCVOG0777-consensus	scaffold_58	30.73	358	192	56	112	436	33910	32913	2e-18	95.3
NCVOG0777-consensus	scaffold_478	24.06	557	345	78	113	622	8677	10229	5.9e-13	75.5
NCVOG0777-consensus	scaffold_398	29.24	236	136	31	151	372	3594	2945	3.1e-12	73.3
NCVOG0777-consensus	scaffold_58	30.43	299	177	31	163	443	32821	33675	3.2e-12	74.7
NCVOG4665-consensus	scaffold_260	33.04	227	125	27	309	512	7076	7735	1.1e-11	70.5
NCVOG1060-consensus	scaffold_334	33.84	328	188	29	1	312	16349	17286	3.2e-27	121.5
NCVOG0976-consensus	scaffold_174	28.78	205	130	16	192	382	26067	26666	3.7e-11	68.7
NCVOG0185-consensus	scaffold_207	40.32	124	65	9	24	142	23410	23054	7.9e-17	86.7
NCVOG0185-consensus	scaffold_207	36.72	128	76	5	24	147	23836	23459	6.3e-16	83.8
NCVOG0185-consensus	scaffold_93	39.83	118	66	5	32	144	21197	21545	1.2e-13	76.7
NCVOG0185-consensus	scaffold_1150	29.02	193	120	17	15	199	1104	566	2.9e-12	68.2
NCVOG0185-consensus	scaffold_912	45.56	90	39	10	16	96	1604	1867	5.8e-12	68.2
NCVOG0185-consensus	scaffold_157	37.40	131	73	9	23	147	27083	27457	6e-12	70.7
NCVOG0185-consensus	scaffold_398	30.71	140	88	9	16	147	3780	3367	7e-12	69.6
NCVOG0185-consensus	scaffold_307	30.57	193	115	19	20	201	9677	9134	8.6e-12	69.6
NCVOG0185-consensus	scaffold_265	30.69	189	116	15	34	211	20078	19533	2e-11	68.6
NCVOG0185-consensus	scaffold_99	38.60	114	57	13	48	148	16045	16383	3.9e-11	68.3
NCVOG0185-consensus	scaffold_59	30.43	138	93	3	10	145	26807	26400	5.5e-11	68.0
NCVOG4596-consensus	scaffold_260	27.08	469	239	103	170	628	7159	8275	1.9e-13	77.2
NCVOG4596-consensus	scaffold_178	26.23	568	335	84	180	690	16345	17950	3.8e-11	69.8
NCVOG3000-consensus	scaffold_174	32.66	199	100	34	41	220	26629	26081	3.2e-17	88.1
NCVOG0030-consensus	scaffold_453	34.57	512	271	64	26	490	13931	12450	4.1e-28	124.9
NCVOG0030-consensus	scaffold_878	41.20	233	100	37	26	232	4860	5522	6.5e-17	86.4
NCVOG0030-consensus	scaffold_462	31.63	215	119	28	292	484	14346	13723	2.1e-14	79.4
NCVOG0030-consensus	scaffold_423	29.00	438	235	76	38	439	11301	12487	4.3e-11	68.5
NCVOG4494-consensus	scaffold_42	30.06	326	201	27	21	322	2178	3137	1.7e-14	80.8
NCVOG4494-consensus	scaffold_182	40.68	118	70	0	78	195	15386	15736	3e-12	72.7
NCVOG4707-consensus	scaffold_213	34.92	189	107	16	214	389	21335	20781	3.4e-12	71.9
NCVOG4707-consensus	scaffold_152	32.47	231	136	20	171	389	18226	17569	1.8e-11	69.7
NCVOG4707-consensus	scaffold_833	26.33	395	258	33	5	389	4168	5274	3.7e-11	66.5
NCVOG0277-consensus	scaffold_505	26.93	323	203	33	60	364	12090	11172	4.2e-12	70.6
NCVOG0077-consensus	scaffold_660	39.10	133	70	11	586	709	4637	4248	3e-15	81.5
NCVOG0077-consensus	scaffold_516	39.55	134	69	12	580	704	1927	2316	3.8e-14	78.3
NCVOG0077-consensus	scaffold_470	39.06	128	67	11	586	704	7722	8096	4.2e-14	78.3
NCVOG0077-consensus	scaffold_796	34.50	171	98	14	545	704	3275	3773	3.5e-13	74.2
NCVOG0196-consensus	scaffold_207	40.29	139	67	16	360	490	23386	23007	6e-13	75.1
NCVOG0267-consensus	scaffold_200	26.87	521	312	69	314	795	16094	14625	5.3e-27	122.7
NCVOG0267-consensus	scaffold_824	27.95	440	258	59	314	721	4766	3533	1.1e-23	109.7
NCVOG0267-consensus	scaffold_387	28.54	452	282	41	293	733	8732	7470	8.3e-22	104.8
NCVOG0267-consensus	scaffold_95	27.93	426	256	51	327	729	23702	24890	1.4e-15	85.3
NCVOG0267-consensus	scaffold_362	28.71	411	213	80	329	674	12151	13323	9.2e-11	68.2
NCVOG0517-consensus	scaffold_131	31.82	242	143	22	118	343	15127	14423	6.2e-15	81.2
NCVOG0037-consensus	scaffold_406	43.35	1151	523	129	46	1073	3739	7166	3e-115	415.1
NCVOG0017-consensus	scaffold_797	31.14	289	127	72	35	251	5620	6483	2e-11	67.3
NCVOG0007-consensus	scaffold_732	33.33	345	201	29	48	363	53	1084	4.9e-26	116.1
NCVOG1115-consensus	scaffold_908	49.75	197	97	2	220	415	623	1207	4.3e-41	165.7
NCVOG0005-consensus	scaffold_208	26.69	236	163	10	103	333	25955	25266	5e-11	68.3
NCVOG0486-consensus	scaffold_24	31.45	318	192	26	69	369	38249	37326	2.1e-30	133.5
NCVOG0486-consensus	scaffold_346	28.81	354	184	68	59	356	10171	9153	7.5e-12	70.3
NCVOG0284-consensus	scaffold_349	39.41	170	94	9	149	311	13896	13396	2.9e-20	98.0
NCVOG0284-consensus	scaffold_1190	37.07	116	66	7	199	311	1	333	3.4e-11	64.9
NCVOG0806-consensus	scaffold_571	43.37	249	136	5	201	447	6942	6208	5.3e-51	199.9
NCVOG0806-consensus	scaffold_164	37.19	398	138	112	126	411	16483	15303	1.4e-19	96.8
NCVOG2958-consensus	scaffold_458	32.31	130	87	1	126	254	607	993	2e-14	78.0
NCVOG0329-consensus	scaffold_209	39.36	188	103	11	1117	1298	12265	11720	1.8e-24	114.5
NCVOG0029-consensus	scaffold_6	36.25	400	240	15	25	410	20276	21469	4.6e-47	189.8
NCVOG4499-consensus	scaffold_260	29.82	436	258	48	82	499	7136	8332	8.8e-11	67.5
NCVOG4711-consensus	scaffold_397	25.40	803	494	105	2	743	2229	4462	6.5e-11	68.0
NCVOG4154-consensus	scaffold_260	26.79	224	149	15	46	260	7491	8137	3.4e-13	74.7
NCVOG1066-consensus	scaffold_365	28.96	183	118	12	3	178	15726	15196	1.5e-11	69.0
NCVOG0242-consensus	scaffold_116	24.09	303	212	18	378	663	23438	22536	4e-11	69.6
NCVOG1326-consensus	scaffold_229	45.95	148	57	23	26	150	16675	16239	4.1e-25	113.4
NCVOG0036-consensus	scaffold_277	34.51	226	142	6	94	318	4927	4268	3.1e-25	114.8
NCVOG4561-consensus	scaffold_1150	29.15	247	150	25	114	350	722	1412	1.2e-11	67.0
NCVOG4561-consensus	scaffold_55	26.05	357	246	18	2	349	2526	1490	9.8e-11	68.1
NCVOG0314-consensus	scaffold_257	40.24	82	48	1	24	104	18935	19177	8e-13	72.0
NCVOG0222-consensus	scaffold_1310	22.83	438	320	18	72	501	1325	45	1.7e-13	72.6
NCVOG0222-consensus	scaffold_289	26.46	378	255	23	134	507	21549	20476	3.5e-13	75.4
NCVOG0222-consensus	scaffold_1166	20.47	430	320	22	75	499	1694	459	4.4e-12	68.6
NCVOG0014-consensus	scaffold_54	27.48	222	160	1	131	351	12215	12877	3.9e-11	69.7
NCVOG1194-consensus	scaffold_59	47.37	57	30	0	62	118	26741	26574	6.4e-13	74.9
NCVOG2775-consensus	scaffold_258	32.87	286	153	39	151	401	19447	20289	9.6e-22	104.1
NCVOG2775-consensus	scaffold_301	33.51	191	118	9	232	413	8467	9036	5.9e-14	78.0
NCVOG0275-consensus	scaffold_1210	44.79	96	52	1	38	132	740	1020	6.1e-15	76.5
NCVOG0275-consensus	scaffold_172	36.67	120	74	2	32	151	6202	6552	8.6e-13	73.1
NCVOG0729-consensus	scaffold_282	37.97	553	283	60	2	509	16268	17874	2.5e-24	112.5
NCVOG5103-consensus	scaffold_1150	57.65	85	29	7	426	503	1095	844	4.9e-17	86.1
NCVOG5103-consensus	scaffold_59	30.22	139	93	4	369	506	26921	26517	2e-14	81.5
NCVOG4874-consensus	scaffold_675	39.42	241	115	31	159	370	8047	8758	3e-24	110.4
NCVOG4874-consensus	scaffold_2	39.03	433	181	83	3	366	31768	33021	2.6e-16	87.7
NCVOG4605-consensus	scaffold_58	28.68	544	327	61	10	501	28899	27312	1e-15	85.3
NCVOG4605-consensus	scaffold_784	23.05	616	420	54	56	636	1455	3230	2e-15	81.8
NCVOG4605-consensus	scaffold_152	26.88	625	392	65	39	621	18456	16676	3.9e-15	82.9
NCVOG4605-consensus	scaffold_173	26.42	564	346	69	22	564	13231	14751	4.5e-15	82.6
NCVOG4605-consensus	scaffold_121	29.87	318	173	50	36	348	1330	519	6.2e-15	82.3
NCVOG4605-consensus	scaffold_174	28.07	374	235	34	129	491	25800	26845	6.5e-15	82.1
NCVOG4605-consensus	scaffold_93	30.00	420	240	54	258	650	35183	34018	3e-13	76.9
NCVOG4605-consensus	scaffold_301	26.19	607	372	76	32	580	9958	11699	3.5e-13	75.8
NCVOG4605-consensus	scaffold_7	23.72	586	381	66	7	566	15793	17409	4.1e-13	77.5
NCVOG4605-consensus	scaffold_601	29.48	441	263	48	16	423	8787	10037	1.7e-12	72.6
NCVOG4605-consensus	scaffold_224	27.81	658	374	101	89	726	223	1926	3.3e-12	72.9
NCVOG4605-consensus	scaffold_24	30.09	422	230	65	179	580	52829	51712	3.5e-12	73.9
NCVOG4605-consensus	scaffold_372	26.90	461	298	39	245	671	8663	10003	5e-12	71.8
NCVOG4605-consensus	scaffold_584	26.82	619	382	71	12	598	4658	2948	6.8e-12	70.7
NCVOG4605-consensus	scaffold_760	24.75	602	388	65	50	611	5104	6815	2e-11	68.5
NCVOG4605-consensus	scaffold_672	27.64	492	286	70	16	467	7910	6546	3.6e-11	68.0
NCVOG4605-consensus	scaffold_749	25.60	582	381	52	44	585	5455	3769	3.7e-11	67.7
NCVOG4605-consensus	scaffold_532	29.46	387	212	61	199	558	7073	6034	4e-11	68.2
NCVOG4605-consensus	scaffold_333	25.12	613	393	66	24	603	13981	12263	6.3e-11	68.2
NCVOG4605-consensus	scaffold_1029	23.78	614	413	55	2	585	3655	1902	6.7e-11	65.8
NCVOG1136-consensus	scaffold_170	47.93	338	122	54	194	479	20495	21497	7.3e-20	97.9
NCVOG0059-consensus	scaffold_402	30.94	181	115	10	232	402	6547	7086	2.6e-12	71.9
NCVOG1049-consensus	scaffold_858	25.62	363	214	56	5	326	746	1784	7.4e-11	65.2
NCVOG0219-consensus	scaffold_209	36.42	173	104	6	505	677	12250	11753	7.2e-24	111.6
NCVOG0191-consensus	scaffold_58	31.11	225	127	28	25	228	33647	32997	3.9e-11	68.4
NCVOG4655-consensus	scaffold_260	28.91	377	216	52	50	393	7211	8269	6.7e-16	84.1
NCVOG4655-consensus	scaffold_126	31.78	258	154	22	8	254	19960	20693	4.5e-12	71.9
NCVOG4655-consensus	scaffold_178	25.89	336	219	30	76	395	16480	17434	1.8e-11	69.7
NCVOG1009-consensus	scaffold_1150	31.21	282	163	31	96	368	608	1382	1.2e-16	83.8
NCVOG1009-consensus	scaffold_290	26.74	344	232	20	46	374	1414	403	7.1e-14	77.5
NCVOG1009-consensus	scaffold_59	39.85	133	73	7	258	383	26866	26479	4.2e-12	72.7
NCVOG0901-consensus	scaffold_2	42.93	184	53	52	32	163	68435	67895	3.7e-13	76.2
NCVOG2980-consensus	scaffold_151	30.51	508	286	67	30	474	24504	22998	8.3e-22	104.4
NCVOG2980-consensus	scaffold_108	26.85	499	298	67	3	472	23980	25359	1.8e-18	93.6
NCVOG0450-consensus	scaffold_1485	52.54	276	118	13	122	387	907	92	4.9e-69	256.3
NCVOG0450-consensus	scaffold_291	52.26	287	116	21	122	400	7785	6967	4.9e-65	247.4
NCVOG0450-consensus	scaffold_501	54.44	259	107	11	122	372	8787	8023	2.1e-57	221.3
NCVOG0450-consensus	scaffold_501	50.63	239	107	11	120	350	7721	7017	1.5e-54	211.8
NCVOG0450-consensus	scaffold_883	50.66	304	133	17	109	404	4517	3636	1.2e-55	214.2
NCVOG0450-consensus	scaffold_328	53.10	226	93	13	149	366	18489	19148	9.7e-53	206.4
NCVOG0450-consensus	scaffold_714	49.65	286	133	11	108	385	319	1164	2.7e-52	203.7
NCVOG0450-consensus	scaffold_117	50.93	216	79	27	149	364	844	1407	4.3e-48	191.8
NCVOG0450-consensus	scaffold_1411	51.61	248	94	26	120	366	913	248	3.7e-43	170.6
NCVOG0450-consensus	scaffold_299	58.49	159	62	4	131	288	19848	20312	6.2e-42	170.6
NCVOG0450-consensus	scaffold_299	47.83	92	48	0	120	211	18819	19091	8.3e-16	83.8
NCVOG0450-consensus	scaffold_144	43.40	265	127	23	149	395	657	1433	2.3e-40	166.0
NCVOG0450-consensus	scaffold_41	51.03	290	125	17	119	400	46145	45306	4.1e-40	165.7
NCVOG0450-consensus	scaffold_41	54.48	145	63	3	122	266	46571	46149	3.4e-32	139.4
NCVOG0450-consensus	scaffold_834	53.61	166	73	4	120	284	5950	5465	2e-39	160.5
NCVOG0450-consensus	scaffold_282	48.64	294	140	11	102	387	1116	247	3.8e-39	161.4
NCVOG0450-consensus	scaffold_163	50.23	217	80	28	120	333	816	244	2.4e-38	159.2
NCVOG0450-consensus	scaffold_565	56.96	237	90	12	122	350	221	916	2.4e-34	144.5
NCVOG0450-consensus	scaffold_673	54.17	216	73	26	126	340	1	570	4e-34	143.5
NCVOG0450-consensus	scaffold_21	38.24	306	178	11	145	442	4705	3800	7.5e-33	141.9
NCVOG0450-consensus	scaffold_21	38.17	241	135	14	148	379	5545	4841	2.4e-33	143.5
NCVOG0450-consensus	scaffold_224	55.34	206	81	11	143	340	23061	23666	6.8e-32	137.5
NCVOG0450-consensus	scaffold_287	48.98	294	136	14	120	402	18430	17561	1.5e-31	136.2
NCVOG0450-consensus	scaffold_518	49.52	210	95	11	149	350	322	939	1.8e-30	131.8
NCVOG0450-consensus	scaffold_565	42.60	331	179	11	120	442	3883	2903	2.4e-30	131.3
NCVOG0450-consensus	scaffold_14	33.33	321	164	50	119	399	35509	34580	2.8e-30	133.5
NCVOG0450-consensus	scaffold_14	36.91	149	81	13	210	345	35965	35522	3.9e-21	103.1
NCVOG0450-consensus	scaffold_726	47.62	231	95	26	145	374	5743	5129	3.5e-30	130.2
NCVOG0450-consensus	scaffold_508	52.82	142	63	4	149	289	11475	11888	2.1e-29	128.3
NCVOG0450-consensus	scaffold_361	51.43	245	108	11	149	385	18010	17288	7.4e-29	126.9
NCVOG0450-consensus	scaffold_108	53.39	251	106	11	122	364	2222	2962	8.4e-29	127.8
NCVOG0450-consensus	scaffold_21	52.28	197	83	11	149	337	408	986	1.3e-28	127.8
NCVOG0450-consensus	scaffold_1439	60.40	101	37	3	132	232	1	291	1.4e-28	122.0
NCVOG0450-consensus	scaffold_656	36.48	318	185	17	72	378	830	1756	1.5e-28	125.0
NCVOG0450-consensus	scaffold_656	37.97	266	140	25	148	401	54	809	3.5e-26	117.2
NCVOG0450-consensus	scaffold_40	53.25	169	75	4	122	289	8422	7928	2.4e-28	126.7
NCVOG0450-consensus	scaffold_14	51.88	266	111	17	143	400	4	771	4.5e-28	126.1
NCVOG0450-consensus	scaffold_726	48.20	222	89	26	120	340	7101	7688	5.7e-28	122.8
NCVOG0450-consensus	scaffold_753	39.59	245	135	13	116	351	5052	4333	1.7e-27	121.2
NCVOG0450-consensus	scaffold_753	39.03	269	138	26	148	404	5952	5191	7.9e-24	109.0
NCVOG0450-consensus	scaffold_632	54.84	124	52	4	162	284	9757	9398	2.2e-27	121.2
NCVOG0450-consensus	scaffold_295	41.08	241	129	13	113	344	954	1661	2.6e-27	122.0
NCVOG0450-consensus	scaffold_295	35.56	270	148	26	148	405	63	827	1.2e-23	109.8
NCVOG0450-consensus	scaffold_247	61.34	119	43	3	140	258	3547	3203	3.5e-27	121.8
NCVOG0450-consensus	scaffold_119	50.76	197	86	11	149	337	34072	33494	4.1e-27	122.1
NCVOG0450-consensus	scaffold_112	39.18	245	128	21	118	342	34128	34856	1.1e-26	120.7
NCVOG0450-consensus	scaffold_11	32.05	259	156	20	90	334	14165	14920	2.1e-26	120.7
NCVOG0450-consensus	scaffold_526	60.23	176	66	4	122	296	519	4	3.1e-26	117.7
NCVOG0450-consensus	scaffold_736	49.57	232	111	6	66	296	10	687	5.1e-26	116.3
NCVOG0450-consensus	scaffold_779	48.09	131	64	4	186	315	3892	4268	6.8e-26	115.8
NCVOG0450-consensus	scaffold_140	36.26	262	137	30	119	373	3032	2319	7.8e-26	117.7
NCVOG0450-consensus	scaffold_290	40.26	231	122	16	116	336	17689	17020	1.4e-25	116.4
NCVOG0450-consensus	scaffold_490	33.00	300	180	21	108	388	1250	362	3.7e-24	110.9
NCVOG0450-consensus	scaffold_431	36.61	336	187	26	66	380	5309	6296	8.5e-23	106.6
NCVOG0450-consensus	scaffold_431	54.55	121	52	3	122	242	6675	7025	8.5e-23	106.6
NCVOG0450-consensus	scaffold_1250	52.45	143	56	12	165	305	1948	1561	4.6e-22	101.1
NCVOG0450-consensus	scaffold_281	31.56	282	145	48	115	372	7300	6530	7.8e-22	103.9
NCVOG0450-consensus	scaffold_281	31.11	315	151	66	148	409	8833	7931	3.7e-14	78.4
NCVOG0450-consensus	scaffold_452	64.15	106	35	3	162	267	1008	703	2e-21	102.0
NCVOG0450-consensus	scaffold_660	61.54	91	32	3	142	232	2	262	1.7e-19	94.9
NCVOG0450-consensus	scaffold_16	32.58	310	192	17	88	389	57172	58067	7.1e-19	95.5
NCVOG0450-consensus	scaffold_16	35.71	266	145	26	148	401	56347	57099	4.9e-23	109.3
NCVOG0450-consensus	scaffold_1328	55.90	161	66	5	120	278	1075	1545	1.4e-18	89.2
NCVOG0450-consensus	scaffold_723	60.81	74	26	3	183	256	1	210	7.6e-18	89.2
NCVOG0450-consensus	scaffold_1038	29.32	266	170	18	122	371	1410	2198	1.1e-17	87.6
NCVOG0450-consensus	scaffold_83	32.88	292	146	50	119	361	33206	34075	2.5e-17	89.8
NCVOG0450-consensus	scaffold_45	30.51	354	203	43	91	406	30263	29220	2.2e-15	83.5
NCVOG0450-consensus	scaffold_165	26.81	332	174	69	109	400	9512	10417	3e-15	82.5
NCVOG0450-consensus	scaffold_1289	39.61	154	71	22	233	366	1028	576	1.1e-14	76.5
NCVOG0450-consensus	scaffold_100	31.87	273	132	54	138	364	24727	23936	1.7e-14	80.3
NCVOG0450-consensus	scaffold_443	50.00	90	45	0	120	209	2401	2135	2.1e-14	78.6
NCVOG0450-consensus	scaffold_443	47.06	85	42	3	145	229	1113	871	2.1e-14	78.6
NCVOG0450-consensus	scaffold_913	35.32	235	130	22	102	316	4533	5224	2.3e-14	77.0
NCVOG0450-consensus	scaffold_1458	32.74	223	109	41	175	378	235	834	4.7e-14	73.8
NCVOG0450-consensus	scaffold_518	51.32	76	37	0	120	195	1800	1576	1.7e-13	75.4
NCVOG0450-consensus	scaffold_786	28.52	270	170	23	152	399	5457	6258	5.4e-13	72.9
NCVOG0450-consensus	scaffold_617	27.47	273	168	30	151	397	8305	9108	8.9e-12	69.4
NCVOG0450-consensus	scaffold_156	29.70	266	165	22	133	378	20604	21388	4.5e-11	68.6
NCVOG0450-consensus	scaffold_758	26.87	227	139	27	154	360	4691	5347	5.2e-11	66.4
NCVOG0450-consensus	scaffold_56	28.83	281	176	24	119	378	41018	41848	5.3e-11	68.9
NCVOG0450-consensus	scaffold_167	24.93	345	217	42	114	418	5151	4126	5.3e-11	68.4
NCVOG0652-consensus	scaffold_306	35.56	315	187	16	105	414	9331	8423	8.4e-30	130.2
NCVOG4522-consensus	scaffold_1465	43.10	232	107	25	238	444	739	47	1.3e-35	145.4
NCVOG5117-consensus	scaffold_1150	24.36	669	440	66	741	1395	725	2572	4.8e-22	103.4
NCVOG5117-consensus	scaffold_398	30.12	342	204	35	649	965	2732	3724	8.1e-21	102.1
NCVOG5117-consensus	scaffold_493	33.47	239	134	25	733	963	11883	11221	3.8e-17	89.6
NCVOG5117-consensus	scaffold_493	36.31	157	90	10	815	964	11214	10756	1.8e-13	77.4
NCVOG5117-consensus	scaffold_67	28.01	332	193	46	651	952	4095	3151	2.5e-16	88.5
NCVOG5117-consensus	scaffold_290	26.78	366	229	39	696	1040	1443	407	3.9e-16	86.9
NCVOG5117-consensus	scaffold_362	28.34	367	233	30	618	969	16273	17319	6.3e-14	79.3
NCVOG5117-consensus	scaffold_80	30.29	274	161	30	702	957	38061	38839	7.9e-14	80.1
NCVOG5117-consensus	scaffold_287	25.90	556	331	81	714	1209	10	1599	1.3e-13	78.5
NCVOG5117-consensus	scaffold_1166	26.21	809	500	97	408	1156	2388	90	2.5e-13	74.4
NCVOG5117-consensus	scaffold_561	31.19	311	174	40	674	975	8892	9714	3.3e-13	76.3
NCVOG5117-consensus	scaffold_166	22.97	788	506	101	629	1399	21447	23537	5.7e-13	76.8
NCVOG5117-consensus	scaffold_25	30.57	265	162	22	716	964	21326	22095	6.1e-13	77.6
NCVOG5117-consensus	scaffold_816	28.12	160	107	8	808	967	3784	3332	7e-13	74.4
NCVOG5117-consensus	scaffold_151	30.28	251	153	22	729	964	22483	21755	1e-12	76.0
NCVOG5117-consensus	scaffold_82	27.42	372	233	37	665	1028	17710	16697	1.3e-12	76.0
NCVOG5117-consensus	scaffold_617	23.22	732	489	73	316	994	7446	5322	4.9e-12	72.2
NCVOG5117-consensus	scaffold_10	29.14	302	182	32	677	951	36734	35847	8.7e-12	74.1
NCVOG5117-consensus	scaffold_329	27.35	373	225	46	686	1021	13526	14600	9.1e-12	72.2
NCVOG5117-consensus	scaffold_512	42.07	145	61	23	808	942	8238	8630	2.2e-11	70.3
NCVOG5117-consensus	scaffold_393	30.00	240	151	17	741	970	16559	15874	2.9e-11	70.3
NCVOG5117-consensus	scaffold_94	27.78	360	222	38	674	1022	16140	15153	3.1e-11	71.4
NCVOG5117-consensus	scaffold_1310	26.27	571	363	58	434	972	1626	7	3.2e-11	66.8
NCVOG5117-consensus	scaffold_364	27.91	301	192	25	688	973	6529	7398	4.5e-11	69.8
NCVOG5117-consensus	scaffold_115	30.12	322	187	38	732	1024	7625	8554	6e-11	70.3
NCVOG5117-consensus	scaffold_399	39.26	135	70	12	843	965	12415	12816	6.1e-11	69.2
NCVOG5117-consensus	scaffold_3	35.60	191	94	29	777	946	7062	7603	7.5e-11	71.7
NCVOG0052-consensus	scaffold_833	35.34	116	69	6	36	149	999	1331	7.7e-13	71.3
NCVOG4122-consensus	scaffold_883	24.69	320	231	10	117	434	4580	3648	4e-22	103.0
NCVOG4122-consensus	scaffold_565	28.16	277	190	9	182	455	3877	3068	8.4e-19	93.0
NCVOG4122-consensus	scaffold_287	28.69	237	162	7	116	350	18355	17663	4.8e-18	91.4
NCVOG4122-consensus	scaffold_565	30.10	206	137	7	118	321	296	895	9.6e-18	89.5
NCVOG4122-consensus	scaffold_1485	28.08	260	179	8	152	409	907	149	9.4e-17	82.7
NCVOG4122-consensus	scaffold_108	28.40	250	171	8	122	369	2222	2950	2.3e-16	86.5
NCVOG4122-consensus	scaffold_1411	26.21	248	175	8	212	457	907	185	2.4e-16	81.6
NCVOG4122-consensus	scaffold_291	29.37	252	166	12	116	365	7716	6994	1.1e-15	83.5
NCVOG4122-consensus	scaffold_361	25.27	277	191	16	182	456	18004	17219	2.9e-15	81.9
NCVOG4122-consensus	scaffold_21	25.71	245	175	7	166	408	4735	4019	4e-14	79.7
NCVOG4122-consensus	scaffold_501	25.76	229	163	7	212	438	7715	7047	1.3e-13	75.9
NCVOG4122-consensus	scaffold_501	25.37	268	192	8	122	387	8787	8005	1.3e-13	75.9
NCVOG4122-consensus	scaffold_1328	35.56	135	84	3	117	251	1153	1545	1.5e-13	72.7
NCVOG4122-consensus	scaffold_726	26.77	198	139	6	124	319	5719	5141	4.4e-13	73.5
NCVOG4122-consensus	scaffold_224	27.80	205	142	6	237	439	23070	23669	5.1e-12	71.6
NCVOG4122-consensus	scaffold_673	26.02	196	139	6	216	409	1	573	1e-11	69.1
NCVOG4122-consensus	scaffold_163	30.91	165	108	6	118	280	729	250	2.3e-11	69.7
NCVOG4122-consensus	scaffold_431	27.54	167	116	5	116	280	5453	5941	2.5e-11	68.6
NCVOG4122-consensus	scaffold_328	30.91	165	108	6	118	280	18570	19049	9.6e-11	67.0
NCVOG4022-consensus	scaffold_642	30.18	222	133	22	57	256	4927	4265	1.3e-11	68.4
NCVOG1120-consensus	scaffold_174	24.89	233	166	9	403	628	26136	26825	1.5e-11	70.7
NCVOG0032-consensus	scaffold_547	28.85	780	352	203	274	876	8565	6313	5.2e-25	114.6
NCVOG0032-consensus	scaffold_870	25.11	697	434	88	201	880	2079	3945	5.7e-18	90.2
NCVOG0032-consensus	scaffold_540	27.07	458	222	112	405	829	11924	10811	7.3e-16	84.2
NCVOG0032-consensus	scaffold_1171	31.71	123	84	0	723	845	2062	1697	1e-13	74.7
NCVOG0032-consensus	scaffold_378	27.49	633	331	128	287	845	9712	11425	2.8e-12	72.8
NCVOG0032-consensus	scaffold_732	30.56	252	157	18	575	820	3792	3082	8.4e-12	70.1
NCVOG0302-consensus	scaffold_1144	28.39	310	181	41	267	535	1505	587	3.1e-22	102.5
NCVOG0302-consensus	scaffold_125	33.66	205	130	6	258	458	22406	21801	4.1e-22	105.7
NCVOG0302-consensus	scaffold_1	27.68	289	187	22	268	540	73698	74543	3.4e-20	101.1
NCVOG0302-consensus	scaffold_107	29.01	262	150	36	303	534	20833	20069	3.2e-15	82.9
NCVOG0302-consensus	scaffold_784	29.12	182	127	2	3	184	4535	3999	1.6e-14	78.3
NCVOG0302-consensus	scaffold_204	27.00	237	158	15	251	481	20069	19389	4e-14	78.9
NCVOG0302-consensus	scaffold_219	29.12	182	127	2	3	184	2606	2070	5.5e-14	78.3
NCVOG0302-consensus	scaffold_519	29.84	248	151	23	258	482	52	792	8.6e-14	76.7
NCVOG0302-consensus	scaffold_184	33.64	214	114	28	290	479	2230	2854	1.2e-12	74.0
NCVOG0302-consensus	scaffold_561	28.21	273	161	35	296	534	6340	5532	8.7e-12	69.9
NCVOG0302-consensus	scaffold_1141	27.91	215	141	14	267	472	1397	771	4.8e-11	65.3
NCVOG0868-consensus	scaffold_207	56.00	75	31	2	153	226	23290	23072	1.4e-17	89.8
NCVOG0868-consensus	scaffold_207	52.31	65	31	0	158	222	23755	23564	8.3e-15	80.6
NCVOG0868-consensus	scaffold_207	44.87	78	38	5	158	231	23557	23330	8.7e-12	70.6
NCVOG0868-consensus	scaffold_345	64.79	71	18	7	160	226	12361	12561	6.8e-14	77.1
NCVOG0868-consensus	scaffold_93	40.34	119	61	10	123	231	21083	21436	3.3e-12	72.5
NCVOG1188-consensus	scaffold_207	31.51	238	148	15	48	274	23730	23038	1.2e-11	69.6
NCVOG0190-consensus	scaffold_207	38.41	164	78	23	179	337	23398	22968	3.2e-19	95.7
NCVOG0190-consensus	scaffold_1150	25.69	288	188	26	110	376	1431	586	4.8e-13	71.8
NCVOG0190-consensus	scaffold_700	29.33	208	130	17	173	374	3762	3179	9.2e-13	72.6
NCVOG0190-consensus	scaffold_399	26.67	240	163	13	183	417	12809	12123	1e-12	73.5
NCVOG0190-consensus	scaffold_345	34.59	159	92	12	183	331	12361	12822	5.1e-12	71.3
NCVOG0190-consensus	scaffold_398	33.04	227	103	49	183	379	3522	2914	5.4e-12	71.0
NCVOG0190-consensus	scaffold_265	39.68	126	55	21	183	288	20072	19711	1.6e-11	69.9
NCVOG0190-consensus	scaffold_912	47.47	99	42	10	182	273	1604	1888	4.2e-11	66.4
NCVOG0190-consensus	scaffold_382	36.13	119	72	4	176	292	1069	1414	5.4e-11	67.8
NCVOG0190-consensus	scaffold_115	27.43	288	169	40	181	457	8409	7640	6.1e-11	68.6
NCVOG0190-consensus	scaffold_24	34.62	130	76	9	166	288	29102	29482	8.1e-11	68.9
NCVOG0025-consensus	scaffold_154	26.65	439	253	69	119	522	24028	25233	1.9e-25	116.6
NCVOG0025-consensus	scaffold_301	26.67	525	309	76	17	522	4136	5536	3.7e-23	108.4
NCVOG0025-consensus	scaffold_28	27.88	391	229	53	104	494	5140	4130	8.9e-18	91.9
NCVOG0025-consensus	scaffold_435	27.89	441	239	79	105	522	336	1487	1.4e-17	89.5
NCVOG0025-consensus	scaffold_285	28.11	402	247	42	104	493	10177	11285	2.8e-16	85.7
NCVOG0025-consensus	scaffold_512	27.24	279	170	33	235	508	9258	10007	6.2e-16	83.8
NCVOG0025-consensus	scaffold_829	26.65	424	236	75	113	506	3702	4835	2.1e-15	81.0
NCVOG0025-consensus	scaffold_236	26.68	416	248	57	102	516	3864	2788	7.7e-15	81.1
NCVOG0025-consensus	scaffold_371	24.67	450	279	60	104	521	1419	157	1.2e-14	80.0
NCVOG0025-consensus	scaffold_367	25.77	291	182	34	234	518	2854	2069	5.4e-14	77.8
NCVOG0025-consensus	scaffold_107	23.18	466	285	73	110	520	30063	28723	3.3e-13	76.2
NCVOG0025-consensus	scaffold_212	22.94	462	295	61	74	504	6108	4824	3.5e-13	75.6
NCVOG0271-consensus	scaffold_220	34.92	1177	684	82	8	1149	448	3834	5.7e-158	557.7
NCVOG0271-consensus	scaffold_625	44.27	1082	515	88	149	1164	4571	7743	2.2e-137	488.0
NCVOG0271-consensus	scaffold_145	28.25	1200	729	132	39	1153	15597	12150	5e-82	305.8
NCVOG0078-consensus	scaffold_221	49.56	113	57	0	95	207	24326	24661	1.3e-16	85.9
NCVOG0061-consensus	scaffold_1	30.84	561	300	88	64	553	100069	98441	5.9e-11	70.5
NCVOG4511-consensus	scaffold_41	26.86	510	320	53	11	493	13038	11604	8.9e-14	78.8
NCVOG4511-consensus	scaffold_617	28.48	302	178	38	3	297	5683	6488	1e-12	73.1
NCVOG4511-consensus	scaffold_10	24.96	561	361	60	4	520	70335	68722	2.7e-12	74.5
NCVOG4511-consensus	scaffold_92	25.45	550	364	46	12	528	14436	16025	2.5e-11	70.4
NCVOG4511-consensus	scaffold_398	25.76	594	362	79	3	556	3810	2177	4e-11	68.5
NCVOG0451-consensus	scaffold_1485	22.39	259	190	11	124	382	886	146	4.4e-16	80.3
NCVOG0451-consensus	scaffold_287	23.58	212	155	7	131	342	18208	17597	3.9e-13	74.9
NCVOG1351-consensus	scaffold_103	27.88	416	246	54	137	507	5912	7123	5.6e-19	95.4
NCVOG1351-consensus	scaffold_70	34.52	168	102	8	176	342	3971	4446	1.9e-13	77.3
NCVOG4241-consensus	scaffold_25	34.67	150	91	7	14	158	21968	21528	1.3e-12	73.2
NCVOG0331-consensus	scaffold_253	26.48	321	162	74	41	289	2980	3933	1.5e-12	72.8
NCVOG0301-consensus	scaffold_1144	29.95	207	135	10	338	535	1201	587	3.6e-21	98.9
NCVOG0301-consensus	scaffold_125	30.91	220	140	12	248	460	22436	21795	2.1e-20	100.0
NCVOG0301-consensus	scaffold_1	26.67	285	181	28	268	534	73698	74519	1.9e-15	85.4
NCVOG0301-consensus	scaffold_107	30.57	229	127	32	291	492	20869	20201	5.4e-14	78.9
NCVOG0301-consensus	scaffold_519	30.08	256	156	23	245	477	13	777	1.8e-12	72.4
NCVOG0301-consensus	scaffold_184	31.74	230	124	33	272	477	2191	2848	6.8e-12	71.6
NCVOG0301-consensus	scaffold_981	26.64	214	118	39	358	535	656	1285	6.8e-12	68.8
NCVOG0301-consensus	scaffold_204	26.05	238	157	19	265	495	20027	19353	6.1e-11	68.3
NCVOG1121-consensus	scaffold_260	21.65	351	226	49	180	524	7321	8237	1.4e-11	70.2
NCVOG0021-consensus	scaffold_1166	27.97	708	437	73	42	684	2112	16	9.1e-24	108.4
NCVOG0021-consensus	scaffold_1310	29.80	537	324	53	350	851	1602	67	9.5e-18	87.8
NCVOG0021-consensus	scaffold_1150	23.91	481	319	47	416	883	725	2062	1.6e-14	77.7
NCVOG0021-consensus	scaffold_493	22.52	484	350	25	148	616	11856	10442	8.5e-14	77.7
NCVOG0021-consensus	scaffold_561	27.36	329	211	28	544	856	9290	10229	1.2e-12	73.6
NCVOG2860-consensus	scaffold_287	25.37	201	144	6	111	310	18346	17762	1.4e-13	76.3
NCVOG2860-consensus	scaffold_1411	22.66	256	188	10	60	312	982	239	1.3e-12	68.9
NCVOG2860-consensus	scaffold_565	24.89	221	159	7	114	333	3790	3149	2.6e-12	71.1
NCVOG2860-consensus	scaffold_282	25.40	189	135	6	114	301	882	334	1.2e-11	69.8
NCVOG2860-consensus	scaffold_108	25.13	191	135	8	114	302	2396	2947	2.4e-11	69.5
NCVOG2860-consensus	scaffold_883	24.38	201	146	6	111	310	4487	3903	6.8e-11	65.4
NCVOG2860-consensus	scaffold_1485	24.74	190	135	8	114	301	733	185	9.6e-11	62.4
NCVOG0001-consensus	scaffold_238	39.41	307	168	18	303	594	8272	9180	2e-46	186.3
NCVOG0001-consensus	scaffold_238	33.14	350	183	51	286	606	23375	24349	1.2e-27	123.9
NCVOG0001-consensus	scaffold_1007	34.12	340	189	35	298	629	3044	3979	1.2e-38	157.8
NCVOG0001-consensus	scaffold_97	39.85	261	138	19	302	555	27192	26449	1.6e-37	157.2
NCVOG0001-consensus	scaffold_97	40.00	240	127	17	333	566	26271	25588	1.6e-37	157.2
NCVOG0001-consensus	scaffold_25	43.62	298	145	23	313	603	17728	18570	8e-34	145.6
NCVOG0001-consensus	scaffold_146	33.12	311	178	30	252	556	15723	14866	2.4e-32	139.9
NCVOG0001-consensus	scaffold_172	33.70	273	161	20	265	531	11942	12715	2.5e-31	136.3
NCVOG0001-consensus	scaffold_20	35.98	264	144	25	333	590	1197	466	7.8e-25	115.7
NCVOG0001-consensus	scaffold_20	43.75	224	112	14	343	564	53346	52714	1.6e-35	151.3
NCVOG0001-consensus	scaffold_20	37.23	274	110	62	333	556	54614	53836	4.9e-23	109.8
NCVOG0001-consensus	scaffold_854	36.36	220	102	38	363	555	4207	4828	1.1e-22	105.4
NCVOG0001-consensus	scaffold_518	43.97	232	93	37	337	543	5403	4751	1.3e-22	106.2
NCVOG0001-consensus	scaffold_212	39.48	233	118	23	333	553	14046	14708	2.6e-22	106.2
NCVOG0001-consensus	scaffold_276	35.56	225	125	20	340	555	3518	4156	2.5e-20	99.5
NCVOG0001-consensus	scaffold_276	33.33	198	118	14	362	553	2696	3262	1.1e-15	84.0
NCVOG0001-consensus	scaffold_377	35.11	225	113	33	353	556	15419	14788	6.4e-18	91.0
NCVOG0001-consensus	scaffold_1005	36.48	244	132	23	333	566	1526	837	6.7e-18	88.9
NCVOG0001-consensus	scaffold_128	32.46	305	167	39	305	585	6826	7688	9.2e-16	84.8
NCVOG0001-consensus	scaffold_105	32.84	201	116	19	343	535	13180	13746	1.7e-14	80.7
NCVOG4616-consensus	scaffold_799	35.94	217	121	18	264	473	335	935	5.5e-12	69.7
NCVOG2058-consensus	scaffold_1485	26.59	252	177	8	115	366	907	179	1.4e-21	98.5
NCVOG2058-consensus	scaffold_287	29.26	229	154	8	138	366	18355	17696	3.1e-21	101.7
NCVOG2058-consensus	scaffold_431	20.72	251	194	5	145	395	5384	6118	5.2e-15	80.6
NCVOG2058-consensus	scaffold_431	26.71	161	114	4	235	395	6675	7142	1.5e-12	72.4
NCVOG2058-consensus	scaffold_526	31.76	170	111	5	205	374	519	28	1.3e-14	78.9
NCVOG2058-consensus	scaffold_224	28.29	205	141	6	111	315	23073	23666	4.3e-13	74.9
NCVOG2058-consensus	scaffold_291	28.37	208	143	6	108	315	7719	7117	1.4e-12	73.0
NCVOG2058-consensus	scaffold_1328	30.62	160	107	4	175	334	1081	1545	1.3e-11	65.9
NCVOG0038-consensus	scaffold_183	37.70	931	478	102	96	967	9908	7252	6.7e-68	258.6
NCVOG0038-consensus	scaffold_161	26.40	731	429	109	330	965	19887	22024	5.8e-19	96.1
NCVOG0228-consensus	scaffold_124	28.57	546	307	83	452	922	2326	720	3e-19	97.0
NCVOG0280-consensus	scaffold_58	19.76	1402	1020	105	408	1745	17868	13789	4.1e-13	77.9
NCVOG0218-consensus	scaffold_207	40.64	342	170	33	599	927	23845	22889	1.4e-12	74.7
NCVOG0218-consensus	scaffold_493	35.61	556	293	65	436	949	10392	11983	3e-12	72.7
NCVOG0218-consensus	scaffold_398	41.72	338	169	28	610	927	3747	2789	3.3e-12	72.9
NCVOG0218-consensus	scaffold_115	37.24	537	224	113	438	899	8776	7291	1.4e-11	71.8
NCVOG0218-consensus	scaffold_1166	33.47	750	299	200	345	901	17	2242	5.1e-11	66.2
NCVOG0218-consensus	scaffold_622	33.71	528	279	71	389	879	8974	10428	6.7e-11	67.8
NCVOG0018-consensus	scaffold_1310	21.84	554	410	23	531	1076	1617	6	1.1e-21	101.0
NCVOG0018-consensus	scaffold_1166	22.43	691	478	58	344	1011	2453	501	3.5e-16	83.4
NCVOG0820-consensus	scaffold_613	32.14	196	107	26	71	242	7543	6969	5.4e-13	73.5
NCVOG0820-consensus	scaffold_304	30.10	196	110	27	71	242	9264	8691	7.3e-13	74.0
NCVOG0226-consensus	scaffold_207	37.09	151	86	9	16	163	23431	23000	2.1e-16	86.2
NCVOG0226-consensus	scaffold_207	36.84	133	68	16	27	149	23815	23438	9.3e-16	84.1
NCVOG0226-consensus	scaffold_93	36.49	148	83	11	29	170	21185	21608	1.3e-15	84.1
NCVOG0226-consensus	scaffold_541	31.47	197	117	18	16	199	3369	3929	6.3e-12	70.2
NCVOG0226-consensus	scaffold_912	43.16	95	50	4	30	121	1598	1872	1e-11	68.3
NCVOG0226-consensus	scaffold_99	35.10	151	82	16	16	160	16045	16462	8.4e-11	68.1
NCVOG4170-consensus	scaffold_66	32.14	196	130	3	129	321	20948	20366	8.2e-19	94.5
NCVOG4587-consensus	scaffold_507	50.00	68	27	7	57	117	4024	4224	2e-11	67.9
NCVOG0273-consensus	scaffold_201	50.00	82	41	0	122	203	14024	14266	6.2e-14	76.8
