NCVOG0719-consensus	NODE_12718_length_412_cov_208.943284	37.50	136	77	8	107	234	412	12	7.6e-14	76.4
NCVOG0719-consensus	NODE_4013_length_1011_cov_173.647752	34.25	146	88	8	124	261	1011	581	3.8e-11	68.7
NCVOG0719-consensus	NODE_4013_length_1011_cov_173.647752	33.94	109	71	1	24	131	325	6	3.8e-11	68.7
NCVOG1069-consensus	NODE_9693_length_536_cov_147.549020	32.52	163	98	12	276	432	46	513	1.9e-12	72.7
NCVOG1243-consensus	NODE_6219_length_751_cov_219.344214	24.15	236	157	22	28	256	751	92	2.5e-13	75.6
NCVOG0669-consensus	NODE_4436_length_950_cov_212.373425	26.32	247	168	14	227	464	917	195	2.7e-13	76.5
NCVOG0669-consensus	NODE_13_length_72336_cov_199.263261	28.95	266	170	19	210	464	48826	49588	3.3e-13	82.5
NCVOG0333-consensus	NODE_823_length_2655_cov_169.380140	42.86	112	48	16	605	709	404	99	1.7e-11	72.6
NCVOG0333-consensus	NODE_5904_length_780_cov_186.054054	53.42	73	31	3	605	677	392	598	1.8e-11	70.7
NCVOG0333-consensus	NODE_277_length_4891_cov_190.144578	47.78	90	44	3	605	694	620	363	2.2e-11	73.1
NCVOG2223-consensus	NODE_1940_length_1613_cov_144.207031	27.13	494	312	48	449	910	1607	177	2.8e-65	250.9
NCVOG2223-consensus	NODE_13600_length_350_cov_111.073260	42.02	119	66	3	689	807	350	6	3.9e-34	145.3
NCVOG2223-consensus	NODE_35856_length_155_cov_107.115385	55.00	40	15	3	783	822	1	108	8.2e-12	69.9
NCVOG0233-consensus	NODE_2862_length_1267_cov_151.491597	40.95	420	194	54	316	682	1264	15	2.3e-41	171.0
NCVOG0233-consensus	NODE_14_length_67162_cov_196.302363	36.01	872	453	105	27	795	7334	4736	1.4e-38	167.5
NCVOG0233-consensus	NODE_341_length_4294_cov_187.544700	30.26	390	235	37	435	788	4184	3021	8.8e-35	150.9
NCVOG0233-consensus	NODE_227_length_5536_cov_225.749954	30.84	334	212	19	527	843	6	990	7.5e-30	134.9
NCVOG0233-consensus	NODE_969_length_2438_cov_166.488776	28.00	400	249	39	308	688	13	1149	1e-29	133.3
NCVOG0233-consensus	NODE_321_length_4464_cov_196.355140	42.25	329	162	28	553	853	4461	3482	2.4e-26	123.0
NCVOG0233-consensus	NODE_1427_length_1951_cov_187.461046	24.22	512	326	62	344	823	1	1437	1.3e-23	112.7
NCVOG0233-consensus	NODE_3203_length_1178_cov_273.343324	33.45	284	169	20	97	365	843	16	5e-23	110.0
NCVOG0233-consensus	NODE_6_length_94947_cov_200.232455	28.19	830	471	125	10	729	88022	85593	1.5e-20	108.1
NCVOG0233-consensus	NODE_107_length_9299_cov_112.371394	28.69	732	412	110	97	729	3963	6122	2.1e-20	104.3
NCVOG0233-consensus	NODE_107_length_9299_cov_112.371394	27.51	778	437	127	55	729	550	2802	3.5e-19	100.2
NCVOG0233-consensus	NODE_8203_length_613_cov_198.089552	37.06	197	114	10	258	446	579	4	3.2e-20	99.8
NCVOG0233-consensus	NODE_1444_length_1933_cov_184.350754	30.60	621	375	56	135	704	14	1848	4.8e-19	97.5
NCVOG0233-consensus	NODE_3304_length_1150_cov_409.905871	26.57	350	223	34	526	863	1148	168	1.5e-18	95.1
NCVOG0233-consensus	NODE_139_length_7565_cov_201.958868	26.55	825	479	127	17	729	4460	2038	3.2e-17	93.4
NCVOG0233-consensus	NODE_1277_length_2086_cov_121.324042	32.82	262	160	16	23	272	782	14	6.5e-16	87.2
NCVOG0233-consensus	NODE_917_length_2516_cov_161.325133	24.12	427	273	51	94	501	1223	42	3.6e-15	85.0
NCVOG0233-consensus	NODE_11484_length_462_cov_215.885714	35.21	142	81	11	661	791	462	40	7.5e-13	74.9
NCVOG0233-consensus	NODE_15959_length_257_cov_198.094444	50.00	74	36	1	604	677	13	228	8.1e-13	73.9
NCVOG0233-consensus	NODE_4710_length_910_cov_135.555822	32.82	131	88	0	578	708	893	504	2.3e-12	74.2
NCVOG0233-consensus	NODE_29_length_48789_cov_204.845952	27.46	710	390	125	136	732	7240	9322	6.3e-12	78.5
NCVOG0233-consensus	NODE_20378_length_206_cov_111.186047	52.31	65	30	1	619	682	206	15	2.6e-11	68.6
NCVOG1013-consensus	NODE_622_length_3095_cov_189.892644	38.68	349	202	12	198	543	16	1032	2e-75	285.1
NCVOG1013-consensus	NODE_878_length_2578_cov_122.463415	40.30	397	224	13	179	572	1871	714	6.1e-73	276.6
NCVOG1013-consensus	NODE_466_length_3666_cov_132.699638	36.24	425	229	42	186	579	2064	826	1e-71	273.1
NCVOG1013-consensus	NODE_818_length_2665_cov_184.254637	37.58	322	188	13	253	572	444	1373	3.2e-66	254.4
NCVOG1013-consensus	NODE_654_length_3021_cov_132.809783	44.26	244	125	11	255	495	710	6	6e-57	223.7
NCVOG1013-consensus	NODE_1721_length_1737_cov_205.426506	33.73	424	236	45	198	587	37	1272	2.5e-54	214.3
NCVOG1013-consensus	NODE_2_length_148905_cov_199.650543	43.77	265	142	7	285	547	129469	128693	2.7e-53	217.2
NCVOG1013-consensus	NODE_2_length_148905_cov_199.650543	42.68	239	128	9	255	491	128252	127560	1.2e-45	191.8
NCVOG1013-consensus	NODE_1392_length_1981_cov_141.601891	40.23	261	149	7	285	542	1440	673	5.7e-53	209.9
NCVOG1013-consensus	NODE_3892_length_1029_cov_517.635504	37.09	275	158	15	274	543	800	9	8.8e-49	195.1
NCVOG1013-consensus	NODE_4438_length_950_cov_204.116838	40.77	233	130	8	281	510	689	9	2.5e-46	186.8
NCVOG1013-consensus	NODE_395_length_3989_cov_161.367587	37.76	294	174	9	228	519	2955	3812	8.7e-46	187.1
NCVOG1013-consensus	NODE_6701_length_711_cov_205.285489	41.23	211	115	9	255	463	616	8	9.5e-44	177.8
NCVOG1013-consensus	NODE_4962_length_876_cov_132.259074	33.98	256	162	7	319	572	11	760	1.2e-43	177.7
NCVOG1013-consensus	NODE_19_length_61911_cov_201.517547	41.63	209	114	8	255	462	40655	40053	4.9e-40	171.9
NCVOG1013-consensus	NODE_2636_length_1339_cov_146.358162	38.98	295	166	14	274	564	178	1029	3.1e-38	160.4
NCVOG1013-consensus	NODE_12_length_74382_cov_200.306642	38.21	212	117	14	255	463	57416	58015	1e-35	157.8
NCVOG1013-consensus	NODE_10_length_81446_cov_291.580676	41.30	276	151	11	255	527	36562	35762	8.9e-34	151.5
NCVOG1013-consensus	NODE_1137_length_2234_cov_194.670376	43.45	145	79	3	285	428	432	7	3.2e-33	144.5
NCVOG1013-consensus	NODE_6652_length_715_cov_166.349530	36.41	217	127	11	308	521	654	35	2.6e-32	139.8
NCVOG1013-consensus	NODE_4944_length_878_cov_205.300874	44.44	144	77	3	296	438	875	453	5e-32	139.2
NCVOG1013-consensus	NODE_2059_length_1558_cov_156.724510	38.79	165	93	8	368	526	494	9	1.3e-26	122.1
NCVOG1013-consensus	NODE_1833_length_1670_cov_176.865662	38.98	236	135	9	255	488	297	980	2.5e-26	121.2
NCVOG1013-consensus	NODE_7272_length_669_cov_182.836149	39.34	211	120	8	255	464	669	61	1.8e-25	117.0
NCVOG1013-consensus	NODE_1083_length_2292_cov_156.744921	42.15	242	133	7	308	547	619	1326	6e-25	117.1
NCVOG1013-consensus	NODE_1083_length_2292_cov_156.744921	37.97	158	88	10	274	428	1835	2284	7.3e-25	116.8
NCVOG1013-consensus	NODE_12915_length_405_cov_95.899390	41.86	129	70	5	253	381	380	12	7.9e-23	107.5
NCVOG1013-consensus	NODE_15117_length_279_cov_192.212871	45.16	93	48	3	259	351	2	268	1.1e-22	106.5
NCVOG1013-consensus	NODE_6137_length_759_cov_87.802053	38.28	128	72	7	394	518	539	171	4.8e-22	105.8
NCVOG1013-consensus	NODE_11230_length_473_cov_108.631313	42.02	119	66	3	294	411	121	468	2.3e-21	102.9
NCVOG1013-consensus	NODE_12600_length_416_cov_233.696165	42.20	109	60	3	393	500	14	331	3.8e-20	98.6
NCVOG1013-consensus	NODE_10443_length_504_cov_750.189696	39.71	136	78	4	385	518	2	400	1.1e-19	97.4
NCVOG1013-consensus	NODE_11883_length_446_cov_62.783198	46.07	89	45	3	266	354	3	257	1.7e-19	96.6
NCVOG1013-consensus	NODE_14765_length_291_cov_90.719626	46.59	88	45	2	301	388	291	37	5.6e-19	94.2
NCVOG1013-consensus	NODE_6599_length_720_cov_113.385692	40.00	100	57	3	255	354	160	447	2.2e-18	93.6
NCVOG1013-consensus	NODE_15418_length_271_cov_123.938144	40.66	91	52	2	433	522	1	267	3.1e-18	91.7
NCVOG1013-consensus	NODE_15920_length_258_cov_384.071823	43.18	88	47	3	259	346	257	6	6.3e-18	90.6
NCVOG1013-consensus	NODE_2656_length_1330_cov_125.126895	43.82	89	47	3	266	354	1328	1074	8.9e-18	92.4
NCVOG1013-consensus	NODE_17653_length_229_cov_106.690789	43.42	76	42	1	457	531	229	5	1.2e-17	89.5
NCVOG1013-consensus	NODE_19182_length_216_cov_93.107914	49.30	71	36	0	285	355	214	5	1.2e-16	86.1
NCVOG1013-consensus	NODE_18534_length_222_cov_79.117241	48.68	76	36	3	264	339	2	217	1.5e-16	85.8
NCVOG1013-consensus	NODE_16257_length_251_cov_104.844828	41.77	79	45	1	284	362	13	243	1.3e-15	82.9
NCVOG1013-consensus	NODE_16592_length_245_cov_78.767857	41.25	80	44	3	272	351	234	7	3.3e-15	81.4
NCVOG1013-consensus	NODE_1059_length_2322_cov_135.796882	33.52	179	99	20	373	546	1776	1306	6.9e-15	83.6
NCVOG1013-consensus	NODE_18838_length_219_cov_94.781690	42.11	76	39	5	264	337	219	4	2.1e-14	78.6
NCVOG1013-consensus	NODE_21558_length_198_cov_73.380165	44.44	63	35	0	289	351	5	190	8.9e-14	76.4
NCVOG1013-consensus	NODE_7644_length_645_cov_493.982394	43.21	81	45	1	447	526	312	73	1e-13	77.9
NCVOG1013-consensus	NODE_15626_length_266_cov_100.042328	41.03	78	45	1	466	542	266	36	2.9e-13	75.1
NCVOG1013-consensus	NODE_16243_length_251_cov_117.793103	41.79	67	39	0	285	351	206	9	4e-13	74.6
NCVOG1013-consensus	NODE_21429_length_199_cov_88.213115	46.77	62	32	1	301	362	9	188	6.5e-13	73.5
NCVOG1013-consensus	NODE_21954_length_195_cov_75.872881	46.03	63	34	0	289	351	3	188	9.4e-13	73.0
NCVOG1013-consensus	NODE_18787_length_219_cov_118.929577	42.42	66	37	1	368	432	198	4	7.9e-12	70.1
NCVOG1013-consensus	NODE_20487_length_206_cov_78.751938	47.62	63	33	0	283	345	191	6	1.1e-11	69.5
NCVOG1013-consensus	NODE_18035_length_226_cov_104.060403	35.29	68	44	0	283	350	22	222	1.5e-11	69.2
NCVOG1013-consensus	NODE_39944_length_155_cov_96.371795	50.00	48	24	0	395	442	154	14	4.5e-11	67.1
NCVOG1013-consensus	NODE_29844_length_155_cov_136.294872	50.00	48	24	0	476	523	11	151	6.6e-11	66.5
NCVOG0013-consensus	NODE_603_length_3143_cov_140.462166	31.90	232	150	8	116	345	750	1424	4.1e-35	151.0
NCVOG0013-consensus	NODE_603_length_3143_cov_140.462166	36.26	182	113	3	114	292	201	743	8.9e-28	126.6
NCVOG0013-consensus	NODE_603_length_3143_cov_140.462166	27.85	237	158	13	116	350	1622	2296	9.9e-23	109.9
NCVOG0013-consensus	NODE_640_length_3042_cov_147.354469	32.93	249	156	11	97	342	1816	2531	4.8e-32	140.8
NCVOG0013-consensus	NODE_640_length_3042_cov_147.354469	35.92	142	91	0	113	254	2613	3035	2.4e-20	101.9
NCVOG0013-consensus	NODE_640_length_3042_cov_147.354469	27.31	238	166	7	76	307	1092	1799	4.3e-19	97.7
NCVOG0013-consensus	NODE_1251_length_2114_cov_161.008837	37.30	185	111	5	117	296	644	93	1.3e-30	135.5
NCVOG0013-consensus	NODE_1251_length_2114_cov_161.008837	33.49	218	137	8	121	336	1280	648	7.9e-27	122.9
NCVOG0013-consensus	NODE_1251_length_2114_cov_161.008837	30.43	230	148	12	110	335	2069	1407	7.9e-27	122.9
NCVOG0013-consensus	NODE_10312_length_509_cov_222.081019	31.52	165	112	1	123	286	15	506	1e-23	110.5
NCVOG0013-consensus	NODE_3893_length_1029_cov_240.754202	31.44	229	142	15	114	340	44	688	4.6e-20	99.4
NCVOG0013-consensus	NODE_5794_length_790_cov_189.012623	31.46	178	120	2	120	295	784	254	2.5e-18	93.2
NCVOG0013-consensus	NODE_7646_length_645_cov_227.250000	30.12	166	114	2	130	293	31	525	6.6e-18	91.6
NCVOG0013-consensus	NODE_9176_length_559_cov_197.585062	36.22	127	78	3	162	286	555	181	1.6e-16	86.8
NCVOG0013-consensus	NODE_14706_length_293_cov_106.282407	34.83	89	58	0	122	210	278	15	5.6e-15	80.7
NCVOG0013-consensus	NODE_6870_length_698_cov_144.209340	28.89	180	124	4	116	293	557	27	1.2e-14	80.8
NCVOG0013-consensus	NODE_43_length_29832_cov_228.133860	29.11	213	146	5	84	293	5090	5715	2.7e-14	85.1
NCVOG0013-consensus	NODE_12398_length_424_cov_172.576369	29.91	117	80	2	217	331	10	353	1.4e-11	70.0
NCVOG0013-consensus	NODE_15268_length_275_cov_105.262626	37.21	86	54	0	169	254	14	268	1.4e-11	69.3
NCVOG0013-consensus	NODE_15043_length_281_cov_113.568627	37.08	89	54	2	130	216	10	273	9.1e-11	66.7
NCVOG3092-consensus	NODE_2742_length_1300_cov_164.639411	28.02	207	133	16	99	293	103	708	1.4e-16	87.2
NCVOG3092-consensus	NODE_310_length_4572_cov_187.889433	28.78	139	93	6	159	292	52	462	7e-14	80.1
NCVOG0564-consensus	NODE_6872_length_697_cov_218.198387	40.23	87	47	5	91	177	490	248	3.7e-14	78.0
NCVOG0297-consensus	NODE_4412_length_954_cov_304.538198	35.00	140	82	9	368	502	63	467	1.8e-18	93.9
NCVOG0297-consensus	NODE_440_length_3753_cov_216.127584	31.53	314	178	37	253	537	2163	1257	2.6e-18	95.4
NCVOG0297-consensus	NODE_2917_length_1251_cov_176.350085	28.40	243	151	23	290	513	1159	450	2.6e-17	90.5
NCVOG0297-consensus	NODE_2539_length_1370_cov_219.019335	31.47	143	94	4	14	153	201	619	8e-17	89.0
NCVOG0297-consensus	NODE_394_length_3990_cov_210.448761	31.21	314	156	60	264	538	2270	3139	4.9e-15	84.6
NCVOG0297-consensus	NODE_6884_length_696_cov_220.415186	32.64	144	86	11	364	500	26	440	1.2e-14	80.8
NCVOG0297-consensus	NODE_2982_length_1233_cov_205.211073	34.78	230	119	31	264	468	680	24	1.1e-13	78.4
NCVOG0297-consensus	NODE_1254_length_2109_cov_167.165354	28.66	164	106	11	257	414	554	81	4.8e-13	77.0
NCVOG0297-consensus	NODE_3341_length_1144_cov_183.392690	29.61	206	125	20	262	448	536	1139	6.7e-13	75.7
NCVOG0297-consensus	NODE_2450_length_1404_cov_217.735494	31.00	200	116	22	266	452	1320	757	2.5e-12	74.0
NCVOG0297-consensus	NODE_4908_length_883_cov_205.986352	26.28	274	189	13	208	475	850	61	2.8e-12	73.2
NCVOG0297-consensus	NODE_165_length_6878_cov_211.973680	28.81	177	116	10	303	475	4101	4608	8.6e-12	74.6
NCVOG0297-consensus	NODE_3623_length_1074_cov_190.619860	26.14	241	151	27	254	477	281	970	2.8e-11	70.2
NCVOG0297-consensus	NODE_2118_length_1528_cov_197.188835	30.11	176	112	11	286	458	1014	1514	3.3e-11	70.5
NCVOG0297-consensus	NODE_1553_length_1850_cov_154.316977	27.08	240	154	21	241	475	1069	1737	3.6e-11	70.6
NCVOG0663-consensus	NODE_1468_length_1915_cov_129.597388	26.76	527	349	37	106	604	1894	344	2.3e-24	114.7
NCVOG0663-consensus	NODE_47_length_27780_cov_207.663935	24.66	657	428	67	11	610	20628	22565	4.7e-22	110.9
NCVOG0663-consensus	NODE_2297_length_1469_cov_175.020833	27.29	458	285	48	169	593	139	1464	1.5e-21	104.9
NCVOG0073-consensus	NODE_2734_length_1303_cov_197.423328	47.06	255	122	13	19	272	519	1244	2.7e-50	200.9
NCVOG0073-consensus	NODE_3222_length_1175_cov_153.311475	39.36	409	226	22	194	598	1175	6	2.5e-47	190.8
NCVOG0073-consensus	NODE_7412_length_659_cov_142.577320	47.06	221	111	6	340	560	659	18	4.2e-43	176.0
NCVOG0073-consensus	NODE_17_length_64451_cov_194.609470	25.55	595	391	52	11	566	25046	23304	2.2e-42	180.2
NCVOG0073-consensus	NODE_6008_length_770_cov_168.662338	40.71	253	137	13	361	609	1	729	1.1e-39	164.8
NCVOG0073-consensus	NODE_205_length_5982_cov_163.306012	25.89	336	236	13	193	522	3560	4543	1.8e-24	117.3
NCVOG0073-consensus	NODE_10977_length_482_cov_174.000000	35.76	165	100	6	201	364	1	477	3.7e-23	109.3
NCVOG0073-consensus	NODE_9536_length_543_cov_195.497854	41.67	192	96	16	33	223	533	6	4e-18	92.7
NCVOG0073-consensus	NODE_3948_length_1021_cov_179.599576	45.00	180	92	7	20	199	521	6	3.2e-15	84.0
NCVOG0679-consensus	NODE_903_length_2533_cov_191.279723	28.81	302	176	39	3	280	670	1527	3.2e-12	73.6
NCVOG0679-consensus	NODE_9945_length_524_cov_131.194631	34.21	152	87	13	37	181	43	477	4.4e-11	67.6
NCVOG0268-consensus	NODE_10_length_81446_cov_291.580676	24.71	348	243	19	256	592	25447	24431	4.6e-11	75.9
NCVOG1068-consensus	NODE_46_length_28231_cov_204.184343	51.20	166	73	8	81	238	24904	24412	4.1e-32	142.9
NCVOG2643-consensus	NODE_10253_length_512_cov_153.505747	38.07	176	92	17	78	242	510	8	4.7e-27	120.5
NCVOG2643-consensus	NODE_15897_length_259_cov_115.467033	42.70	89	45	6	78	164	257	6	2.3e-15	80.7
NCVOG0613-consensus	NODE_1216_length_2147_cov_166.840580	42.06	126	68	5	8	129	698	1069	1.7e-35	149.6
NCVOG0613-consensus	NODE_17610_length_230_cov_77.222222	35.14	74	47	1	20	93	227	12	1.6e-14	76.6
NCVOG4523-consensus	NODE_4_length_98227_cov_97.196291	36.13	274	161	14	551	818	31839	31047	9.5e-29	135.7
NCVOG4523-consensus	NODE_40_length_32425_cov_194.217448	31.87	891	442	165	8	823	10887	13264	3.8e-28	132.2
NCVOG1353-consensus	NODE_2268_length_1480_cov_141.266572	58.07	415	140	34	419	801	1	1234	7.8e-94	345.4
NCVOG1353-consensus	NODE_10770_length_491_cov_213.857488	75.46	163	39	1	282	443	1	486	3.4e-61	235.4
NCVOG1353-consensus	NODE_12091_length_437_cov_163.644444	67.59	145	46	1	163	306	1	432	6.4e-45	181.2
NCVOG1353-consensus	NODE_18971_length_218_cov_98.035461	61.11	72	28	0	163	234	1	213	5.5e-19	94.1
NCVOG1353-consensus	NODE_10453_length_504_cov_175.170960	45.12	164	74	16	40	187	11	499	3.8e-14	79.2
NCVOG1353-consensus	NODE_22232_length_193_cov_86.353448	69.23	65	12	8	704	760	193	6	1.2e-13	76.2
NCVOG1353-consensus	NODE_37517_length_155_cov_102.538462	72.55	51	14	0	419	469	155	6	9.9e-13	72.8
NCVOG1353-consensus	NODE_33729_length_155_cov_113.717949	74.51	51	13	0	256	306	155	6	3.5e-11	67.6
NCVOG4445-consensus	NODE_147_length_7217_cov_173.948319	32.68	306	183	23	88	383	5846	6721	9.6e-21	103.9
NCVOG4445-consensus	NODE_26_length_54284_cov_201.148782	29.19	322	208	20	73	384	51004	50072	6.4e-18	97.4
NCVOG4445-consensus	NODE_3866_length_1032_cov_190.593717	29.88	251	159	17	79	319	1004	276	1.6e-17	90.3
NCVOG4445-consensus	NODE_3128_length_1194_cov_211.264100	30.74	283	176	20	109	383	1185	376	2.2e-16	86.8
NCVOG4445-consensus	NODE_118_length_8715_cov_192.285020	33.98	206	129	7	183	384	6456	5851	3.6e-16	89.0
NCVOG4445-consensus	NODE_2760_length_1295_cov_246.644499	30.06	336	204	31	70	384	260	1230	9.8e-14	78.1
NCVOG4445-consensus	NODE_337_length_4322_cov_180.402591	30.15	325	206	21	71	384	298	1239	3.3e-13	78.1
NCVOG4445-consensus	NODE_5332_length_834_cov_137.323646	31.87	251	157	14	79	321	763	32	3.4e-13	75.7
NCVOG4445-consensus	NODE_2464_length_1398_cov_291.708554	28.62	325	207	25	68	382	194	1116	1.5e-12	74.3
NCVOG4445-consensus	NODE_359_length_4177_cov_125.958537	31.05	306	186	25	89	384	2695	1830	1.6e-11	72.4
NCVOG4505-consensus	NODE_3608_length_1077_cov_279.380000	28.10	153	93	17	5	144	631	1074	3.5e-14	79.2
NCVOG4045-consensus	NODE_8224_length_612_cov_140.194393	32.85	137	87	5	161	292	181	588	1.9e-23	109.3
NCVOG0243-consensus	NODE_1413_length_1964_cov_143.260731	30.02	413	236	53	6	390	1395	235	1.4e-23	111.5
NCVOG0055-consensus	NODE_347_length_4277_cov_165.814524	34.68	222	112	33	200	392	3151	3795	4.4e-20	101.1
NCVOG0055-consensus	NODE_20_length_61889_cov_199.464020	39.00	100	56	5	206	300	21501	21797	1.5e-13	83.3
NCVOG0055-consensus	NODE_5475_length_821_cov_168.533602	33.17	202	118	17	182	373	699	120	1.1e-12	74.1
NCVOG0055-consensus	NODE_6962_length_691_cov_203.688925	38.89	72	41	3	173	241	219	7	5.7e-11	68.2
NCVOG4115-consensus	NODE_4413_length_954_cov_242.580388	23.50	234	169	10	51	280	702	22	2.7e-14	79.2
NCVOG0435-consensus	NODE_10679_length_494_cov_240.105516	30.43	115	77	3	85	196	476	135	1.2e-13	75.5
NCVOG4105-consensus	NODE_3094_length_1204_cov_363.927240	47.85	372	175	19	287	650	124	1199	2.5e-83	310.7
NCVOG4105-consensus	NODE_8847_length_576_cov_293.436874	45.35	172	94	0	42	213	56	568	1.9e-38	160.5
NCVOG4105-consensus	NODE_4686_length_912_cov_370.819162	26.13	287	200	12	656	937	34	870	1.6e-19	98.4
NCVOG4105-consensus	NODE_16830_length_239_cov_213.500000	51.28	78	38	0	136	213	239	9	1.3e-15	83.4
NCVOG1045-consensus	NODE_4946_length_878_cov_189.625468	37.24	145	83	8	408	550	47	460	4.2e-28	125.8
NCVOG1045-consensus	NODE_1805_length_1685_cov_162.865050	31.38	325	138	85	95	336	2	959	2.8e-13	77.5
NCVOG1045-consensus	NODE_81_length_13644_cov_185.912951	27.70	621	294	155	19	491	4605	2779	8.4e-12	75.6
NCVOG0213-consensus	NODE_1038_length_2358_cov_134.139413	36.29	124	70	9	17	138	685	1032	2e-13	76.6
NCVOG0225-consensus	NODE_12778_length_410_cov_185.132132	38.26	115	63	8	140	246	395	54	1.6e-19	95.3
NCVOG0225-consensus	NODE_6367_length_738_cov_298.419062	32.26	155	90	15	107	246	63	524	2.2e-18	92.4
NCVOG0225-consensus	NODE_9587_length_541_cov_109.903017	32.61	138	83	10	133	261	75	482	6e-15	80.5
NCVOG0225-consensus	NODE_6337_length_740_cov_312.775264	35.85	106	59	9	142	238	49	363	2e-14	79.2
NCVOG0225-consensus	NODE_350_length_4260_cov_188.576381	35.65	115	66	8	107	213	3872	4213	2e-13	78.5
NCVOG0225-consensus	NODE_2525_length_1373_cov_310.141975	41.46	82	43	5	170	246	1334	1092	2.2e-13	76.7
NCVOG0225-consensus	NODE_351_length_4260_cov_143.021994	30.07	143	90	10	109	241	1410	1835	3.5e-13	77.7
NCVOG0305-consensus	NODE_255_length_5125_cov_157.096474	41.70	271	147	11	772	1038	1086	1874	1.4e-39	168.0
NCVOG0305-consensus	NODE_178_length_6537_cov_198.098916	31.60	288	184	13	1289	1566	783	1634	3.2e-31	140.6
NCVOG0305-consensus	NODE_596_length_3172_cov_178.890145	31.99	272	173	12	773	1041	2526	1741	5.5e-26	122.1
NCVOG0305-consensus	NODE_19_length_61911_cov_201.517547	30.12	259	164	17	784	1034	22707	23453	1.4e-18	101.8
NCVOG0305-consensus	NODE_19_length_61911_cov_201.517547	31.87	251	156	15	784	1027	25586	26311	2.9e-17	97.5
NCVOG0305-consensus	NODE_19_length_61911_cov_201.517547	30.19	265	167	18	782	1034	32772	33537	1.3e-16	95.3
NCVOG0305-consensus	NODE_19_length_61911_cov_201.517547	24.94	850	514	124	782	1526	18201	20676	1.8e-15	91.5
NCVOG0305-consensus	NODE_19_length_61911_cov_201.517547	29.92	264	158	27	1314	1556	30509	31273	1.2e-14	88.8
NCVOG0305-consensus	NODE_19_length_61911_cov_201.517547	32.19	233	144	14	1334	1556	28110	28789	1.2e-14	88.8
NCVOG0305-consensus	NODE_19_length_61911_cov_201.517547	33.33	234	135	21	790	1008	36304	35626	1.1e-16	95.6
NCVOG0305-consensus	NODE_13_length_72336_cov_199.263261	31.14	228	143	14	822	1035	25080	25754	1.9e-13	85.0
NCVOG0305-consensus	NODE_20_length_61889_cov_199.464020	37.41	147	83	9	1367	1506	2847	3274	6.2e-13	83.1
NCVOG0305-consensus	NODE_4151_length_989_cov_195.387061	25.49	255	159	31	1329	1555	5	747	1e-12	76.4
NCVOG0305-consensus	NODE_8975_length_569_cov_174.619919	40.38	104	59	3	1421	1524	566	267	1.2e-12	75.3
NCVOG0305-consensus	NODE_4908_length_883_cov_205.986352	27.80	223	139	22	775	979	746	97	1.8e-11	72.0
NCVOG0305-consensus	NODE_1553_length_1850_cov_154.316977	25.52	286	185	28	1258	1527	943	1761	2.3e-11	72.8
NCVOG0305-consensus	NODE_8013_length_625_cov_191.662409	37.50	128	69	11	1439	1556	625	252	2.7e-11	71.0
NCVOG0305-consensus	NODE_4247_length_975_cov_218.134744	29.38	194	124	13	797	979	589	21	4.4e-11	70.9
NCVOG0305-consensus	NODE_8595_length_590_cov_211.187135	35.76	151	88	9	1306	1455	138	561	6.5e-11	69.6
NCVOG0305-consensus	NODE_43_length_29832_cov_228.133860	25.77	260	173	20	1312	1565	3860	4594	6.9e-11	75.2
NCVOG0248-consensus	NODE_6615_length_718_cov_182.477379	30.11	269	146	42	127	389	1	694	8.7e-14	77.8
NCVOG0105-consensus	NODE_815_length_2674_cov_147.728148	24.92	646	422	63	152	773	846	2657	4.1e-13	78.5
NCVOG0105-consensus	NODE_1609_length_1814_cov_169.183074	23.68	342	237	24	635	958	402	1402	1e-12	76.6
NCVOG4804-consensus	NODE_53_length_25840_cov_198.669643	56.00	125	51	4	56	180	25777	25418	1.9e-43	180.2
NCVOG4804-consensus	NODE_22_length_58258_cov_208.431292	56.00	125	51	4	56	180	56974	56615	6e-43	179.7
NCVOG4804-consensus	NODE_369_length_4145_cov_166.240659	56.25	96	35	7	84	177	1198	1459	1.5e-26	121.4
NCVOG4804-consensus	NODE_44782_length_155_cov_83.628205	60.00	40	16	0	101	140	24	140	1.6e-15	80.1
NCVOG4804-consensus	NODE_33456_length_155_cov_114.705128	57.50	40	17	0	101	140	132	16	5.2e-15	78.4
NCVOG4804-consensus	NODE_54298_length_125_cov_284.354167	60.98	41	16	0	124	164	1	120	7.6e-13	70.9
NCVOG4804-consensus	NODE_20888_length_203_cov_80.285714	56.52	46	17	3	84	128	76	200	8.8e-12	68.0
NCVOG0282-consensus	NODE_5019_length_870_cov_201.829760	31.88	298	163	40	296	570	855	24	1.1e-14	81.9
NCVOG0282-consensus	NODE_19_length_61911_cov_201.517547	35.16	273	155	22	325	585	18189	18972	1.4e-14	87.7
NCVOG0282-consensus	NODE_19_length_61911_cov_201.517547	26.10	502	334	37	125	603	22075	23531	2.2e-15	90.4
NCVOG0282-consensus	NODE_5286_length_838_cov_225.429698	27.31	227	152	13	325	541	82	748	4.1e-12	73.3
NCVOG0282-consensus	NODE_4151_length_989_cov_195.387061	33.19	226	126	25	365	573	100	738	3.6e-11	70.4
NCVOG0282-consensus	NODE_4247_length_975_cov_218.134744	31.72	290	160	38	267	530	834	12	4.8e-11	70.0
NCVOG0844-consensus	NODE_8082_length_620_cov_196.416206	24.67	150	110	3	2	148	160	606	9.7e-12	69.9
NCVOG0844-consensus	NODE_9866_length_527_cov_212.177778	36.19	105	54	13	2	99	202	493	9.7e-12	69.7
NCVOG0844-consensus	NODE_7743_length_641_cov_146.129433	23.42	158	112	9	85	239	640	188	9.2e-11	66.7
NCVOG4883-consensus	NODE_2849_length_1270_cov_155.646270	37.17	269	154	15	46	309	489	1262	1.2e-29	131.3
NCVOG2979-consensus	NODE_10554_length_500_cov_139.895981	38.10	147	84	7	103	242	34	471	2.3e-26	118.1
NCVOG2979-consensus	NODE_48955_length_155_cov_59.743590	58.14	43	18	0	200	242	155	30	1.4e-11	67.3
NCVOG0360-consensus	NODE_36_length_35094_cov_103.816860	43.93	305	156	15	24	315	6830	5927	1.7e-48	198.1
NCVOG0979-consensus	NODE_209_length_5932_cov_264.911358	37.50	352	179	41	3	320	3850	4881	2.6e-62	241.6
NCVOG0979-consensus	NODE_209_length_5932_cov_264.911358	53.10	145	52	16	3	131	5500	5927	7.5e-37	157.0
NCVOG0979-consensus	NODE_12523_length_419_cov_210.643275	50.00	136	68	0	107	242	419	15	2.5e-44	178.1
NCVOG0979-consensus	NODE_17556_length_230_cov_95.915033	56.16	73	32	0	170	242	230	15	3.2e-22	103.7
NCVOG0979-consensus	NODE_10658_length_495_cov_294.586124	35.78	109	67	3	221	328	495	178	5.5e-15	80.8
NCVOG0979-consensus	NODE_40878_length_155_cov_94.115385	47.06	51	27	0	107	157	1	150	8.5e-13	71.9
NCVOG0979-consensus	NODE_28510_length_155_cov_221.256410	58.00	50	21	0	26	75	1	147	3.8e-12	69.7
NCVOG0979-consensus	NODE_33017_length_155_cov_116.346154	58.00	50	21	0	26	75	1	147	3.8e-12	69.7
NCVOG4520-consensus	NODE_2876_length_1263_cov_118.739460	24.87	197	134	14	59	251	578	1135	1.5e-14	81.0
NCVOG2734-consensus	NODE_2870_length_1264_cov_204.069924	35.82	134	82	4	129	258	349	747	2.1e-11	71.3
NCVOG0274-consensus	NODE_3813_length_1040_cov_175.744548	43.75	320	170	10	585	897	1019	76	5.7e-62	239.9
NCVOG0274-consensus	NODE_5779_length_791_cov_224.142857	47.43	272	117	26	348	602	791	6	2.3e-45	184.3
NCVOG0274-consensus	NODE_1238_length_2126_cov_148.948755	36.36	737	377	92	331	1002	1	2121	2.3e-35	152.5
NCVOG0274-consensus	NODE_6175_length_755_cov_221.951327	45.96	198	101	6	1179	1373	154	735	5.2e-35	149.9
NCVOG0274-consensus	NODE_1558_length_1847_cov_233.167232	32.99	579	303	85	423	917	112	1842	4.3e-31	138.2
NCVOG0274-consensus	NODE_5072_length_864_cov_140.935197	46.69	242	108	21	149	372	711	6	4.1e-27	123.8
NCVOG0274-consensus	NODE_10161_length_515_cov_217.262557	39.64	169	94	8	193	354	7	507	3.3e-22	106.8
NCVOG0274-consensus	NODE_9252_length_555_cov_212.922594	40.56	143	85	0	1226	1368	555	130	6.9e-20	99.2
NCVOG0274-consensus	NODE_11654_length_455_cov_155.740741	66.67	81	26	1	971	1050	302	63	1.1e-18	94.9
NCVOG0274-consensus	NODE_10702_length_494_cov_159.287770	42.04	157	75	16	983	1129	494	45	8.8e-16	85.4
NCVOG0274-consensus	NODE_33791_length_155_cov_113.512821	79.59	49	10	0	769	817	149	6	1.1e-14	80.1
NCVOG0274-consensus	NODE_3977_length_1016_cov_187.285410	28.44	334	184	55	113	396	1004	21	5.7e-14	80.4
NCVOG0274-consensus	NODE_10374_length_507_cov_177.506977	36.00	150	68	28	17	148	421	9	1e-13	78.6
NCVOG0274-consensus	NODE_36386_length_155_cov_105.615385	78.43	51	11	0	983	1033	155	6	1e-13	76.9
NCVOG0274-consensus	NODE_1467_length_1915_cov_132.019042	30.41	194	122	13	14	194	597	23	8.7e-13	77.4
NCVOG0274-consensus	NODE_38544_length_155_cov_99.858974	68.63	51	16	0	322	372	1	150	1.1e-11	70.1
NCVOG0274-consensus	NODE_9528_length_543_cov_214.727468	32.86	140	92	2	1226	1364	11	424	1.4e-11	71.6
NCVOG0274-consensus	NODE_15556_length_268_cov_104.188482	39.77	88	49	4	22	105	3	263	3.4e-11	69.3
NCVOG0074-consensus	NODE_3222_length_1175_cov_153.311475	48.88	401	191	14	173	569	1175	6	8.5e-90	331.4
NCVOG0074-consensus	NODE_2734_length_1303_cov_197.423328	67.95	259	80	3	6	263	522	1289	4.3e-85	315.9
NCVOG0074-consensus	NODE_7412_length_659_cov_142.577320	68.22	214	68	0	315	528	659	21	8.6e-71	267.4
NCVOG0074-consensus	NODE_6008_length_770_cov_168.662338	57.89	247	101	3	336	581	1	732	4.6e-66	251.9
NCVOG0074-consensus	NODE_3948_length_1021_cov_179.599576	74.71	174	44	0	5	178	524	6	3.5e-62	239.4
NCVOG0074-consensus	NODE_10977_length_482_cov_174.000000	73.75	160	42	0	180	339	1	477	2.5e-56	218.9
NCVOG0074-consensus	NODE_17_length_64451_cov_194.609470	31.00	571	338	56	6	527	25019	23331	2.3e-44	186.3
NCVOG0074-consensus	NODE_205_length_5982_cov_163.306012	28.78	417	273	24	172	575	3560	4774	5.2e-40	168.3
NCVOG0074-consensus	NODE_9536_length_543_cov_195.497854	50.00	182	85	6	19	199	533	6	4.4e-37	155.2
NCVOG0074-consensus	NODE_13458_length_359_cov_127.588652	56.90	116	50	0	245	360	10	354	1.4e-27	122.9
NCVOG0074-consensus	NODE_7021_length_687_cov_144.350820	33.95	215	128	14	283	488	16	642	1.5e-20	100.6
NCVOG0074-consensus	NODE_23056_length_187_cov_86.109091	70.49	61	18	0	300	360	185	6	2e-15	81.6
NCVOG0074-consensus	NODE_47703_length_155_cov_72.000000	86.00	50	7	0	154	203	1	147	1.3e-14	78.8
NCVOG0074-consensus	NODE_49003_length_155_cov_58.461538	86.00	50	7	0	154	203	1	147	1.3e-14	78.8
NCVOG0074-consensus	NODE_33418_length_155_cov_114.846154	68.63	51	16	0	315	365	155	6	6.5e-13	73.1
NCVOG2654-consensus	NODE_11967_length_442_cov_207.169863	28.28	99	66	5	46	141	412	125	2.2e-11	67.4
NCVOG1299-consensus	NODE_294_length_4708_cov_194.143166	39.60	149	81	9	5	145	2234	2674	8.5e-35	148.6
NCVOG1299-consensus	NODE_294_length_4708_cov_194.143166	51.53	163	60	19	2	146	655	1137	8.5e-35	148.6
NCVOG1299-consensus	NODE_294_length_4708_cov_194.143166	43.59	156	69	19	5	142	2766	3225	2e-32	140.7
NCVOG1299-consensus	NODE_294_length_4708_cov_194.143166	41.98	81	46	1	66	145	3431	3670	1.2e-13	78.3
NCVOG1299-consensus	NODE_12785_length_410_cov_157.711712	34.74	95	50	12	3	87	281	6	3.3e-12	70.0
NCVOG1299-consensus	NODE_294_length_4708_cov_194.143166	33.33	114	71	5	5	114	1833	1502	3.9e-11	70.0
NCVOG2254-consensus	NODE_4117_length_995_cov_156.813725	30.58	242	139	29	4	235	791	132	2.7e-13	77.7
NCVOG4324-consensus	NODE_8_length_86006_cov_206.338943	31.11	614	330	93	34	610	40462	42118	3.5e-19	103.0
NCVOG4134-consensus	NODE_2_length_148905_cov_199.650543	37.52	501	233	80	1	458	84209	82837	3.4e-27	129.9
NCVOG4024-consensus	NODE_15_length_65064_cov_101.840722	53.37	386	161	19	1	377	2295	3419	3.8e-92	344.3
NCVOG0244-consensus	NODE_6876_length_697_cov_201.419355	28.57	140	99	1	261	400	124	537	1.9e-11	70.2
NCVOG0304-consensus	NODE_8595_length_590_cov_211.187135	34.83	178	95	21	39	201	51	561	1.6e-11	70.0
NCVOG0304-consensus	NODE_19_length_61911_cov_201.517547	35.26	156	85	16	56	201	28032	28474	2.8e-11	75.9
NCVOG0304-consensus	NODE_5286_length_838_cov_225.429698	30.56	180	111	14	32	202	1	522	8.6e-11	68.1
NCVOG0214-consensus	NODE_438_length_3761_cov_132.351792	25.53	470	313	37	78	538	1075	2389	2.8e-16	89.1
NCVOG1004-consensus	NODE_2089_length_1543_cov_142.967258	26.01	323	196	43	122	424	1	897	1.8e-19	97.6
NCVOG0276-consensus	NODE_2867_length_1265_cov_234.031145	66.99	312	87	16	39	334	932	4	6.2e-182	636.7
NCVOG0276-consensus	NODE_1086_length_2290_cov_171.254406	31.30	345	206	31	41	357	1	1023	1.4e-58	227.8
NCVOG0276-consensus	NODE_48738_length_155_cov_63.358974	86.00	50	7	0	203	252	155	9	3.4e-36	149.6
NCVOG0276-consensus	NODE_43468_length_155_cov_87.551282	66.67	51	17	0	284	334	153	4	2.4e-25	113.5
NCVOG0276-consensus	NODE_40613_length_155_cov_94.782051	74.00	50	12	1	80	128	1	147	4.9e-25	112.5
NCVOG0276-consensus	NODE_39928_length_155_cov_96.423077	62.00	50	12	7	39	81	150	4	8.1e-21	98.5
NCVOG0276-consensus	NODE_8123_length_617_cov_223.507407	60.78	51	17	3	310	357	615	466	1.3e-20	99.7
NCVOG0689-consensus	NODE_2876_length_1263_cov_118.739460	25.36	276	154	52	20	289	542	1228	5.6e-16	85.9
NCVOG0689-consensus	NODE_15950_length_258_cov_81.071823	33.33	93	55	7	59	151	258	4	7.3e-13	73.2
NCVOG4882-consensus	NODE_1367_length_2003_cov_161.919522	34.49	345	194	32	386	719	1240	272	9e-29	130.1
NCVOG2204-consensus	NODE_203_length_6019_cov_195.370414	41.80	311	156	25	138	428	30	944	5e-79	297.4
NCVOG2204-consensus	NODE_5458_length_822_cov_187.546309	40.97	144	76	9	4	142	400	816	3.2e-37	155.7
NCVOG0777-consensus	NODE_23_length_57557_cov_196.356976	28.25	269	173	20	157	410	3020	3808	2.7e-12	80.7
NCVOG2610-consensus	NODE_2876_length_1263_cov_118.739460	26.86	242	166	11	100	341	464	1153	8.6e-15	81.6
NCVOG4665-consensus	NODE_2876_length_1263_cov_118.739460	22.86	140	107	1	377	516	551	964	2e-12	74.2
NCVOG0620-consensus	NODE_8091_length_619_cov_1756.594096	30.72	166	101	14	139	300	528	64	5.9e-12	71.2
NCVOG1060-consensus	NODE_6770_length_706_cov_200.615262	33.75	240	128	31	28	249	30	701	8.2e-26	117.5
NCVOG1060-consensus	NODE_10481_length_503_cov_176.392019	32.71	107	62	10	251	348	503	193	1.5e-11	69.6
NCVOG1060-consensus	NODE_44799_length_155_cov_83.589744	47.06	51	27	0	225	275	1	150	1.6e-11	67.8
NCVOG1060-consensus	NODE_48641_length_155_cov_64.410256	47.06	51	27	0	225	275	1	150	1.6e-11	67.8
NCVOG4696-consensus	NODE_164_length_6890_cov_187.462351	25.22	579	403	30	56	613	4678	2972	1.9e-22	110.5
NCVOG4696-consensus	NODE_164_length_6890_cov_187.462351	26.07	445	296	33	59	493	3444	4706	4.2e-20	102.7
NCVOG0976-consensus	NODE_1243_length_2118_cov_134.427732	28.93	121	76	10	265	384	2102	1770	7.5e-13	75.9
NCVOG4966-consensus	NODE_903_length_2533_cov_191.279723	26.68	371	243	29	54	409	407	1470	2.2e-15	84.9
NCVOG4966-consensus	NODE_9945_length_524_cov_131.194631	31.84	179	113	9	201	378	9	516	3.9e-11	68.5
NCVOG0320-consensus	NODE_7346_length_664_cov_173.045997	35.03	157	92	10	57	207	664	219	1.5e-17	89.0
NCVOG1130-consensus	NODE_702_length_2931_cov_144.461107	33.56	146	84	13	53	189	2047	1625	1.1e-12	74.8
NCVOG0030-consensus	NODE_30_length_47984_cov_102.103346	37.80	492	261	45	26	497	2964	1571	9.5e-61	240.5
NCVOG0030-consensus	NODE_5121_length_857_cov_186.266667	39.41	236	134	9	267	500	743	60	9.9e-32	138.3
NCVOG0030-consensus	NODE_1494_length_1896_cov_130.222650	48.72	195	83	17	26	216	734	192	4.6e-22	107.3
NCVOG4494-consensus	NODE_3220_length_1175_cov_172.965392	41.03	117	67	2	78	194	1098	757	3.3e-14	80.0
NCVOG4494-consensus	NODE_10240_length_512_cov_197.811494	36.42	173	97	13	21	181	1	509	3.8e-12	71.9
NCVOG4494-consensus	NODE_1824_length_1676_cov_198.352095	32.83	265	148	30	88	324	911	126	2.8e-11	70.7
NCVOG4494-consensus	NODE_52_length_26114_cov_315.583324	36.31	179	100	14	41	205	14332	14865	3.2e-11	74.5
NCVOG0296-consensus	NODE_5286_length_838_cov_225.429698	27.95	254	159	24	10	246	82	813	1.3e-15	84.5
NCVOG0296-consensus	NODE_1553_length_1850_cov_154.316977	24.27	239	160	21	10	237	1126	1809	1.5e-15	85.4
NCVOG0296-consensus	NODE_5077_length_863_cov_141.178117	26.04	192	133	9	63	252	806	255	6e-15	82.3
NCVOG0296-consensus	NODE_2606_length_1347_cov_171.055906	31.94	144	85	13	56	192	416	6	3.8e-11	70.3
NCVOG0065-consensus	NODE_7032_length_686_cov_184.233169	34.17	120	71	8	70	182	164	513	1.1e-13	76.0
NCVOG0267-consensus	NODE_316_length_4492_cov_198.121857	28.82	399	243	41	332	718	1115	9	4.4e-29	132.5
NCVOG0267-consensus	NODE_681_length_2976_cov_165.360124	33.81	420	224	54	328	731	1829	2971	4e-24	115.4
NCVOG0267-consensus	NODE_2719_length_1308_cov_183.433794	30.06	173	116	5	575	747	944	444	5.1e-15	84.0
NCVOG0267-consensus	NODE_1810_length_1683_cov_191.471357	29.82	332	184	49	418	718	1677	743	5e-13	77.7
NCVOG0267-consensus	NODE_10891_length_486_cov_213.405868	38.41	138	78	7	537	668	65	472	1.1e-12	74.8
NCVOG0267-consensus	NODE_125_length_8243_cov_275.626010	23.24	555	362	64	213	731	4682	6243	2.1e-12	77.9
NCVOG0267-consensus	NODE_1979_length_1594_cov_163.839815	29.30	454	267	54	291	718	1493	225	3.8e-12	74.7
NCVOG0267-consensus	NODE_9810_length_530_cov_146.847682	32.57	175	98	20	498	665	40	522	4.3e-12	72.9
NCVOG0267-consensus	NODE_4275_length_972_cov_145.846927	34.38	160	92	13	319	476	524	967	4.7e-12	73.7
NCVOG0267-consensus	NODE_407_length_3919_cov_203.818584	28.24	432	256	54	326	718	1858	3091	1.4e-11	74.2
NCVOG1157-consensus	NODE_827_length_2650_cov_97.893898	27.69	455	284	45	40	472	1483	193	2.1e-12	75.2
NCVOG0517-consensus	NODE_903_length_2533_cov_191.279723	29.39	245	162	11	105	344	727	1440	2.5e-14	80.9
NCVOG0517-consensus	NODE_2876_length_1263_cov_118.739460	26.29	232	150	21	103	328	593	1240	2.9e-13	76.3
NCVOG0817-consensus	NODE_2089_length_1543_cov_142.967258	35.82	388	210	39	132	508	1	1077	1.4e-64	247.7
NCVOG0817-consensus	NODE_17767_length_228_cov_110.470199	42.86	70	36	4	400	468	7	204	7.4e-16	83.1
NCVOG0817-consensus	NODE_29000_length_155_cov_156.346154	47.06	51	26	1	370	419	155	6	1.7e-11	68.0
NCVOG0046-consensus	NODE_3973_length_1017_cov_141.509574	33.08	266	124	54	5	221	800	21	6.6e-27	121.3
NCVOG0046-consensus	NODE_3340_length_1144_cov_211.080600	41.76	170	80	19	8	158	868	364	1.7e-24	113.4
NCVOG0046-consensus	NODE_11271_length_470_cov_226.305344	54.17	72	31	2	3	72	154	366	6.9e-21	100.1
NCVOG0046-consensus	NODE_3949_length_1021_cov_177.757415	53.42	73	32	2	10	80	462	247	8.8e-19	94.3
NCVOG0046-consensus	NODE_3877_length_1031_cov_181.167715	48.11	106	45	10	1	96	384	74	2.6e-18	92.7
NCVOG0046-consensus	NODE_43785_length_155_cov_86.641026	65.38	52	14	4	30	81	1	141	2.8e-16	83.2
NCVOG0046-consensus	NODE_8250_length_610_cov_159.420263	46.91	81	34	9	1	72	400	165	8.3e-16	83.6
NCVOG0046-consensus	NODE_23_length_57557_cov_196.356976	27.80	277	175	25	2	277	30840	30085	1.1e-15	89.8
NCVOG0046-consensus	NODE_5_length_95113_cov_207.985816	34.43	183	87	33	8	159	77688	77153	4.6e-15	88.5
NCVOG0046-consensus	NODE_11803_length_448_cov_219.924528	51.52	66	28	4	8	69	165	359	6.9e-15	80.1
NCVOG0046-consensus	NODE_992_length_2415_cov_143.202737	50.72	69	33	1	8	76	141	341	4.7e-14	79.8
NCVOG0046-consensus	NODE_5379_length_830_cov_164.294821	43.16	95	43	11	10	96	422	150	8.7e-13	74.0
NCVOG0046-consensus	NODE_21280_length_200_cov_95.162602	58.33	48	19	1	10	56	146	6	2.3e-12	70.6
NCVOG0046-consensus	NODE_91_length_10793_cov_201.671706	55.93	59	24	2	10	66	4569	4742	3.3e-12	75.8
NCVOG0046-consensus	NODE_40_length_32425_cov_194.217448	35.43	127	70	12	3	123	1882	2239	3.5e-12	77.3
NCVOG0046-consensus	NODE_9619_length_539_cov_188.075758	37.14	105	46	20	8	98	58	349	1.7e-11	69.1
NCVOG1337-consensus	NODE_14725_length_292_cov_119.855814	37.36	91	54	3	118	208	1	261	2.1e-13	74.3
NCVOG1337-consensus	NODE_14728_length_292_cov_113.995349	39.13	92	51	5	118	208	1	261	2.7e-13	74.0
NCVOG0037-consensus	NODE_8807_length_578_cov_232.560878	67.61	176	57	0	639	814	554	30	1.7e-59	230.5
NCVOG0037-consensus	NODE_3664_length_1068_cov_183.143290	49.03	359	155	28	176	508	4	1063	1.5e-39	165.1
NCVOG0037-consensus	NODE_1929_length_1619_cov_165.302853	45.15	206	88	25	16	198	1012	1614	1.5e-22	109.2
NCVOG0037-consensus	NODE_9077_length_564_cov_130.724846	45.99	187	85	16	485	655	561	6	8.9e-19	95.2
NCVOG0037-consensus	NODE_8587_length_591_cov_162.338521	38.42	190	99	18	798	969	1	567	6.7e-16	85.7
NCVOG0037-consensus	NODE_23770_length_182_cov_85.228571	67.24	58	19	0	89	146	176	6	8.2e-14	77.0
NCVOG0317-consensus	NODE_8670_length_586_cov_178.396857	38.89	90	51	4	285	372	486	226	3.3e-14	78.6
NCVOG0307-consensus	NODE_596_length_3172_cov_178.890145	23.32	253	185	9	34	282	2457	1717	4.9e-18	93.3
NCVOG0307-consensus	NODE_178_length_6537_cov_198.098916	26.47	272	179	21	9	267	813	1601	2.4e-11	72.1
NCVOG0017-consensus	NODE_1380_length_1991_cov_152.793103	32.68	407	206	68	3	341	1213	12	3.2e-25	116.7
NCVOG0017-consensus	NODE_23840_length_181_cov_111.576923	40.38	52	31	0	86	137	157	5	1.1e-12	71.7
NCVOG0017-consensus	NODE_38748_length_155_cov_99.346154	45.10	51	28	0	124	174	1	150	2.5e-11	66.9
NCVOG0007-consensus	NODE_5226_length_847_cov_151.338961	38.25	251	139	16	21	255	94	839	2.3e-22	106.1
NCVOG1115-consensus	NODE_64_length_19960_cov_290.831967	35.51	321	173	34	121	411	2244	3181	3.1e-11	73.9
NCVOG0015-consensus	NODE_640_length_3042_cov_147.354469	38.33	180	102	9	99	269	2217	2753	2.1e-22	108.5
NCVOG0015-consensus	NODE_9581_length_541_cov_186.060345	33.81	139	89	3	117	252	537	124	6.4e-16	84.4
NCVOG0015-consensus	NODE_603_length_3143_cov_140.462166	28.21	273	180	16	10	269	79	881	1.6e-15	85.7
NCVOG0015-consensus	NODE_603_length_3143_cov_140.462166	35.21	142	84	8	106	239	2192	2614	1.5e-14	82.5
NCVOG0015-consensus	NODE_603_length_3143_cov_140.462166	29.95	187	124	7	90	269	1616	2173	2.9e-14	81.5
NCVOG0015-consensus	NODE_3893_length_1029_cov_240.754202	29.51	183	121	8	94	270	56	595	6e-15	82.1
NCVOG0015-consensus	NODE_8869_length_575_cov_202.104418	31.88	160	102	7	92	244	91	567	5.1e-13	74.9
NCVOG0015-consensus	NODE_11832_length_447_cov_195.405405	30.95	126	84	3	141	263	383	9	6.8e-13	74.1
NCVOG0015-consensus	NODE_1251_length_2114_cov_161.008837	31.10	209	129	15	46	244	662	54	2.5e-12	74.5
NCVOG0005-consensus	NODE_11346_length_467_cov_232.656410	34.78	138	81	9	105	237	54	452	9.6e-12	70.3
NCVOG0486-consensus	NODE_156_length_7067_cov_272.759514	33.12	317	176	36	86	376	2389	1472	2.4e-24	115.8
NCVOG0744-consensus	NODE_4139_length_991_cov_178.393873	32.69	208	138	2	235	441	357	974	1.3e-21	104.4
NCVOG0897-consensus	NODE_11095_length_477_cov_176.975000	36.20	163	78	26	1	163	413	6	6e-18	90.2
NCVOG0284-consensus	NODE_16_length_64853_cov_202.867111	33.00	297	168	31	34	309	42581	43432	6.1e-26	124.1
NCVOG0284-consensus	NODE_5402_length_827_cov_208.028000	27.00	237	148	25	32	253	92	765	2.4e-13	76.0
NCVOG0284-consensus	NODE_1163_length_2206_cov_150.671677	26.85	298	193	25	30	311	931	72	5e-13	76.3
NCVOG0284-consensus	NODE_22_length_58258_cov_208.431292	30.45	312	179	38	25	309	11210	12101	7.3e-12	77.2
NCVOG0284-consensus	NODE_712_length_2898_cov_150.463311	27.38	263	168	23	20	271	969	1712	2.9e-11	70.8
NCVOG0806-consensus	NODE_102_length_10096_cov_186.718235	35.39	469	252	51	10	447	6334	4999	5.8e-52	208.3
NCVOG0806-consensus	NODE_7605_length_648_cov_164.929947	50.47	214	81	25	170	359	3	634	4.7e-46	184.7
NCVOG0806-consensus	NODE_7703_length_642_cov_221.902655	50.49	103	51	0	345	447	22	327	2.1e-31	136.0
NCVOG0806-consensus	NODE_7791_length_638_cov_178.684492	33.16	193	119	10	6	192	70	629	2.8e-24	112.3
NCVOG0806-consensus	NODE_18642_length_221_cov_94.930556	59.72	72	26	3	170	239	3	212	3.7e-21	100.4
NCVOG0806-consensus	NODE_29449_length_155_cov_142.320513	57.14	49	13	8	255	295	151	12	1.3e-13	74.9
NCVOG2958-consensus	NODE_4_length_98227_cov_97.196291	33.04	230	124	30	69	269	8441	7760	9.3e-19	100.6
NCVOG2958-consensus	NODE_19_length_61911_cov_201.517547	27.93	179	122	7	78	255	54457	54972	7.8e-17	93.5
NCVOG0329-consensus	NODE_1940_length_1613_cov_144.207031	35.00	340	185	36	1027	1338	1169	177	1.7e-36	155.8
NCVOG0329-consensus	NODE_13600_length_350_cov_111.073260	46.55	116	59	3	1125	1237	350	6	1e-20	101.2
NCVOG0329-consensus	NODE_2448_length_1405_cov_48.570030	31.47	340	207	26	269	590	241	1233	1.7e-14	82.6
NCVOG0329-consensus	NODE_2113_length_1533_cov_130.604396	33.68	291	172	21	266	541	867	16	1.2e-13	79.9
NCVOG0329-consensus	NODE_827_length_2650_cov_97.893898	25.22	904	575	101	308	1145	2623	22	2e-12	76.6
NCVOG0329-consensus	NODE_18_length_61960_cov_201.700241	24.27	581	402	38	206	769	32092	30418	6e-12	79.6
NCVOG0329-consensus	NODE_137_length_7618_cov_257.960085	38.94	113	54	15	1141	1243	2365	2047	2.6e-11	74.4
NCVOG0329-consensus	NODE_3160_length_1187_cov_167.298198	36.62	142	73	17	1116	1246	786	1182	3.1e-11	71.5
NCVOG0029-consensus	NODE_44_length_29382_cov_199.197031	34.67	522	298	43	16	501	12438	13977	5e-53	213.7
NCVOG0029-consensus	NODE_5344_length_833_cov_171.738095	33.33	150	98	2	243	390	743	297	7.6e-18	91.7
NCVOG0029-consensus	NODE_2_length_148905_cov_199.650543	35.38	472	225	80	36	431	1787	3171	2.2e-13	84.3
NCVOG0395-consensus	NODE_691_length_2956_cov_214.561306	39.29	84	51	0	1	84	387	635	6.1e-11	67.9
NCVOG4566-consensus	NODE_2876_length_1263_cov_118.739460	25.00	180	129	6	293	468	704	1234	4.3e-16	87.3
NCVOG1064-consensus	NODE_1341_length_2022_cov_178.370694	32.12	137	73	20	12	128	1369	966	2.7e-15	82.8
NCVOG1064-consensus	NODE_3445_length_1117_cov_316.783654	33.33	108	62	10	19	123	409	114	4.8e-12	71.2
NCVOG1064-consensus	NODE_35716_length_155_cov_107.525641	46.34	41	22	0	12	52	28	147	1.3e-11	66.9
NCVOG5034-consensus	NODE_2876_length_1263_cov_118.739460	27.49	251	169	13	104	350	453	1171	3e-20	99.6
NCVOG4416-consensus	NODE_3866_length_1032_cov_190.593717	30.34	178	116	8	97	270	953	435	1.1e-16	87.1
NCVOG4416-consensus	NODE_337_length_4322_cov_180.402591	27.51	229	157	9	35	254	552	1227	7.6e-16	86.4
NCVOG4416-consensus	NODE_8_length_86006_cov_206.338943	31.28	179	116	7	97	272	47230	47751	3.9e-15	88.3
NCVOG4416-consensus	NODE_57_length_23859_cov_199.393995	36.84	133	77	7	122	253	8208	7831	6.3e-15	85.8
NCVOG4416-consensus	NODE_1919_length_1624_cov_165.676794	28.14	167	115	5	90	253	367	858	2.4e-14	80.0
NCVOG4416-consensus	NODE_26_length_54284_cov_201.148782	33.05	118	77	2	152	267	50764	50414	6.2e-13	80.4
NCVOG4416-consensus	NODE_951_length_2466_cov_309.771034	31.71	123	81	3	148	268	2190	1832	7.1e-13	75.7
NCVOG4416-consensus	NODE_147_length_7217_cov_173.948319	25.32	233	165	9	27	253	6027	6709	1.7e-12	76.0
NCVOG4416-consensus	NODE_6857_length_698_cov_234.780998	32.03	128	79	8	152	271	16	396	2e-12	72.4
NCVOG4416-consensus	NODE_37_length_33939_cov_206.383734	23.81	210	144	16	80	273	16251	16877	3.5e-12	77.2
NCVOG4416-consensus	NODE_5332_length_834_cov_137.323646	25.61	164	116	6	97	255	619	134	3.6e-12	71.8
NCVOG4416-consensus	NODE_3624_length_1074_cov_169.201605	28.24	170	94	28	87	229	122	625	4.8e-11	68.4
NCVOG0242-consensus	NODE_10721_length_493_cov_207.233173	34.23	149	91	7	467	610	2	437	1.3e-23	110.3
NCVOG0242-consensus	NODE_8379_length_602_cov_192.272381	29.68	155	82	27	18	172	448	68	3.3e-15	82.7
NCVOG0242-consensus	NODE_6842_length_699_cov_205.204180	27.96	186	97	37	25	209	230	674	7.3e-12	71.8
NCVOG0242-consensus	NODE_1196_length_2180_cov_136.320970	47.50	40	21	0	16	55	1240	1356	6.7e-11	70.3
NCVOG1326-consensus	NODE_47_length_27780_cov_207.663935	50.34	145	67	5	10	150	7970	7542	2.1e-45	186.4
NCVOG1326-consensus	NODE_8024_length_624_cov_224.574040	43.79	169	76	19	1	150	593	98	5.5e-45	179.6
NCVOG1326-consensus	NODE_5446_length_823_cov_299.191689	48.25	143	68	6	10	146	766	341	1.7e-42	171.7
NCVOG1326-consensus	NODE_11188_length_474_cov_187.201511	45.95	111	54	6	10	114	333	4	9.2e-27	118.6
NCVOG1326-consensus	NODE_28793_length_155_cov_172.397436	56.86	51	20	2	34	82	155	6	1.7e-15	79.6
NCVOG1326-consensus	NODE_4019_length_1010_cov_334.662379	52.94	51	22	2	98	146	990	841	7.8e-12	70.1
NCVOG0036-consensus	NODE_66_length_19649_cov_190.215716	37.08	267	148	20	69	325	18009	18772	2e-14	84.2
NCVOG2216-consensus	NODE_812_length_2680_cov_178.211679	52.31	65	30	1	64	128	2231	2043	2.9e-13	76.8
NCVOG0222-consensus	NODE_2448_length_1405_cov_48.570030	29.30	413	276	16	100	507	1403	201	1.9e-30	134.2
NCVOG0222-consensus	NODE_827_length_2650_cov_97.893898	29.74	454	288	31	78	518	87	1391	3.7e-23	110.9
NCVOG0222-consensus	NODE_2113_length_1533_cov_130.604396	27.40	427	275	35	98	508	2	1220	3.3e-16	87.0
NCVOG0222-consensus	NODE_1798_length_1691_cov_226.302974	23.79	433	294	36	97	501	1679	408	6.3e-16	86.2
NCVOG0014-consensus	NODE_640_length_3042_cov_147.354469	29.39	262	180	5	82	339	1542	2321	2.1e-30	135.2
NCVOG0014-consensus	NODE_640_length_3042_cov_147.354469	31.58	209	139	4	131	339	2346	2957	3.2e-26	121.3
NCVOG0014-consensus	NODE_1251_length_2114_cov_161.008837	27.69	260	182	6	86	339	965	189	1.7e-23	111.7
NCVOG0014-consensus	NODE_1251_length_2114_cov_161.008837	31.58	209	143	0	124	332	2030	1407	1.7e-23	111.7
NCVOG0014-consensus	NODE_603_length_3143_cov_140.462166	24.62	264	195	4	82	341	417	1205	1e-20	103.1
NCVOG0014-consensus	NODE_3893_length_1029_cov_240.754202	27.93	222	153	7	120	341	59	700	4.8e-20	99.3
NCVOG0014-consensus	NODE_6870_length_698_cov_144.209340	28.90	218	153	2	119	336	659	15	2.7e-18	92.9
NCVOG0014-consensus	NODE_9187_length_558_cov_244.436590	30.77	156	103	5	184	339	535	86	3.5e-17	88.8
NCVOG0014-consensus	NODE_5794_length_790_cov_189.012623	30.32	188	128	3	131	318	646	95	6.4e-17	88.5
NCVOG0014-consensus	NODE_8869_length_575_cov_202.104418	28.86	149	105	1	93	240	124	567	2e-15	83.1
NCVOG0014-consensus	NODE_879_length_2577_cov_174.200000	29.61	152	107	0	134	285	1749	1297	2.2e-15	85.1
NCVOG0014-consensus	NODE_7646_length_645_cov_227.250000	29.05	148	105	0	194	341	4	444	1.3e-14	80.5
NCVOG0014-consensus	NODE_255_length_5125_cov_157.096474	24.32	185	134	6	169	353	3809	4342	8.3e-14	80.8
NCVOG0014-consensus	NODE_1864_length_1650_cov_174.699301	25.14	175	128	3	111	283	532	18	8.6e-14	79.1
NCVOG0014-consensus	NODE_9176_length_559_cov_197.585062	28.49	172	118	5	199	369	555	55	1.5e-12	73.5
NCVOG0014-consensus	NODE_43_length_29832_cov_228.133860	22.90	345	260	6	124	465	5092	6110	5.9e-12	77.2
NCVOG0002-consensus	NODE_228_length_5535_cov_262.644742	31.11	569	316	76	309	833	2670	1071	9.6e-28	127.9
NCVOG0002-consensus	NODE_131_length_7957_cov_202.150127	28.07	481	308	38	67	530	6579	7943	5.7e-13	79.3
NCVOG0002-consensus	NODE_3942_length_1022_cov_176.828571	25.15	342	210	46	393	704	43	1017	7.7e-12	72.6
NCVOG1194-consensus	NODE_9542_length_543_cov_166.463519	35.85	106	61	7	15	116	133	434	3.8e-16	84.8
NCVOG1194-consensus	NODE_23388_length_185_cov_66.981481	54.00	50	22	1	65	113	179	33	9.9e-15	78.5
NCVOG1194-consensus	NODE_3312_length_1150_cov_133.461323	51.72	58	27	1	57	113	948	1118	6.8e-14	78.4
NCVOG1194-consensus	NODE_7158_length_677_cov_199.375000	45.83	48	26	0	61	108	34	174	8.1e-13	74.0
NCVOG4845-consensus	NODE_1678_length_1758_cov_157.397383	27.64	550	309	89	94	629	1630	221	3.2e-32	140.7
NCVOG4845-consensus	NODE_586_length_3196_cov_194.571658	25.19	528	312	83	110	629	212	1567	1.9e-28	129.0
NCVOG4845-consensus	NODE_67_length_19220_cov_192.963955	33.33	201	105	29	125	319	1534	2062	5.8e-21	106.7
NCVOG4845-consensus	NODE_40949_length_155_cov_93.974359	53.06	49	23	0	235	283	3	146	1e-12	72.4
NCVOG0585-consensus	NODE_1243_length_2118_cov_134.427732	28.96	221	140	17	295	512	2113	1496	7e-13	76.4
NCVOG0585-consensus	NODE_8392_length_602_cov_141.565714	25.56	180	120	14	294	472	97	594	7.9e-13	74.4
NCVOG2775-consensus	NODE_2549_length_1366_cov_281.461598	39.45	218	125	7	170	381	25	672	1.3e-23	111.6
NCVOG2775-consensus	NODE_4244_length_975_cov_288.094655	41.98	162	90	4	214	371	907	425	8.2e-21	101.8
NCVOG2775-consensus	NODE_1482_length_1906_cov_124.193548	39.91	228	127	10	183	402	1717	1045	6.3e-20	99.9
NCVOG2775-consensus	NODE_4167_length_987_cov_192.389011	33.50	203	133	2	182	382	322	927	5.3e-19	95.8
NCVOG2775-consensus	NODE_2731_length_1304_cov_187.802771	34.05	326	177	38	163	452	103	1071	9.2e-17	88.8
NCVOG2775-consensus	NODE_7852_length_634_cov_173.391382	35.91	181	107	9	223	395	633	99	3e-12	72.8
NCVOG2775-consensus	NODE_2870_length_1264_cov_204.069924	33.94	221	130	16	183	387	277	928	1.8e-11	71.2
NCVOG2775-consensus	NODE_5538_length_814_cov_175.018996	38.79	116	71	0	225	340	680	336	3.8e-11	69.4
NCVOG0893-consensus	NODE_8_length_86006_cov_206.338943	29.61	493	288	59	15	480	4763	6136	2.8e-79	303.0
NCVOG0275-consensus	NODE_309_length_4589_cov_193.937500	32.97	182	111	11	7	178	829	294	1.8e-21	104.7
NCVOG0275-consensus	NODE_2156_length_1518_cov_156.690493	29.65	199	128	12	7	194	445	1033	3.9e-19	95.3
NCVOG0275-consensus	NODE_4618_length_923_cov_151.601655	27.85	158	109	5	7	163	391	849	9.2e-18	90.0
NCVOG0275-consensus	NODE_10997_length_481_cov_185.987624	42.86	91	52	0	6	96	208	477	3.3e-16	83.9
NCVOG0275-consensus	NODE_4316_length_967_cov_145.016854	40.96	83	48	1	6	88	720	962	3.1e-15	81.7
NCVOG0275-consensus	NODE_2188_length_1507_cov_198.493706	33.62	116	69	8	15	122	163	503	4.8e-14	78.4
NCVOG0275-consensus	NODE_5179_length_851_cov_184.834625	33.83	133	72	16	6	122	727	340	1.1e-13	76.3
NCVOG0275-consensus	NODE_10890_length_486_cov_215.640587	31.50	127	77	10	6	122	381	6	1.4e-13	75.3
NCVOG0275-consensus	NODE_7_length_92155_cov_198.640989	38.52	122	60	15	16	122	79297	78939	7.4e-13	80.4
NCVOG0275-consensus	NODE_33995_length_155_cov_112.794872	45.10	51	28	0	38	88	1	150	1.4e-11	67.0
NCVOG5369-consensus	NODE_2017_length_1573_cov_201.173797	31.14	167	103	12	22	179	1466	978	9.4e-15	80.7
NCVOG0729-consensus	NODE_5860_length_783_cov_205.550992	43.62	243	121	16	2	233	714	6	4e-70	265.2
NCVOG0729-consensus	NODE_8667_length_586_cov_197.324165	44.10	195	89	20	220	404	553	6	1.4e-44	179.9
NCVOG0729-consensus	NODE_39147_length_155_cov_98.371795	58.70	46	13	6	220	265	122	6	4.2e-13	73.5
NCVOG0729-consensus	NODE_3770_length_1048_cov_146.638517	31.15	122	74	10	5	118	639	287	5.3e-12	72.6
NCVOG5103-consensus	NODE_7158_length_677_cov_199.375000	45.57	79	43	0	435	513	13	246	3e-12	73.7
NCVOG4874-consensus	NODE_15_length_65064_cov_101.840722	42.16	370	185	29	11	366	62552	61497	2.7e-81	308.2
NCVOG4874-consensus	NODE_274_length_4920_cov_190.646913	43.80	379	173	40	12	367	2316	3394	1.5e-76	288.7
NCVOG4605-consensus	NODE_438_length_3761_cov_132.351792	23.00	574	398	44	26	573	616	2278	2e-12	76.3
NCVOG4423-consensus	NODE_147_length_7217_cov_173.948319	35.43	175	106	7	52	220	6386	6904	6.9e-21	103.6
NCVOG4423-consensus	NODE_23_length_57557_cov_196.356976	30.24	205	126	17	2	194	609	17	5.3e-15	87.1
NCVOG4423-consensus	NODE_2760_length_1295_cov_246.644499	37.32	142	85	4	85	222	529	951	3.5e-14	78.8
NCVOG4423-consensus	NODE_3866_length_1032_cov_190.593717	33.08	133	86	3	90	219	953	558	1.9e-13	76.1
NCVOG4423-consensus	NODE_337_length_4322_cov_180.402591	37.24	145	87	4	82	222	628	1059	3.5e-13	77.3
NCVOG4423-consensus	NODE_223_length_5625_cov_208.426640	29.88	164	108	7	60	219	3555	4034	2.9e-12	74.6
NCVOG4423-consensus	NODE_113_length_8985_cov_189.319600	36.54	104	66	0	116	219	8978	8670	5.3e-12	74.4
NCVOG4423-consensus	NODE_8_length_86006_cov_206.338943	35.82	134	80	6	90	219	47230	47622	8e-12	77.1
NCVOG4423-consensus	NODE_4413_length_954_cov_242.580388	35.04	137	84	5	87	222	687	292	8.3e-12	70.5
NCVOG4423-consensus	NODE_148_length_7210_cov_189.403897	31.69	142	94	3	81	219	2738	3160	4.3e-11	71.0
NCVOG5245-consensus	NODE_61107_length_79_cov_11.000000	92.00	25	2	0	127	151	1	72	6.7e-13	70.1
NCVOG0992-consensus	NODE_1243_length_2118_cov_134.427732	31.47	232	136	23	10	236	2068	1430	1.1e-13	78.5
NCVOG4001-consensus	NODE_4244_length_975_cov_288.094655	36.21	174	97	14	88	259	907	425	2.2e-11	70.5
NCVOG4001-consensus	NODE_2549_length_1366_cov_281.461598	34.35	230	131	20	67	295	4	633	8e-11	69.1
NCVOG0605-consensus	NODE_1243_length_2118_cov_134.427732	33.17	208	126	13	267	468	2062	1463	7.4e-28	126.1
NCVOG0605-consensus	NODE_9941_length_524_cov_147.928412	34.64	179	98	19	280	447	515	6	9.5e-17	87.2
NCVOG0605-consensus	NODE_623_length_3091_cov_125.200398	24.08	299	211	16	198	489	1250	384	2.7e-16	88.2
NCVOG1136-consensus	NODE_1743_length_1726_cov_141.665858	48.41	345	143	35	166	480	564	1574	2.9e-69	263.3
NCVOG1136-consensus	NODE_34858_length_155_cov_110.089744	62.75	51	17	2	325	375	149	6	5.6e-12	69.5
NCVOG0059-consensus	NODE_53_length_25840_cov_198.669643	28.68	272	165	29	90	351	14959	15714	3.5e-20	104.1
NCVOG1049-consensus	NODE_15_length_65064_cov_101.840722	37.50	328	191	14	2	325	1789	839	2.4e-60	238.4
NCVOG1049-consensus	NODE_1289_length_2077_cov_223.892500	37.55	253	128	30	87	324	1	707	1.1e-37	158.1
NCVOG1049-consensus	NODE_564_length_3260_cov_194.898838	26.79	336	211	35	2	316	2038	2998	5.2e-27	123.3
NCVOG1049-consensus	NODE_10773_length_491_cov_197.258454	36.15	130	77	6	6	130	74	457	1.6e-21	102.4
NCVOG1049-consensus	NODE_5979_length_773_cov_207.435345	35.17	145	86	8	41	184	11	421	9e-19	93.9
NCVOG1049-consensus	NODE_9838_length_529_cov_103.805310	41.32	121	57	14	1	111	181	524	1.7e-15	82.5
NCVOG4109-consensus	NODE_3355_length_1141_cov_160.600564	21.40	285	200	24	98	366	1021	194	7.3e-12	71.7
NCVOG0219-consensus	NODE_1940_length_1613_cov_144.207031	31.83	377	240	17	355	729	1255	177	1.1e-61	238.6
NCVOG0219-consensus	NODE_13600_length_350_cov_111.073260	42.86	119	65	3	508	626	350	6	1.5e-31	136.4
NCVOG0219-consensus	NODE_2113_length_1533_cov_130.604396	36.32	223	127	15	78	286	794	138	2.2e-15	84.7
NCVOG0219-consensus	NODE_827_length_2650_cov_97.893898	24.87	398	264	35	158	537	2647	1510	4.5e-11	71.2
NCVOG0219-consensus	NODE_827_length_2650_cov_97.893898	32.43	367	209	39	117	463	1293	263	1.6e-11	72.7
NCVOG0219-consensus	NODE_35856_length_155_cov_107.115385	55.00	40	15	3	602	641	1	108	5.4e-11	66.9
NCVOG4655-consensus	NODE_2876_length_1263_cov_118.739460	28.23	209	134	16	66	260	602	1215	1.4e-18	94.3
NCVOG0901-consensus	NODE_2678_length_1323_cov_164.760032	53.19	188	75	13	5	180	1272	715	8.3e-69	260.0
NCVOG0901-consensus	NODE_19722_length_212_cov_79.340741	50.70	71	27	8	45	108	210	4	7.1e-20	94.9
NCVOG0890-consensus	NODE_1406_length_1970_cov_168.538827	32.00	200	111	25	120	294	1155	1741	9.1e-19	95.1
NCVOG2980-consensus	NODE_1350_length_2015_cov_175.813209	27.32	388	216	66	116	473	1	1053	1e-24	115.5
NCVOG2980-consensus	NODE_13758_length_339_cov_146.511450	34.78	115	63	12	365	472	339	13	1.4e-15	82.6
NCVOG2980-consensus	NODE_21974_length_194_cov_128.051282	42.59	54	31	0	419	472	171	13	1.4e-11	68.5
NCVOG2980-consensus	NODE_8088_length_620_cov_172.372007	40.00	65	39	0	402	466	620	429	9.7e-11	67.4
NCVOG1298-consensus	NODE_3918_length_1026_cov_146.204426	26.17	298	187	33	276	569	824	29	1.8e-20	100.8
NCVOG1298-consensus	NODE_4816_length_897_cov_125.326829	26.36	258	176	14	315	569	756	23	3.7e-20	99.6
NCVOG1298-consensus	NODE_84_length_13010_cov_191.466558	24.58	354	239	28	225	563	12748	11733	1.9e-17	94.4
NCVOG1298-consensus	NODE_196_length_6147_cov_171.726239	25.44	342	227	28	239	570	2361	1397	5.7e-16	88.4
NCVOG1298-consensus	NODE_1038_length_2358_cov_134.139413	20.81	221	169	6	372	590	523	1170	4e-13	77.6
NCVOG1298-consensus	NODE_1886_length_1638_cov_106.670083	29.41	170	108	12	359	522	1461	979	2.7e-12	74.3
NCVOG1298-consensus	NODE_1461_length_1916_cov_125.634040	22.32	345	239	29	240	569	161	1142	9.2e-11	69.5
NCVOG1272-consensus	NODE_1_length_173377_cov_198.623376	21.81	1174	804	114	423	1558	83628	80340	3.6e-12	82.2
NCVOG5262-consensus	NODE_61107_length_79_cov_11.000000	87.50	24	3	0	152	175	79	11	4.1e-11	64.6
NCVOG0450-consensus	NODE_2636_length_1339_cov_146.358162	25.81	248	162	22	120	362	280	969	2.1e-17	90.5
NCVOG0450-consensus	NODE_1392_length_1981_cov_141.601891	20.55	253	178	23	119	365	1449	745	2.7e-14	80.8
NCVOG0450-consensus	NODE_1083_length_2292_cov_156.744921	24.31	255	168	25	122	371	712	1409	4.5e-11	70.3
NCVOG0652-consensus	NODE_1027_length_2369_cov_159.015271	37.47	363	220	7	63	421	16	1088	4.2e-89	329.5
NCVOG0652-consensus	NODE_1027_length_2369_cov_159.015271	36.89	328	198	9	71	396	1402	2361	9.5e-84	311.7
NCVOG0652-consensus	NODE_3015_length_1225_cov_193.645470	31.63	313	192	22	120	413	1213	291	3.2e-35	149.6
NCVOG0652-consensus	NODE_20763_length_203_cov_114.460317	46.15	65	35	0	206	270	7	198	5.8e-20	96.3
NCVOG0652-consensus	NODE_21313_length_200_cov_84.292683	45.16	62	34	0	360	421	200	18	3.4e-16	83.8
NCVOG0652-consensus	NODE_18115_length_225_cov_136.337838	35.80	81	46	6	127	207	1	222	9.6e-16	82.4
NCVOG0652-consensus	NODE_38_length_33605_cov_195.742693	28.83	222	139	19	80	283	11221	11872	5e-13	80.6
NCVOG0652-consensus	NODE_39880_length_155_cov_96.525641	48.94	47	24	0	375	421	155	18	8.9e-12	68.7
NCVOG2642-consensus	NODE_1530_length_1867_cov_165.155866	40.62	128	75	1	72	199	16	393	1.2e-26	120.7
NCVOG2642-consensus	NODE_9870_length_527_cov_188.464444	41.30	92	45	9	5	87	242	510	5.4e-11	66.8
NCVOG1062-consensus	NODE_5333_length_833_cov_396.589947	29.53	193	129	7	166	354	833	267	3e-13	76.2
NCVOG1062-consensus	NODE_7022_length_686_cov_1881.436782	28.42	190	129	7	128	312	98	658	6.3e-13	74.9
NCVOG4522-consensus	NODE_10451_length_504_cov_198.391101	45.45	165	76	14	262	412	3	492	3.5e-26	118.3
NCVOG1352-consensus	NODE_2864_length_1266_cov_180.241379	43.95	157	76	12	54	209	450	884	2.5e-39	162.4
NCVOG4422-consensus	NODE_118_length_8715_cov_192.285020	24.92	297	205	18	43	323	6447	5566	1.4e-14	83.6
NCVOG4422-consensus	NODE_3866_length_1032_cov_190.593717	26.18	317	194	40	54	362	1031	184	4.3e-14	78.9
NCVOG4422-consensus	NODE_359_length_4177_cov_125.958537	25.38	260	184	10	12	266	2774	2013	1.3e-12	76.0
NCVOG4422-consensus	NODE_148_length_7210_cov_189.403897	26.51	249	165	18	61	295	2711	3442	6e-11	71.3
NCVOG4422-consensus	NODE_147_length_7217_cov_173.948319	25.19	266	164	35	64	321	6191	6904	9.6e-11	70.6
NCVOG1357-consensus	NODE_4281_length_971_cov_178.022371	26.53	147	84	24	264	387	31	465	5.5e-12	71.9
NCVOG0522-consensus	NODE_19_length_61911_cov_201.517547	39.56	91	54	1	151	241	11411	11145	1.4e-11	76.3
NCVOG0052-consensus	NODE_7005_length_688_cov_180.726678	36.70	109	66	3	30	138	445	131	1.7e-24	112.2
NCVOG0052-consensus	NODE_22_length_58258_cov_208.431292	30.77	104	64	8	36	139	38979	38695	3e-18	97.8
NCVOG4122-consensus	NODE_148_length_7210_cov_189.403897	33.47	236	149	8	113	340	2726	3430	5.7e-25	118.2
NCVOG4122-consensus	NODE_147_length_7217_cov_173.948319	36.52	293	170	16	124	404	6047	6910	7.9e-24	114.4
NCVOG4122-consensus	NODE_26_length_54284_cov_201.148782	29.63	324	208	20	155	462	50659	49703	8.5e-23	113.9
NCVOG4122-consensus	NODE_118_length_8715_cov_192.285020	28.22	365	237	25	81	433	6543	5491	2.7e-21	106.3
NCVOG4122-consensus	NODE_3128_length_1194_cov_211.264100	28.23	379	241	31	110	460	1182	58	9.3e-18	91.7
NCVOG4122-consensus	NODE_3866_length_1032_cov_190.593717	32.82	262	160	16	101	348	1028	252	1.2e-17	91.1
NCVOG4122-consensus	NODE_4413_length_954_cov_242.580388	33.17	205	126	11	116	311	627	22	4e-17	89.2
NCVOG4122-consensus	NODE_2464_length_1398_cov_291.708554	27.76	317	212	17	126	430	184	1116	7.2e-17	88.9
NCVOG4122-consensus	NODE_8_length_86006_cov_206.338943	28.31	385	257	19	93	466	47037	48162	1.2e-16	94.1
NCVOG4122-consensus	NODE_2760_length_1295_cov_246.644499	34.63	283	166	19	96	361	451	1290	2.4e-15	83.8
NCVOG4122-consensus	NODE_337_length_4322_cov_180.402591	33.59	256	159	11	70	314	481	1245	3.1e-15	85.1
NCVOG4122-consensus	NODE_57_length_23859_cov_199.393995	28.70	230	152	12	5	229	8379	7714	9.6e-15	86.0
NCVOG4122-consensus	NODE_1919_length_1624_cov_165.676794	26.87	294	201	14	177	462	13	873	5e-14	79.7
NCVOG4122-consensus	NODE_5332_length_834_cov_137.323646	35.58	267	158	14	89	342	826	32	2.4e-13	76.5
NCVOG4122-consensus	NODE_1557_length_1848_cov_176.083004	24.59	370	260	19	110	462	18	1118	3.7e-13	77.0
NCVOG4122-consensus	NODE_113_length_8985_cov_189.319600	42.06	107	62	0	358	464	8978	8661	5.9e-13	78.6
NCVOG4122-consensus	NODE_3624_length_1074_cov_169.201605	30.29	208	132	13	84	284	23	625	1.7e-12	74.0
NCVOG4122-consensus	NODE_23_length_57557_cov_196.356976	31.68	202	129	9	8	204	591	5	5.4e-12	78.1
NCVOG4122-consensus	NODE_11104_length_477_cov_153.235000	37.25	153	92	4	78	226	474	19	3.1e-11	68.7
NCVOG4122-consensus	NODE_8370_length_602_cov_230.047619	30.05	193	124	11	101	282	593	18	6.9e-11	67.8
NCVOG4112-consensus	NODE_981_length_2425_cov_187.190801	24.62	325	226	19	111	423	1463	2405	2.9e-23	110.9
NCVOG1200-consensus	NODE_3378_length_1133_cov_131.463068	32.30	161	95	14	186	333	1117	645	1.6e-11	71.6
NCVOG0312-consensus	NODE_844_length_2628_cov_137.439828	22.40	692	474	63	96	765	2129	184	1.2e-15	86.8
NCVOG0032-consensus	NODE_167_length_6842_cov_194.819660	26.23	774	421	150	159	822	3844	6030	2.3e-20	103.7
NCVOG0032-consensus	NODE_6_length_94947_cov_200.232455	28.89	630	355	93	253	827	58376	56612	3.3e-20	107.0
NCVOG0032-consensus	NODE_24_length_55544_cov_201.691204	26.99	715	362	160	276	861	46855	48889	5.8e-19	102.1
NCVOG0032-consensus	NODE_16_length_64853_cov_202.867111	26.23	610	309	141	249	814	40403	41938	4.6e-15	89.4
NCVOG0032-consensus	NODE_2657_length_1329_cov_207.907348	29.58	213	136	14	635	835	1044	419	9.8e-14	79.4
NCVOG0032-consensus	NODE_5470_length_821_cov_196.559140	37.09	151	83	12	672	813	466	30	2.2e-13	77.5
NCVOG0032-consensus	NODE_1626_length_1798_cov_144.486345	39.55	134	76	5	672	802	159	549	8.7e-13	76.6
NCVOG0032-consensus	NODE_12_length_74382_cov_200.306642	23.21	655	373	130	257	885	55444	53813	1.8e-12	81.0
NCVOG0032-consensus	NODE_106_length_9332_cov_187.495840	25.52	631	351	119	257	843	7564	9206	9.8e-12	75.5
NCVOG0032-consensus	NODE_8397_length_601_cov_246.744275	34.15	123	74	7	720	835	34	399	2.1e-11	70.5
NCVOG0302-consensus	NODE_5286_length_838_cov_225.429698	29.92	244	157	14	251	482	52	772	1.7e-18	93.8
NCVOG0302-consensus	NODE_2539_length_1370_cov_219.019335	31.15	183	124	2	3	185	168	707	5.9e-18	92.7
NCVOG0302-consensus	NODE_394_length_3990_cov_210.448761	31.56	320	177	42	256	542	2243	3154	7.9e-17	90.5
NCVOG0302-consensus	NODE_6_length_94947_cov_200.232455	26.84	380	230	48	203	535	23629	22498	1.1e-16	94.6
NCVOG0302-consensus	NODE_4412_length_954_cov_304.538198	30.48	210	118	28	360	546	66	673	2.4e-15	83.5
NCVOG0302-consensus	NODE_2917_length_1251_cov_176.350085	34.18	196	111	18	303	482	1126	552	2.7e-15	83.8
NCVOG0302-consensus	NODE_25_length_55029_cov_199.901405	29.47	431	251	53	153	534	51827	53088	1.2e-14	87.0
NCVOG0302-consensus	NODE_6884_length_696_cov_220.415186	29.41	187	121	11	359	543	36	564	1.6e-13	77.0
NCVOG0302-consensus	NODE_7111_length_680_cov_191.222222	32.27	220	122	27	328	520	665	17	2.2e-12	73.2
NCVOG0302-consensus	NODE_178_length_6537_cov_198.098916	23.34	287	194	26	193	470	687	1493	2.3e-12	76.4
NCVOG0302-consensus	NODE_2982_length_1233_cov_205.211073	31.64	275	161	27	218	467	815	12	4.9e-12	72.9
NCVOG0302-consensus	NODE_255_length_5125_cov_157.096474	22.22	495	334	51	23	489	408	1814	9.7e-12	74.0
NCVOG0302-consensus	NODE_1553_length_1850_cov_154.316977	26.36	258	171	19	257	510	1114	1839	1.1e-11	72.4
NCVOG0302-consensus	NODE_3341_length_1144_cov_183.392690	32.35	204	113	25	264	442	539	1139	2e-11	70.8
NCVOG0302-consensus	NODE_1273_length_2087_cov_167.298010	24.55	330	223	26	158	470	1146	191	2.1e-11	71.5
NCVOG0302-consensus	NODE_5_length_95113_cov_207.985816	28.84	319	196	31	253	546	12915	13848	3.2e-11	76.5
NCVOG0302-consensus	NODE_19_length_61911_cov_201.517547	32.35	238	135	26	263	485	28038	28711	9.5e-11	74.3
NCVOG0302-consensus	NODE_19_length_61911_cov_201.517547	29.20	250	152	25	263	495	30503	31219	1.8e-12	80.0
NCVOG0302-consensus	NODE_19_length_61911_cov_201.517547	27.13	258	167	21	235	480	19938	20679	9.5e-11	74.3
NCVOG0012-consensus	NODE_93_length_10527_cov_187.911292	44.00	125	61	9	298	413	5053	5424	1.4e-15	87.7
NCVOG0012-consensus	NODE_49516_length_153_cov_63.644737	73.68	57	9	6	327	383	1	150	7e-15	79.2
NCVOG0012-consensus	NODE_49344_length_153_cov_406.539474	71.93	57	10	6	327	383	153	4	1e-14	78.7
NCVOG0012-consensus	NODE_52086_length_145_cov_253.529412	72.00	50	12	2	318	367	144	4	1e-13	75.3
NCVOG0012-consensus	NODE_23_length_57557_cov_196.356976	44.16	154	75	11	267	414	3172	3613	1.4e-12	80.1
NCVOG0012-consensus	NODE_14311_length_311_cov_70.076923	45.65	92	44	6	311	401	10	267	2.2e-12	71.9
NCVOG0012-consensus	NODE_6490_length_729_cov_99.983129	36.43	129	71	11	296	420	687	325	6.2e-11	68.4
NCVOG4581-consensus	NODE_14105_length_320_cov_66.592593	37.08	89	55	1	91	179	10	270	8.8e-13	72.6
NCVOG0603-consensus	NODE_12772_length_410_cov_203.438438	38.71	124	71	5	41	159	407	41	1.3e-14	79.6
NCVOG0603-consensus	NODE_4274_length_972_cov_175.991061	28.63	234	143	24	181	393	809	124	2.5e-12	73.2
NCVOG1127-consensus	NODE_9177_length_559_cov_197.151452	31.68	161	102	8	177	335	553	92	4.4e-26	118.6
NCVOG1127-consensus	NODE_4398_length_957_cov_166.180682	27.94	272	180	16	72	331	957	157	2.8e-25	116.7
NCVOG1127-consensus	NODE_1602_length_1820_cov_143.538153	29.15	199	120	21	22	199	593	6	3.4e-17	90.7
NCVOG4590-consensus	NODE_622_length_3095_cov_189.892644	29.01	324	190	40	123	442	13	873	1.6e-15	85.7
NCVOG4590-consensus	NODE_12915_length_405_cov_95.899390	42.55	94	52	2	255	348	293	21	2.2e-15	82.3
NCVOG4590-consensus	NODE_818_length_2665_cov_184.254637	27.74	292	177	34	127	403	531	1346	1.9e-14	81.9
NCVOG4590-consensus	NODE_1392_length_1981_cov_141.601891	28.68	258	151	33	155	397	1440	724	1.7e-13	78.3
NCVOG4590-consensus	NODE_654_length_3021_cov_132.809783	33.17	199	120	13	243	441	662	108	3.1e-13	78.1
NCVOG4590-consensus	NODE_4438_length_950_cov_204.116838	30.00	230	136	25	127	341	680	24	5.1e-13	75.7
NCVOG4590-consensus	NODE_2636_length_1339_cov_146.358162	28.37	289	166	41	155	438	283	1038	6e-13	75.9
NCVOG4590-consensus	NODE_7272_length_669_cov_182.836149	32.57	218	116	31	155	352	669	52	1.3e-12	73.8
NCVOG4590-consensus	NODE_395_length_3989_cov_161.367587	28.57	301	183	32	155	441	2955	3800	2.2e-12	75.6
NCVOG4590-consensus	NODE_1083_length_2292_cov_156.744921	30.17	232	126	36	123	347	700	1305	3.9e-12	74.0
NCVOG4590-consensus	NODE_4944_length_878_cov_205.300874	30.43	161	90	22	196	354	875	456	5.4e-12	72.1
NCVOG4590-consensus	NODE_2_length_148905_cov_199.650543	31.40	293	166	35	127	417	129469	128693	6.9e-12	79.2
NCVOG4590-consensus	NODE_2_length_148905_cov_199.650543	34.52	197	117	12	249	445	128189	127638	1.1e-17	98.5
NCVOG4590-consensus	NODE_12600_length_416_cov_233.696165	36.17	94	58	2	254	347	14	286	7.5e-12	70.6
NCVOG4590-consensus	NODE_3892_length_1029_cov_517.635504	31.22	189	117	13	255	442	614	87	6.1e-11	68.9
NCVOG4590-consensus	NODE_6701_length_711_cov_205.285489	30.32	188	120	11	255	442	616	89	7.3e-11	68.1
NCVOG4590-consensus	NODE_11230_length_473_cov_108.631313	36.47	85	52	2	264	348	121	366	8.2e-11	67.3
NCVOG0868-consensus	NODE_9542_length_543_cov_166.463519	48.75	80	36	5	160	234	261	497	4.3e-14	78.0
NCVOG0868-consensus	NODE_93_length_10527_cov_187.911292	58.57	70	25	4	154	222	5107	5304	2.9e-13	79.6
NCVOG0985-consensus	NODE_4226_length_978_cov_198.392897	32.43	296	162	38	151	426	948	124	8.5e-47	188.0
NCVOG0985-consensus	NODE_9858_length_528_cov_149.066519	38.27	81	48	2	64	144	338	105	2.5e-16	85.9
NCVOG0985-consensus	NODE_6214_length_752_cov_175.441481	47.37	57	23	7	17	66	308	473	2.5e-12	73.1
NCVOG0190-consensus	NODE_93_length_10527_cov_187.911292	39.84	123	62	12	185	298	5104	5460	2.1e-12	77.2
NCVOG0996-consensus	NODE_2876_length_1263_cov_118.739460	23.62	199	146	6	159	357	629	1204	1.5e-11	71.2
NCVOG4371-consensus	NODE_2549_length_1366_cov_281.461598	32.84	134	85	5	63	195	235	621	1.7e-13	76.6
NCVOG4371-consensus	NODE_1482_length_1906_cov_124.193548	34.31	137	82	8	72	207	1717	1335	4.9e-11	68.9
NCVOG2977-consensus	NODE_2876_length_1263_cov_118.739460	26.95	141	98	5	48	183	683	1102	2.6e-11	69.2
NCVOG0025-consensus	NODE_3_length_118120_cov_195.087180	30.60	415	227	61	113	521	55910	54834	1.8e-27	130.7
NCVOG0025-consensus	NODE_24_length_55544_cov_201.691204	29.03	472	272	63	56	515	44087	45340	9.8e-23	113.9
NCVOG0025-consensus	NODE_5975_length_773_cov_349.317529	27.69	195	133	8	294	487	698	142	3.1e-14	79.5
NCVOG0025-consensus	NODE_4759_length_905_cov_173.757246	27.54	236	145	26	284	509	842	186	3.5e-13	76.2
NCVOG0025-consensus	NODE_1775_length_1704_cov_181.873387	28.57	357	205	50	102	455	928	6	1.2e-12	75.4
NCVOG0025-consensus	NODE_138_length_7586_cov_185.374218	28.81	420	243	56	103	501	112	1247	1.7e-12	77.0
NCVOG0025-consensus	NODE_6669_length_713_cov_194.003145	32.17	143	88	9	347	488	74	471	1.7e-11	70.3
NCVOG0025-consensus	NODE_64_length_19960_cov_290.831967	27.25	433	262	53	112	522	9434	8244	2e-11	74.8
NCVOG0025-consensus	NODE_2749_length_1297_cov_181.965574	25.37	402	238	62	113	501	1144	93	2.2e-11	70.8
NCVOG0025-consensus	NODE_6543_length_724_cov_194.795981	42.17	83	48	0	409	491	43	288	6.5e-11	68.4
NCVOG0271-consensus	NODE_691_length_2956_cov_214.561306	45.54	997	462	81	143	1071	2948	6	2.1e-110	402.1
NCVOG0271-consensus	NODE_2447_length_1405_cov_176.246235	41.29	465	240	33	718	1156	4	1370	4.4e-62	240.5
NCVOG0271-consensus	NODE_4670_length_915_cov_186.194511	33.11	296	182	16	355	634	891	9	6.4e-31	136.3
NCVOG0271-consensus	NODE_238_length_5374_cov_158.481216	58.77	114	40	7	1047	1153	5374	5036	8.7e-27	125.1
NCVOG0271-consensus	NODE_2039_length_1566_cov_187.477502	38.35	412	217	37	773	1151	1566	346	1.2e-24	116.2
NCVOG0271-consensus	NODE_14554_length_300_cov_84.923767	44.00	100	49	7	956	1048	300	4	2.1e-14	79.8
NCVOG0271-consensus	NODE_11845_length_446_cov_237.701897	36.57	134	78	7	639	771	382	6	3.1e-12	73.2
NCVOG0271-consensus	NODE_12515_length_419_cov_251.435673	36.69	139	80	8	611	741	419	6	6.1e-12	72.2
NCVOG0271-consensus	NODE_16089_length_254_cov_141.615819	49.33	75	31	7	995	1062	25	246	1.3e-11	70.4
NCVOG0271-consensus	NODE_920_length_2509_cov_172.671053	26.37	364	234	34	23	370	1469	2501	1.9e-11	73.1
NCVOG0271-consensus	NODE_44020_length_155_cov_85.974359	82.50	40	7	0	1047	1086	1	117	3.5e-11	68.2
NCVOG5078-consensus	NODE_1288_length_2078_cov_172.769115	28.06	310	180	43	92	382	896	1740	7.7e-11	69.2
NCVOG0651-consensus	NODE_6699_length_711_cov_212.684543	26.40	178	117	14	14	181	155	673	4.8e-15	80.6
NCVOG3078-consensus	NODE_4398_length_957_cov_166.180682	22.89	284	193	26	33	303	957	156	3.2e-13	76.5
NCVOG0078-consensus	NODE_22_length_58258_cov_208.431292	45.38	130	69	2	71	198	57121	57507	1e-21	109.5
NCVOG0078-consensus	NODE_21_length_58557_cov_196.676094	51.02	98	46	2	103	198	1	291	6.5e-18	96.9
NCVOG0061-consensus	NODE_9_length_85984_cov_206.514941	32.13	582	335	60	21	553	54275	55976	1.4e-15	90.8
NCVOG4468-consensus	NODE_1107_length_2268_cov_248.949795	27.19	228	131	35	162	364	1635	985	5.9e-14	80.0
NCVOG4468-consensus	NODE_476_length_3591_cov_160.133751	26.32	190	126	14	268	455	1500	978	3.3e-13	78.2
NCVOG4468-consensus	NODE_2731_length_1304_cov_187.802771	30.28	109	72	4	272	380	634	945	4.9e-13	76.2
NCVOG4468-consensus	NODE_685_length_2968_cov_139.747838	24.64	211	142	17	160	359	1117	510	2.3e-11	71.8
NCVOG0451-consensus	NODE_2760_length_1295_cov_246.644499	36.74	264	160	7	146	402	436	1224	6.8e-33	141.9
NCVOG0451-consensus	NODE_148_length_7210_cov_189.403897	37.76	241	142	8	137	372	2720	3430	1.4e-31	140.0
NCVOG0451-consensus	NODE_3866_length_1032_cov_190.593717	35.46	251	153	9	129	372	1019	276	2.9e-28	126.1
NCVOG0451-consensus	NODE_3128_length_1194_cov_211.264100	34.35	262	154	18	134	386	1185	430	1.3e-24	114.2
NCVOG0451-consensus	NODE_118_length_8715_cov_192.285020	32.70	263	169	8	146	405	6441	5671	3.8e-24	115.5
NCVOG0451-consensus	NODE_337_length_4322_cov_180.402591	35.34	249	153	8	134	376	508	1245	5.7e-23	110.7
NCVOG0451-consensus	NODE_147_length_7217_cov_173.948319	33.76	311	197	9	97	402	5981	6898	9.4e-23	110.7
NCVOG0451-consensus	NODE_981_length_2425_cov_187.190801	31.10	283	176	19	134	400	1564	2392	6.1e-21	103.1
NCVOG0451-consensus	NODE_8_length_86006_cov_206.338943	31.76	318	204	13	98	409	47161	48088	2.6e-20	106.1
NCVOG0451-consensus	NODE_2464_length_1398_cov_291.708554	34.32	236	149	6	144	376	349	1044	2.8e-20	100.1
NCVOG0451-consensus	NODE_26_length_54284_cov_201.148782	32.20	264	168	11	141	397	50779	50003	1.9e-19	102.6
NCVOG0451-consensus	NODE_359_length_4177_cov_125.958537	34.56	272	167	11	134	402	2624	1836	3.1e-19	98.2
NCVOG0451-consensus	NODE_4413_length_954_cov_242.580388	36.22	196	120	5	119	310	603	22	3.1e-19	96.0
NCVOG0451-consensus	NODE_113_length_8985_cov_189.319600	42.31	130	74	1	177	305	8978	8592	2.1e-18	96.6
NCVOG0451-consensus	NODE_57_length_23859_cov_199.393995	40.77	130	74	3	153	280	8109	7726	4.7e-15	86.8
NCVOG0451-consensus	NODE_23_length_57557_cov_196.356976	36.78	174	96	14	129	288	522	8	1.6e-13	83.0
NCVOG0451-consensus	NODE_37_length_33939_cov_206.383734	33.83	201	127	6	147	341	16215	16814	4.2e-13	80.9
NCVOG0451-consensus	NODE_6857_length_698_cov_234.780998	37.39	115	69	3	171	282	1	342	2e-12	73.0
NCVOG0451-consensus	NODE_11104_length_477_cov_153.235000	39.47	152	88	4	134	281	471	19	3.3e-12	71.7
NCVOG0451-consensus	NODE_8370_length_602_cov_230.047619	36.53	167	101	5	119	280	515	18	5.2e-12	71.4
NCVOG0451-consensus	NODE_3355_length_1141_cov_160.600564	29.55	291	190	15	134	412	973	113	1.5e-11	70.8
NCVOG0451-consensus	NODE_82_length_13330_cov_79.540104	37.43	171	98	9	111	273	10368	9868	2.6e-11	73.5
NCVOG0451-consensus	NODE_12207_length_432_cov_207.078873	32.41	145	93	5	199	341	2	424	2.9e-11	68.4
NCVOG0451-consensus	NODE_115_length_8796_cov_189.243491	28.69	237	159	10	147	375	4741	4040	3.1e-11	72.7
NCVOG0451-consensus	NODE_12668_length_413_cov_246.053571	35.00	120	76	2	165	282	383	27	3.3e-11	68.2
NCVOG0451-consensus	NODE_7648_length_645_cov_216.216549	31.18	170	109	8	211	375	549	52	3.7e-11	68.7
NCVOG0451-consensus	NODE_951_length_2466_cov_309.771034	28.84	215	147	6	144	354	2458	1823	4.7e-11	70.2
NCVOG0451-consensus	NODE_620_length_3100_cov_313.584188	29.66	290	183	21	134	412	547	1383	5.9e-11	70.2
NCVOG0451-consensus	NODE_5025_length_869_cov_233.489899	37.86	140	79	8	177	310	439	849	6.1e-11	68.4
NCVOG0451-consensus	NODE_1983_length_1590_cov_128.668870	34.62	130	80	5	127	251	397	11	7.7e-11	68.9
NCVOG4431-consensus	NODE_903_length_2533_cov_191.279723	30.77	273	159	30	11	275	760	1509	1.5e-12	74.7
NCVOG0967-consensus	NODE_164_length_6890_cov_187.462351	21.05	822	582	67	1	778	5419	3026	3e-11	73.6
NCVOG1351-consensus	NODE_11_length_77189_cov_196.765782	34.13	375	221	26	99	457	37566	38645	1.9e-62	246.3
NCVOG1351-consensus	NODE_10815_length_489_cov_198.502427	43.48	161	84	7	156	316	489	31	3.3e-39	161.8
NCVOG1351-consensus	NODE_8336_length_605_cov_184.937500	41.18	187	88	22	137	307	539	6	5.8e-34	144.7
NCVOG1351-consensus	NODE_36_length_35094_cov_103.816860	28.70	338	194	47	137	431	18721	17727	1.4e-26	126.1
NCVOG0531-consensus	NODE_616_length_3107_cov_163.727723	28.73	181	121	8	8	180	2898	2361	1.7e-24	115.4
NCVOG4111-consensus	NODE_82_length_13330_cov_79.540104	23.85	239	175	7	86	317	10509	9802	1.2e-13	80.9
NCVOG4111-consensus	NODE_4413_length_954_cov_242.580388	27.11	225	150	14	43	255	825	160	1.7e-12	73.3
NCVOG4111-consensus	NODE_113_length_8985_cov_189.319600	33.33	96	63	1	146	240	8954	8670	6.8e-12	74.5
NCVOG0331-consensus	NODE_2365_length_1441_cov_170.446481	29.45	146	94	9	191	329	1145	717	2.4e-17	90.1
NCVOG0331-consensus	NODE_8449_length_598_cov_237.867562	29.22	154	81	28	170	295	136	594	5.5e-12	71.0
NCVOG0331-consensus	NODE_1338_length_2026_cov_282.232940	32.16	199	106	29	158	332	1959	1381	2.8e-11	70.4
NCVOG0331-consensus	NODE_1942_length_1612_cov_154.407818	35.09	114	68	6	41	149	1145	1480	7.3e-11	68.7
NCVOG0331-consensus	NODE_170_length_6734_cov_190.706625	30.98	184	114	13	21	196	5412	5941	8e-11	70.6
NCVOG0231-consensus	NODE_18_length_61960_cov_201.700241	38.12	160	86	13	203	351	43292	43752	2.4e-25	122.3
NCVOG0301-consensus	NODE_2917_length_1251_cov_176.350085	40.00	165	87	12	303	458	1126	644	3.4e-16	86.8
NCVOG0301-consensus	NODE_5286_length_838_cov_225.429698	30.56	252	158	17	256	493	67	804	1.4e-14	80.8
NCVOG0301-consensus	NODE_394_length_3990_cov_210.448761	31.56	301	168	38	265	535	2270	3139	1.5e-14	82.9
NCVOG0301-consensus	NODE_4412_length_954_cov_304.538198	39.23	130	71	8	361	487	66	437	4.1e-14	79.4
NCVOG0301-consensus	NODE_1553_length_1850_cov_154.316977	27.95	297	188	26	225	512	1011	1845	5.4e-13	76.7
NCVOG0301-consensus	NODE_6_length_94947_cov_200.232455	27.98	386	226	52	197	535	23635	22498	4.1e-12	79.4
NCVOG0301-consensus	NODE_5_length_95113_cov_207.985816	29.65	317	192	31	253	545	12915	13839	3.3e-11	76.5
NCVOG0301-consensus	NODE_2118_length_1528_cov_197.188835	32.56	258	137	37	218	448	776	1514	7e-11	69.4
NCVOG0301-consensus	NODE_165_length_6878_cov_211.973680	26.79	280	183	22	230	495	3876	4686	8.6e-11	71.3
NCVOG1121-consensus	NODE_2876_length_1263_cov_118.739460	34.58	214	122	18	191	403	632	1219	7.2e-18	92.3
NCVOG2860-consensus	NODE_5332_length_834_cov_137.323646	34.62	234	144	9	111	335	826	128	4.3e-19	95.3
NCVOG2860-consensus	NODE_8_length_86006_cov_206.338943	29.19	322	215	13	40	352	46815	47763	3.4e-16	92.3
NCVOG2860-consensus	NODE_147_length_7217_cov_173.948319	29.76	289	191	12	90	370	6152	6999	1.3e-15	86.8
NCVOG2860-consensus	NODE_2760_length_1295_cov_246.644499	32.70	263	158	19	108	351	215	996	2.2e-15	83.6
NCVOG2860-consensus	NODE_3866_length_1032_cov_190.593717	35.04	254	151	14	93	334	1028	276	6.5e-15	81.7
NCVOG2860-consensus	NODE_26_length_54284_cov_201.148782	29.54	237	157	10	108	335	50779	50075	1.7e-11	76.0
NCVOG2860-consensus	NODE_2464_length_1398_cov_291.708554	30.56	252	159	16	111	355	349	1074	2.4e-11	70.3
NCVOG0001-consensus	NODE_2658_length_1329_cov_192.682109	35.73	403	229	30	204	598	65	1192	2.9e-40	167.0
NCVOG0001-consensus	NODE_7599_length_648_cov_205.110333	47.32	224	94	24	353	563	12	643	3.8e-38	158.9
NCVOG0001-consensus	NODE_979_length_2426_cov_196.464453	40.65	246	121	25	331	562	760	1459	3e-36	154.5
NCVOG0001-consensus	NODE_979_length_2426_cov_196.464453	36.70	267	134	35	304	546	1514	2274	4.2e-31	137.4
NCVOG0001-consensus	NODE_3241_length_1169_cov_135.825092	39.66	237	118	25	333	555	19	691	8.1e-33	142.1
NCVOG0001-consensus	NODE_134_length_7813_cov_283.157316	38.00	250	122	33	328	555	3423	4132	7.4e-26	121.7
NCVOG0001-consensus	NODE_1803_length_1687_cov_202.960870	41.63	245	116	27	357	580	31	736	1.2e-25	118.7
NCVOG0001-consensus	NODE_179_length_6532_cov_109.056855	33.89	298	165	32	279	555	5413	4560	4.9e-25	118.7
NCVOG0001-consensus	NODE_1233_length_2128_cov_179.969771	34.77	256	131	36	320	553	1768	1054	1.3e-24	115.7
NCVOG0001-consensus	NODE_2_length_148905_cov_199.650543	41.03	234	122	16	326	555	78693	78031	1.6e-19	104.9
NCVOG0001-consensus	NODE_2_length_148905_cov_199.650543	30.38	260	160	21	313	557	79554	78802	3.5e-16	93.8
NCVOG0001-consensus	NODE_97_length_10469_cov_195.764627	33.95	271	153	26	306	555	4024	4810	2.8e-19	100.3
NCVOG0001-consensus	NODE_97_length_10469_cov_195.764627	35.59	281	121	60	333	565	4997	5796	1.4e-21	107.9
NCVOG0001-consensus	NODE_9061_length_564_cov_222.634497	35.03	157	91	11	396	549	452	9	4.8e-18	92.0
NCVOG0001-consensus	NODE_3030_length_1221_cov_187.666958	35.50	169	91	18	432	590	1206	731	1.1e-17	91.9
NCVOG0001-consensus	NODE_7156_length_677_cov_217.408333	41.53	236	119	19	311	539	4	672	1.5e-17	90.6
NCVOG0001-consensus	NODE_5534_length_815_cov_139.882114	37.67	223	114	25	288	499	187	808	1.2e-16	87.8
NCVOG0001-consensus	NODE_832_length_2647_cov_195.484047	33.44	323	185	30	246	553	897	1809	3.3e-16	88.1
NCVOG0001-consensus	NODE_517_length_3421_cov_191.278708	31.40	293	163	38	262	531	325	1151	6.3e-16	87.5
NCVOG0001-consensus	NODE_6327_length_741_cov_212.856928	33.19	229	127	26	358	564	708	47	2.9e-13	76.5
NCVOG0001-consensus	NODE_10743_length_492_cov_227.238554	36.53	167	89	17	399	556	1	472	3.3e-13	75.7
NCVOG0001-consensus	NODE_8384_length_602_cov_183.139048	40.21	194	90	26	371	549	44	585	4.9e-13	75.4
NCVOG4518-consensus	NODE_120_length_8456_cov_190.413892	31.72	536	261	105	19	543	2161	843	1.1e-15	87.8
NCVOG2058-consensus	NODE_118_length_8715_cov_192.285020	35.56	270	162	12	114	375	6441	5647	9.4e-28	127.5
NCVOG2058-consensus	NODE_148_length_7210_cov_189.403897	38.46	221	130	6	92	307	2774	3430	3.5e-27	125.3
NCVOG2058-consensus	NODE_4413_length_954_cov_242.580388	38.70	230	130	11	59	278	705	22	1.6e-26	120.2
NCVOG2058-consensus	NODE_8_length_86006_cov_206.338943	34.01	297	181	15	46	337	47209	48066	8.2e-25	121.0
NCVOG2058-consensus	NODE_2464_length_1398_cov_291.708554	36.60	235	144	5	111	341	346	1044	2.9e-22	106.6
NCVOG2058-consensus	NODE_26_length_54284_cov_201.148782	34.64	280	175	8	97	369	50722	49889	2.5e-21	108.8
NCVOG2058-consensus	NODE_2760_length_1295_cov_246.644499	38.79	281	154	18	103	365	290	1125	3.1e-21	103.1
NCVOG2058-consensus	NODE_5332_length_834_cov_137.323646	34.60	263	164	8	111	365	829	44	4.8e-20	98.5
NCVOG2058-consensus	NODE_147_length_7217_cov_173.948319	38.81	286	162	13	102	376	6176	7020	6.5e-20	101.2
NCVOG2058-consensus	NODE_3128_length_1194_cov_211.264100	30.89	327	191	35	103	394	1182	205	3e-18	93.0
NCVOG2058-consensus	NODE_8370_length_602_cov_230.047619	39.26	163	94	5	91	248	503	18	1.4e-17	89.8
NCVOG2058-consensus	NODE_3866_length_1032_cov_190.593717	36.90	252	151	8	94	337	1028	276	2.5e-17	89.8
NCVOG2058-consensus	NODE_359_length_4177_cov_125.958537	30.66	349	226	16	30	368	2858	1833	4.6e-16	87.6
NCVOG2058-consensus	NODE_1919_length_1624_cov_165.676794	32.79	244	152	12	103	339	160	873	5.5e-16	86.0
NCVOG2058-consensus	NODE_57_length_23859_cov_199.393995	35.32	201	112	18	20	218	8277	7726	2.6e-15	87.6
NCVOG2058-consensus	NODE_951_length_2466_cov_309.771034	31.22	205	135	6	170	370	2464	1859	5.2e-14	80.0
NCVOG2058-consensus	NODE_82_length_13330_cov_79.540104	28.84	319	202	25	1	307	10762	9854	1.3e-13	81.1
NCVOG2058-consensus	NODE_1625_length_1798_cov_169.091807	29.47	302	199	14	83	371	844	1739	1.4e-13	78.1
NCVOG2058-consensus	NODE_12207_length_432_cov_207.078873	36.30	146	88	5	137	280	2	427	2.5e-13	75.2
NCVOG2058-consensus	NODE_620_length_3100_cov_313.584188	30.36	336	205	29	58	371	502	1485	3.6e-13	77.6
NCVOG2058-consensus	NODE_113_length_8985_cov_189.319600	44.76	105	58	0	235	339	8978	8667	1e-12	77.6
NCVOG2058-consensus	NODE_23_length_57557_cov_196.356976	41.51	106	62	0	92	197	319	5	1.4e-12	79.8
NCVOG2058-consensus	NODE_7648_length_645_cov_216.216549	30.43	184	120	8	71	249	594	55	6.5e-12	71.1
NCVOG2058-consensus	NODE_12668_length_413_cov_246.053571	37.10	124	76	2	157	278	401	33	1.8e-11	69.0
NCVOG2058-consensus	NODE_71_length_17219_cov_197.468557	35.37	164	101	5	118	277	6913	7398	5.7e-11	72.7
NCVOG2058-consensus	NODE_1983_length_1590_cov_128.668870	33.94	165	99	10	121	279	490	11	7.4e-11	68.9
NCVOG0066-consensus	NODE_20_length_61889_cov_199.464020	35.03	294	186	5	118	409	10854	11723	5.4e-41	174.9
NCVOG0066-consensus	NODE_20_length_61889_cov_199.464020	28.21	312	209	15	118	421	11991	12902	5.7e-26	125.0
NCVOG0066-consensus	NODE_79_length_13784_cov_186.872985	35.81	296	179	11	114	409	12092	12943	1.2e-37	161.6
NCVOG0066-consensus	NODE_6037_length_767_cov_221.011594	42.69	253	133	12	158	409	767	45	2.7e-36	153.0
NCVOG0066-consensus	NODE_6309_length_743_cov_205.145646	39.45	218	130	2	121	338	91	735	5.5e-36	151.9
NCVOG0066-consensus	NODE_57_length_23859_cov_199.393995	32.11	299	190	13	121	409	6776	7660	1.2e-33	149.1
NCVOG0066-consensus	NODE_2691_length_1317_cov_157.158743	33.71	267	163	14	145	410	1313	555	1e-31	138.5
NCVOG0066-consensus	NODE_6832_length_700_cov_303.576244	38.74	222	123	13	170	383	30	677	2.3e-27	123.1
NCVOG0066-consensus	NODE_3507_length_1100_cov_151.698925	37.27	220	124	14	200	409	1065	425	2.8e-25	116.9
NCVOG0066-consensus	NODE_5939_length_777_cov_197.797143	37.38	206	114	15	260	455	777	182	6.7e-23	108.5
NCVOG0066-consensus	NODE_7357_length_663_cov_205.022184	41.10	146	78	8	121	258	226	658	1.5e-19	97.1
NCVOG0066-consensus	NODE_22_length_58258_cov_208.431292	25.66	378	251	30	89	445	7207	8310	3.9e-15	88.9
NCVOG0066-consensus	NODE_665_length_2999_cov_183.070842	35.71	140	87	3	314	453	4	411	4.7e-14	81.0
NCVOG0066-consensus	NODE_127_length_8115_cov_195.814879	30.88	340	189	46	123	423	1128	139	3.8e-12	76.1
NCVOG1038-consensus	NODE_827_length_2650_cov_97.893898	25.33	379	248	35	68	426	1134	56	8e-11	69.7
NCVOG4108-consensus	NODE_3128_length_1194_cov_211.264100	25.41	244	156	26	140	367	1062	364	4.7e-15	83.0
NCVOG0038-consensus	NODE_8187_length_614_cov_197.718808	42.29	201	112	4	771	970	614	24	5.1e-33	142.6
NCVOG0038-consensus	NODE_5488_length_819_cov_188.704852	37.63	279	154	20	239	506	4	808	3e-31	137.2
NCVOG0038-consensus	NODE_8680_length_585_cov_235.484252	34.57	188	114	9	697	881	584	42	2e-22	107.4
NCVOG0038-consensus	NODE_5413_length_826_cov_222.829105	41.72	302	124	52	489	769	16	821	1.8e-16	88.1
NCVOG0228-consensus	NODE_1957_length_1604_cov_152.238376	31.75	315	186	29	620	922	7	893	6.1e-27	123.6
NCVOG0228-consensus	NODE_2681_length_1322_cov_204.285141	28.95	418	266	31	237	642	126	1317	2.3e-26	121.4
NCVOG0228-consensus	NODE_614_length_3110_cov_180.799868	30.39	737	426	87	258	921	2469	320	4.9e-16	88.3
NCVOG1128-consensus	NODE_1476_length_1912_cov_136.982561	26.27	217	146	14	136	347	1113	1733	2.1e-21	104.2
NCVOG1128-consensus	NODE_4269_length_972_cov_430.078212	37.65	85	50	3	173	257	598	356	3.4e-14	79.3
NCVOG0280-consensus	NODE_1_length_173377_cov_198.623376	21.67	1343	902	150	317	1597	83892	80153	6.4e-24	121.0
NCVOG0280-consensus	NODE_10_length_81446_cov_291.580676	22.70	1172	806	100	326	1435	24688	21294	4e-19	104.2
NCVOG0280-consensus	NODE_844_length_2628_cov_137.439828	22.79	860	577	87	317	1139	2429	5	4.5e-11	72.5
NCVOG0218-consensus	NODE_23_length_57557_cov_196.356976	39.94	338	171	32	554	879	2928	3874	8.1e-28	131.9
NCVOG0218-consensus	NODE_4137_length_992_cov_140.874317	32.99	288	186	7	597	878	983	126	1.5e-18	95.3
NCVOG0218-consensus	NODE_93_length_10527_cov_187.911292	41.38	174	97	5	648	816	5074	5592	2.8e-16	91.2
NCVOG0218-consensus	NODE_3824_length_1039_cov_187.074844	26.97	330	224	17	567	885	1007	39	4.8e-14	80.4
NCVOG0218-consensus	NODE_49516_length_153_cov_63.644737	83.67	49	8	0	797	845	3	146	4.3e-13	74.4
NCVOG0218-consensus	NODE_49344_length_153_cov_406.539474	80.77	52	8	2	774	825	153	7	8.1e-13	73.5
NCVOG0218-consensus	NODE_4552_length_934_cov_129.719953	31.08	222	140	13	633	844	273	926	5.5e-12	73.4
NCVOG0218-consensus	NODE_75_length_16402_cov_153.634181	39.74	156	88	6	680	831	173	631	6e-12	77.4
NCVOG0218-consensus	NODE_52086_length_145_cov_253.529412	79.17	48	10	0	675	722	144	4	6.7e-12	70.4
NCVOG0218-consensus	NODE_12_length_74382_cov_200.306642	28.99	376	224	43	543	897	49844	50902	7.6e-12	79.2
NCVOG0218-consensus	NODE_2858_length_1268_cov_145.688497	29.48	329	207	25	584	898	952	6	1.7e-11	72.2
NCVOG0218-consensus	NODE_14311_length_311_cov_70.076923	49.40	83	42	0	738	820	10	255	2.7e-11	69.5
NCVOG0218-consensus	NODE_6490_length_729_cov_99.983129	30.22	225	149	8	693	910	669	7	6.9e-11	69.4
NCVOG0218-consensus	NODE_2409_length_1419_cov_147.154247	32.43	333	189	36	509	822	1103	165	9.2e-11	69.9
NCVOG0018-consensus	NODE_172_length_6704_cov_88.886525	24.66	803	533	72	81	847	2336	39	8.3e-21	105.6
NCVOG0018-consensus	NODE_172_length_6704_cov_88.886525	24.72	441	299	33	144	573	3626	2373	1.1e-13	82.0
NCVOG0018-consensus	NODE_164_length_6890_cov_187.462351	21.61	907	643	68	91	979	5389	2822	5.6e-20	102.9
NCVOG0018-consensus	NODE_827_length_2650_cov_97.893898	21.59	630	452	42	376	999	27	1805	5.2e-15	85.0
NCVOG0820-consensus	NODE_446_length_3722_cov_202.696296	26.56	497	279	86	8	438	2241	822	1.2e-15	86.2
NCVOG0820-consensus	NODE_722_length_2866_cov_210.390821	35.09	171	95	16	151	314	1	479	4.2e-15	84.1
NCVOG4344-consensus	NODE_2549_length_1366_cov_281.461598	31.41	191	119	12	147	333	4	549	1.6e-12	74.6
NCVOG0670-consensus	NODE_1681_length_1756_cov_216.260870	24.49	196	123	25	262	447	859	1398	6e-11	70.2
NCVOG2246-consensus	NODE_9484_length_545_cov_193.709402	35.36	181	98	19	122	283	543	6	1.6e-18	93.1
NCVOG2246-consensus	NODE_9517_length_544_cov_149.554604	39.83	118	65	6	32	146	200	541	7.1e-14	77.6
NCVOG4116-consensus	NODE_2760_length_1295_cov_246.644499	28.94	311	189	32	131	425	409	1290	4.7e-15	82.7
NCVOG4116-consensus	NODE_337_length_4322_cov_180.402591	34.15	205	125	10	237	433	532	1137	6e-12	74.2
NCVOG4170-consensus	NODE_2891_length_1258_cov_230.329382	34.36	163	93	14	164	314	1	478	2e-13	76.9
NCVOG0370-consensus	NODE_12_length_74382_cov_200.306642	32.11	190	102	27	22	211	60580	61065	1.2e-12	79.6
NCVOG1044-consensus	NODE_6811_length_702_cov_216.518400	27.27	132	93	3	296	424	487	95	1.1e-16	87.3
NCVOG0995-consensus	NODE_563_length_3261_cov_201.059673	29.64	280	143	54	32	301	2269	1573	6e-12	73.4
NCVOG4487-consensus	NODE_5475_length_821_cov_168.533602	30.00	190	115	18	282	459	666	120	2.3e-20	100.1
NCVOG4487-consensus	NODE_347_length_4277_cov_165.814524	31.05	219	116	35	261	464	3235	3822	6.9e-18	94.2
NCVOG0273-consensus	NODE_12244_length_431_cov_139.909605	51.25	80	31	8	125	196	1	233	4.7e-11	66.7
