NCVOG1069-consensus	NODE_460_length_15898_cov_8.980595	28.64	405	200	89	92	423	3983	5146	1.4e-18	97.6
NCVOG0669-consensus	NODE_509_length_13827_cov_9.174909	23.22	379	244	47	108	443	794	1911	4.4e-13	79.2
NCVOG0669-consensus	NODE_703_length_9258_cov_9.278728	25.00	444	267	66	81	464	5606	4304	2e-12	76.5
NCVOG0669-consensus	NODE_294_length_28904_cov_9.083012	28.36	201	131	13	272	462	24536	23946	1.5e-11	75.1
NCVOG0333-consensus	NODE_208_length_42353_cov_8.537302	47.25	91	45	3	605	695	39622	39882	9.4e-11	73.7
NCVOG2223-consensus	NODE_107_length_77178_cov_8.642715	44.00	175	92	6	697	870	69722	70228	1.1e-27	131.1
NCVOG2223-consensus	NODE_412_length_18607_cov_4.157636	38.86	175	102	5	724	896	16819	17327	1e-24	119.2
NCVOG2223-consensus	NODE_322_length_25662_cov_9.237717	45.10	102	52	4	724	823	8504	8796	5.4e-12	77.4
NCVOG0233-consensus	NODE_206_length_42643_cov_8.650261	36.61	874	462	92	36	823	15222	12622	3.4e-57	228.2
NCVOG0233-consensus	NODE_2_length_327886_cov_8.781580	36.65	884	468	92	36	833	35232	37862	1.7e-56	227.7
NCVOG0233-consensus	NODE_8_length_230734_cov_8.826656	34.00	897	431	161	31	768	98853	96174	4e-42	180.0
NCVOG0233-consensus	NODE_70_length_105692_cov_8.578100	32.12	909	436	181	27	757	57967	60679	3.8e-40	172.9
NCVOG0233-consensus	NODE_1215_length_4179_cov_9.068747	33.50	403	200	68	474	809	762	1958	1.9e-38	162.6
NCVOG0233-consensus	NODE_438_length_17222_cov_8.318460	35.01	357	168	64	499	791	1254	189	2.1e-38	164.5
NCVOG0233-consensus	NODE_438_length_17222_cov_8.318460	27.21	577	250	170	61	467	3573	1852	5e-12	76.9
NCVOG0233-consensus	NODE_128_length_68366_cov_8.693055	27.01	881	479	164	135	867	8073	5496	2.7e-38	166.1
NCVOG0233-consensus	NODE_239_length_35851_cov_8.706882	28.24	740	393	138	135	738	8368	10578	1.4e-37	162.9
NCVOG0233-consensus	NODE_543_length_12778_cov_7.976695	26.06	775	320	253	238	759	3496	5817	9.4e-36	155.3
NCVOG0233-consensus	NODE_163_length_54397_cov_8.638586	24.44	896	566	111	29	864	13614	16125	9.7e-34	150.7
NCVOG0233-consensus	NODE_139_length_62655_cov_8.635990	24.33	892	568	107	28	861	4739	2224	1.3e-32	147.2
NCVOG0233-consensus	NODE_163_length_54397_cov_8.638586	24.64	893	563	110	28	861	2910	396	4.2e-32	145.3
NCVOG0233-consensus	NODE_163_length_54397_cov_8.638586	24.27	894	566	111	28	859	6680	4163	4.4e-33	148.5
NCVOG0233-consensus	NODE_6067_length_384_cov_7.420195	50.86	116	57	0	508	623	349	5	4e-23	108.3
NCVOG0233-consensus	NODE_153_length_57582_cov_8.725134	26.54	765	387	175	135	729	53794	51544	2.9e-19	102.7
NCVOG0233-consensus	NODE_39_length_136742_cov_8.847298	27.04	710	322	196	143	666	77617	75527	8.3e-15	89.1
NCVOG0233-consensus	NODE_30_length_157287_cov_9.320908	27.68	690	377	122	136	714	80807	78776	1.1e-14	88.8
NCVOG0233-consensus	NODE_732_length_8732_cov_9.359330	27.92	265	172	19	603	861	8726	7980	8.2e-13	78.5
NCVOG0233-consensus	NODE_3030_length_771_cov_14.923631	37.14	140	74	14	238	363	596	180	2.9e-12	73.2
NCVOG0013-consensus	NODE_102_length_78368_cov_8.338813	31.28	227	147	9	122	345	41760	42419	4.6e-16	91.9
NCVOG0013-consensus	NODE_102_length_78368_cov_8.338813	27.08	277	190	12	73	345	44752	45555	3.8e-12	78.9
NCVOG0013-consensus	NODE_15_length_209442_cov_8.734669	33.33	177	116	2	122	296	162081	161554	1.7e-13	82.9
NCVOG0013-consensus	NODE_654_length_10270_cov_8.878446	30.88	217	139	11	134	346	6366	5740	5.1e-13	78.9
NCVOG0013-consensus	NODE_102_length_78368_cov_8.338813	30.23	215	141	9	134	345	31150	30527	1e-12	80.8
NCVOG3092-consensus	NODE_479_length_14998_cov_8.742511	29.12	182	108	21	120	294	1161	661	6.3e-18	94.8
NCVOG3092-consensus	NODE_5_length_252195_cov_8.873591	28.03	157	108	5	145	297	32004	31540	1e-16	94.1
NCVOG3092-consensus	NODE_1414_length_3203_cov_5.193538	37.97	79	48	1	215	293	2189	2419	1e-15	85.2
NCVOG3092-consensus	NODE_1298_length_3728_cov_7.725555	36.71	79	49	1	215	293	1525	1295	4.6e-15	83.3
NCVOG3092-consensus	NODE_110_length_75415_cov_10.784372	29.50	139	86	12	166	294	28532	28939	3.7e-14	84.6
NCVOG0297-consensus	NODE_2809_length_864_cov_17.351970	28.72	195	123	16	303	491	854	311	1.8e-11	70.0
NCVOG0297-consensus	NODE_14_length_211452_cov_8.980632	27.18	298	168	49	279	538	123876	123029	7.1e-11	75.5
NCVOG0663-consensus	NODE_2260_length_1305_cov_13.334691	29.75	353	196	52	295	607	1305	286	1.1e-12	74.8
NCVOG0073-consensus	NODE_12_length_218355_cov_8.720719	38.13	674	343	74	20	640	15132	13185	3.7e-99	369.6
NCVOG0073-consensus	NODE_63_length_111760_cov_8.665103	38.78	637	346	44	30	640	89414	91265	1.3e-54	221.2
NCVOG0073-consensus	NODE_156_length_56858_cov_8.751114	39.49	547	291	40	138	655	56858	55254	5.2e-54	218.2
NCVOG0073-consensus	NODE_236_length_36550_cov_8.754503	38.48	421	223	36	30	429	15946	17158	4e-42	178.1
NCVOG0073-consensus	NODE_9_length_229137_cov_12.284406	34.48	670	381	58	33	676	157753	155845	1.8e-40	173.7
NCVOG0073-consensus	NODE_330_length_25076_cov_8.375215	23.89	607	428	34	89	669	16706	18493	2.3e-38	165.0
NCVOG0073-consensus	NODE_264_length_31553_cov_8.754130	26.50	483	335	20	89	554	13042	11608	1.3e-37	162.9
NCVOG0073-consensus	NODE_90_length_86760_cov_8.518095	25.00	444	262	71	31	408	14846	13541	3.1e-14	86.7
NCVOG0073-consensus	NODE_103_length_78260_cov_8.455035	26.55	403	247	49	53	408	29549	28352	2.2e-13	83.7
NCVOG2643-consensus	NODE_2926_length_807_cov_7.146575	27.06	170	108	16	94	260	25	492	9.3e-12	69.9
NCVOG0613-consensus	NODE_941_length_6098_cov_8.530809	34.62	104	62	6	31	128	858	1166	3e-17	90.0
NCVOG0613-consensus	NODE_143_length_60864_cov_8.846513	31.79	151	75	28	6	128	56653	57098	8.9e-16	88.4
NCVOG0613-consensus	NODE_15_length_209442_cov_8.734669	30.72	153	76	30	6	128	196470	196923	3.5e-14	83.1
NCVOG4533-consensus	NODE_4_length_279442_cov_8.744513	34.10	217	123	20	177	379	11257	10632	4.7e-17	95.8
NCVOG4533-consensus	NODE_515_length_13583_cov_8.584999	41.73	139	69	12	142	273	563	165	6.4e-17	91.8
NCVOG4523-consensus	NODE_385_length_20664_cov_9.289017	30.65	1008	483	216	10	857	9424	6584	1.8e-25	122.2
NCVOG1353-consensus	NODE_614_length_11115_cov_9.349701	54.57	810	245	123	101	790	8576	6167	4.9e-51	205.7
NCVOG1353-consensus	NODE_409_length_18762_cov_8.654161	58.46	508	164	47	330	793	18753	17246	8.2e-51	205.7
NCVOG4445-consensus	NODE_53_length_121316_cov_13.183613	29.82	285	180	20	110	384	51051	50230	6.6e-13	81.4
NCVOG4445-consensus	NODE_591_length_11554_cov_8.313758	30.31	254	161	16	96	335	3205	3957	8.7e-12	74.3
NCVOG0243-consensus	NODE_39_length_136742_cov_8.847298	29.71	414	235	56	25	394	104086	102884	3.3e-23	115.9
NCVOG0055-consensus	NODE_10_length_226902_cov_8.705853	29.01	324	213	17	103	415	173023	172085	1.5e-27	129.6
NCVOG0055-consensus	NODE_412_length_18607_cov_4.157636	31.05	219	144	7	177	393	9925	10559	1.6e-26	124.1
NCVOG4105-consensus	NODE_32_length_154425_cov_8.630957	35.13	1130	546	187	7	972	129912	133207	1.3e-20	108.9
NCVOG0225-consensus	NODE_179_length_49808_cov_8.295470	29.14	175	106	18	69	233	47307	47800	2.5e-14	84.5
NCVOG0225-consensus	NODE_45_length_126747_cov_8.637325	30.71	140	84	13	105	233	90925	90515	1.5e-11	76.6
NCVOG0305-consensus	NODE_2809_length_864_cov_17.351970	33.15	181	119	2	820	1000	860	327	1.6e-22	108.3
NCVOG0305-consensus	NODE_60_length_115518_cov_8.823078	37.70	244	130	22	1303	1527	32788	32069	2.2e-20	108.3
NCVOG0305-consensus	NODE_66_length_107625_cov_8.572665	34.33	201	124	8	1330	1527	53450	52866	1.6e-19	105.3
NCVOG0305-consensus	NODE_10_length_226902_cov_8.705853	29.64	253	162	16	1314	1556	71045	71782	5e-16	94.1
NCVOG0305-consensus	NODE_1602_length_2576_cov_9.602241	27.62	391	198	85	784	1100	806	1930	3.9e-14	82.0
NCVOG0305-consensus	NODE_352_length_23555_cov_8.549195	26.57	429	247	68	708	1071	3754	2490	1.6e-13	83.2
NCVOG0248-consensus	NODE_183_length_48915_cov_8.931672	28.45	457	274	53	50	464	42000	43330	5.1e-11	74.3
NCVOG4804-consensus	NODE_1397_length_3277_cov_9.916875	53.16	158	65	9	30	186	492	46	1.9e-37	156.8
NCVOG4804-consensus	NODE_197_length_45336_cov_12.978214	58.70	138	49	8	43	180	78	464	1.1e-35	154.8
NCVOG4804-consensus	NODE_8141_length_293_cov_10.245370	65.38	104	29	7	74	177	1	288	3.5e-34	142.5
NCVOG4804-consensus	NODE_168_length_52874_cov_9.006364	46.37	179	65	31	44	199	17403	17910	1.4e-15	88.2
NCVOG4804-consensus	NODE_16960_length_155_cov_19.589744	68.63	51	16	0	126	176	155	6	3.9e-15	78.3
NCVOG0282-consensus	NODE_10_length_226902_cov_8.705853	32.30	257	154	20	325	572	71033	71767	4.4e-15	90.1
NCVOG0282-consensus	NODE_53_length_121316_cov_13.183613	32.43	259	146	29	343	581	99989	99245	2e-13	84.3
NCVOG0282-consensus	NODE_66_length_107625_cov_8.572665	32.19	292	167	31	340	609	53459	52620	2.9e-13	83.6
NCVOG0282-consensus	NODE_1602_length_2576_cov_9.602241	31.82	220	137	13	331	541	806	1450	1.5e-11	72.5
NCVOG0282-consensus	NODE_2809_length_864_cov_17.351970	33.74	163	94	14	370	526	854	393	4.8e-11	69.3
NCVOG0844-consensus	NODE_1532_length_2798_cov_11.109151	31.97	122	74	9	4	122	1012	1356	3.7e-18	92.9
NCVOG0844-consensus	NODE_2761_length_887_cov_9.593827	38.46	65	40	0	4	68	577	768	2e-13	75.6
NCVOG2963-consensus	NODE_185_length_48080_cov_12.727818	34.53	223	135	11	97	315	24943	24299	1.9e-11	75.0
NCVOG4883-consensus	NODE_207_length_42357_cov_9.052886	30.20	490	281	61	2	460	30378	29008	1.4e-42	178.8
NCVOG4883-consensus	NODE_10743_length_227_cov_8.086667	52.78	72	34	0	241	312	221	9	1.8e-21	101.1
NCVOG0360-consensus	NODE_77_length_97311_cov_8.981293	44.86	321	168	9	4	319	22774	23721	5e-57	227.4
NCVOG0360-consensus	NODE_425_length_17855_cov_8.608111	45.85	301	156	7	24	319	3539	2646	5.2e-57	224.9
NCVOG0979-consensus	NODE_126_length_69003_cov_8.365580	42.82	383	152	67	13	328	25951	24808	2.7e-43	181.5
NCVOG4274-consensus	NODE_218_length_39835_cov_9.024725	23.79	517	367	27	305	810	14941	16440	2.8e-11	75.6
NCVOG4274-consensus	NODE_162_length_54730_cov_11.915485	22.33	703	522	24	127	810	34308	32236	6.7e-11	74.7
NCVOG0274-consensus	NODE_84_length_93446_cov_8.744409	36.77	1474	710	222	93	1358	23848	28214	4.1e-100	372.6
NCVOG0274-consensus	NODE_84_length_93446_cov_8.744409	45.78	83	37	8	31	105	23588	23833	8.1e-21	109.2
NCVOG0274-consensus	NODE_57_length_119359_cov_8.583449	30.94	1477	707	313	182	1351	10157	5792	7.7e-83	315.6
NCVOG0274-consensus	NODE_249_length_34366_cov_8.442970	30.44	1084	499	255	198	1040	18525	21723	8.2e-32	144.3
NCVOG0274-consensus	NODE_249_length_34366_cov_8.442970	36.89	122	55	22	16	115	17256	17614	2.3e-13	83.0
NCVOG0274-consensus	NODE_789_length_7831_cov_8.459892	30.12	332	201	31	1005	1330	301	1210	4.9e-27	126.3
NCVOG0274-consensus	NODE_789_length_7831_cov_8.459892	44.83	87	46	2	585	669	17	274	2.4e-20	104.1
NCVOG0274-consensus	NODE_145_length_60689_cov_8.542516	43.48	92	52	0	1275	1366	53216	53488	3.1e-22	113.3
NCVOG0274-consensus	NODE_487_length_14807_cov_108.815954	35.04	117	75	1	530	645	11846	11503	6.7e-16	90.2
NCVOG0274-consensus	NODE_134_length_64744_cov_8.845393	34.02	97	55	9	1274	1369	20267	20528	3.3e-12	80.1
NCVOG0074-consensus	NODE_12_length_218355_cov_8.720719	62.23	638	216	25	25	637	14995	13089	3.7e-181	641.4
NCVOG0074-consensus	NODE_63_length_111760_cov_8.665103	57.65	621	236	27	16	610	89414	91268	7.7e-94	350.9
NCVOG0074-consensus	NODE_156_length_56858_cov_8.751114	56.67	517	200	24	117	610	56858	55314	3.8e-93	347.6
NCVOG0074-consensus	NODE_9_length_229137_cov_12.284406	46.50	615	291	38	27	616	157729	155929	3e-77	295.3
NCVOG0074-consensus	NODE_236_length_36550_cov_8.754503	59.74	390	134	23	16	383	15946	17107	1.7e-73	281.7
NCVOG0074-consensus	NODE_264_length_31553_cov_8.754130	34.02	532	291	60	34	506	13254	11669	2.2e-45	188.2
NCVOG0074-consensus	NODE_330_length_25076_cov_8.375215	33.52	522	291	56	40	506	16520	18079	9.3e-45	185.7
NCVOG0074-consensus	NODE_103_length_78260_cov_8.455035	32.86	423	221	63	39	400	29549	28292	2.9e-24	119.3
NCVOG0074-consensus	NODE_90_length_86760_cov_8.518095	32.45	416	207	74	39	380	14777	13541	8.2e-24	117.9
NCVOG0074-consensus	NODE_129_length_68269_cov_8.498167	47.64	424	163	59	6	383	52390	51175	9.9e-21	107.3
NCVOG0074-consensus	NODE_6498_length_361_cov_8.612676	58.14	86	15	21	6	70	260	6	1.5e-14	79.3
NCVOG1299-consensus	NODE_2011_length_1669_cov_7.962312	56.31	103	33	12	56	146	1656	1351	3e-20	98.3
NCVOG1299-consensus	NODE_2011_length_1669_cov_7.962312	42.11	152	53	35	33	150	726	277	4.4e-16	84.5
NCVOG1196-consensus	NODE_164_length_54145_cov_8.665958	26.63	398	265	27	135	532	30901	29792	1.9e-14	86.9
NCVOG4324-consensus	NODE_58_length_118898_cov_8.827211	27.35	585	318	107	121	610	71935	70224	1.8e-13	84.0
NCVOG4134-consensus	NODE_333_length_24917_cov_8.026167	32.86	493	234	97	23	458	16384	17733	4e-11	73.5
NCVOG0424-consensus	NODE_1353_length_3452_cov_7.685630	34.35	131	76	10	186	315	738	1096	3.9e-11	71.0
NCVOG0034-consensus	NODE_269_length_31335_cov_8.370657	33.65	318	165	46	122	417	29091	28215	6.8e-15	86.3
NCVOG0304-consensus	NODE_141_length_61060_cov_8.491481	34.87	152	90	9	45	191	19424	19864	2.4e-15	88.9
NCVOG0304-consensus	NODE_29_length_159248_cov_8.739538	29.50	200	128	13	15	206	145053	144472	4.6e-15	89.3
NCVOG0304-consensus	NODE_10_length_226902_cov_8.705853	32.14	196	113	20	56	237	71033	71599	4.6e-15	89.3
NCVOG0304-consensus	NODE_54_length_120993_cov_8.469240	29.15	199	128	13	15	205	98451	99029	6.6e-15	88.5
NCVOG0304-consensus	NODE_223_length_38568_cov_8.831233	28.92	204	132	13	9	205	33596	34186	1.1e-14	86.1
NCVOG0214-consensus	NODE_177_length_50511_cov_12.611889	25.96	497	320	48	215	704	26055	27401	3.3e-15	88.8
NCVOG0214-consensus	NODE_146_length_60255_cov_9.236980	33.83	337	193	30	279	586	54413	55407	7.1e-15	88.0
NCVOG0214-consensus	NODE_475_length_15342_cov_12.742221	23.95	451	308	35	89	519	14588	13292	9.7e-11	72.3
NCVOG0004-consensus	NODE_14_length_211452_cov_8.980632	35.14	148	86	10	153	300	81188	81598	2.6e-13	83.8
NCVOG0276-consensus	NODE_145_length_60689_cov_8.542516	57.71	350	86	62	57	344	16948	17988	5.3e-57	226.8
NCVOG2204-consensus	NODE_167_length_53322_cov_8.553404	43.08	195	105	6	248	437	17199	17777	5.8e-36	157.1
NCVOG2204-consensus	NODE_58_length_118898_cov_8.827211	34.31	239	140	17	205	427	37050	37760	2.5e-25	122.9
NCVOG2204-consensus	NODE_82_length_93843_cov_8.648401	28.42	285	138	66	218	437	17140	17988	4.2e-13	81.9
NCVOG0777-consensus	NODE_470_length_15696_cov_8.794929	27.31	465	272	66	91	526	13482	12210	5.6e-20	103.9
NCVOG0777-consensus	NODE_470_length_15696_cov_8.794929	31.78	321	192	27	159	465	11939	11023	3.7e-16	91.2
NCVOG0777-consensus	NODE_116_length_74109_cov_9.105022	25.16	624	406	61	146	732	51777	49997	2.2e-17	97.6
NCVOG0777-consensus	NODE_547_length_12648_cov_9.228383	33.71	356	192	44	151	477	2305	3316	1.9e-14	85.3
NCVOG0777-consensus	NODE_92_length_86007_cov_8.672606	34.15	325	157	57	171	473	19874	20736	3.7e-14	87.0
NCVOG0777-consensus	NODE_92_length_86007_cov_8.672606	32.49	357	178	63	111	455	20788	19882	5.4e-13	83.2
NCVOG2610-consensus	NODE_146_length_60255_cov_9.236980	27.63	333	208	33	42	367	54181	55094	2.8e-16	91.6
NCVOG2610-consensus	NODE_177_length_50511_cov_12.611889	27.71	249	164	16	138	378	26122	26833	1.1e-14	86.1
NCVOG1060-consensus	NODE_408_length_18784_cov_8.652911	27.00	400	214	78	47	372	1744	2918	8.5e-22	108.4
NCVOG0040-consensus	NODE_9724_length_248_cov_7.970760	42.37	59	34	0	105	163	185	12	2.7e-11	67.6
NCVOG0040-consensus	NODE_515_length_13583_cov_8.584999	36.96	92	56	2	76	167	7549	7815	5.9e-11	72.2
NCVOG0030-consensus	NODE_17_length_203615_cov_8.831879	33.78	524	240	107	35	472	135835	134338	4.4e-27	129.8
NCVOG0030-consensus	NODE_95_length_84395_cov_9.074504	33.33	570	203	177	26	432	11779	10125	1.3e-13	84.3
NCVOG4494-consensus	NODE_2311_length_1244_cov_17.245930	41.30	184	101	7	20	196	692	144	3.6e-14	79.4
NCVOG4494-consensus	NODE_2272_length_1294_cov_12.112572	35.82	282	155	26	47	313	826	17	4e-14	79.4
NCVOG4494-consensus	NODE_2310_length_1245_cov_15.136986	36.46	277	154	22	24	291	1097	309	4.2e-14	79.2
NCVOG4494-consensus	NODE_1346_length_3474_cov_10.652046	34.69	320	180	29	11	313	3204	2284	6.4e-14	80.1
NCVOG4494-consensus	NODE_907_length_6404_cov_9.929508	35.79	299	166	26	30	313	5264	6124	5.2e-13	78.0
NCVOG4494-consensus	NODE_272_length_30909_cov_8.057992	36.25	309	170	27	21	313	28538	29428	2.3e-12	78.1
NCVOG4494-consensus	NODE_1513_length_2841_cov_10.857091	36.64	232	133	14	11	228	1624	932	2.4e-12	74.6
NCVOG4494-consensus	NODE_4188_length_534_cov_16.490153	40.46	173	96	7	37	202	521	6	3.2e-12	71.7
NCVOG4494-consensus	NODE_1616_length_2539_cov_8.630788	39.91	218	119	12	45	255	1301	1936	5.9e-12	73.1
NCVOG4494-consensus	NODE_3524_length_644_cov_16.218695	41.14	158	87	6	21	172	476	6	8.8e-12	70.6
NCVOG4494-consensus	NODE_3757_length_599_cov_9.530651	42.94	163	86	7	24	179	497	12	1.6e-11	69.7
NCVOG4494-consensus	NODE_2262_length_1303_cov_16.735726	33.99	306	152	50	47	313	93	974	1.8e-11	70.6
NCVOG4494-consensus	NODE_1445_length_3127_cov_10.889180	33.85	325	180	35	20	313	1674	2633	3.5e-11	70.9
NCVOG4494-consensus	NODE_2046_length_1603_cov_20.820446	37.35	257	145	16	47	293	234	983	5.9e-11	69.1
NCVOG4494-consensus	NODE_3199_length_721_cov_9.493789	32.39	247	149	18	38	276	721	14	6.5e-11	67.9
NCVOG4494-consensus	NODE_3031_length_771_cov_11.247839	37.16	218	123	14	26	233	765	127	6.5e-11	67.9
NCVOG4494-consensus	NODE_3554_length_639_cov_9.049822	40.41	193	107	8	44	228	61	636	6.6e-11	67.7
NCVOG0267-consensus	NODE_605_length_11248_cov_8.338645	26.77	493	274	87	361	793	6	1396	8.4e-14	82.6
NCVOG4357-consensus	NODE_222_length_39502_cov_8.724464	31.98	519	273	80	24	473	5084	6604	4.1e-28	130.7
NCVOG4357-consensus	NODE_2683_length_935_cov_3.931235	43.48	115	61	4	308	422	600	929	2.2e-18	93.0
NCVOG0046-consensus	NODE_338_length_24676_cov_8.994349	60.32	63	23	2	10	72	9468	9647	4.7e-14	82.7
NCVOG0046-consensus	NODE_262_length_31731_cov_9.647406	60.32	63	23	2	10	72	24789	24610	8.3e-14	82.2
NCVOG1337-consensus	NODE_4876_length_464_cov_13.870801	34.78	138	73	17	125	247	449	45	1.9e-23	107.9
NCVOG1337-consensus	NODE_818_length_7452_cov_9.239186	32.68	205	97	41	81	248	7414	6817	2.8e-23	111.3
NCVOG1337-consensus	NODE_748_length_8369_cov_9.178003	31.34	268	138	46	19	248	4915	4141	3.6e-23	111.1
NCVOG1337-consensus	NODE_12698_length_196_cov_9.285714	42.62	61	35	0	125	185	12	191	2.9e-15	79.5
NCVOG1337-consensus	NODE_6734_length_350_cov_8.923077	31.62	117	63	17	146	247	1	342	3.3e-14	76.8
NCVOG0037-consensus	NODE_53_length_121316_cov_13.183613	39.81	1158	411	286	128	1000	89512	92947	2.1e-43	184.3
NCVOG0778-consensus	NODE_126_length_69003_cov_8.365580	34.85	505	290	39	7	504	37010	35595	2.7e-52	212.1
NCVOG0017-consensus	NODE_2048_length_1602_cov_9.517377	25.12	402	235	66	1	336	277	1461	4.5e-24	112.2
NCVOG0017-consensus	NODE_2793_length_870_cov_7.327869	26.58	237	146	28	45	253	28	723	1.3e-21	103.1
NCVOG0017-consensus	NODE_70_length_105692_cov_8.578100	31.36	220	117	34	66	251	36996	36346	7.4e-17	94.2
NCVOG0017-consensus	NODE_4614_length_490_cov_8.087167	32.22	90	58	3	86	172	356	90	1.2e-16	85.8
NCVOG1115-consensus	NODE_573_length_11874_cov_8.872934	52.60	173	80	2	243	414	8887	9399	8.9e-40	167.5
NCVOG0015-consensus	NODE_165_length_53673_cov_11.651373	32.63	190	117	11	95	273	23910	23344	7.2e-14	83.8
NCVOG0562-consensus	NODE_366_length_21929_cov_8.445314	34.15	123	77	4	91	210	4122	3760	2.7e-12	76.5
NCVOG0897-consensus	NODE_12_length_218355_cov_8.720719	31.77	299	149	55	20	265	58346	57461	3.8e-18	98.7
NCVOG0284-consensus	NODE_1535_length_2792_cov_5.659300	30.63	333	178	53	19	306	793	1758	3.7e-12	73.3
NCVOG0284-consensus	NODE_569_length_11917_cov_8.717483	32.52	206	105	34	132	306	11917	11312	1.9e-11	73.0
NCVOG0806-consensus	NODE_2580_length_1013_cov_23.715812	50.00	162	74	7	287	441	1	483	3.1e-59	228.6
NCVOG0806-consensus	NODE_2337_length_1217_cov_27.063158	51.28	156	72	4	126	278	467	6	4.9e-56	218.3
NCVOG0806-consensus	NODE_458_length_15933_cov_8.954150	33.08	396	215	50	98	447	13227	12059	6.6e-44	181.7
NCVOG0806-consensus	NODE_194_length_45658_cov_8.643053	33.76	394	213	48	98	447	42261	41099	4.5e-43	180.5
NCVOG0806-consensus	NODE_9739_length_247_cov_18.841176	49.40	83	17	25	254	311	247	6	6.4e-12	69.5
NCVOG0806-consensus	NODE_8773_length_274_cov_8.157360	44.57	92	17	34	254	311	1	269	1.1e-11	68.9
NCVOG0329-consensus	NODE_107_length_77178_cov_8.642715	45.98	174	84	10	1132	1298	69719	70228	5.6e-29	136.0
NCVOG0329-consensus	NODE_412_length_18607_cov_4.157636	35.02	217	126	15	1122	1329	16711	17340	3.2e-23	114.8
NCVOG0329-consensus	NODE_322_length_25662_cov_9.237717	45.00	100	49	6	1158	1251	8504	8796	6.7e-12	77.7
NCVOG0029-consensus	NODE_55_length_120282_cov_8.806073	34.72	386	179	73	60	378	71320	70184	2.5e-19	103.3
NCVOG0029-consensus	NODE_550_length_12541_cov_9.455151	30.00	380	188	78	48	350	3446	2317	2.8e-17	93.2
NCVOG0029-consensus	NODE_235_length_36554_cov_9.387477	28.14	558	303	98	43	505	7344	8985	7.9e-17	93.3
NCVOG0029-consensus	NODE_97_length_81656_cov_9.202601	24.87	390	268	25	21	393	81339	80203	3.7e-12	78.9
NCVOG0029-consensus	NODE_4050_length_556_cov_6.033403	37.61	117	68	5	19	130	419	72	2.1e-11	69.2
NCVOG0029-consensus	NODE_120_length_70906_cov_8.957800	28.04	535	234	151	42	425	57931	59522	2.6e-11	75.9
NCVOG1064-consensus	NODE_688_length_9607_cov_8.617629	30.57	157	91	18	6	147	1348	1804	1.6e-13	78.7
NCVOG1064-consensus	NODE_673_length_9904_cov_7.940775	30.91	165	75	39	3	128	5668	6155	1.7e-13	78.7
NCVOG4154-consensus	NODE_3_length_315146_cov_8.959377	33.18	223	129	20	71	287	143561	142938	7.2e-13	81.3
NCVOG4154-consensus	NODE_87_length_88294_cov_8.791881	26.91	249	174	8	46	287	41246	40506	5e-12	77.7
NCVOG0242-consensus	NODE_4467_length_504_cov_8.412178	36.79	106	61	6	503	604	179	487	3.1e-22	105.4
NCVOG0242-consensus	NODE_1043_length_5211_cov_8.328788	32.65	147	79	20	468	609	1505	1893	4.1e-18	95.0
NCVOG0242-consensus	NODE_17_length_203615_cov_8.831879	24.42	344	182	78	359	638	201454	200470	3.4e-13	82.1
NCVOG0242-consensus	NODE_20_length_189405_cov_8.751754	35.00	80	45	7	21	94	153292	153521	9.7e-12	76.8
NCVOG0242-consensus	NODE_688_length_9607_cov_8.617629	44.44	36	20	0	27	62	4684	4580	1.7e-11	74.0
NCVOG0242-consensus	NODE_673_length_9904_cov_7.940775	44.44	36	20	0	27	62	9081	8977	1.8e-11	73.9
NCVOG0036-consensus	NODE_5_length_252195_cov_8.873591	48.21	112	57	1	104	214	14912	15244	5.2e-15	88.6
NCVOG2216-consensus	NODE_1784_length_2138_cov_9.591460	56.45	62	26	1	67	128	1520	1699	4.7e-11	68.7
NCVOG0314-consensus	NODE_246_length_34718_cov_8.961693	39.08	87	52	1	19	104	16070	15813	6.3e-16	87.8
NCVOG0314-consensus	NODE_10_length_226902_cov_8.705853	42.50	80	45	1	26	104	14063	14299	5.1e-15	86.9
NCVOG0222-consensus	NODE_687_length_9651_cov_8.869960	32.87	435	282	10	73	504	7	1287	7e-32	141.3
NCVOG0222-consensus	NODE_425_length_17855_cov_8.608111	29.82	456	296	24	72	511	14146	12810	1.4e-29	134.5
NCVOG0222-consensus	NODE_425_length_17855_cov_8.608111	23.38	402	293	15	125	518	12805	11628	9.8e-18	95.2
NCVOG0222-consensus	NODE_79_length_96869_cov_8.586185	32.14	392	260	6	88	479	92149	90995	2.8e-28	132.6
NCVOG0222-consensus	NODE_77_length_97311_cov_8.981293	27.85	474	336	6	35	504	12178	13590	2e-25	123.1
NCVOG0222-consensus	NODE_77_length_97311_cov_8.981293	25.41	488	350	14	23	501	594	2037	5.5e-26	125.0
NCVOG0222-consensus	NODE_77_length_97311_cov_8.981293	25.93	378	263	17	83	455	13596	14688	2.2e-15	89.8
NCVOG0222-consensus	NODE_1093_length_4836_cov_20.406388	29.56	362	240	15	110	466	4834	3786	3.1e-21	104.9
NCVOG0222-consensus	NODE_162_length_54730_cov_11.915485	21.86	430	330	6	72	497	34218	32938	3.6e-21	108.2
NCVOG0222-consensus	NODE_162_length_54730_cov_11.915485	25.88	452	324	11	58	501	39597	38254	1.2e-21	109.8
NCVOG0222-consensus	NODE_162_length_54730_cov_11.915485	22.63	433	329	6	72	504	32778	31501	1.3e-20	106.3
NCVOG0222-consensus	NODE_1541_length_2781_cov_7.910133	22.40	500	380	8	22	518	2387	908	4.5e-21	103.6
NCVOG0222-consensus	NODE_218_length_39835_cov_9.024725	22.78	439	333	6	72	505	14941	16251	7.7e-20	103.3
NCVOG0222-consensus	NODE_218_length_39835_cov_9.024725	23.86	440	325	10	65	504	13513	14799	3.8e-17	94.4
NCVOG0222-consensus	NODE_242_length_35242_cov_9.104394	25.17	433	310	14	72	497	26325	27599	2.5e-19	101.4
NCVOG0222-consensus	NODE_6_length_251560_cov_8.944434	27.65	452	298	29	78	510	209613	208295	6e-19	101.7
NCVOG0222-consensus	NODE_420_length_18159_cov_4.639033	26.55	467	303	40	74	511	8881	7517	8.2e-18	95.4
NCVOG0222-consensus	NODE_132_length_65617_cov_8.690122	26.85	324	225	12	85	408	41400	40468	3.5e-17	95.2
NCVOG0222-consensus	NODE_477_length_15209_cov_9.011631	27.87	366	248	16	106	467	6141	5083	1.3e-15	87.8
NCVOG0222-consensus	NODE_234_length_36654_cov_9.058889	25.78	450	305	29	74	510	29067	30363	2e-13	81.9
NCVOG0222-consensus	NODE_16_length_203970_cov_8.921900	25.12	406	280	24	104	501	90774	91940	6.1e-11	75.7
NCVOG0014-consensus	NODE_184_length_48807_cov_8.586066	31.46	213	145	1	128	339	13024	12389	5.9e-17	94.1
NCVOG0014-consensus	NODE_165_length_53673_cov_11.651373	25.66	339	224	28	131	463	23877	22936	3.2e-14	85.1
NCVOG0014-consensus	NODE_15_length_209442_cov_8.734669	31.15	260	146	33	115	341	162128	161360	1.1e-12	80.2
NCVOG0002-consensus	NODE_9_length_229137_cov_12.284406	27.05	791	489	88	91	840	70803	68579	5.4e-33	149.6
NCVOG0002-consensus	NODE_2101_length_1524_cov_20.727021	33.59	131	83	4	332	460	1136	1519	2.6e-11	71.0
NCVOG1194-consensus	NODE_360_length_22729_cov_8.926276	50.88	57	27	1	63	118	17375	17208	1.4e-11	74.5
NCVOG1194-consensus	NODE_8896_length_270_cov_14.010363	44.44	54	27	3	65	115	268	110	2.3e-11	67.4
NCVOG2775-consensus	NODE_972_length_5800_cov_9.383365	37.45	235	126	21	182	396	3535	4233	3.8e-23	111.7
NCVOG2775-consensus	NODE_936_length_6160_cov_9.959231	33.98	309	171	33	182	458	2266	1348	1.3e-22	110.0
NCVOG2775-consensus	NODE_43_length_127750_cov_8.811017	37.87	235	125	21	182	396	3906	4604	5.7e-22	112.2
NCVOG2775-consensus	NODE_198_length_44819_cov_8.845246	36.84	228	120	24	191	396	41654	42324	2.3e-17	95.4
NCVOG2775-consensus	NODE_53_length_121316_cov_13.183613	30.87	311	172	43	118	413	82030	82865	2.7e-15	90.0
NCVOG0924-consensus	NODE_210_length_41901_cov_9.175531	29.73	185	106	24	14	181	17293	17819	1.2e-11	74.7
NCVOG0893-consensus	NODE_493_length_14526_cov_9.276351	29.88	492	270	75	29	448	11315	12772	3.3e-21	107.0
NCVOG0893-consensus	NODE_465_length_15822_cov_8.812829	29.48	485	261	81	37	448	12718	11303	9.8e-21	105.6
NCVOG0275-consensus	NODE_360_length_22729_cov_8.926276	28.07	171	119	4	1	170	20342	20842	8.7e-17	90.9
NCVOG1175-consensus	NODE_3447_length_658_cov_9.005164	42.27	97	52	4	84	180	378	103	2.1e-19	94.8
NCVOG1175-consensus	NODE_9529_length_253_cov_10.073864	49.09	55	28	0	113	167	215	54	1.8e-13	73.7
NCVOG1175-consensus	NODE_1740_length_2224_cov_10.462040	31.79	195	111	22	3	180	1819	1257	4.6e-13	75.4
NCVOG0729-consensus	NODE_3901_length_576_cov_8.519038	37.31	193	61	60	11	144	2	568	2.5e-25	115.5
NCVOG0729-consensus	NODE_3342_length_682_cov_7.535537	42.59	108	51	11	178	284	355	641	1e-21	103.7
NCVOG0729-consensus	NODE_290_length_29220_cov_9.283155	31.72	621	243	181	2	459	25707	27510	5e-21	106.9
NCVOG0729-consensus	NODE_5333_length_428_cov_10.085470	34.75	141	62	30	280	394	16	423	1.1e-13	76.5
NCVOG5103-consensus	NODE_1353_length_3452_cov_7.685630	43.78	217	112	10	319	530	738	1364	2.7e-33	145.5
NCVOG5103-consensus	NODE_190_length_46672_cov_8.743363	33.95	215	127	15	315	524	39250	39857	2.9e-27	129.2
NCVOG5103-consensus	NODE_457_length_16080_cov_9.024995	38.19	199	108	15	310	504	6060	6620	1.1e-18	99.1
NCVOG5103-consensus	NODE_457_length_16080_cov_9.024995	30.88	204	115	26	312	505	2102	2662	7.2e-13	79.9
NCVOG5103-consensus	NODE_22_length_177340_cov_12.456367	50.00	88	43	1	430	516	4737	4477	1e-16	95.9
NCVOG5103-consensus	NODE_1165_length_4434_cov_8.427817	35.92	206	111	21	310	510	4422	3856	1.5e-15	86.9
NCVOG5103-consensus	NODE_1279_length_3818_cov_9.289227	39.11	179	59	50	316	490	2793	2404	4.8e-15	85.0
NCVOG5103-consensus	NODE_3_length_315146_cov_8.959377	34.68	124	75	6	401	518	269608	269976	1.2e-12	82.3
NCVOG5103-consensus	NODE_360_length_22729_cov_8.926276	68.83	77	23	1	427	502	17456	17229	2.1e-11	75.5
NCVOG5103-consensus	NODE_66_length_107625_cov_8.572665	41.32	121	64	7	317	432	54677	55030	2.6e-11	77.4
NCVOG4874-consensus	NODE_126_length_69003_cov_8.365580	42.67	375	180	35	13	368	29695	30768	1.6e-67	262.1
NCVOG4874-consensus	NODE_4_length_279442_cov_8.744513	36.07	427	176	97	12	354	146053	147281	6.1e-29	135.0
NCVOG4874-consensus	NODE_126_length_69003_cov_8.365580	33.85	384	139	115	15	287	35262	34134	2.2e-11	75.5
NCVOG0605-consensus	NODE_177_length_50511_cov_12.611889	34.51	255	153	14	233	486	26059	26777	2e-29	135.4
NCVOG0605-consensus	NODE_133_length_65043_cov_8.941862	27.13	446	300	25	63	488	2172	863	3.8e-28	131.5
NCVOG0605-consensus	NODE_386_length_20655_cov_8.653416	29.52	332	204	30	159	488	6770	7672	8.6e-24	115.4
NCVOG0605-consensus	NODE_218_length_39835_cov_9.024725	27.16	324	197	39	141	453	14370	15254	1.7e-16	92.2
NCVOG0605-consensus	NODE_146_length_60255_cov_9.236980	26.82	302	200	21	195	490	54183	55040	6.2e-15	87.5
NCVOG0605-consensus	NODE_1541_length_2781_cov_7.910133	29.95	207	126	19	294	484	2765	2157	3.8e-13	77.2
NCVOG0605-consensus	NODE_116_length_74109_cov_9.105022	25.81	434	286	36	77	488	52003	50755	1.5e-12	79.9
NCVOG0605-consensus	NODE_19386_length_155_cov_6.397436	60.00	55	18	4	431	485	155	6	6.3e-12	68.9
NCVOG1136-consensus	NODE_52_length_121475_cov_8.674402	45.82	275	70	79	250	447	84639	83832	7.9e-17	94.8
NCVOG0219-consensus	NODE_107_length_77178_cov_8.642715	37.05	251	142	16	454	689	69484	70228	2.3e-28	133.1
NCVOG0219-consensus	NODE_412_length_18607_cov_4.157636	46.21	132	67	4	543	672	16819	17201	3.2e-25	120.6
NCVOG0219-consensus	NODE_322_length_25662_cov_9.237717	45.10	102	52	4	543	642	8504	8796	5.1e-12	77.2
NCVOG0901-consensus	NODE_2021_length_1643_cov_15.998084	44.09	127	40	31	65	164	643	1006	4.6e-16	84.7
NCVOG0901-consensus	NODE_60_length_115518_cov_8.823078	34.27	178	68	49	28	156	113934	113414	7.1e-13	80.2
NCVOG0901-consensus	NODE_62_length_112779_cov_8.667030	38.12	223	69	69	11	164	5756	6419	2.6e-12	78.3
NCVOG2980-consensus	NODE_17_length_203615_cov_8.831879	33.54	480	246	73	67	474	126294	127721	8.8e-33	148.1
NCVOG2980-consensus	NODE_761_length_8144_cov_8.537622	24.21	409	260	50	103	466	1385	191	1e-11	73.9
NCVOG1298-consensus	NODE_164_length_54145_cov_8.665958	29.06	234	153	13	353	579	30473	29795	2.6e-12	79.0
NCVOG1298-consensus	NODE_788_length_7863_cov_7.413563	24.68	308	206	26	272	571	7846	6980	4.4e-11	72.1
NCVOG1272-consensus	NODE_184_length_48807_cov_8.586066	22.26	1716	1131	203	445	2085	3378	8118	7.8e-11	75.7
NCVOG0450-consensus	NODE_6_length_251560_cov_8.944434	32.35	272	133	51	161	413	224552	223840	4.7e-13	81.9
NCVOG0652-consensus	NODE_6385_length_367_cov_13.593103	48.44	64	33	0	198	261	37	225	9.3e-19	92.6
NCVOG0652-consensus	NODE_1765_length_2169_cov_7.546845	33.18	428	233	53	37	420	648	1893	1.1e-17	91.6
NCVOG0652-consensus	NODE_2358_length_1194_cov_20.088630	33.33	348	189	43	74	379	160	1189	1.2e-17	90.7
NCVOG0652-consensus	NODE_6034_length_386_cov_7.275081	40.00	75	44	1	71	144	226	5	8.7e-17	86.2
NCVOG0652-consensus	NODE_6434_length_365_cov_11.274306	31.40	121	81	2	262	381	4	360	4.1e-16	83.9
NCVOG0652-consensus	NODE_676_length_9797_cov_8.543519	34.79	388	211	42	74	420	2209	1058	1.2e-15	87.1
NCVOG0652-consensus	NODE_676_length_9797_cov_8.543519	29.03	186	120	12	15	199	614	93	5.9e-27	124.6
NCVOG0652-consensus	NODE_11296_length_217_cov_13.635714	40.32	62	37	0	359	420	7	189	1.4e-14	78.0
NCVOG0652-consensus	NODE_278_length_30166_cov_8.388281	32.03	409	216	62	74	421	22935	21721	3e-14	84.0
NCVOG0652-consensus	NODE_43_length_127750_cov_8.811017	34.76	397	213	46	68	420	80103	78934	1.7e-13	83.6
NCVOG2642-consensus	NODE_396_length_19533_cov_8.441509	51.61	62	29	1	99	160	19212	19033	1.6e-11	73.3
NCVOG0835-consensus	NODE_119_length_71474_cov_8.755032	39.07	151	72	20	2	133	34931	35375	1.5e-18	98.9
NCVOG1062-consensus	NODE_1603_length_2573_cov_15.943510	26.69	296	205	12	123	412	166	1032	4e-17	90.3
NCVOG1062-consensus	NODE_2243_length_1322_cov_137.142972	29.28	181	120	8	236	412	40	567	2.2e-11	70.2
NCVOG1062-consensus	NODE_1418_length_3191_cov_6.305074	26.51	249	174	9	170	413	2558	1827	5.4e-11	70.2
NCVOG4522-consensus	NODE_1242_length_4027_cov_11.614684	42.04	226	89	42	262	445	2607	1935	1.9e-33	145.0
NCVOG4522-consensus	NODE_14296_length_176_cov_19.878788	56.36	55	24	0	368	422	173	12	2.4e-16	83.7
NCVOG4522-consensus	NODE_18203_length_155_cov_9.333333	58.70	46	19	0	346	391	16	150	5.3e-13	72.4
NCVOG4522-consensus	NODE_17138_length_155_cov_14.730769	58.70	46	19	0	346	391	140	6	5.3e-13	72.4
NCVOG5117-consensus	NODE_1165_length_4434_cov_8.427817	40.27	221	117	15	758	965	3773	4426	3.4e-19	99.7
NCVOG5117-consensus	NODE_457_length_16080_cov_9.024995	37.41	286	157	22	723	998	6751	5933	7.7e-18	97.1
NCVOG5117-consensus	NODE_457_length_16080_cov_9.024995	38.37	258	135	24	711	965	2834	2131	3.5e-18	98.2
NCVOG5117-consensus	NODE_967_length_5858_cov_7.982702	46.58	161	80	6	806	965	3775	4239	1.1e-17	95.1
NCVOG5117-consensus	NODE_158_length_56084_cov_9.054154	33.67	294	161	34	705	972	53716	52862	1.8e-14	87.6
NCVOG5117-consensus	NODE_375_length_21531_cov_8.799897	22.20	1045	740	73	416	1445	16507	19460	9e-12	77.3
NCVOG4122-consensus	NODE_53_length_121316_cov_13.183613	32.90	307	185	21	110	400	51051	50149	3.2e-16	92.8
NCVOG4122-consensus	NODE_852_length_6984_cov_9.560735	26.07	257	175	15	88	336	1078	1824	2.9e-14	82.1
NCVOG4122-consensus	NODE_1069_length_5039_cov_7.415155	29.63	189	126	7	71	255	4078	3524	2.2e-11	72.1
NCVOG4122-consensus	NODE_1001_length_5571_cov_8.602475	31.48	305	176	33	151	432	1633	2508	6.2e-11	70.8
NCVOG0032-consensus	NODE_73_length_100776_cov_8.852332	27.10	727	343	187	252	823	88123	90196	1.9e-21	110.7
NCVOG0032-consensus	NODE_12_length_218355_cov_8.720719	27.13	715	348	173	308	868	79593	77515	7.5e-15	89.4
NCVOG0032-consensus	NODE_1_length_472238_cov_8.845263	26.97	660	363	119	222	814	382418	380602	9.8e-14	85.7
NCVOG0032-consensus	NODE_447_length_16613_cov_8.535861	24.60	874	542	117	50	835	1468	3969	2.7e-13	81.1
NCVOG0032-consensus	NODE_137_length_63649_cov_8.810137	25.48	671	393	107	286	873	33611	31704	5.6e-13	82.0
NCVOG0032-consensus	NODE_81_length_94640_cov_8.832175	26.44	870	374	266	252	869	76505	73953	2.1e-12	80.6
NCVOG0032-consensus	NODE_118_length_72326_cov_8.869673	27.18	412	253	47	384	772	30308	29162	9.3e-12	78.1
NCVOG0302-consensus	NODE_14_length_211452_cov_8.980632	31.91	282	159	33	285	535	123861	123029	4e-21	109.6
NCVOG0302-consensus	NODE_124_length_69247_cov_8.647159	31.40	172	116	2	2	173	56486	56992	6.4e-15	87.8
NCVOG0302-consensus	NODE_27_length_162445_cov_13.150220	32.34	167	111	2	2	168	47034	46543	7.8e-15	88.7
NCVOG0302-consensus	NODE_1284_length_3773_cov_9.069264	28.14	231	119	47	320	506	3566	2886	8.7e-11	69.9
NCVOG0012-consensus	NODE_1165_length_4434_cov_8.427817	38.84	224	131	6	223	443	4432	3781	4e-13	77.8
NCVOG0012-consensus	NODE_457_length_16080_cov_9.024995	31.74	419	241	45	74	461	1585	2774	1.4e-12	77.8
NCVOG0012-consensus	NODE_457_length_16080_cov_9.024995	35.22	335	103	114	84	413	6030	6692	1.4e-12	77.8
NCVOG0012-consensus	NODE_967_length_5858_cov_7.982702	33.42	401	199	68	74	433	4801	3693	5e-11	71.2
NCVOG0868-consensus	NODE_158_length_56084_cov_9.054154	64.86	74	26	0	150	223	52959	53177	4.7e-11	74.2
NCVOG2950-consensus	NODE_2515_length_1061_cov_12.047764	34.68	124	76	5	54	174	202	564	4.9e-13	74.0
NCVOG2900-consensus	NODE_852_length_6984_cov_9.560735	27.01	137	97	3	10	143	1183	1590	4.5e-12	73.7
NCVOG0996-consensus	NODE_687_length_9651_cov_8.869960	20.71	338	261	7	154	491	289	1278	8.8e-15	84.4
NCVOG0025-consensus	NODE_18_length_199648_cov_8.732080	25.71	455	297	41	91	521	161874	163168	6.7e-20	103.8
NCVOG0025-consensus	NODE_822_length_7282_cov_7.791672	23.91	435	294	37	100	521	1071	2300	7.8e-20	100.8
NCVOG0025-consensus	NODE_210_length_41901_cov_9.175531	26.59	425	276	36	112	521	28858	30052	9e-18	96.5
NCVOG0025-consensus	NODE_279_length_30126_cov_8.757496	25.10	526	331	63	39	522	7597	6094	4e-16	90.6
NCVOG0025-consensus	NODE_479_length_14998_cov_8.742511	28.98	421	226	73	138	522	12067	10927	4.1e-15	86.2
NCVOG0025-consensus	NODE_15_length_209442_cov_8.734669	26.32	399	269	25	129	522	111255	112378	9.8e-13	81.6
NCVOG0025-consensus	NODE_54_length_120993_cov_8.469240	26.76	441	232	91	132	522	37584	38774	5.2e-12	78.9
NCVOG0025-consensus	NODE_204_length_43495_cov_8.718803	29.05	420	217	81	136	501	35053	33882	5.8e-12	77.3
NCVOG0025-consensus	NODE_17_length_203615_cov_8.831879	22.39	469	327	37	77	522	22615	23962	7.7e-12	78.6
NCVOG0025-consensus	NODE_443_length_16846_cov_8.358638	25.35	430	294	27	105	514	1235	2494	8.5e-12	75.4
NCVOG0025-consensus	NODE_29_length_159248_cov_8.739538	25.23	444	289	43	105	522	62513	61244	2e-11	77.3
NCVOG0025-consensus	NODE_1560_length_2668_cov_10.737553	37.63	93	56	2	403	493	2178	2453	8.5e-11	69.4
NCVOG0271-consensus	NODE_40_length_132411_cov_8.749210	35.50	1110	573	143	179	1157	32727	36011	5.4e-64	252.9
NCVOG0271-consensus	NODE_1959_length_1757_cov_4.886310	46.93	407	153	63	792	1136	1757	551	2.9e-51	204.4
NCVOG0271-consensus	NODE_1832_length_2000_cov_9.683827	47.11	484	193	63	723	1144	1	1440	1.2e-50	202.5
NCVOG0271-consensus	NODE_2212_length_1362_cov_8.066926	38.68	455	180	99	391	746	1	1354	2.7e-39	164.2
NCVOG0271-consensus	NODE_3298_length_693_cov_4.761364	41.92	229	110	23	391	596	1	682	4.7e-34	145.9
NCVOG0271-consensus	NODE_36_length_147902_cov_8.608804	27.49	1233	693	201	101	1153	57211	60819	1.3e-15	92.3
NCVOG0271-consensus	NODE_3254_length_703_cov_11.493610	35.80	243	117	39	204	415	703	6	3.3e-14	79.9
NCVOG0078-consensus	NODE_1397_length_3277_cov_9.916875	44.00	150	82	2	67	214	678	1124	1.3e-16	87.9
NCVOG0078-consensus	NODE_9_length_229137_cov_12.284406	48.80	125	61	3	76	197	228915	228544	3.1e-12	78.0
NCVOG4568-consensus	NODE_687_length_9651_cov_8.869960	30.07	296	200	7	189	482	312	1179	2.5e-13	79.5
NCVOG4568-consensus	NODE_425_length_17855_cov_8.608111	45.51	178	96	1	305	482	14008	13481	2.1e-12	77.4
NCVOG4568-consensus	NODE_77_length_97311_cov_8.981293	41.99	181	105	0	305	485	12442	12981	2.5e-11	76.2
NCVOG0451-consensus	NODE_69_length_106666_cov_8.660528	35.64	202	121	9	144	339	29507	28914	3.6e-17	95.5
NCVOG0451-consensus	NODE_1069_length_5039_cov_7.415155	27.83	212	148	5	136	342	4057	3425	2.7e-15	84.9
NCVOG0451-consensus	NODE_852_length_6984_cov_9.560735	26.48	219	155	6	126	338	1028	1677	3.4e-13	78.4
NCVOG0451-consensus	NODE_413_length_18456_cov_9.516187	25.44	283	191	20	132	402	16160	15339	8.1e-11	71.9
NCVOG0967-consensus	NODE_425_length_17855_cov_8.608111	19.80	500	382	19	420	907	13981	12506	3.2e-11	74.4
NCVOG4421-consensus	NODE_1069_length_5039_cov_7.415155	38.20	89	53	2	83	169	3766	3503	5.9e-17	89.1
NCVOG4421-consensus	NODE_53_length_121316_cov_13.183613	38.24	102	54	9	64	163	50697	50416	4.1e-14	84.3
NCVOG4421-consensus	NODE_852_length_6984_cov_9.560735	29.55	88	61	1	76	162	1144	1404	4.2e-11	70.2
NCVOG4241-consensus	NODE_816_length_7471_cov_8.103868	43.88	98	48	7	14	106	1216	1500	5e-12	73.4
NCVOG0301-consensus	NODE_14_length_211452_cov_8.980632	34.50	229	140	10	272	494	123897	123230	2.7e-20	106.8
NCVOG0021-consensus	NODE_602_length_11272_cov_7.797681	33.68	383	231	23	182	550	8007	6889	2.3e-24	117.5
NCVOG0021-consensus	NODE_664_length_10095_cov_7.766720	31.61	386	235	29	181	555	6756	5660	5.2e-18	96.2
NCVOG0021-consensus	NODE_2965_length_793_cov_6.467877	34.59	266	157	17	211	475	36	782	7.4e-18	92.0
NCVOG0021-consensus	NODE_788_length_7863_cov_7.413563	29.97	397	254	24	181	569	5662	4523	7.9e-15	85.3
NCVOG0021-consensus	NODE_788_length_7863_cov_7.413563	32.82	326	203	16	241	564	7862	6930	7.9e-15	85.3
NCVOG0021-consensus	NODE_386_length_20655_cov_8.653416	27.48	535	317	71	170	699	6668	8071	2.1e-11	75.3
NCVOG0021-consensus	NODE_457_length_16080_cov_9.024995	31.07	309	188	25	302	607	6724	5867	2.3e-11	74.8
NCVOG2860-consensus	NODE_12_length_218355_cov_8.720719	31.11	180	117	7	162	334	113910	114446	7.1e-11	75.0
NCVOG0001-consensus	NODE_9_length_229137_cov_12.284406	41.30	276	119	43	313	556	100037	99246	1.3e-33	151.3
NCVOG0001-consensus	NODE_155_length_56973_cov_9.033060	40.65	246	106	40	369	580	3506	4218	4.9e-30	138.0
NCVOG0001-consensus	NODE_238_length_36247_cov_11.646669	36.68	259	133	31	331	566	4731	3986	4.1e-24	117.6
NCVOG0001-consensus	NODE_238_length_36247_cov_11.646669	32.14	364	200	47	216	544	6093	5049	3.1e-26	124.7
NCVOG0001-consensus	NODE_8432_length_284_cov_8.507246	48.94	94	47	1	405	497	1	279	1.5e-16	85.6
NCVOG0001-consensus	NODE_9_length_229137_cov_12.284406	38.91	275	123	45	351	591	64527	65309	1.2e-12	81.6
NCVOG0001-consensus	NODE_56_length_119501_cov_8.674982	36.22	196	91	34	381	556	10181	9643	4.4e-12	79.4
NCVOG0001-consensus	NODE_223_length_38568_cov_8.831233	35.29	221	103	40	332	526	21290	20673	5.3e-12	77.5
NCVOG0001-consensus	NODE_466_length_15784_cov_8.702680	32.33	300	128	75	328	555	1854	2731	2.5e-11	74.0
NCVOG1197-consensus	NODE_455_length_16169_cov_8.833582	24.23	260	194	3	106	362	13969	13193	3.2e-13	80.0
NCVOG2058-consensus	NODE_53_length_121316_cov_13.183613	35.07	288	172	15	91	367	50997	50149	1.2e-19	103.9
NCVOG2058-consensus	NODE_1069_length_5039_cov_7.415155	37.65	162	97	4	91	248	4006	3524	7.7e-18	93.3
NCVOG2058-consensus	NODE_69_length_106666_cov_8.660528	33.33	216	135	9	158	367	29549	28914	2.5e-14	86.0
NCVOG2058-consensus	NODE_852_length_6984_cov_9.560735	28.88	187	129	4	93	275	1117	1674	1.9e-13	79.2
NCVOG2058-consensus	NODE_203_length_43506_cov_8.749338	27.34	278	180	22	9	269	34621	33810	2e-12	78.4
NCVOG2058-consensus	NODE_1001_length_5571_cov_8.602475	27.96	304	194	25	91	378	1654	2535	1.6e-11	72.4
NCVOG0066-consensus	NODE_40_length_132411_cov_8.749210	31.44	388	176	90	125	442	106661	107751	3.6e-18	99.7
NCVOG0038-consensus	NODE_55_length_120282_cov_8.806073	30.23	1009	421	283	237	974	100786	97831	2.9e-22	114.0
NCVOG0228-consensus	NODE_444_length_16790_cov_8.450607	26.68	776	465	104	207	906	5682	3462	2.5e-41	174.3
NCVOG0228-consensus	NODE_407_length_18807_cov_9.578644	30.49	246	161	10	467	708	15931	16631	2.3e-16	91.5
NCVOG0228-consensus	NODE_743_length_8459_cov_8.446433	29.46	465	229	99	522	891	8064	6689	2.8e-13	80.1
NCVOG0228-consensus	NODE_1259_length_3942_cov_11.298577	26.36	588	337	96	177	697	2224	3889	3.3e-13	78.8
NCVOG1128-consensus	NODE_109_length_75761_cov_8.798346	26.97	178	111	19	157	324	71925	71422	3.7e-16	91.6
NCVOG1128-consensus	NODE_130_length_67503_cov_8.805490	25.23	222	144	22	151	354	21084	20438	1.8e-11	75.9
NCVOG1128-consensus	NODE_59_length_116235_cov_8.821726	24.74	194	132	14	129	308	105441	106019	8.7e-11	74.4
NCVOG0280-consensus	NODE_263_length_31669_cov_8.697328	19.48	1489	1084	115	297	1705	4724	9082	6.7e-33	148.2
NCVOG0280-consensus	NODE_340_length_24598_cov_8.499980	20.69	1223	861	109	446	1635	9418	12855	3.9e-15	88.8
NCVOG0280-consensus	NODE_296_length_28814_cov_9.582141	22.42	1035	696	107	324	1304	14721	17653	1.1e-13	84.2
NCVOG0280-consensus	NODE_317_length_26389_cov_8.640392	23.06	1366	885	166	289	1587	4354	8135	6.7e-13	81.4
NCVOG0218-consensus	NODE_470_length_15696_cov_8.794929	40.03	587	283	69	349	901	13121	11469	2.9e-42	177.5
NCVOG0218-consensus	NODE_457_length_16080_cov_9.024995	56.16	292	110	18	621	902	5931	6779	1.2e-37	162.3
NCVOG0218-consensus	NODE_457_length_16080_cov_9.024995	37.10	504	262	55	353	829	1239	2653	2.5e-26	124.7
NCVOG0218-consensus	NODE_547_length_12648_cov_9.228383	35.14	572	320	51	339	883	1206	2844	4.7e-32	143.3
NCVOG0218-consensus	NODE_1165_length_4434_cov_8.427817	61.76	204	62	16	653	851	4434	3859	1.6e-27	126.8
NCVOG0218-consensus	NODE_967_length_5858_cov_7.982702	32.40	682	376	85	345	962	5418	3461	1.8e-23	113.7
NCVOG0218-consensus	NODE_96_length_83624_cov_8.956324	32.29	576	331	59	374	908	48350	49996	2.7e-23	117.0
NCVOG0218-consensus	NODE_158_length_56084_cov_9.054154	33.40	479	292	27	448	907	52235	53630	4.3e-20	105.7
NCVOG0218-consensus	NODE_602_length_11272_cov_7.797681	35.57	492	261	56	477	946	6824	8186	5.9e-20	103.0
NCVOG0218-consensus	NODE_433_length_17608_cov_31.286236	36.20	453	232	57	497	914	12181	10914	1.9e-19	101.9
NCVOG0218-consensus	NODE_162_length_54730_cov_11.915485	33.67	603	289	111	378	899	34193	32478	3.5e-19	102.7
NCVOG0218-consensus	NODE_278_length_30166_cov_8.388281	34.69	591	301	85	363	899	30017	28369	3.6e-19	101.8
NCVOG0218-consensus	NODE_218_length_39835_cov_9.024725	32.75	690	304	160	354	899	13967	15985	3.8e-19	102.1
NCVOG0218-consensus	NODE_344_length_24007_cov_9.369264	32.39	565	330	52	384	917	15970	14362	1.9e-18	99.1
NCVOG0218-consensus	NODE_1093_length_4836_cov_20.406388	36.84	266	155	13	602	866	4836	4078	1.3e-17	93.9
NCVOG0218-consensus	NODE_54_length_120993_cov_8.469240	31.04	567	341	50	352	896	83133	84716	2.5e-16	94.3
NCVOG0218-consensus	NODE_6_length_251560_cov_8.944434	31.14	745	312	201	351	901	211087	208887	2.7e-16	94.0
NCVOG0218-consensus	NODE_664_length_10095_cov_7.766720	38.36	365	202	23	557	901	5715	6787	5.7e-16	89.6
NCVOG0218-consensus	NODE_386_length_20655_cov_8.653416	35.05	505	275	53	402	872	8154	6700	1e-15	89.8
NCVOG0218-consensus	NODE_3_length_315146_cov_8.959377	42.16	268	126	29	617	872	269524	270265	1.6e-15	91.9
NCVOG0218-consensus	NODE_79_length_96869_cov_8.586185	31.27	403	239	38	491	874	92145	90997	6.4e-15	89.3
NCVOG0218-consensus	NODE_1541_length_2781_cov_7.910133	30.37	698	322	164	348	887	2778	706	1.3e-14	83.3
NCVOG0218-consensus	NODE_788_length_7863_cov_7.413563	37.89	417	213	46	574	948	4642	5867	1.8e-14	84.2
NCVOG0218-consensus	NODE_646_length_10429_cov_9.075927	33.22	608	302	104	385	897	7047	8812	1.1e-13	82.1
NCVOG0218-consensus	NODE_181_length_49583_cov_9.286511	31.11	614	337	86	352	898	4945	3182	1.2e-13	84.1
NCVOG0218-consensus	NODE_1383_length_3332_cov_9.515515	43.79	290	134	29	581	846	1017	1822	1.4e-13	80.1
NCVOG0218-consensus	NODE_1298_length_3728_cov_7.725555	34.31	376	201	46	630	987	1174	150	1.4e-13	80.2
NCVOG0218-consensus	NODE_1414_length_3203_cov_5.193538	41.54	272	128	31	574	825	2413	3164	2.7e-13	79.0
NCVOG0218-consensus	NODE_777_length_8007_cov_9.448172	34.54	359	213	22	548	888	1272	235	1.3e-12	78.1
NCVOG0218-consensus	NODE_808_length_7584_cov_8.909418	27.77	587	375	49	336	893	1107	2792	1.8e-12	77.5
NCVOG0218-consensus	NODE_844_length_7085_cov_9.538955	35.69	297	164	27	645	925	6763	5917	2.7e-12	76.8
NCVOG0218-consensus	NODE_910_length_6372_cov_7.928038	33.71	614	296	111	380	898	1974	238	3.6e-12	76.3
NCVOG0218-consensus	NODE_2_length_327886_cov_8.781580	30.00	650	365	90	385	962	55036	53176	7.6e-12	79.8
NCVOG0218-consensus	NODE_55_length_120282_cov_8.806073	28.81	472	304	32	433	885	17593	18966	1.8e-11	78.2
NCVOG0218-consensus	NODE_425_length_17855_cov_8.608111	32.12	386	225	37	568	927	13239	12124	5.5e-11	73.9
NCVOG0218-consensus	NODE_1_length_472238_cov_8.845263	26.88	573	360	59	356	899	289657	288040	8.7e-11	76.3
NCVOG0218-consensus	NODE_77_length_97311_cov_8.981293	29.53	579	332	76	345	856	467	2161	9.7e-11	75.5
NCVOG0018-consensus	NODE_162_length_54730_cov_11.915485	20.71	1091	809	56	75	1145	34215	31054	5.1e-33	148.7
NCVOG0018-consensus	NODE_425_length_17855_cov_8.608111	21.50	856	642	30	270	1120	14179	11690	1e-26	126.2
NCVOG0018-consensus	NODE_1541_length_2781_cov_7.910133	21.22	787	566	54	369	1145	2776	551	7.3e-24	114.0
NCVOG0018-consensus	NODE_56_length_119501_cov_8.674982	24.51	865	559	94	338	1183	115609	117969	2.6e-22	114.3
NCVOG0018-consensus	NODE_687_length_9651_cov_8.869960	21.60	514	391	12	559	1069	45	1554	2.6e-19	100.7
NCVOG0018-consensus	NODE_218_length_39835_cov_9.024725	21.24	579	429	27	538	1104	15379	17067	3.9e-14	85.5
NCVOG0018-consensus	NODE_218_length_39835_cov_9.024725	21.08	797	587	42	222	1008	13078	15369	3.9e-14	85.5
NCVOG0018-consensus	NODE_375_length_21531_cov_8.799897	20.97	844	613	54	182	1006	17680	20103	9.6e-14	83.4
NCVOG0018-consensus	NODE_375_length_21531_cov_8.799897	22.78	619	436	42	438	1051	15927	17667	8e-14	83.6
NCVOG0018-consensus	NODE_234_length_36654_cov_9.058889	21.52	804	596	35	270	1051	23212	25571	7.3e-13	81.2
NCVOG0018-consensus	NODE_234_length_36654_cov_9.058889	20.92	870	631	57	152	1002	31201	33685	1.6e-12	80.1
NCVOG0018-consensus	NODE_158_length_56084_cov_9.054154	24.50	404	274	31	740	1128	53842	52682	2.7e-11	76.6
NCVOG4170-consensus	NODE_692_length_9571_cov_9.178955	37.10	248	99	57	20	213	8842	9567	7.8e-30	133.9
NCVOG4170-consensus	NODE_77_length_97311_cov_8.981293	36.44	365	145	87	45	322	4808	5889	1.1e-26	126.7
NCVOG4170-consensus	NODE_425_length_17855_cov_8.608111	40.46	131	52	26	239	345	17855	17476	1.7e-17	93.8
NCVOG4170-consensus	NODE_153_length_57582_cov_8.725134	30.84	227	129	28	129	333	57207	56550	3e-12	78.0
NCVOG4170-consensus	NODE_71_length_105006_cov_8.628968	28.99	238	130	39	129	333	10343	9655	1.5e-11	76.6
NCVOG1044-consensus	NODE_832_length_7185_cov_8.481289	22.22	243	179	10	168	404	1945	1232	2.9e-13	78.9
NCVOG1044-consensus	NODE_1641_length_2464_cov_4.093423	24.17	240	168	14	171	404	972	1664	2.3e-11	71.0
NCVOG0720-consensus	NODE_394_length_19874_cov_8.741375	33.59	128	82	3	42	166	6513	6893	9.8e-14	80.4
NCVOG0720-consensus	NODE_404_length_18960_cov_8.023513	32.03	128	84	3	42	166	11757	12137	7.4e-13	77.4
