NCVOG0719-consensus	NODE_60_length_133443_cov_12.304973	30.94	265	154	29	21	258	79659	80442	2.9e-14	82.7
NCVOG1069-consensus	NODE_86_length_83913_cov_13.079059	32.04	206	130	10	56	256	49466	48871	4e-18	95.5
NCVOG0669-consensus	NODE_3_length_607984_cov_12.710118	23.64	440	281	55	36	426	457803	459101	8e-11	72.2
NCVOG0233-consensus	NODE_63_length_129102_cov_12.770711	35.78	900	477	101	43	847	13180	10502	9.4e-59	232.1
NCVOG0233-consensus	NODE_4_length_521025_cov_12.596912	39.42	794	377	104	102	795	177736	180102	1.7e-43	181.6
NCVOG0233-consensus	NODE_36_length_226511_cov_12.515011	26.26	438	291	32	286	707	75651	76909	4.7e-33	146.9
NCVOG0233-consensus	NODE_8_length_445801_cov_12.656794	23.82	890	558	120	29	859	260951	258472	5.5e-28	130.1
NCVOG0233-consensus	NODE_45_length_196587_cov_12.305094	31.41	694	316	160	131	665	101965	104030	1.7e-27	128.4
NCVOG0233-consensus	NODE_3_length_607984_cov_12.710118	25.87	924	517	168	97	866	440650	437926	1.1e-26	125.7
NCVOG0233-consensus	NODE_40_length_214992_cov_12.619906	25.28	886	505	157	123	860	10597	13210	2.3e-17	94.8
NCVOG0233-consensus	NODE_5_length_517570_cov_12.510389	28.12	633	357	98	137	673	200462	202347	2.1e-15	88.3
NCVOG0233-consensus	NODE_11_length_424084_cov_12.445667	24.61	703	330	200	154	666	72935	75004	2.1e-11	75.0
NCVOG0023-consensus	NODE_116_length_40059_cov_13.913461	31.85	496	306	32	373	846	25154	26608	7.1e-46	187.6
NCVOG0023-consensus	NODE_211_length_2153_cov_13.224470	28.15	444	289	30	355	790	527	1789	2.5e-34	145.0
NCVOG0023-consensus	NODE_103_length_51229_cov_154.943932	22.72	537	354	61	336	816	32632	34224	1e-19	101.0
NCVOG0023-consensus	NODE_141_length_15094_cov_14.446094	33.02	324	192	25	484	799	13574	12669	6.3e-12	73.4
NCVOG0013-consensus	NODE_32_length_251742_cov_12.721331	30.22	182	123	4	122	300	87687	88226	1.4e-12	78.3
NCVOG0073-consensus	NODE_37_length_219966_cov_12.763299	40.39	619	344	25	26	640	54922	56712	5.8e-96	356.0
NCVOG0073-consensus	NODE_27_length_269402_cov_12.439064	39.33	628	354	27	29	652	19613	17802	2.5e-70	270.8
NCVOG0073-consensus	NODE_9_length_437411_cov_12.581529	39.77	611	345	23	29	636	288413	286644	2.3e-68	264.3
NCVOG0073-consensus	NODE_23_length_293280_cov_12.352762	37.26	636	354	45	34	652	211044	212860	3.4e-57	227.2
NCVOG0073-consensus	NODE_35_length_237407_cov_12.535052	35.23	687	398	47	21	699	217755	219695	1e-54	218.2
NCVOG0073-consensus	NODE_1_length_893300_cov_12.597769	29.79	386	247	24	32	408	191198	192307	1.5e-38	165.3
NCVOG0073-consensus	NODE_31_length_261783_cov_12.739368	26.03	438	305	19	99	522	254032	252741	1.1e-34	152.0
NCVOG0073-consensus	NODE_115_length_40541_cov_12.912416	32.25	431	215	77	133	561	37076	38140	3.1e-22	109.2
NCVOG0073-consensus	NODE_75_length_107069_cov_12.752533	31.85	157	100	7	29	185	86607	87053	8.3e-14	82.6
NCVOG1068-consensus	NODE_76_length_106157_cov_139.310945	47.92	144	75	0	95	238	9029	8601	1.1e-28	130.0
NCVOG1068-consensus	NODE_12_length_420860_cov_12.475231	43.29	164	61	32	90	221	294233	293749	3.1e-18	95.8
NCVOG4523-consensus	NODE_59_length_135042_cov_12.605016	28.78	556	329	67	255	792	96555	95060	1.1e-27	129.2
NCVOG4523-consensus	NODE_67_length_121426_cov_12.452719	30.91	893	405	212	122	823	79015	81613	7.2e-25	119.7
NCVOG4523-consensus	NODE_7_length_482099_cov_12.533584	33.20	253	105	64	11	243	462952	463573	4.7e-11	72.0
NCVOG1353-consensus	NODE_73_length_110042_cov_12.634675	56.14	798	248	102	96	797	43471	41107	1.9e-34	151.0
NCVOG4445-consensus	NODE_33_length_249778_cov_12.302430	30.64	235	147	16	156	384	73585	74256	1.2e-11	74.7
NCVOG0055-consensus	NODE_10_length_430446_cov_12.622280	34.23	260	143	28	116	364	334319	333602	3e-23	113.1
NCVOG0055-consensus	NODE_46_length_191455_cov_12.542100	31.99	272	145	40	160	392	50108	49307	2.7e-14	83.6
NCVOG4105-consensus	NODE_96_length_60314_cov_12.344655	36.25	1076	543	143	9	952	56255	59434	3.4e-36	156.3
NCVOG0235-consensus	NODE_6_length_502619_cov_12.428014	29.46	224	150	8	3	222	188915	188263	6.5e-11	72.9
NCVOG0305-consensus	NODE_10_length_430446_cov_12.622280	34.69	196	122	6	1334	1527	139319	139891	4.1e-20	104.8
NCVOG0305-consensus	NODE_120_length_32205_cov_12.219155	28.38	229	160	4	800	1027	9007	8333	1.2e-19	101.0
NCVOG0305-consensus	NODE_3_length_607984_cov_12.710118	30.20	255	166	12	780	1034	371652	372377	4.7e-19	101.3
NCVOG0305-consensus	NODE_32_length_251742_cov_12.721331	32.54	209	131	10	1312	1515	164818	165426	1.7e-18	98.8
NCVOG0305-consensus	NODE_6_length_502619_cov_12.428014	34.68	222	122	23	1353	1556	13406	14053	4.3e-17	94.7
NCVOG0305-consensus	NODE_40_length_214992_cov_12.619906	33.71	175	108	8	1355	1527	202827	203330	1.1e-13	82.3
NCVOG0305-consensus	NODE_11_length_424084_cov_12.445667	31.64	177	114	7	1355	1527	342108	341590	4.3e-13	81.2
NCVOG0305-consensus	NODE_13_length_407178_cov_12.622219	32.95	173	108	8	1351	1521	287098	287595	6.2e-13	80.9
NCVOG0305-consensus	NODE_55_length_149860_cov_12.614903	27.01	274	163	37	1306	1549	105198	104401	3.9e-11	74.9
NCVOG0305-consensus	NODE_31_length_261783_cov_12.739368	34.75	141	82	10	1409	1543	165958	165551	4.2e-11	74.4
NCVOG0305-consensus	NODE_119_length_36480_cov_11.708266	31.97	122	82	1	1321	1441	13760	13398	4.3e-11	72.8
NCVOG0248-consensus	NODE_20_length_320747_cov_12.622961	30.53	475	241	89	84	495	59311	60650	4.2e-11	73.2
NCVOG4804-consensus	NODE_39_length_216344_cov_12.577647	62.04	108	33	8	68	175	20767	21063	8e-24	114.1
NCVOG4804-consensus	NODE_28_length_267294_cov_12.676076	69.23	78	24	0	103	180	32694	32464	3.8e-20	101.9
NCVOG0282-consensus	NODE_3_length_607984_cov_12.710118	27.19	559	347	60	49	590	370884	372416	3e-23	114.3
NCVOG0282-consensus	NODE_6_length_502619_cov_12.428014	26.59	643	395	77	25	608	12321	14160	1.6e-18	98.6
NCVOG0282-consensus	NODE_40_length_214992_cov_12.619906	23.38	556	384	42	51	584	201862	203456	1.3e-14	84.5
NCVOG0282-consensus	NODE_10_length_430446_cov_12.622280	31.35	252	155	18	284	526	139107	139828	1.5e-13	82.1
NCVOG0282-consensus	NODE_32_length_251742_cov_12.721331	26.05	357	226	38	331	657	164830	165867	6.9e-13	79.3
NCVOG0282-consensus	NODE_13_length_407178_cov_12.622219	24.62	585	367	74	75	601	286100	287789	7e-13	79.9
NCVOG0282-consensus	NODE_37_length_219966_cov_12.763299	27.24	580	325	97	25	576	146945	148454	2.2e-12	78.3
NCVOG0282-consensus	NODE_11_length_424084_cov_12.445667	28.31	332	192	46	219	522	342600	341662	2.6e-12	77.7
NCVOG0282-consensus	NODE_10_length_430446_cov_12.622280	26.55	403	268	28	78	458	252358	251197	4.6e-12	77.2
NCVOG0282-consensus	NODE_67_length_121426_cov_12.452719	27.80	205	132	16	325	524	100781	101359	2.4e-11	74.5
NCVOG0282-consensus	NODE_120_length_32205_cov_12.219155	31.82	220	135	15	364	574	8959	8321	6.2e-11	71.2
NCVOG0844-consensus	NODE_6_length_502619_cov_12.428014	31.28	179	108	15	5	177	200212	199712	1.1e-12	77.6
NCVOG2963-consensus	NODE_79_length_97376_cov_12.444722	30.77	195	123	12	130	319	35723	35163	1.6e-12	76.6
NCVOG2963-consensus	NODE_1_length_893300_cov_12.597769	38.14	194	93	27	135	321	584067	584585	4.3e-12	75.8
NCVOG4883-consensus	NODE_2_length_699377_cov_12.543642	27.65	481	264	84	36	460	557831	559182	4.7e-20	102.8
NCVOG2979-consensus	NODE_87_length_83306_cov_12.783465	27.94	204	142	5	40	242	1097	1693	2.5e-16	88.7
NCVOG0360-consensus	NODE_64_length_125067_cov_12.828858	42.76	297	162	8	24	315	106224	107102	2.2e-54	216.1
NCVOG0979-consensus	NODE_86_length_83913_cov_13.079059	45.56	338	154	30	19	328	64279	65279	5.3e-41	171.2
NCVOG0274-consensus	NODE_6_length_502619_cov_12.428014	33.92	1430	703	242	130	1372	459669	455558	2.6e-79	299.8
NCVOG0274-consensus	NODE_70_length_112175_cov_12.824163	38.08	1389	686	174	132	1368	39224	35133	9.6e-59	232.5
NCVOG0274-consensus	NODE_76_length_106157_cov_139.310945	26.27	883	503	148	22	849	105745	103379	1.3e-42	178.8
NCVOG0274-consensus	NODE_1_length_893300_cov_12.597769	30.09	1233	656	206	162	1220	462836	459249	2.7e-34	151.7
NCVOG0074-consensus	NODE_37_length_219966_cov_12.763299	65.28	599	208	0	12	610	54922	56715	4.5e-201	704.6
NCVOG0074-consensus	NODE_9_length_437411_cov_12.581529	58.93	599	240	6	15	610	288413	286629	1.4e-176	623.2
NCVOG0074-consensus	NODE_27_length_269402_cov_12.439064	56.32	609	257	9	15	619	19613	17805	4.6e-169	598.3
NCVOG0074-consensus	NODE_23_length_293280_cov_12.352762	44.61	621	325	19	12	626	211019	212839	2.2e-130	469.7
NCVOG0074-consensus	NODE_35_length_237407_cov_12.535052	44.89	626	324	21	7	624	217755	219590	4.2e-130	468.1
NCVOG0074-consensus	NODE_31_length_261783_cov_12.739368	31.25	416	271	15	101	502	253958	252717	2e-40	170.5
NCVOG0074-consensus	NODE_1_length_893300_cov_12.597769	34.82	425	239	38	6	394	191082	192343	9e-30	135.6
NCVOG0074-consensus	NODE_75_length_107069_cov_12.752533	45.14	144	79	0	13	156	86601	87029	1.8e-27	127.4
NCVOG0074-consensus	NODE_115_length_40541_cov_12.912416	36.84	437	213	63	108	544	37064	38182	6e-21	104.3
NCVOG0074-consensus	NODE_64_length_125067_cov_12.828858	27.87	366	239	25	62	403	36670	35579	5.7e-20	102.7
NCVOG1299-consensus	NODE_41_length_214955_cov_12.546073	36.72	177	54	58	26	144	86814	86291	2.3e-12	75.7
NCVOG1196-consensus	NODE_21_length_309811_cov_12.401807	27.15	604	384	56	328	910	297244	295541	6.3e-25	120.3
NCVOG1196-consensus	NODE_5_length_517570_cov_12.510389	28.04	674	445	40	289	947	436176	434243	3.4e-24	117.8
NCVOG1196-consensus	NODE_7_length_482099_cov_12.533584	22.76	747	522	55	299	1023	416904	419042	9.1e-21	106.4
NCVOG0064-consensus	NODE_1_length_893300_cov_12.597769	25.28	360	229	40	23	356	587979	589013	1.1e-12	78.4
NCVOG4324-consensus	NODE_53_length_169611_cov_12.645056	30.90	479	269	62	142	588	124962	126305	5.3e-23	113.0
NCVOG4134-consensus	NODE_24_length_285625_cov_12.808183	32.38	488	249	81	39	458	264572	263159	1.2e-25	121.3
NCVOG0334-consensus	NODE_12_length_420860_cov_12.475231	35.75	358	181	49	6	324	356747	355711	4.6e-21	105.4
NCVOG0304-consensus	NODE_11_length_424084_cov_12.445667	31.02	187	100	29	52	212	342327	341779	4e-11	73.0
NCVOG0304-consensus	NODE_35_length_237407_cov_12.535052	31.51	219	130	20	49	254	56172	55540	7.1e-11	72.4
NCVOG0214-consensus	NODE_19_length_322426_cov_12.666197	31.92	213	134	11	268	480	159723	159121	1.7e-21	108.4
NCVOG0214-consensus	NODE_77_length_105580_cov_12.394112	32.03	256	162	12	268	515	70110	69358	5.8e-19	99.4
NCVOG0214-consensus	NODE_21_length_309811_cov_12.401807	30.49	328	207	21	262	582	282559	283493	1.7e-17	95.1
NCVOG0214-consensus	NODE_105_length_50658_cov_12.849410	25.65	538	353	47	27	541	40370	38836	4.3e-12	75.6
NCVOG0214-consensus	NODE_38_length_218831_cov_12.592606	31.42	261	147	32	263	506	204642	203916	8.5e-12	75.0
NCVOG0214-consensus	NODE_7_length_482099_cov_12.533584	32.38	210	130	12	393	596	326547	325949	3.2e-11	74.2
NCVOG0214-consensus	NODE_40_length_214992_cov_12.619906	25.92	436	296	27	52	478	6063	7297	5.6e-11	73.4
NCVOG0004-consensus	NODE_2_length_699377_cov_12.543642	31.60	212	134	11	72	283	527186	527785	1.5e-17	94.9
NCVOG0276-consensus	NODE_34_length_242161_cov_12.479652	57.43	350	92	57	45	337	135836	136874	3.2e-55	219.3
NCVOG4689-consensus	NODE_21_length_309811_cov_12.401807	28.48	597	383	44	76	655	297279	295583	6.8e-13	79.7
NCVOG4882-consensus	NODE_27_length_269402_cov_12.439064	33.33	372	219	29	373	724	151511	152590	5.5e-22	110.0
NCVOG2204-consensus	NODE_54_length_167324_cov_12.750674	26.87	469	230	113	73	429	81826	80430	4.8e-18	96.1
NCVOG0777-consensus	NODE_4_length_521025_cov_12.596912	26.79	560	333	77	29	557	109801	108283	1.1e-21	109.9
NCVOG0777-consensus	NODE_4_length_521025_cov_12.596912	32.42	330	181	42	154	454	108730	109677	5.5e-20	104.2
NCVOG0777-consensus	NODE_10_length_430446_cov_12.622280	38.73	173	91	15	151	311	405281	405787	9.8e-19	99.9
NCVOG0777-consensus	NODE_10_length_430446_cov_12.622280	30.93	333	180	50	106	422	406159	405280	9.8e-15	86.6
NCVOG0777-consensus	NODE_10_length_430446_cov_12.622280	37.63	186	93	23	143	311	127181	127717	1.1e-14	86.6
NCVOG0777-consensus	NODE_9_length_437411_cov_12.581529	34.05	232	131	22	100	311	58094	58776	7.3e-14	83.9
NCVOG0777-consensus	NODE_33_length_249778_cov_12.302430	31.28	227	141	15	159	374	179885	180546	3.2e-13	81.2
NCVOG0777-consensus	NODE_6_length_502619_cov_12.428014	30.45	289	158	43	136	404	340574	341368	3.3e-13	81.7
NCVOG0777-consensus	NODE_60_length_133443_cov_12.304973	27.62	525	283	97	118	613	10357	11708	4.1e-12	77.9
NCVOG0777-consensus	NODE_32_length_251742_cov_12.721331	31.97	294	150	50	97	365	31010	30219	4.6e-12	77.9
NCVOG0777-consensus	NODE_9_length_437411_cov_12.581529	30.14	209	131	15	193	388	58787	58170	5.5e-12	77.7
NCVOG0777-consensus	NODE_21_length_309811_cov_12.401807	33.48	227	127	24	120	330	91997	91348	9.3e-11	73.6
NCVOG2610-consensus	NODE_19_length_322426_cov_12.666197	30.59	219	133	19	101	319	159716	159120	1.7e-11	74.1
NCVOG0976-consensus	NODE_3_length_607984_cov_12.710118	31.62	136	86	7	246	379	12098	11713	2e-11	73.9
NCVOG4966-consensus	NODE_5_length_517570_cov_12.510389	25.35	434	296	28	54	483	435466	434240	1.8e-18	97.7
NCVOG0185-consensus	NODE_16_length_350289_cov_12.359457	33.01	209	122	18	10	211	150542	151126	6e-18	95.0
NCVOG0185-consensus	NODE_148_length_12072_cov_12.285869	35.12	168	89	20	36	186	9120	8633	1.1e-14	80.5
NCVOG0185-consensus	NODE_26_length_277140_cov_12.912800	40.15	132	71	8	18	142	139147	138758	5.7e-13	78.4
NCVOG0185-consensus	NODE_26_length_277140_cov_12.912800	37.40	123	68	9	9	130	139610	139269	2.8e-14	82.7
NCVOG0185-consensus	NODE_1775_length_159_cov_1.256098	49.02	51	26	0	36	86	157	8	3.1e-12	66.1
NCVOG0185-consensus	NODE_2450_length_149_cov_8.194444	51.02	49	24	0	36	84	147	4	7.4e-12	64.7
NCVOG0185-consensus	NODE_564_length_387_cov_23.229032	33.04	115	67	10	28	142	9	320	7e-11	62.9
NCVOG0185-consensus	NODE_45_length_196587_cov_12.305094	37.87	169	84	21	1	154	174058	173581	7.7e-11	69.7
NCVOG3000-consensus	NODE_21_length_309811_cov_12.401807	30.64	173	88	32	53	220	283303	282877	7.1e-11	71.4
NCVOG0320-consensus	NODE_16_length_350289_cov_12.359457	38.46	208	106	22	8	206	227643	228224	6.5e-13	78.0
NCVOG0030-consensus	NODE_1_length_893300_cov_12.597769	34.80	523	240	101	29	472	357511	356016	1.7e-27	128.2
NCVOG0030-consensus	NODE_16_length_350289_cov_12.359457	38.40	237	135	11	267	500	345891	345208	1.8e-27	126.6
NCVOG0030-consensus	NODE_20_length_320747_cov_12.622961	28.57	462	259	71	42	475	290006	288753	7.9e-11	72.9
NCVOG4494-consensus	NODE_3_length_607984_cov_12.710118	34.52	197	108	21	15	190	480956	480369	3.8e-13	80.0
NCVOG4494-consensus	NODE_59_length_135042_cov_12.605016	36.36	176	108	4	20	193	24651	25169	1.9e-12	77.6
NCVOG4494-consensus	NODE_12_length_420860_cov_12.475231	33.10	284	168	22	45	319	339946	340755	3e-12	76.7
NCVOG4494-consensus	NODE_28_length_267294_cov_12.676076	35.37	147	93	2	55	199	13501	13064	3.5e-11	73.5
NCVOG4494-consensus	NODE_57_length_144914_cov_12.709860	40.15	132	76	3	25	153	70160	70552	8.7e-11	72.1
NCVOG0077-consensus	NODE_79_length_97376_cov_12.444722	35.17	236	139	14	479	704	44422	45114	5.3e-25	119.3
NCVOG0077-consensus	NODE_57_length_144914_cov_12.709860	31.76	403	233	42	339	714	20539	19385	4.9e-19	100.0
NCVOG0077-consensus	NODE_153_length_9680_cov_22.099032	32.77	177	109	10	538	708	9680	9165	2.5e-14	80.4
NCVOG0077-consensus	NODE_31_length_261783_cov_12.739368	28.79	389	211	66	361	698	185362	184244	6.4e-14	82.6
NCVOG0077-consensus	NODE_77_length_105580_cov_12.394112	27.57	457	231	100	285	645	100046	98695	1.2e-12	78.3
NCVOG0077-consensus	NODE_44_length_201804_cov_12.735400	28.32	279	185	15	320	595	67515	68312	6.4e-12	76.4
NCVOG0077-consensus	NODE_88_length_81796_cov_12.516954	36.89	244	132	22	461	697	73162	73845	4.1e-11	72.9
NCVOG0196-consensus	NODE_45_length_196587_cov_12.305094	31.84	179	106	16	314	485	174233	173727	1.6e-12	76.4
NCVOG0196-consensus	NODE_29_length_266531_cov_12.405278	34.34	166	94	15	360	521	242477	242934	1.8e-11	74.3
NCVOG0267-consensus	NODE_23_length_293280_cov_12.352762	26.21	412	259	45	328	722	184082	182934	4e-28	130.8
NCVOG0267-consensus	NODE_11_length_424084_cov_12.445667	28.50	414	248	48	327	721	36806	35655	3e-25	121.4
NCVOG0267-consensus	NODE_1_length_893300_cov_12.597769	28.96	473	288	48	291	748	175977	177293	9.3e-25	119.7
NCVOG0267-consensus	NODE_33_length_249778_cov_12.302430	31.23	413	248	36	328	733	223149	222001	1.5e-22	111.9
NCVOG0267-consensus	NODE_30_length_262461_cov_12.495832	27.11	509	253	118	329	737	129250	130707	8.1e-14	83.4
NCVOG0267-consensus	NODE_27_length_269402_cov_12.439064	30.14	418	246	46	325	718	133409	132229	7.8e-13	80.1
NCVOG0267-consensus	NODE_105_length_50658_cov_12.849410	26.61	372	214	59	418	741	24174	25247	1.6e-11	74.2
NCVOG0517-consensus	NODE_1_length_893300_cov_12.597769	35.16	182	98	20	164	333	584067	584585	5.7e-12	75.5
NCVOG0046-consensus	NODE_81_length_90354_cov_12.431228	60.29	68	25	2	7	72	5474	5674	3.9e-13	78.5
NCVOG1337-consensus	NODE_15_length_364944_cov_12.534884	31.25	192	106	26	80	249	46314	46874	8.8e-13	77.8
NCVOG0037-consensus	NODE_10_length_430446_cov_12.622280	45.04	1108	465	144	77	1042	273778	277084	4.5e-87	326.7
NCVOG0037-consensus	NODE_9_length_437411_cov_12.581529	41.47	1126	407	252	70	947	316186	319528	1.2e-44	185.6
NCVOG0007-consensus	NODE_14_length_391342_cov_12.438537	31.46	410	210	71	20	358	129173	127949	3.5e-28	129.5
NCVOG1115-consensus	NODE_127_length_25168_cov_11.897852	36.16	307	167	29	131	409	2396	1486	1.2e-35	151.9
NCVOG1115-consensus	NODE_76_length_106157_cov_139.310945	27.43	226	141	23	191	407	13921	13289	4.9e-15	85.5
NCVOG0015-consensus	NODE_32_length_251742_cov_12.721331	32.92	161	99	9	99	251	87690	88166	8.7e-12	75.4
NCVOG0005-consensus	NODE_3_length_607984_cov_12.710118	23.66	393	276	24	41	418	33669	34817	4.5e-11	73.0
NCVOG0486-consensus	NODE_24_length_285625_cov_12.808183	31.11	360	194	54	63	376	240950	239902	1.1e-20	104.5
NCVOG0806-consensus	NODE_33_length_249778_cov_12.302430	29.35	402	212	72	114	447	44247	43065	1.5e-17	94.4
NCVOG0806-consensus	NODE_34_length_242161_cov_12.479652	32.58	396	196	71	99	428	108784	109947	1.9e-14	84.1
NCVOG0806-consensus	NODE_8_length_445801_cov_12.656794	39.30	486	201	94	50	447	232180	233610	7.2e-14	82.2
NCVOG0987-consensus	NODE_4_length_521025_cov_12.596912	27.65	340	207	39	151	472	109391	108442	2.1e-12	79.0
NCVOG0706-consensus	NODE_12_length_420860_cov_12.475231	38.97	408	201	48	36	397	316829	318035	4.5e-38	162.2
NCVOG1066-consensus	NODE_160_length_7764_cov_17.262131	36.36	165	88	17	2	162	4321	3869	2e-13	76.0
NCVOG0346-consensus	NODE_237_length_1548_cov_19.312712	34.85	66	42	1	31	95	1203	1397	1.1e-12	69.6
NCVOG1326-consensus	NODE_41_length_214955_cov_12.546073	45.64	149	78	3	5	150	43498	43055	2.5e-26	122.0
NCVOG0036-consensus	NODE_66_length_124537_cov_12.636462	34.06	276	145	37	87	334	105067	105862	1.2e-15	87.5
NCVOG4561-consensus	NODE_4_length_521025_cov_12.596912	27.30	315	204	25	37	336	109634	108723	6.4e-11	72.4
NCVOG0222-consensus	NODE_15_length_364944_cov_12.534884	25.96	443	313	15	69	506	28889	27594	1.6e-18	97.9
NCVOG0222-consensus	NODE_27_length_269402_cov_12.439064	26.33	319	209	26	72	380	48737	47832	2e-11	74.3
NCVOG0014-consensus	NODE_32_length_251742_cov_12.721331	27.74	274	185	13	134	404	87720	88508	2.3e-17	94.1
NCVOG0002-consensus	NODE_88_length_81796_cov_12.516954	33.26	445	254	43	332	745	6827	8122	4e-31	139.6
NCVOG0002-consensus	NODE_38_length_218831_cov_12.592606	29.91	642	381	69	214	812	188079	186237	1.4e-28	130.9
NCVOG1194-consensus	NODE_2450_length_149_cov_8.194444	50.00	48	24	0	62	109	149	9	9.2e-13	68.2
NCVOG1194-consensus	NODE_1775_length_159_cov_1.256098	46.30	54	28	1	62	114	159	5	4.5e-12	66.0
NCVOG4845-consensus	NODE_44_length_201804_cov_12.735400	27.52	516	307	67	119	621	1908	548	3.5e-18	97.0
NCVOG4845-consensus	NODE_107_length_49061_cov_12.335109	28.11	555	297	102	99	629	47263	45836	1.7e-14	83.2
NCVOG4845-consensus	NODE_17_length_337630_cov_12.580374	26.75	501	308	59	134	621	202362	201007	2.5e-11	74.3
NCVOG2775-consensus	NODE_23_length_293280_cov_12.352762	33.86	254	162	6	153	403	44657	45406	1.1e-24	118.5
NCVOG2775-consensus	NODE_4_length_521025_cov_12.596912	35.61	205	111	21	201	398	396839	397404	2.3e-15	87.6
NCVOG2775-consensus	NODE_2_length_699377_cov_12.543642	38.10	210	128	2	178	387	475048	474428	3.2e-14	83.8
NCVOG2775-consensus	NODE_106_length_50203_cov_12.689881	30.49	164	114	0	224	387	12373	11885	2.5e-12	75.9
NCVOG2775-consensus	NODE_37_length_219966_cov_12.763299	29.67	182	121	7	95	270	177020	176483	7.5e-12	74.8
NCVOG0924-consensus	NODE_46_length_191455_cov_12.542100	36.50	200	105	22	3	187	99955	99380	6.9e-15	84.3
NCVOG0924-consensus	NODE_4_length_521025_cov_12.596912	35.50	200	107	22	3	187	133023	133598	5.4e-14	81.4
NCVOG0275-consensus	NODE_25_length_280196_cov_12.794898	38.02	121	70	5	7	122	145569	145928	1.2e-13	80.2
NCVOG0275-consensus	NODE_46_length_191455_cov_12.542100	48.31	89	46	0	7	95	87851	87588	7.6e-12	74.3
NCVOG1175-consensus	NODE_19_length_322426_cov_12.666197	31.28	211	127	18	10	212	190247	189652	7e-13	77.9
NCVOG0729-consensus	NODE_122_length_30593_cov_11.951173	32.91	550	249	120	48	493	18061	19657	2.8e-14	81.6
NCVOG5103-consensus	NODE_9_length_437411_cov_12.581529	31.00	200	132	6	309	505	177013	177600	3.5e-14	84.5
NCVOG5103-consensus	NODE_15_length_364944_cov_12.534884	30.95	210	125	20	310	502	124965	125580	2.5e-11	75.0
NCVOG5103-consensus	NODE_78_length_104653_cov_12.736966	25.75	268	169	30	293	539	98638	99411	3.7e-11	73.9
NCVOG4874-consensus	NODE_104_length_50966_cov_13.253827	40.29	407	186	57	16	368	33615	32411	2.6e-44	181.5
NCVOG4874-consensus	NODE_43_length_202560_cov_12.493686	40.57	387	183	47	11	366	141064	142171	1.3e-34	150.9
NCVOG4605-consensus	NODE_23_length_293280_cov_12.352762	25.60	586	388	48	50	605	157032	158728	3.9e-17	93.8
NCVOG4605-consensus	NODE_13_length_407178_cov_12.622219	33.64	428	228	56	69	465	131693	132882	4e-17	93.8
NCVOG4605-consensus	NODE_77_length_105580_cov_12.394112	31.43	350	208	32	170	506	70201	69218	2.7e-16	90.5
NCVOG4605-consensus	NODE_77_length_105580_cov_12.394112	26.69	547	330	71	49	554	66822	65293	8.4e-12	75.6
NCVOG4605-consensus	NODE_21_length_309811_cov_12.401807	27.72	451	278	48	157	590	282238	283486	6.4e-15	86.4
NCVOG4605-consensus	NODE_19_length_322426_cov_12.666197	29.24	301	188	25	202	496	159946	159116	6.2e-14	83.2
NCVOG4605-consensus	NODE_87_length_83306_cov_12.783465	31.00	458	230	86	27	460	21071	19891	1.5e-12	77.7
NCVOG4605-consensus	NODE_7_length_482099_cov_12.533584	27.79	421	275	29	175	573	326835	325613	8.2e-12	76.1
NCVOG4605-consensus	NODE_148_length_12072_cov_12.285869	29.76	336	205	31	218	538	8111	7165	4.2e-11	70.1
NCVOG1136-consensus	NODE_50_length_177462_cov_12.388773	48.39	310	135	25	193	479	59630	58710	1.4e-66	257.4
NCVOG0059-consensus	NODE_17_length_337630_cov_12.580374	32.69	156	96	9	197	347	90223	90675	3.4e-14	83.3
NCVOG1049-consensus	NODE_54_length_167324_cov_12.750674	36.87	179	103	10	7	184	11711	11205	5.8e-14	82.1
NCVOG0191-consensus	NODE_10_length_430446_cov_12.622280	31.22	205	126	15	25	229	405287	405853	9.1e-14	80.7
NCVOG0191-consensus	NODE_4_length_521025_cov_12.596912	32.87	216	116	29	23	225	109304	108708	8.7e-13	77.6
NCVOG1009-consensus	NODE_29_length_266531_cov_12.405278	32.86	210	129	12	165	364	111669	111051	1.9e-12	77.6
NCVOG0901-consensus	NODE_17_length_337630_cov_12.580374	43.37	196	66	45	30	180	164927	165509	5.2e-26	121.3
NCVOG2980-consensus	NODE_33_length_249778_cov_12.302430	26.30	422	240	71	105	472	8418	7217	6.7e-15	85.7
NCVOG1298-consensus	NODE_14_length_391342_cov_12.438537	30.75	348	215	26	234	575	25362	24388	1.9e-18	97.9
NCVOG1298-consensus	NODE_5_length_517570_cov_12.510389	27.42	372	244	26	224	572	435934	434831	6.7e-17	92.7
NCVOG1298-consensus	NODE_5_length_517570_cov_12.510389	32.15	311	188	23	310	605	434824	433931	1.3e-14	85.1
NCVOG1298-consensus	NODE_79_length_97376_cov_12.444722	30.32	221	140	14	370	582	35729	35092	4.8e-11	72.6
NCVOG1272-consensus	NODE_5_length_517570_cov_12.510389	22.76	703	498	45	1459	2136	436189	434146	2.2e-12	79.5
NCVOG0450-consensus	NODE_79_length_97376_cov_12.444722	41.81	354	186	20	100	443	49959	50987	4.8e-63	244.9
NCVOG0450-consensus	NODE_79_length_97376_cov_12.444722	50.68	73	34	2	214	286	50991	51200	1.4e-12	77.3
NCVOG0450-consensus	NODE_33_length_249778_cov_12.302430	46.39	291	137	19	116	401	230736	229909	5.1e-60	234.9
NCVOG0450-consensus	NODE_43_length_202560_cov_12.493686	44.53	274	132	20	119	389	77350	76583	1.1e-46	191.3
NCVOG0450-consensus	NODE_74_length_109419_cov_12.811097	40.75	265	122	35	141	401	91028	91726	1.9e-29	133.5
NCVOG0450-consensus	NODE_26_length_277140_cov_12.912800	46.23	106	53	4	149	253	70405	70710	1e-13	81.7
NCVOG0652-consensus	NODE_72_length_110800_cov_12.625290	29.52	332	199	35	118	422	47590	48558	4.5e-24	115.6
NCVOG0652-consensus	NODE_31_length_261783_cov_12.739368	33.05	351	206	29	91	413	9572	8530	9.7e-22	108.3
NCVOG4522-consensus	NODE_2_length_699377_cov_12.543642	33.66	205	72	64	262	402	259889	259282	5.4e-16	89.3
NCVOG1352-consensus	NODE_25_length_280196_cov_12.794898	32.52	206	131	8	12	209	256380	255766	2.6e-21	105.8
NCVOG5117-consensus	NODE_10_length_430446_cov_12.622280	34.06	323	184	29	648	965	406170	405289	1.3e-21	109.7
NCVOG5117-consensus	NODE_10_length_430446_cov_12.622280	27.50	651	358	114	729	1361	127758	126113	9.4e-20	103.7
NCVOG5117-consensus	NODE_6_length_502619_cov_12.428014	37.65	170	89	17	802	965	340574	341047	2.1e-16	92.6
NCVOG5117-consensus	NODE_33_length_249778_cov_12.302430	38.15	173	84	23	799	965	180357	179893	6.3e-16	90.4
NCVOG5117-consensus	NODE_9_length_437411_cov_12.581529	30.77	312	181	35	746	1023	58925	58000	4.2e-15	88.2
NCVOG5117-consensus	NODE_21_length_309811_cov_12.401807	30.15	272	174	16	713	978	105271	104493	1.1e-14	86.9
NCVOG5117-consensus	NODE_4_length_521025_cov_12.596912	32.88	292	148	48	728	975	109850	108990	3.7e-12	78.5
NCVOG5117-consensus	NODE_16_length_350289_cov_12.359457	40.67	150	64	25	802	951	114112	113741	7.8e-12	77.4
NCVOG5117-consensus	NODE_5_length_517570_cov_12.510389	29.89	368	209	49	657	1003	512904	513914	9.2e-12	76.0
NCVOG5117-consensus	NODE_1_length_893300_cov_12.597769	34.05	232	117	36	775	1001	179140	179735	1.4e-11	76.6
NCVOG0052-consensus	NODE_1_length_893300_cov_12.597769	35.14	111	65	7	31	140	810866	810559	2.4e-11	72.8
NCVOG4122-consensus	NODE_33_length_249778_cov_12.302430	34.90	341	202	20	122	446	73573	74580	1.2e-19	101.5
NCVOG4122-consensus	NODE_79_length_97376_cov_12.444722	22.41	357	267	10	114	468	49653	50696	1.1e-17	94.4
NCVOG0032-consensus	NODE_4_length_521025_cov_12.596912	27.93	598	312	119	286	873	90753	89290	8.2e-16	89.7
NCVOG0032-consensus	NODE_21_length_309811_cov_12.401807	27.06	802	372	213	252	853	73737	71382	4.2e-14	84.0
NCVOG0032-consensus	NODE_11_length_424084_cov_12.445667	26.94	798	350	233	239	828	32122	34423	7.1e-13	79.9
NCVOG0032-consensus	NODE_63_length_129102_cov_12.770711	29.30	273	163	30	564	818	93778	93005	7.4e-13	79.6
NCVOG0032-consensus	NODE_3_length_607984_cov_12.710118	26.01	815	448	155	48	775	463156	460927	1.3e-12	79.1
NCVOG0032-consensus	NODE_6_length_502619_cov_12.428014	23.47	835	515	124	112	834	50779	53220	1.5e-12	78.8
NCVOG0032-consensus	NODE_112_length_42382_cov_12.506678	27.57	671	327	159	293	833	18991	17073	1.6e-12	76.9
NCVOG0302-consensus	NODE_10_length_430446_cov_12.622280	30.37	326	170	57	263	535	30182	29228	2.2e-12	77.5
NCVOG0302-consensus	NODE_9_length_437411_cov_12.581529	30.36	224	121	35	327	525	40354	39716	4.7e-12	76.5
NCVOG0302-consensus	NODE_40_length_214992_cov_12.619906	24.91	269	185	17	3	260	125057	124280	8.3e-12	75.6
NCVOG0302-consensus	NODE_67_length_121426_cov_12.452719	28.50	200	131	12	260	454	100778	101353	7.8e-11	72.1
NCVOG0012-consensus	NODE_1_length_893300_cov_12.597769	46.71	152	61	20	302	436	179606	179163	2.6e-15	87.1
NCVOG0012-consensus	NODE_10_length_430446_cov_12.622280	42.79	208	99	20	219	414	405275	405865	2.7e-15	86.9
NCVOG0012-consensus	NODE_10_length_430446_cov_12.622280	41.09	202	64	55	268	414	127120	127720	1.9e-12	77.7
NCVOG0012-consensus	NODE_1112_length_223_cov_0.881579	71.43	56	14	2	321	376	222	64	1.9e-12	68.3
NCVOG0012-consensus	NODE_33_length_249778_cov_12.302430	46.53	144	49	28	296	411	179912	180340	2.4e-12	76.7
NCVOG0012-consensus	NODE_9_length_437411_cov_12.581529	38.10	189	77	40	256	412	58260	58797	4.4e-12	76.4
NCVOG0012-consensus	NODE_2529_length_144_cov_7.194030	72.00	50	12	2	318	367	144	4	1.6e-11	64.6
NCVOG0012-consensus	NODE_2505_length_145_cov_7.279412	72.00	50	12	2	318	367	145	5	1.9e-11	64.3
NCVOG0012-consensus	NODE_5_length_517570_cov_12.510389	31.44	369	179	74	85	432	514171	513239	5.6e-11	71.7
NCVOG1127-consensus	NODE_52_length_174009_cov_12.377791	28.22	202	133	12	82	277	141464	142048	6e-15	86.2
NCVOG0868-consensus	NODE_16_length_350289_cov_12.359457	60.61	66	25	1	158	222	150569	150763	1.8e-17	93.9
NCVOG0868-consensus	NODE_26_length_277140_cov_12.912800	30.30	165	98	17	103	255	139288	138816	1.5e-13	80.9
NCVOG0868-consensus	NODE_26_length_277140_cov_12.912800	52.94	68	29	3	156	220	139526	139326	4.6e-13	79.3
NCVOG0868-consensus	NODE_1775_length_159_cov_1.256098	52.94	51	24	0	158	208	157	8	1.3e-12	67.9
NCVOG0868-consensus	NODE_73_length_110042_cov_12.634675	53.52	71	29	4	155	222	15021	15227	3.9e-12	75.8
NCVOG0868-consensus	NODE_45_length_196587_cov_12.305094	54.17	72	26	7	158	222	173990	173778	9.3e-12	73.3
NCVOG0868-consensus	NODE_58_length_136775_cov_12.029964	36.13	155	90	9	159	306	15240	15685	1.5e-11	74.1
NCVOG0281-consensus	NODE_42_length_205970_cov_12.268795	21.39	949	654	92	16	922	200859	203552	5.7e-12	75.5
NCVOG0181-consensus	NODE_125_length_25631_cov_12.812828	27.58	359	231	29	92	432	9055	8017	2e-24	114.7
NCVOG0181-consensus	NODE_102_length_51356_cov_12.287896	29.83	238	162	5	57	290	26073	26780	1.4e-22	109.6
NCVOG0181-consensus	NODE_24_length_285625_cov_12.808183	24.53	375	250	33	80	439	244857	243790	8e-19	98.5
NCVOG0181-consensus	NODE_70_length_112175_cov_12.824163	27.68	271	175	21	96	361	91991	92748	3e-18	96.3
NCVOG0181-consensus	NODE_53_length_169611_cov_12.645056	28.95	342	206	37	99	421	154607	155573	1.7e-14	81.4
NCVOG0181-consensus	NODE_20_length_320747_cov_12.622961	26.15	218	142	19	98	308	3902	3288	5.1e-11	72.7
NCVOG1188-consensus	NODE_45_length_196587_cov_12.305094	33.84	198	116	15	34	218	174166	173586	1.2e-13	79.1
NCVOG0190-consensus	NODE_1_length_893300_cov_12.597769	32.26	217	115	32	183	396	179609	179049	7.1e-18	95.7
NCVOG0190-consensus	NODE_45_length_196587_cov_12.305094	40.00	160	71	25	182	327	174107	173664	2.7e-14	82.2
NCVOG0190-consensus	NODE_9_length_437411_cov_12.581529	32.47	154	93	11	140	289	585	152	4.8e-14	83.0
NCVOG0190-consensus	NODE_73_length_110042_cov_12.634675	41.44	111	53	12	181	291	15012	15305	5.2e-14	82.4
NCVOG0190-consensus	NODE_4_length_521025_cov_12.596912	30.54	167	107	9	163	326	199362	199841	6.7e-13	79.2
NCVOG0190-consensus	NODE_16_length_350289_cov_12.359457	54.88	82	31	6	183	259	150536	150775	8.1e-13	78.9
NCVOG0190-consensus	NODE_10_length_430446_cov_12.622280	42.37	118	53	15	183	289	405344	405682	1.8e-12	77.6
NCVOG0190-consensus	NODE_56_length_149631_cov_12.317092	41.67	96	43	13	185	280	149631	149386	4.4e-12	76.5
NCVOG0190-consensus	NODE_26_length_277140_cov_12.912800	35.62	146	64	30	167	289	139081	138670	4.4e-12	76.5
NCVOG0190-consensus	NODE_2529_length_144_cov_7.194030	54.35	46	21	0	215	260	139	5	1.5e-11	64.7
NCVOG0190-consensus	NODE_5_length_517570_cov_12.510389	26.56	256	155	33	88	315	514174	513425	1.6e-11	73.5
NCVOG0190-consensus	NODE_16_length_350289_cov_12.359457	28.37	356	197	58	18	358	113318	114243	3.5e-11	73.5
NCVOG0190-consensus	NODE_9_length_437411_cov_12.581529	28.01	282	168	35	89	341	58171	58979	4.2e-11	73.2
NCVOG0190-consensus	NODE_2786_length_133_cov_16.392857	54.55	44	20	0	217	260	133	5	7.2e-11	62.3
NCVOG0190-consensus	NODE_564_length_387_cov_23.229032	38.40	125	61	16	178	288	18	383	7.3e-11	63.8
NCVOG0190-consensus	NODE_32_length_251742_cov_12.721331	34.51	142	82	11	183	315	234407	234817	7.4e-11	71.9
NCVOG0190-consensus	NODE_33_length_249778_cov_12.302430	31.68	161	86	24	153	292	179741	180211	8.8e-11	71.6
NCVOG0025-consensus	NODE_48_length_186182_cov_12.678918	28.51	456	237	89	100	521	15607	16802	1.4e-16	91.4
NCVOG0025-consensus	NODE_51_length_175624_cov_12.422148	27.80	482	278	70	53	521	169755	168488	1.9e-14	81.9
NCVOG0025-consensus	NODE_98_length_58553_cov_12.376702	27.31	443	262	60	93	515	12846	14047	7.2e-14	81.1
NCVOG0025-consensus	NODE_1_length_893300_cov_12.597769	26.67	390	229	57	104	487	741376	740363	2.2e-13	80.8
NCVOG0025-consensus	NODE_32_length_251742_cov_12.721331	24.51	408	261	47	85	491	211850	210768	3.2e-13	79.7
NCVOG0025-consensus	NODE_8_length_445801_cov_12.656794	25.39	382	227	58	111	487	28927	27944	9.5e-12	75.4
NCVOG0025-consensus	NODE_6_length_502619_cov_12.428014	24.26	404	269	37	112	508	330835	329717	1.4e-11	74.8
NCVOG0025-consensus	NODE_61_length_129504_cov_12.834246	29.00	431	233	73	103	497	95403	94229	3.7e-11	73.2
NCVOG0025-consensus	NODE_37_length_219966_cov_12.763299	23.33	403	271	38	85	481	193782	194891	9.1e-11	71.0
NCVOG0271-consensus	NODE_8_length_445801_cov_12.656794	41.47	1167	497	186	179	1168	324339	320885	1.2e-105	388.5
NCVOG0271-consensus	NODE_103_length_51229_cov_154.943932	23.94	1161	725	158	123	1158	22979	19601	5.3e-43	178.8
NCVOG0271-consensus	NODE_3_length_607984_cov_12.710118	28.05	1187	708	146	81	1153	110856	114311	4.8e-22	110.8
NCVOG0271-consensus	NODE_108_length_48552_cov_18.673687	32.11	1224	603	228	80	1105	15106	11530	1.5e-21	107.5
NCVOG4568-consensus	NODE_86_length_83913_cov_13.079059	50.72	207	88	14	289	482	77495	76881	5.2e-14	82.0
NCVOG0061-consensus	NODE_73_length_110042_cov_12.634675	32.11	573	289	100	59	541	57431	55754	1.9e-31	140.5
NCVOG0451-consensus	NODE_33_length_249778_cov_12.302430	36.41	184	111	6	144	321	73834	74382	7.8e-14	82.0
NCVOG1351-consensus	NODE_25_length_280196_cov_12.794898	35.56	284	146	37	174	433	126506	125697	3.2e-24	116.9
NCVOG1351-consensus	NODE_46_length_191455_cov_12.542100	33.47	245	112	51	167	360	190222	189493	6.5e-14	80.8
NCVOG0531-consensus	NODE_53_length_169611_cov_12.645056	28.73	268	174	17	1	260	16646	15873	1.4e-15	87.9
NCVOG0531-consensus	NODE_34_length_242161_cov_12.479652	24.68	235	141	36	8	206	204604	205303	4.6e-11	72.2
NCVOG4907-consensus	NODE_21_length_309811_cov_12.401807	27.95	694	435	65	46	704	297574	295610	8.4e-13	79.4
NCVOG0031-consensus	NODE_103_length_51229_cov_154.943932	25.65	655	412	75	185	784	10677	12578	5e-18	95.9
NCVOG0301-consensus	NODE_10_length_430446_cov_12.622280	28.66	328	173	61	264	537	30179	29222	7.3e-13	79.2
NCVOG1121-consensus	NODE_19_length_322426_cov_12.666197	21.31	244	182	10	141	383	159815	159114	1.2e-11	75.1
NCVOG0021-consensus	NODE_9_length_437411_cov_12.581529	28.35	522	298	76	410	902	178327	176932	5.4e-16	90.5
NCVOG0021-consensus	NODE_10_length_430446_cov_12.622280	28.61	346	195	52	569	903	405897	404992	2.2e-12	78.2
NCVOG0021-consensus	NODE_10_length_430446_cov_12.622280	27.03	444	274	50	569	990	127731	126493	5.4e-12	77.2
NCVOG0021-consensus	NODE_5_length_517570_cov_12.510389	27.11	450	298	30	219	661	435269	434004	6.5e-12	76.9
NCVOG2860-consensus	NODE_33_length_249778_cov_12.302430	33.47	245	149	14	87	319	73852	74577	5.5e-13	79.0
NCVOG0001-consensus	NODE_71_length_111152_cov_12.426631	47.39	249	115	16	313	556	92516	93226	1.5e-46	190.9
NCVOG0001-consensus	NODE_3_length_607984_cov_12.710118	38.98	236	125	19	328	555	43395	42724	2e-34	151.0
NCVOG0001-consensus	NODE_2_length_699377_cov_12.543642	46.22	251	117	18	313	556	63648	62932	4.2e-34	149.9
NCVOG0001-consensus	NODE_2_length_699377_cov_12.543642	38.21	246	110	42	333	547	49390	48691	3.5e-26	123.6
NCVOG0001-consensus	NODE_12_length_420860_cov_12.475231	42.68	246	123	18	314	555	125147	125839	1.9e-33	147.8
NCVOG0001-consensus	NODE_12_length_420860_cov_12.475231	31.78	258	139	37	341	572	126266	127003	6.7e-20	102.7
NCVOG0001-consensus	NODE_86_length_83913_cov_13.079059	31.75	274	173	14	329	598	74271	75059	9.6e-28	128.0
NCVOG0001-consensus	NODE_20_length_320747_cov_12.622961	48.32	238	111	12	323	560	316665	315991	3e-24	114.4
NCVOG0001-consensus	NODE_14_length_391342_cov_12.438537	39.18	194	109	9	363	556	205680	206231	5e-22	109.8
NCVOG0001-consensus	NODE_17_length_337630_cov_12.580374	33.61	244	116	46	351	556	268812	268112	2.9e-18	97.3
NCVOG0001-consensus	NODE_38_length_218831_cov_12.592606	40.10	192	103	12	364	555	175793	175257	1.3e-17	94.0
NCVOG0001-consensus	NODE_11_length_424084_cov_12.445667	33.33	345	164	66	343	623	228066	227045	1.9e-17	94.6
NCVOG0001-consensus	NODE_14_length_391342_cov_12.438537	43.17	183	88	16	331	509	349769	349260	5.2e-17	92.4
NCVOG0001-consensus	NODE_30_length_262461_cov_12.495832	38.37	245	134	17	328	566	161871	162569	8.9e-16	88.6
NCVOG0001-consensus	NODE_30_length_262461_cov_12.495832	38.38	284	126	49	320	565	160842	161655	8.9e-16	88.6
NCVOG0001-consensus	NODE_20_length_320747_cov_12.622961	36.06	269	154	18	305	566	90599	91369	2.1e-15	87.8
NCVOG0001-consensus	NODE_20_length_320747_cov_12.622961	39.11	271	126	39	320	562	89685	90461	2.3e-33	147.5
NCVOG0001-consensus	NODE_27_length_269402_cov_12.439064	28.32	392	202	79	294	619	101338	100209	1.6e-13	81.6
NCVOG0066-consensus	NODE_5_length_517570_cov_12.510389	35.37	328	179	33	113	409	328739	327767	5.5e-25	119.6
NCVOG0066-consensus	NODE_5_length_517570_cov_12.510389	37.28	346	163	54	117	410	331253	330229	2.4e-15	87.6
NCVOG0038-consensus	NODE_57_length_144914_cov_12.709860	27.22	753	471	77	257	966	32582	34725	2.7e-32	144.7
NCVOG0038-consensus	NODE_63_length_129102_cov_12.770711	34.99	883	404	170	219	972	41473	43981	6.1e-32	143.3
NCVOG0038-consensus	NODE_103_length_51229_cov_154.943932	26.94	917	595	75	78	958	44429	41799	9e-28	128.1
NCVOG0038-consensus	NODE_4_length_521025_cov_12.596912	26.67	881	518	128	154	962	41817	44282	1.4e-18	99.1
NCVOG0228-consensus	NODE_7_length_482099_cov_12.533584	29.25	612	374	59	349	922	188045	186282	1.2e-14	85.9
NCVOG0218-consensus	NODE_10_length_430446_cov_12.622280	45.48	321	150	25	632	946	405272	406166	3.7e-38	164.0
NCVOG0218-consensus	NODE_5_length_517570_cov_12.510389	34.32	574	318	59	430	952	514786	513108	3.7e-38	163.1
NCVOG0218-consensus	NODE_10_length_430446_cov_12.622280	36.42	475	259	43	446	886	126519	127891	1.5e-33	148.9
NCVOG0218-consensus	NODE_10_length_430446_cov_12.622280	28.93	636	400	52	354	951	102118	103950	6.7e-14	83.6
NCVOG0218-consensus	NODE_9_length_437411_cov_12.581529	36.24	505	256	66	433	882	57357	58827	8.2e-32	143.1
NCVOG0218-consensus	NODE_9_length_437411_cov_12.581529	33.64	654	334	100	346	911	176478	178388	6.5e-29	133.5
NCVOG0218-consensus	NODE_4_length_521025_cov_12.596912	31.01	603	361	55	340	902	107973	109725	2.5e-27	128.2
NCVOG0218-consensus	NODE_21_length_309811_cov_12.401807	36.06	477	262	43	446	882	103936	105344	2.3e-24	118.4
NCVOG0218-consensus	NODE_33_length_249778_cov_12.302430	43.33	240	123	13	662	895	179828	180519	2.8e-23	114.2
NCVOG0218-consensus	NODE_32_length_251742_cov_12.721331	37.56	402	204	47	580	942	93402	92258	2.3e-22	111.7
NCVOG0218-consensus	NODE_6_length_502619_cov_12.428014	45.67	208	93	20	714	910	341073	340482	3.8e-21	107.7
NCVOG0218-consensus	NODE_1_length_893300_cov_12.597769	37.92	240	139	10	653	882	179911	179199	8.6e-20	103.2
NCVOG0218-consensus	NODE_60_length_133443_cov_12.304973	36.31	336	184	30	598	911	11340	10370	2.6e-19	101.4
NCVOG0218-consensus	NODE_3_length_607984_cov_12.710118	30.20	563	353	40	353	890	11922	10310	4.6e-18	97.5
NCVOG0218-consensus	NODE_52_length_174009_cov_12.377791	34.07	361	205	33	530	857	99842	98769	8.8e-18	96.5
NCVOG0218-consensus	NODE_109_length_47686_cov_12.167951	32.51	323	182	36	450	743	43223	44167	1e-17	94.7
NCVOG0218-consensus	NODE_29_length_266531_cov_12.405278	34.17	319	187	23	590	892	111551	110631	1.2e-17	96.1
NCVOG0218-consensus	NODE_2_length_699377_cov_12.543642	29.49	719	318	189	362	900	485814	483716	1.4e-17	95.9
NCVOG0218-consensus	NODE_26_length_277140_cov_12.912800	37.80	373	191	41	592	930	274459	273391	3.5e-17	94.3
NCVOG0218-consensus	NODE_19_length_322426_cov_12.666197	29.39	667	322	149	350	876	111573	109615	5.5e-17	93.9
NCVOG0218-consensus	NODE_14_length_391342_cov_12.438537	34.72	288	167	21	614	892	82891	82079	6.1e-17	93.7
NCVOG0218-consensus	NODE_4_length_521025_cov_12.596912	27.72	671	388	97	353	941	110143	108205	2.2e-16	91.9
NCVOG0218-consensus	NODE_41_length_214955_cov_12.546073	29.44	771	405	139	351	994	2800	5055	5.9e-16	90.5
NCVOG0218-consensus	NODE_11_length_424084_cov_12.445667	31.52	479	286	42	345	802	101040	102388	1.7e-15	88.9
NCVOG0218-consensus	NODE_11_length_424084_cov_12.445667	26.88	584	365	62	350	876	53349	55070	1.6e-15	89.1
NCVOG0218-consensus	NODE_37_length_219966_cov_12.763299	30.95	378	232	29	581	944	191056	192119	1.8e-15	87.7
NCVOG0218-consensus	NODE_13_length_407178_cov_12.622219	42.52	214	109	14	624	835	133559	132963	5.7e-15	87.2
NCVOG0218-consensus	NODE_128_length_21551_cov_12.001770	27.71	747	437	103	237	900	20135	17964	5.7e-15	84.4
NCVOG0218-consensus	NODE_5_length_517570_cov_12.510389	31.25	528	313	50	383	877	434062	435591	6.3e-15	87.0
NCVOG0218-consensus	NODE_18_length_328372_cov_14.539746	30.66	362	223	28	547	882	162746	161676	2.3e-14	85.2
NCVOG0218-consensus	NODE_43_length_202560_cov_12.493686	29.94	501	297	54	351	822	163567	164985	3.8e-14	83.0
NCVOG0218-consensus	NODE_1112_length_223_cov_0.881579	77.78	54	12	0	775	828	222	64	3.8e-14	75.0
NCVOG0218-consensus	NODE_7_length_482099_cov_12.533584	37.92	240	132	17	712	940	75997	75305	5.4e-14	83.9
NCVOG0218-consensus	NODE_92_length_70462_cov_12.568843	28.06	531	335	47	355	852	60492	62011	8.8e-14	82.1
NCVOG0218-consensus	NODE_16_length_350289_cov_12.359457	55.17	116	40	12	633	746	113739	114053	5.2e-13	80.7
NCVOG0218-consensus	NODE_32_length_251742_cov_12.721331	47.02	151	65	15	666	811	234350	234757	6.2e-13	79.9
NCVOG0218-consensus	NODE_63_length_129102_cov_12.770711	33.00	300	185	16	647	936	51682	50810	7.9e-13	79.9
NCVOG0218-consensus	NODE_2529_length_144_cov_7.194030	79.17	48	10	0	675	722	144	4	8.7e-13	69.9
NCVOG0218-consensus	NODE_9_length_437411_cov_12.581529	45.66	173	85	9	609	772	505	6	8.9e-13	79.9
NCVOG0218-consensus	NODE_2505_length_145_cov_7.279412	80.85	47	9	0	794	840	145	8	9.8e-13	69.8
NCVOG0218-consensus	NODE_39_length_216344_cov_12.577647	27.44	503	294	71	363	800	75881	74412	1.4e-12	79.3
NCVOG0218-consensus	NODE_79_length_97376_cov_12.444722	34.33	367	211	30	484	830	40948	41995	1.4e-12	78.7
NCVOG0218-consensus	NODE_20_length_320747_cov_12.622961	32.21	475	251	71	529	936	75211	76580	1.7e-12	79.0
NCVOG0218-consensus	NODE_15_length_364944_cov_12.534884	32.27	688	338	128	362	946	124059	126034	3.2e-12	78.0
NCVOG0218-consensus	NODE_15_length_364944_cov_12.534884	40.00	220	120	12	674	882	121347	121998	4.7e-13	80.8
NCVOG0218-consensus	NODE_73_length_110042_cov_12.634675	44.65	159	80	8	609	763	14903	15356	3.5e-12	77.5
NCVOG0218-consensus	NODE_59_length_135042_cov_12.605016	35.06	308	181	19	586	880	3904	4776	3.8e-12	77.6
NCVOG0218-consensus	NODE_56_length_149631_cov_12.317092	62.65	83	30	1	673	754	149630	149389	5e-12	77.4
NCVOG0218-consensus	NODE_82_length_88071_cov_12.440996	34.32	338	185	37	590	895	31203	30228	5.3e-12	76.6
NCVOG0218-consensus	NODE_2739_length_134_cov_27.263158	81.82	44	8	0	797	840	134	6	5.4e-12	67.2
NCVOG0218-consensus	NODE_4_length_521025_cov_12.596912	36.24	218	118	21	587	785	267569	268201	9.5e-12	76.5
NCVOG0218-consensus	NODE_2786_length_133_cov_16.392857	81.40	43	8	0	793	835	133	8	1e-11	66.2
NCVOG0218-consensus	NODE_2794_length_133_cov_8.625000	81.40	43	8	0	793	835	133	8	1e-11	66.2
NCVOG0218-consensus	NODE_34_length_242161_cov_12.479652	26.74	688	380	124	339	913	134730	132725	1.2e-11	76.2
NCVOG0218-consensus	NODE_93_length_70298_cov_12.694123	27.57	526	299	82	347	823	11678	10215	1.5e-11	74.7
NCVOG0218-consensus	NODE_21_length_309811_cov_12.401807	33.95	215	132	10	681	889	91878	91251	3.1e-11	74.8
NCVOG0218-consensus	NODE_78_length_104653_cov_12.736966	34.68	248	151	11	635	878	50501	49788	7.4e-11	73.0
NCVOG4524-consensus	NODE_78_length_104653_cov_12.736966	29.02	386	257	17	151	527	28685	29811	1.8e-11	74.0
NCVOG4116-consensus	NODE_33_length_249778_cov_12.302430	27.71	314	201	26	150	447	73288	74196	6.3e-11	72.4
NCVOG0226-consensus	NODE_26_length_277140_cov_12.912800	42.74	124	62	9	31	153	139108	138764	3.4e-13	80.0
NCVOG0226-consensus	NODE_26_length_277140_cov_12.912800	40.00	125	69	6	28	148	139607	139242	3.4e-13	80.0
NCVOG0226-consensus	NODE_16_length_350289_cov_12.359457	38.78	147	75	15	16	160	150548	150938	1.2e-11	74.9
NCVOG4170-consensus	NODE_11_length_424084_cov_12.445667	34.55	191	117	8	129	314	25159	25719	2.1e-18	97.0
NCVOG0720-consensus	NODE_19_length_322426_cov_12.666197	43.03	165	87	7	3	167	154352	154822	6.3e-25	117.5
NCVOG4487-consensus	NODE_46_length_191455_cov_12.542100	26.87	536	313	79	58	532	50744	49220	9.7e-14	82.1
