NCVOG1243-consensus	scaffold_702	26.40	303	182	41	7	296	28402	27581	4.2e-11	69.9
NCVOG0669-consensus	scaffold_878	26.10	272	178	23	210	464	7	801	5.8e-11	68.9
NCVOG0333-consensus	scaffold_873	50.62	81	35	5	599	677	7518	7748	9.1e-12	71.0
NCVOG0333-consensus	scaffold_1433	53.42	73	31	3	605	677	14117	13911	2e-11	70.7
NCVOG0333-consensus	scaffold_357	53.42	73	31	3	605	677	25240	25034	3.8e-11	70.7
NCVOG0233-consensus	scaffold_2055	31.35	488	250	85	450	853	16	1469	1.2e-39	161.8
NCVOG0233-consensus	scaffold_1659	25.10	769	481	95	50	753	12501	10292	7.3e-28	125.4
NCVOG0233-consensus	scaffold_2982	26.35	353	221	39	341	674	182	1177	1.1e-21	101.3
NCVOG0233-consensus	scaffold_1091	26.36	588	364	69	231	760	19414	17695	6.7e-21	102.9
NCVOG0233-consensus	scaffold_1330	31.65	613	313	106	104	610	1847	14	7.2e-19	94.5
NCVOG0233-consensus	scaffold_1903	24.17	542	362	49	180	686	870	2450	2.9e-17	87.8
NCVOG0233-consensus	scaffold_414	25.56	579	327	104	175	670	20949	19281	6e-15	83.7
NCVOG0233-consensus	scaffold_3504	31.38	325	156	67	107	364	1005	36	5.4e-14	75.6
NCVOG0233-consensus	scaffold_88	28.53	368	193	70	497	796	10580	9490	1.9e-13	79.3
NCVOG0233-consensus	scaffold_88	32.21	267	159	22	122	368	12357	11570	7e-13	77.4
NCVOG0233-consensus	scaffold_695	35.29	136	69	19	679	795	6833	6429	2e-11	69.8
NCVOG0233-consensus	scaffold_1144	24.81	802	384	219	136	729	4464	2107	9.4e-11	67.1
NCVOG1013-consensus	scaffold_1457	32.28	381	195	63	116	448	1152	66	4.4e-18	90.8
NCVOG1013-consensus	scaffold_2216	30.30	297	178	29	284	565	1320	475	1.2e-14	78.3
NCVOG1013-consensus	scaffold_1422	29.39	473	277	57	129	565	6715	5381	1.5e-14	80.2
NCVOG1013-consensus	scaffold_3141	33.70	184	111	11	257	433	836	300	2.8e-14	76.4
NCVOG1013-consensus	scaffold_3438	31.68	202	122	16	234	423	604	18	7.6e-14	74.8
NCVOG1013-consensus	scaffold_946	29.28	263	158	28	285	527	1195	434	6.5e-13	74.2
NCVOG1013-consensus	scaffold_3068	28.21	280	167	34	329	589	191	980	7.6e-12	68.3
NCVOG1013-consensus	scaffold_1404	32.80	189	113	14	234	412	4	555	1.2e-11	70.4
NCVOG1013-consensus	scaffold_2365	31.11	225	141	14	234	446	808	151	1.7e-11	67.7
NCVOG1013-consensus	scaffold_1007	27.48	524	326	54	38	521	3164	1658	1.8e-11	69.3
NCVOG1013-consensus	scaffold_2576	34.09	176	97	19	255	418	972	1471	1.8e-11	67.5
NCVOG1013-consensus	scaffold_3045	32.71	214	120	24	234	431	718	108	3e-11	66.4
NCVOG1013-consensus	scaffold_2767	34.57	162	86	20	318	470	582	133	3.3e-11	66.4
NCVOG1013-consensus	scaffold_2361	31.02	187	111	18	234	409	250	786	4.2e-11	66.4
NCVOG1013-consensus	scaffold_2640	32.26	186	116	10	232	409	549	7	7.9e-11	65.3
NCVOG0763-consensus	scaffold_574	30.16	252	156	20	75	312	2568	1838	6.4e-11	66.8
NCVOG0763-consensus	scaffold_30	46.55	116	62	0	196	311	12230	11886	6.5e-11	67.9
NCVOG0763-consensus	scaffold_1603	31.45	318	163	55	47	312	1005	1944	8.7e-11	65.2
NCVOG0297-consensus	scaffold_536	31.21	157	104	4	4	157	1875	2337	2.3e-11	69.1
NCVOG4670-consensus	scaffold_671	33.87	186	107	16	406	581	3559	4087	3.9e-11	69.1
NCVOG0073-consensus	scaffold_1768	38.80	482	274	21	180	654	2768	1368	7.7e-70	262.7
NCVOG0073-consensus	scaffold_1215	34.97	652	353	71	13	623	1892	30	1e-43	176.7
NCVOG0073-consensus	scaffold_2174	36.21	428	200	73	26	396	3409	2177	4.5e-15	81.2
NCVOG0073-consensus	scaffold_746	28.18	369	223	42	75	408	23267	22185	4.5e-15	83.9
NCVOG0073-consensus	scaffold_1948	30.97	155	100	7	46	199	454	11	1.1e-12	72.6
NCVOG0073-consensus	scaffold_3446	33.33	195	106	24	43	222	554	4	1.7e-11	67.4
NCVOG0898-consensus	scaffold_1410	0.64	628	624	0	91	718	9273	11153	3.7e-15	84.5
NCVOG1068-consensus	scaffold_838	54.93	71	31	1	128	197	5193	5402	1.9e-12	71.2
NCVOG2643-consensus	scaffold_564	25.00	236	163	14	37	264	15452	16138	1.4e-14	80.8
NCVOG1364-consensus	scaffold_459	26.07	211	149	7	2	211	2938	2327	1.2e-11	69.9
NCVOG1364-consensus	scaffold_1897	32.52	123	78	5	17	139	588	938	1.3e-11	68.0
NCVOG0613-consensus	scaffold_866	38.76	129	74	5	2	126	1305	925	4.8e-19	94.4
NCVOG4523-consensus	scaffold_1250	30.24	410	242	44	409	818	1906	812	1.9e-34	146.0
NCVOG1353-consensus	scaffold_144	51.90	422	164	39	386	780	5660	4434	1.1e-94	347.0
NCVOG1353-consensus	scaffold_144	52.36	466	138	84	70	451	7999	6609	3.7e-31	136.0
NCVOG4445-consensus	scaffold_556	29.33	208	139	8	184	387	989	1589	2.6e-13	76.8
NCVOG4445-consensus	scaffold_1179	29.56	203	133	10	184	383	1261	677	2.6e-11	68.4
NCVOG0055-consensus	scaffold_1632	32.39	213	119	25	175	372	1023	422	6.3e-15	80.3
NCVOG0055-consensus	scaffold_1303	40.91	132	76	2	228	358	2548	2937	9.5e-14	77.8
NCVOG4105-consensus	scaffold_394	30.96	1124	470	306	14	875	7477	10691	6.1e-30	133.0
NCVOG1045-consensus	scaffold_316	34.23	149	90	8	406	550	5348	4917	1.5e-13	76.7
NCVOG1045-consensus	scaffold_316	30.23	397	184	93	36	340	7176	5994	1e-13	77.2
NCVOG0305-consensus	scaffold_1611	31.02	274	175	14	1303	1565	1983	1174	3.7e-27	121.9
NCVOG0305-consensus	scaffold_551	27.92	419	282	20	654	1064	3384	4589	7.2e-27	122.1
NCVOG0305-consensus	scaffold_1568	27.99	418	260	41	642	1040	492	1672	1.6e-24	113.2
NCVOG0305-consensus	scaffold_1234	32.04	206	133	7	1362	1562	89	697	1.9e-21	103.4
NCVOG0305-consensus	scaffold_2037	31.05	219	130	21	1351	1555	701	69	4.3e-20	97.8
NCVOG0305-consensus	scaffold_1111	31.80	261	168	10	1303	1556	6753	7523	2.4e-15	83.9
NCVOG0305-consensus	scaffold_811	33.47	239	126	33	1349	1555	2578	3288	2.7e-13	78.7
NCVOG0305-consensus	scaffold_3142	30.50	318	180	41	768	1055	1001	92	2.9e-13	74.2
NCVOG0305-consensus	scaffold_56	34.07	135	82	7	1422	1549	3629	3228	3.9e-12	74.1
NCVOG0305-consensus	scaffold_371	28.68	129	92	0	817	945	25353	25736	8.4e-11	71.4
NCVOG0105-consensus	scaffold_28	22.73	673	453	67	280	915	1373	3286	6.8e-15	82.8
NCVOG4804-consensus	scaffold_1195	62.73	110	40	1	72	180	27369	27695	6.1e-27	121.3
NCVOG0282-consensus	scaffold_1587	32.40	179	112	9	406	579	2663	2142	3.7e-14	78.8
NCVOG0282-consensus	scaffold_1400	25.96	570	301	121	324	799	6799	5190	2.6e-12	73.1
NCVOG0282-consensus	scaffold_1420	33.99	153	92	9	433	579	14606	15052	5.7e-12	73.6
NCVOG0282-consensus	scaffold_625	28.16	348	186	64	281	577	1446	2439	5.4e-11	68.5
NCVOG0282-consensus	scaffold_209	25.37	469	270	80	174	577	3633	2283	7.7e-11	68.5
NCVOG2963-consensus	scaffold_1455	27.10	214	140	16	103	306	992	1612	8.4e-11	66.0
NCVOG4883-consensus	scaffold_1504	31.99	322	164	55	151	462	567	1394	2.1e-21	101.1
NCVOG0360-consensus	scaffold_518	40.37	322	160	32	24	315	1550	598	2.1e-42	171.5
NCVOG0979-consensus	scaffold_2157	46.96	230	119	3	89	317	353	1033	3.6e-51	198.8
NCVOG0274-consensus	scaffold_474	34.51	1327	601	268	171	1250	1682	5584	2.8e-60	233.1
NCVOG0274-consensus	scaffold_474	43.45	168	93	2	1254	1421	5597	6091	3.1e-26	120.0
NCVOG0274-consensus	scaffold_445	33.57	986	499	156	209	1041	12746	9813	1e-31	139.2
NCVOG0274-consensus	scaffold_567	30.97	1088	399	352	304	1040	5512	2279	9.8e-24	111.6
NCVOG0074-consensus	scaffold_1768	58.35	461	189	3	159	618	2768	1395	1.6e-130	463.7
NCVOG0074-consensus	scaffold_1215	46.34	615	277	53	6	580	1871	69	5.3e-112	403.0
NCVOG0074-consensus	scaffold_2174	60.91	417	107	56	25	385	3370	2123	1.5e-86	318.1
NCVOG0074-consensus	scaffold_25	31.21	455	280	33	79	502	14929	13574	2e-44	180.3
NCVOG0074-consensus	scaffold_803	48.12	160	82	1	460	618	4	480	2.1e-29	130.1
NCVOG0074-consensus	scaffold_746	29.17	641	349	105	16	567	23378	21511	3.4e-26	120.3
NCVOG0074-consensus	scaffold_1948	37.33	150	92	2	31	178	457	11	2e-17	87.8
NCVOG0074-consensus	scaffold_3446	79.31	58	10	2	141	198	168	4	7.6e-16	81.3
NCVOG1299-consensus	scaffold_486	55.17	87	26	13	52	125	14112	13855	1.6e-13	76.3
NCVOG1299-consensus	scaffold_6	52.27	88	29	13	52	126	14861	14601	1.1e-12	73.3
NCVOG0064-consensus	scaffold_398	23.66	317	212	30	37	334	2488	1574	7.2e-11	67.5
NCVOG4504-consensus	scaffold_398	27.92	505	281	83	8	488	4022	2708	9e-12	70.5
NCVOG4324-consensus	scaffold_816	31.42	541	293	78	145	614	3578	5168	1.2e-21	105.2
NCVOG0304-consensus	scaffold_1400	34.42	154	96	5	33	183	6865	6413	2.1e-13	75.9
NCVOG0214-consensus	scaffold_901	31.84	267	179	3	277	541	5175	4381	4.2e-24	112.2
NCVOG0214-consensus	scaffold_1573	34.29	280	169	15	210	483	847	38	1.4e-18	92.4
NCVOG0214-consensus	scaffold_73	38.10	189	103	14	323	501	5775	5224	5.2e-15	82.6
NCVOG0214-consensus	scaffold_73	36.13	191	106	16	375	557	6590	6045	7.9e-12	72.0
NCVOG0214-consensus	scaffold_416	28.41	264	178	11	262	524	5157	5911	6.7e-15	81.5
NCVOG0214-consensus	scaffold_864	27.62	362	234	28	131	483	3	1026	1.2e-14	81.0
NCVOG0214-consensus	scaffold_999	28.23	294	183	28	240	509	8231	9093	4.6e-14	79.1
NCVOG0214-consensus	scaffold_138	25.43	523	359	31	36	551	2763	1280	4.9e-13	75.8
NCVOG0214-consensus	scaffold_1515	30.59	170	116	2	314	482	11	514	1.2e-12	72.8
NCVOG0214-consensus	scaffold_1361	24.43	524	360	36	70	572	6141	4632	1.7e-12	73.4
NCVOG0214-consensus	scaffold_86	27.10	321	219	15	288	600	11234	10302	1.3e-11	71.2
NCVOG0214-consensus	scaffold_3370	30.52	213	140	8	278	486	742	123	1.7e-11	67.2
NCVOG0214-consensus	scaffold_473	33.17	205	116	21	357	548	853	1436	1.7e-11	70.1
NCVOG0214-consensus	scaffold_753	27.06	436	283	35	124	548	2563	3783	2.1e-11	69.6
NCVOG0214-consensus	scaffold_328	24.19	492	333	40	32	509	2424	3814	2.3e-11	69.9
NCVOG0214-consensus	scaffold_714	25.33	383	233	53	201	540	10826	9721	2.7e-11	70.4
NCVOG0214-consensus	scaffold_644	23.06	399	282	25	341	721	11237	10069	3.4e-11	70.1
NCVOG0276-consensus	scaffold_656	63.78	127	44	2	233	357	12528	12905	1.4e-33	143.8
NCVOG0689-consensus	scaffold_1455	26.19	252	175	11	5	251	992	1726	1.9e-13	75.4
NCVOG0689-consensus	scaffold_662	35.45	110	66	5	52	160	2964	2650	3.7e-13	74.8
NCVOG0689-consensus	scaffold_1897	28.05	164	93	25	36	178	714	1190	8.1e-12	68.8
NCVOG0777-consensus	scaffold_748	40.27	149	65	24	166	307	13	405	9.5e-17	88.2
NCVOG0777-consensus	scaffold_533	33.49	209	118	21	128	323	3977	4576	1.7e-13	77.7
NCVOG4966-consensus	scaffold_1096	8.33	288	256	8	133	419	24062	23223	1e-10	69.1
NCVOG0185-consensus	scaffold_228	34.12	170	100	12	32	190	7104	6605	2e-13	75.3
NCVOG0030-consensus	scaffold_742	33.13	489	233	94	75	489	1685	288	5e-31	134.7
NCVOG0030-consensus	scaffold_924	30.80	526	215	149	79	472	3968	5479	1.1e-26	120.9
NCVOG0030-consensus	scaffold_1082	27.60	413	251	48	54	438	15542	14373	3.1e-11	70.4
NCVOG4494-consensus	scaffold_166	38.67	181	106	5	51	231	1038	514	1.5e-22	106.8
NCVOG4494-consensus	scaffold_186	32.74	281	169	20	42	314	50293	51096	5.4e-18	93.8
NCVOG4494-consensus	scaffold_31	38.36	146	89	1	55	199	15983	15549	5e-17	88.9
NCVOG4494-consensus	scaffold_2325	35.51	245	128	30	52	276	1688	987	5.2e-13	72.4
NCVOG4494-consensus	scaffold_360	39.88	173	91	13	51	211	5522	6030	1.2e-11	70.2
NCVOG4477-consensus	scaffold_563	29.71	239	148	20	634	866	13645	12980	5.1e-12	74.4
NCVOG4477-consensus	scaffold_1897	45.24	84	34	12	719	802	750	962	1.2e-11	70.3
NCVOG5094-consensus	scaffold_2542	31.38	188	119	10	112	296	898	1435	6.1e-11	64.6
NCVOG0077-consensus	scaffold_2135	40.00	125	67	8	583	706	465	815	8.1e-16	82.4
NCVOG0267-consensus	scaffold_38	24.39	537	328	78	257	733	9444	10997	1.1e-14	82.3
NCVOG0267-consensus	scaffold_1070	26.79	392	188	99	418	730	7569	8681	3.6e-12	73.1
NCVOG0517-consensus	scaffold_1658	0.98	204	202	0	111	314	9546	8938	9.7e-12	70.6
NCVOG1337-consensus	scaffold_1082	34.12	255	151	17	19	261	3539	2793	1.4e-25	116.5
NCVOG0037-consensus	scaffold_962	42.17	766	277	166	370	969	5612	3328	2.9e-58	225.5
NCVOG0037-consensus	scaffold_933	44.37	302	156	12	70	361	4947	5843	2.2e-56	219.3
NCVOG0037-consensus	scaffold_933	51.35	74	32	4	3	76	4534	4740	6.9e-12	71.4
NCVOG1115-consensus	scaffold_811	50.85	177	81	6	245	415	12669	12142	5.6e-36	152.2
NCVOG0486-consensus	scaffold_915	32.87	289	167	27	106	376	4968	4132	1.5e-24	112.0
NCVOG0486-consensus	scaffold_315	30.90	233	135	26	143	362	3268	3924	3.9e-15	81.4
NCVOG0806-consensus	scaffold_743	38.95	285	80	94	182	373	3108	2268	5.8e-28	126.1
NCVOG0806-consensus	scaffold_743	51.65	91	40	4	361	447	2203	1934	3.8e-19	96.8
NCVOG0806-consensus	scaffold_1155	29.50	339	159	80	119	382	3463	2467	3.4e-20	98.2
NCVOG0806-consensus	scaffold_186	25.47	428	204	115	129	444	45398	44131	3.2e-14	81.1
NCVOG0029-consensus	scaffold_1372	45.92	98	53	0	253	350	4053	4343	3e-18	91.9
NCVOG4154-consensus	scaffold_1065	30.89	246	160	10	54	291	1751	1023	1.6e-14	78.2
NCVOG0789-consensus	scaffold_376	36.70	109	63	6	37	140	8391	8711	3e-11	67.5
NCVOG1066-consensus	scaffold_292	25.74	272	185	17	4	266	22335	23123	8.8e-11	68.2
NCVOG1326-consensus	scaffold_3391	50.00	112	55	1	37	147	396	64	8.2e-27	115.7
NCVOG1326-consensus	scaffold_1962	50.91	110	53	1	38	146	691	365	8.7e-23	103.5
NCVOG0036-consensus	scaffold_671	44.63	121	66	1	103	222	2119	1760	1.2e-17	89.8
NCVOG0222-consensus	scaffold_2172	25.97	308	217	11	124	429	870	1763	4.7e-13	72.6
NCVOG0002-consensus	scaffold_588	29.87	559	325	67	274	784	2221	609	6.1e-26	118.1
NCVOG2775-consensus	scaffold_62	29.43	435	274	33	11	413	8115	9413	1.5e-30	135.0
NCVOG2775-consensus	scaffold_969	34.01	294	177	17	133	420	13490	12645	5.2e-30	133.4
NCVOG2775-consensus	scaffold_56	31.25	320	210	10	92	404	10243	9306	9.6e-26	117.9
NCVOG2775-consensus	scaffold_56	28.52	284	174	29	131	387	11095	10253	3.4e-12	72.9
NCVOG2775-consensus	scaffold_1929	29.37	303	198	16	93	381	1314	2213	2.2e-17	87.5
NCVOG2775-consensus	scaffold_1929	36.36	165	105	0	222	386	1	492	2.2e-17	87.5
NCVOG2775-consensus	scaffold_296	28.57	301	187	28	92	391	4139	4957	8.3e-16	84.3
NCVOG2775-consensus	scaffold_1921	29.17	264	170	17	156	416	3	749	1.4e-12	71.5
NCVOG2775-consensus	scaffold_2190	29.90	204	137	6	204	402	1132	1737	1.6e-11	67.7
NCVOG2775-consensus	scaffold_1117	30.72	319	193	28	90	381	15645	14697	3.6e-11	69.6
NCVOG4904-consensus	scaffold_136	27.70	296	182	32	136	419	8294	9110	2.9e-11	69.9
NCVOG0275-consensus	scaffold_798	50.00	82	41	0	7	88	2871	2629	6.9e-13	72.4
NCVOG0729-consensus	scaffold_1304	32.93	577	206	181	2	408	2114	3796	7.5e-16	83.2
NCVOG0729-consensus	scaffold_254	28.41	264	137	52	297	513	5	774	5.3e-11	68.3
NCVOG5103-consensus	scaffold_660	42.38	210	78	43	322	530	4153	4653	3.3e-25	115.9
NCVOG5103-consensus	scaffold_266	0.97	206	204	0	298	503	20780	21394	4e-14	81.5
NCVOG5103-consensus	scaffold_2768	40.16	122	68	5	401	517	793	1151	2.6e-12	70.7
NCVOG5103-consensus	scaffold_2684	43.37	83	43	4	426	504	252	7	3.2e-11	67.1
NCVOG4874-consensus	scaffold_750	44.60	278	129	25	99	366	9659	10444	1.2e-45	183.1
NCVOG4874-consensus	scaffold_1123	39.54	263	128	31	138	371	103	878	7.7e-31	132.7
NCVOG4605-consensus	scaffold_328	29.92	361	220	33	154	494	2856	3892	3.6e-17	89.1
NCVOG4605-consensus	scaffold_901	29.39	313	198	23	257	546	5190	4255	1.2e-15	84.0
NCVOG4605-consensus	scaffold_644	26.86	350	227	29	196	530	11351	10353	1.1e-13	78.3
NCVOG4605-consensus	scaffold_416	24.31	399	274	28	184	564	5318	6471	1.9e-13	76.6
NCVOG4605-consensus	scaffold_73	29.60	473	273	60	5	439	6576	5239	3.1e-13	76.6
NCVOG4605-consensus	scaffold_1766	25.28	439	268	60	154	568	1549	2746	4e-13	73.9
NCVOG4605-consensus	scaffold_61	29.74	464	238	88	37	429	14109	12778	5.3e-12	72.6
NCVOG4605-consensus	scaffold_138	27.82	496	317	41	41	504	2849	1406	2e-11	70.4
NCVOG4605-consensus	scaffold_591	27.49	251	168	14	253	502	5965	5259	7e-11	69.0
NCVOG4605-consensus	scaffold_845	23.86	792	511	92	5	730	2704	438	8.3e-11	67.4
NCVOG4605-consensus	scaffold_469	25.74	474	314	38	211	664	3282	1932	8.9e-11	67.7
NCVOG4605-consensus	scaffold_999	27.75	472	287	54	24	456	7822	9165	9.8e-11	68.0
NCVOG4423-consensus	scaffold_556	32.35	170	105	10	59	220	1080	1580	1.6e-14	80.0
NCVOG1136-consensus	scaffold_217	52.05	292	103	37	193	449	7931	7067	3.1e-38	158.6
NCVOG1049-consensus	scaffold_1474	33.97	209	113	25	1	204	1062	1625	7.5e-12	68.9
NCVOG4655-consensus	scaffold_1455	28.37	282	168	34	73	333	1016	1815	1.3e-14	78.9
NCVOG4655-consensus	scaffold_3424	27.04	270	165	32	4	244	842	45	2.2e-12	69.2
NCVOG4655-consensus	scaffold_398	39.22	102	61	1	44	144	3022	2720	2.6e-11	68.6
NCVOG0901-consensus	scaffold_697	40.38	208	60	64	32	175	418	1038	3.2e-17	86.9
NCVOG2980-consensus	scaffold_186	36.12	418	216	51	106	474	3404	4648	1.1e-15	86.0
NCVOG0657-consensus	scaffold_1897	45.00	60	33	0	275	334	750	926	5.2e-11	65.7
NCVOG0657-consensus	scaffold_1140	50.75	67	30	3	275	338	2149	1952	8.7e-11	66.5
NCVOG0450-consensus	scaffold_1090	26.91	249	153	29	119	361	2690	2016	2.2e-13	75.9
NCVOG0450-consensus	scaffold_2361	26.76	213	141	15	128	336	250	852	1.5e-12	70.5
NCVOG0450-consensus	scaffold_2495	33.12	154	91	12	128	278	640	209	4.4e-12	68.9
NCVOG0450-consensus	scaffold_2599	28.05	221	136	23	124	336	742	1356	2.7e-11	66.2
NCVOG0652-consensus	scaffold_1796	24.52	314	210	27	111	413	556	1446	1.4e-17	87.9
NCVOG1062-consensus	scaffold_2846	29.41	289	188	16	136	410	256	1113	5.4e-19	91.7
NCVOG1062-consensus	scaffold_2333	26.95	308	207	18	136	429	421	1329	5e-18	88.9
NCVOG1062-consensus	scaffold_3379	27.78	216	143	13	206	410	3	641	3.8e-13	71.9
NCVOG1062-consensus	scaffold_2532	28.68	258	169	15	165	410	6	767	6.9e-11	65.1
NCVOG4422-consensus	scaffold_2585	22.73	286	204	17	72	348	610	1434	3.5e-13	72.2
NCVOG4422-consensus	scaffold_2438	25.35	288	194	21	71	348	978	151	7.9e-12	67.8
NCVOG4422-consensus	scaffold_2535	25.87	286	196	16	71	348	454	1278	1.9e-11	66.5
NCVOG4422-consensus	scaffold_2492	21.75	285	208	15	71	348	590	1417	1.9e-11	66.5
NCVOG4422-consensus	scaffold_2769	22.56	328	233	21	29	348	971	30	2.3e-11	65.9
NCVOG4422-consensus	scaffold_774	21.71	281	205	15	75	348	718	1533	3.2e-11	67.8
NCVOG4422-consensus	scaffold_3141	23.96	288	196	23	73	348	1121	300	3.6e-11	65.1
NCVOG4422-consensus	scaffold_2599	23.05	282	185	32	67	348	535	1281	6.7e-11	64.6
NCVOG4422-consensus	scaffold_2423	22.26	283	203	17	75	348	990	169	7.3e-11	64.6
NCVOG4422-consensus	scaffold_2334	24.39	287	200	17	71	348	544	1371	7.7e-11	64.6
NCVOG0522-consensus	scaffold_1335	36.04	111	67	4	135	241	4239	3914	8.3e-12	69.0
NCVOG5117-consensus	scaffold_748	39.38	160	82	15	794	948	461	15	6e-16	85.8
NCVOG5117-consensus	scaffold_1028	25.65	499	318	53	650	1111	2039	3474	2e-13	78.5
NCVOG5117-consensus	scaffold_58	32.67	202	114	22	791	989	8079	7534	4e-11	70.9
NCVOG0052-consensus	scaffold_581	32.41	108	65	8	36	143	6436	6732	2.4e-11	67.8
NCVOG4122-consensus	scaffold_1090	26.84	339	221	27	143	465	2981	2001	7.4e-17	87.6
NCVOG4122-consensus	scaffold_556	29.77	262	176	8	148	402	809	1580	9.6e-16	85.1
NCVOG4122-consensus	scaffold_1179	28.12	352	221	32	96	433	1669	671	3.2e-15	81.6
NCVOG4122-consensus	scaffold_2969	24.15	294	207	16	66	353	120	968	4.3e-15	78.6
NCVOG4122-consensus	scaffold_3141	23.96	288	206	13	89	373	1121	291	7.1e-15	77.8
NCVOG4122-consensus	scaffold_2743	23.01	352	244	27	16	353	1130	117	1.7e-14	76.7
NCVOG4122-consensus	scaffold_2640	25.70	284	195	16	96	373	825	7	1.8e-13	73.5
NCVOG4122-consensus	scaffold_3294	23.63	292	202	21	89	373	135	965	3.2e-13	72.1
NCVOG4122-consensus	scaffold_3348	25.09	287	190	25	96	373	1003	194	8.6e-13	70.8
NCVOG4122-consensus	scaffold_2438	23.35	364	256	23	47	398	1113	58	9.2e-13	71.3
NCVOG4122-consensus	scaffold_2576	24.20	281	200	13	96	373	627	1436	1e-12	71.0
NCVOG4122-consensus	scaffold_2130	26.54	162	113	6	212	373	52	516	3.4e-12	69.7
NCVOG4122-consensus	scaffold_2518	23.00	313	224	17	66	373	977	82	5.5e-12	68.6
NCVOG4122-consensus	scaffold_1690	25.29	257	177	15	120	370	2827	2087	6.3e-12	69.4
NCVOG4122-consensus	scaffold_2494	24.14	290	207	13	177	463	1098	262	6.8e-12	68.3
NCVOG4122-consensus	scaffold_774	23.70	270	189	17	80	343	769	1542	9.6e-12	69.9
NCVOG4122-consensus	scaffold_2536	23.03	330	229	25	21	343	1053	121	9.7e-12	67.8
NCVOG4122-consensus	scaffold_2736	23.45	290	207	15	88	373	426	1259	1.3e-11	67.2
NCVOG4122-consensus	scaffold_2585	23.55	327	223	27	60	373	508	1443	2.9e-11	66.2
NCVOG4122-consensus	scaffold_2528	24.32	292	202	19	88	373	428	1261	3.6e-11	65.9
NCVOG4122-consensus	scaffold_2769	23.53	289	209	12	177	463	854	21	3.8e-11	65.6
NCVOG4122-consensus	scaffold_2392	23.31	296	214	13	81	373	984	130	3.8e-11	65.9
NCVOG4122-consensus	scaffold_2551	23.79	290	206	15	88	373	915	82	4.3e-11	65.6
NCVOG0032-consensus	scaffold_1306	37.59	133	83	0	717	849	3399	3004	7.7e-19	95.1
NCVOG0032-consensus	scaffold_146	27.02	544	327	70	312	814	5371	6908	3e-16	86.7
NCVOG0032-consensus	scaffold_168	37.58	149	90	3	700	847	3918	4355	2.7e-14	80.1
NCVOG0032-consensus	scaffold_883	25.82	546	327	78	285	813	2511	1084	2.7e-12	73.6
NCVOG0302-consensus	scaffold_536	29.78	178	123	2	3	180	1873	2397	1.7e-16	86.2
NCVOG0302-consensus	scaffold_753	31.88	160	103	6	379	534	582	1052	1.9e-14	79.1
NCVOG0302-consensus	scaffold_1400	29.97	317	169	53	263	532	6790	5865	3e-14	78.9
NCVOG0302-consensus	scaffold_551	28.02	207	143	6	267	472	3787	4389	2e-12	72.6
NCVOG0012-consensus	scaffold_748	49.61	129	50	15	301	414	25	408	5.2e-29	127.4
NCVOG0012-consensus	scaffold_58	30.26	423	227	68	48	423	6835	8017	2.2e-23	109.8
NCVOG0012-consensus	scaffold_1298	44.72	123	54	14	274	385	14895	14539	1.5e-20	100.9
NCVOG0012-consensus	scaffold_1081	32.20	177	106	14	262	426	7558	8079	2.9e-20	98.7
NCVOG0012-consensus	scaffold_922	47.13	87	46	0	311	397	16057	16314	1.3e-18	94.4
NCVOG0012-consensus	scaffold_1028	38.33	227	106	34	264	457	3340	2678	3.5e-17	89.2
NCVOG0012-consensus	scaffold_816	35.98	189	97	24	231	410	20697	20189	4e-17	89.7
NCVOG0012-consensus	scaffold_1049	44.76	105	51	7	325	422	1968	2279	3.3e-16	84.6
NCVOG0012-consensus	scaffold_1017	34.97	143	83	10	277	411	4105	3686	3.3e-16	84.6
NCVOG0012-consensus	scaffold_474	32.92	240	142	19	198	420	6017	6727	4.1e-16	84.8
NCVOG0012-consensus	scaffold_1051	31.10	209	127	17	302	493	2260	1637	3e-14	78.1
NCVOG0012-consensus	scaffold_268	46.15	91	45	4	319	407	5758	6019	6.2e-13	74.5
NCVOG0012-consensus	scaffold_1912	32.32	198	117	17	229	414	1074	503	8.4e-13	72.1
NCVOG0012-consensus	scaffold_2728	37.93	87	53	1	315	400	125	382	2.5e-12	69.7
NCVOG0012-consensus	scaffold_2681	32.81	128	77	9	293	412	139	512	6.8e-12	68.3
NCVOG0012-consensus	scaffold_711	50.00	86	39	4	323	405	5794	6043	8.8e-12	70.2
NCVOG0012-consensus	scaffold_533	36.67	120	72	4	297	412	4016	4372	1.2e-11	69.9
NCVOG0012-consensus	scaffold_998	28.17	142	94	8	305	438	827	1243	1.8e-11	68.8
NCVOG0012-consensus	scaffold_1568	28.04	296	191	22	154	432	1747	2600	2.9e-11	67.5
NCVOG0012-consensus	scaffold_1045	37.79	172	83	24	242	406	1056	603	3.2e-11	69.4
NCVOG0012-consensus	scaffold_591	32.09	215	122	24	218	412	14659	14042	3.7e-11	69.4
NCVOG0985-consensus	scaffold_251	33.86	254	107	61	95	296	6016	6739	5.1e-12	71.6
NCVOG0190-consensus	scaffold_748	34.78	138	82	8	187	316	31	441	8.6e-15	80.2
NCVOG0025-consensus	scaffold_616	26.68	461	233	105	110	522	4691	3487	2.1e-23	109.0
NCVOG0025-consensus	scaffold_694	24.44	487	314	54	46	508	10748	12113	8.8e-17	87.8
NCVOG0025-consensus	scaffold_130	24.08	490	302	70	53	486	4105	2689	5.3e-16	85.1
NCVOG0025-consensus	scaffold_932	26.61	451	281	50	91	521	20271	19020	3.2e-15	83.8
NCVOG0025-consensus	scaffold_67	24.19	430	280	46	113	502	14001	12737	3.2e-14	79.4
NCVOG0025-consensus	scaffold_747	24.51	506	317	65	68	517	11089	9608	5.6e-14	78.9
NCVOG0025-consensus	scaffold_2147	24.65	284	176	38	235	508	830	66	1.1e-13	74.8
NCVOG0025-consensus	scaffold_1337	32.43	148	97	3	340	487	20101	20532	6.8e-13	75.6
NCVOG0025-consensus	scaffold_1519	23.64	385	260	34	112	487	4126	5200	2.9e-11	69.9
NCVOG0271-consensus	scaffold_199	43.66	804	309	144	503	1166	7783	10169	1.6e-54	214.1
NCVOG0271-consensus	scaffold_199	32.02	531	255	106	76	503	4830	6402	3.7e-28	126.5
NCVOG0271-consensus	scaffold_121	34.41	837	356	193	503	1154	2035	4496	2.6e-29	130.6
NCVOG0061-consensus	scaffold_2154	34.70	219	130	13	331	541	1	639	1.1e-24	111.4
NCVOG0451-consensus	scaffold_556	40.41	146	87	0	136	281	1146	1580	3.3e-21	103.1
NCVOG0451-consensus	scaffold_2640	30.23	172	106	14	142	311	486	10	2.5e-11	66.2
NCVOG0451-consensus	scaffold_1179	27.59	203	135	12	141	340	1435	857	4.1e-11	67.8
NCVOG0541-consensus	scaffold_122	26.56	305	139	85	15	236	3043	3942	2.1e-11	69.0
NCVOG1351-consensus	scaffold_177	49.11	112	48	9	206	316	971	1279	3.3e-15	82.4
NCVOG0531-consensus	scaffold_246	24.39	164	124	0	47	210	7211	7699	8.4e-14	77.3
NCVOG0231-consensus	scaffold_89	32.89	152	83	19	174	314	10962	10536	4.9e-11	68.4
NCVOG0301-consensus	scaffold_1400	29.77	309	158	59	264	522	6787	5895	5.1e-13	74.8
NCVOG0301-consensus	scaffold_753	30.67	150	101	3	380	528	582	1022	2.6e-12	72.1
NCVOG0301-consensus	scaffold_551	25.00	280	190	20	267	542	3787	4575	3.4e-11	68.6
NCVOG1121-consensus	scaffold_1897	26.77	254	153	33	77	324	450	1127	3.6e-13	73.4
NCVOG1121-consensus	scaffold_1106	21.18	425	294	41	125	513	420	1674	2.2e-12	72.4
NCVOG1121-consensus	scaffold_1455	23.62	326	206	43	183	477	956	1888	5.9e-11	67.2
NCVOG0021-consensus	scaffold_198	28.30	371	218	48	568	906	4400	5455	7.7e-11	68.7
NCVOG0001-consensus	scaffold_825	39.42	312	148	41	313	591	3682	4586	1.3e-36	153.4
NCVOG0001-consensus	scaffold_198	38.06	310	135	57	323	595	7879	7013	3.4e-29	129.0
NCVOG0001-consensus	scaffold_1491	34.75	305	145	54	326	592	1886	2745	2.7e-27	121.2
NCVOG0001-consensus	scaffold_1465	38.31	201	106	18	304	497	5206	5772	1.1e-26	119.8
NCVOG0001-consensus	scaffold_776	41.71	199	101	15	373	569	2505	1951	1.8e-26	119.2
NCVOG0001-consensus	scaffold_598	38.15	249	116	38	337	556	4532	3820	1.8e-23	109.5
NCVOG0001-consensus	scaffold_598	32.38	281	132	58	330	555	3498	2670	8.9e-13	74.0
NCVOG0001-consensus	scaffold_1066	40.00	240	127	17	333	566	5210	5893	2.7e-22	105.7
NCVOG0001-consensus	scaffold_1066	40.72	167	87	12	399	562	4509	4979	6.6e-25	114.4
NCVOG0001-consensus	scaffold_1587	38.31	201	106	18	304	497	6241	5675	2e-21	102.4
NCVOG0001-consensus	scaffold_597	31.93	357	154	89	296	566	6632	5578	2.1e-18	92.7
NCVOG0001-consensus	scaffold_722	36.81	163	90	13	393	550	39988	40449	1.1e-17	93.0
NCVOG0001-consensus	scaffold_820	26.85	257	122	66	392	590	12	751	4e-15	82.1
NCVOG0001-consensus	scaffold_220	30.17	348	145	98	328	595	6426	7410	4.4e-15	82.1
NCVOG0001-consensus	scaffold_1207	30.48	292	134	69	357	590	11184	12019	5.6e-15	82.1
NCVOG4518-consensus	scaffold_100	31.56	564	266	120	18	552	9658	8247	1e-18	94.3
NCVOG2058-consensus	scaffold_556	34.73	262	167	4	111	369	809	1580	1.4e-20	100.9
NCVOG2058-consensus	scaffold_871	28.74	341	208	35	17	344	1641	688	1.2e-13	76.8
NCVOG2058-consensus	scaffold_2551	27.13	258	164	24	89	340	798	82	2.7e-13	72.7
NCVOG2058-consensus	scaffold_1690	26.84	231	156	13	113	339	2827	2165	7.9e-13	72.1
NCVOG2058-consensus	scaffold_946	25.19	270	190	12	114	382	1462	689	4.8e-12	70.5
NCVOG2058-consensus	scaffold_2969	26.18	275	177	26	74	340	159	926	1.7e-11	66.5
NCVOG2058-consensus	scaffold_1090	30.68	264	152	31	91	337	2762	2016	2.6e-11	68.9
NCVOG2058-consensus	scaffold_3294	28.31	166	109	10	115	280	501	965	4.2e-11	64.8
NCVOG2058-consensus	scaffold_2214	33.73	166	100	10	145	309	590	123	6.7e-11	65.1
NCVOG2058-consensus	scaffold_938	25.37	339	218	35	32	357	10822	9875	9e-11	67.3
NCVOG0066-consensus	scaffold_2924	33.33	354	169	67	144	435	1253	210	2.8e-36	149.4
NCVOG0038-consensus	scaffold_652	35.10	698	329	124	391	970	6987	4919	3.1e-51	202.4
NCVOG0228-consensus	scaffold_297	25.83	755	433	127	275	922	8332	6141	8.5e-26	118.1
NCVOG0228-consensus	scaffold_996	26.71	659	343	140	293	834	3389	1491	2.2e-15	85.0
NCVOG0280-consensus	scaffold_329	23.31	1227	822	119	403	1577	3875	7341	6.2e-25	116.2
NCVOG0280-consensus	scaffold_857	22.01	1372	945	125	372	1669	18820	22755	3e-22	109.4
NCVOG0280-consensus	scaffold_1758	7.59	1343	1203	38	168	1495	28139	24197	2.3e-12	76.0
NCVOG0218-consensus	scaffold_748	50.57	174	77	9	610	778	10	514	1.6e-42	173.4
NCVOG0218-consensus	scaffold_58	29.69	512	316	44	342	838	6644	8081	1.5e-40	168.0
NCVOG0218-consensus	scaffold_1028	38.18	351	184	33	567	892	3335	2314	2e-38	160.9
NCVOG0218-consensus	scaffold_1361	25.39	638	397	79	340	902	7142	5250	4.3e-32	139.0
NCVOG0218-consensus	scaffold_474	33.75	323	197	17	591	901	6029	6973	9.4e-31	134.6
NCVOG0218-consensus	scaffold_1298	48.54	103	49	4	723	824	14835	14539	8.3e-25	116.2
NCVOG0218-consensus	scaffold_533	37.72	167	98	6	737	898	4049	4543	9.8e-25	114.6
NCVOG0218-consensus	scaffold_1081	40.58	138	79	3	646	783	7702	8103	8.3e-24	111.6
NCVOG0218-consensus	scaffold_1051	36.78	174	106	4	650	821	2425	1913	2.9e-23	109.1
NCVOG0218-consensus	scaffold_927	26.34	505	335	37	522	1002	2558	4018	3.9e-23	108.9
NCVOG0218-consensus	scaffold_1017	27.33	472	299	44	426	863	4955	3593	1.3e-21	103.7
NCVOG0218-consensus	scaffold_2561	31.36	405	234	44	525	893	9	1174	3e-20	97.2
NCVOG0218-consensus	scaffold_304	26.77	325	225	13	597	912	4399	3448	9.4e-20	98.3
NCVOG0218-consensus	scaffold_1982	27.56	381	240	36	575	926	2188	1082	1.8e-19	95.3
NCVOG0218-consensus	scaffold_922	29.69	357	212	39	377	706	15297	16314	4e-19	97.2
NCVOG0218-consensus	scaffold_952	25.82	488	312	50	438	893	11199	12595	1.1e-18	95.6
NCVOG0218-consensus	scaffold_914	27.03	333	214	29	545	860	2873	1926	1.2e-18	94.0
NCVOG0218-consensus	scaffold_1049	50.51	99	44	5	666	761	1968	2255	4.1e-18	92.1
NCVOG0218-consensus	scaffold_1967	31.17	324	198	25	503	808	2237	1304	9.4e-18	89.6
NCVOG0218-consensus	scaffold_3248	34.19	313	178	28	591	885	154	1009	1.6e-17	87.8
NCVOG0218-consensus	scaffold_184	26.42	477	308	43	400	852	26153	27497	2.7e-17	92.6
NCVOG0218-consensus	scaffold_2029	27.07	532	322	66	340	809	527	2093	4.7e-17	87.2
NCVOG0218-consensus	scaffold_1912	31.52	257	163	13	614	862	1133	401	7.9e-17	86.6
NCVOG0218-consensus	scaffold_234	25.18	413	273	36	453	844	1774	2948	2.8e-16	86.9
NCVOG0218-consensus	scaffold_2270	23.38	432	301	30	359	766	1796	522	8.1e-16	82.9
NCVOG0218-consensus	scaffold_153	37.88	132	71	11	610	730	7865	7473	1.2e-15	85.0
NCVOG0218-consensus	scaffold_816	36.18	152	88	9	690	834	20636	20192	1.7e-15	85.5
NCVOG0218-consensus	scaffold_2728	42.86	105	49	11	651	744	73	382	1.5e-14	78.3
NCVOG0218-consensus	scaffold_227	30.95	252	149	25	481	722	9301	8610	2.1e-14	80.7
NCVOG0218-consensus	scaffold_271	31.33	150	96	7	754	897	21376	21819	2.3e-14	81.7
NCVOG0218-consensus	scaffold_873	33.15	178	106	13	605	772	1606	2127	4.3e-14	79.3
NCVOG0218-consensus	scaffold_579	31.09	267	160	24	502	751	1742	2514	1e-13	78.0
NCVOG0218-consensus	scaffold_2119	28.07	431	253	57	542	918	58	1302	1e-13	76.1
NCVOG0218-consensus	scaffold_294	31.61	193	123	9	673	859	5035	4481	1e-13	78.2
NCVOG0218-consensus	scaffold_2568	33.86	189	109	16	508	687	988	1514	2.3e-13	74.5
NCVOG0218-consensus	scaffold_1174	32.86	213	127	16	564	769	5685	6267	3.2e-13	76.3
NCVOG0218-consensus	scaffold_268	50.00	86	38	5	616	699	5782	6021	3.3e-13	76.6
NCVOG0218-consensus	scaffold_989	32.93	167	95	17	747	897	5522	5030	4.1e-13	75.5
NCVOG0218-consensus	scaffold_516	25.97	539	349	50	349	852	3771	5315	5.7e-13	75.5
NCVOG0218-consensus	scaffold_820	33.88	245	140	22	624	846	3491	4212	8.1e-13	75.2
NCVOG0218-consensus	scaffold_435	32.82	195	119	12	613	797	4259	4834	1.1e-12	74.7
NCVOG0218-consensus	scaffold_1368	31.36	236	150	12	606	833	137	815	1.1e-12	73.6
NCVOG0218-consensus	scaffold_711	44.44	90	44	6	771	859	5794	6043	1.3e-12	74.2
NCVOG0218-consensus	scaffold_2871	31.25	176	111	10	609	774	1177	657	1.7e-12	71.2
NCVOG0218-consensus	scaffold_256	25.22	345	231	27	552	873	7079	6066	2.2e-12	73.9
NCVOG0218-consensus	scaffold_1045	27.76	245	164	13	486	724	1307	603	3.1e-12	73.9
NCVOG0218-consensus	scaffold_1783	30.41	148	102	1	659	806	2727	2290	3.3e-12	71.5
NCVOG0218-consensus	scaffold_1842	29.86	278	180	15	544	809	2501	1700	5.5e-12	70.6
NCVOG0218-consensus	scaffold_1645	33.89	180	108	11	756	926	1670	2192	6.6e-12	70.6
NCVOG0218-consensus	scaffold_115	29.24	171	108	13	718	886	4626	4150	7.2e-12	72.5
NCVOG0218-consensus	scaffold_35	26.09	253	172	15	597	834	1676	921	7.5e-12	72.8
NCVOG0218-consensus	scaffold_276	36.77	155	91	7	661	808	4524	4075	9.7e-12	71.7
NCVOG0218-consensus	scaffold_946	25.42	417	278	33	433	826	2914	4113	1.5e-11	70.4
NCVOG0218-consensus	scaffold_1568	27.16	232	158	11	643	865	1887	2573	1.8e-11	69.3
NCVOG0218-consensus	scaffold_885	23.64	478	330	35	355	817	7067	5709	3e-11	72.0
NCVOG0218-consensus	scaffold_1803	30.15	262	168	15	550	798	1764	2518	3e-11	68.2
NCVOG0218-consensus	scaffold_2681	36.61	112	67	4	622	729	165	497	3.4e-11	67.1
NCVOG0218-consensus	scaffold_591	23.40	594	373	82	102	638	15401	13712	3.5e-11	70.6
NCVOG0218-consensus	scaffold_349	32.33	232	136	21	624	837	8312	7645	4.1e-11	69.5
NCVOG0218-consensus	scaffold_23	35.20	125	76	5	748	869	8832	8467	5.3e-11	70.1
NCVOG0218-consensus	scaffold_1077	27.24	279	187	16	546	816	9232	8447	7.6e-11	68.7
NCVOG4344-consensus	scaffold_969	33.19	232	141	14	98	327	13346	12690	4e-16	87.0
NCVOG4344-consensus	scaffold_62	27.54	334	221	21	66	392	8247	9201	2.1e-13	77.8
NCVOG2246-consensus	scaffold_77	28.29	350	182	69	142	428	5815	6837	1e-13	77.5
NCVOG2246-consensus	scaffold_817	31.82	308	163	47	151	426	21053	21926	1.9e-12	74.0
NCVOG4170-consensus	scaffold_266	34.91	169	106	4	129	296	4480	4974	1.6e-17	91.2
