NCVOG4069-consensus	c_7180000090467	36.70	109	69	0	161	269	1094	1417	9.6e-15	82.6
NCVOG0719-consensus	c_7180000094061	25.82	182	127	8	50	224	2490	1951	2.3e-11	69.8
NCVOG0719-consensus	c_7180000093582	25.82	182	127	8	50	224	870	331	3.7e-11	69.3
NCVOG1069-consensus	c_7180000059707	32.95	349	199	35	80	425	1375	2322	3.3e-16	86.5
NCVOG1069-consensus	d_7180000095072	36.89	122	72	5	305	425	2	352	3.3e-15	83.0
NCVOG1243-consensus	c_7180000055844	26.53	294	189	27	1	293	4478	3678	6.4e-23	109.1
NCVOG0333-consensus	d_7180000062103	43.75	112	47	16	605	709	1144	839	3.6e-12	73.1
NCVOG0333-consensus	d_7180000066716	43.75	112	47	16	605	709	2026	1721	5.4e-12	73.1
NCVOG0333-consensus	c_7180000093673	42.50	120	51	18	599	709	22	351	7.2e-12	73.4
NCVOG0333-consensus	c_7180000093673	42.50	120	51	18	599	709	478	807	7.2e-12	73.4
NCVOG0333-consensus	c_7180000093673	42.50	120	51	18	599	709	934	1263	7.2e-12	73.4
NCVOG0333-consensus	c_7180000062260	42.50	120	51	18	599	709	723	394	7.9e-12	73.1
NCVOG0333-consensus	c_7180000062260	43.75	112	47	16	605	709	1155	850	7.9e-12	73.1
NCVOG0233-consensus	c_7180000091269	36.87	396	208	42	500	853	4187	3003	1.8e-53	212.2
NCVOG0233-consensus	c_7180000070561	30.35	926	445	200	128	853	3895	1121	2.4e-53	212.2
NCVOG0233-consensus	c_7180000071768	26.37	910	522	148	93	868	3813	1141	3.4e-34	148.0
NCVOG0233-consensus	c_7180000073359	29.02	758	436	102	92	763	4290	6512	3.9e-24	115.4
NCVOG0233-consensus	c_7180000083749	34.16	243	145	15	135	362	1952	1227	1.5e-13	79.1
NCVOG0233-consensus	c_7180000092948	34.16	243	145	15	135	362	3849	3124	5.4e-13	77.4
NCVOG0233-consensus	c_7180000092948	51.39	72	35	0	606	677	1392	1180	5.4e-13	77.4
NCVOG0233-consensus	c_7180000061892	51.39	72	35	0	606	677	2179	2391	5.7e-13	77.4
NCVOG0233-consensus	c_7180000061873	33.63	223	106	42	287	467	1656	2321	1.2e-11	73.4
NCVOG0023-consensus	c_7180000064371	29.89	348	228	16	467	807	3214	2215	5.5e-24	113.9
NCVOG0023-consensus	d_7180000089894	24.94	429	300	22	382	807	508	1734	5.7e-21	103.4
NCVOG0023-consensus	d_7180000084879	26.33	414	283	22	398	807	470	1654	4.9e-20	99.8
NCVOG0663-consensus	c_7180000093377	26.86	376	245	30	247	599	2836	3939	2.3e-11	71.7
NCVOG0073-consensus	d_7180000083359	38.86	615	346	30	4	611	4222	2450	7e-63	244.3
NCVOG0073-consensus	c_7180000069971	41.12	569	312	23	75	640	2110	467	7.1e-63	242.4
NCVOG0073-consensus	d_7180000065911	41.80	622	339	23	22	640	2948	1146	1e-62	242.7
NCVOG0073-consensus	d_7180000096395	41.03	624	349	19	5	626	1826	9	2.2e-61	238.0
NCVOG0073-consensus	d_7180000061721	40.51	590	330	21	47	635	1712	6	1.1e-60	234.8
NCVOG0073-consensus	d_7180000059788	42.26	594	324	19	20	611	802	2529	1.1e-60	235.4
NCVOG0073-consensus	c_7180000049085	39.89	549	311	19	89	637	4051	2465	1e-59	232.8
NCVOG0073-consensus	c_7180000049085	44.75	400	215	6	132	531	1191	13	1.7e-53	212.1
NCVOG0073-consensus	d_7180000050517	40.10	626	354	21	20	642	478	2298	6.9e-59	229.4
NCVOG0073-consensus	c_7180000065559	41.41	582	324	17	14	594	458	2152	3.7e-56	221.8
NCVOG0073-consensus	c_7180000065559	41.95	205	108	11	418	618	2156	2746	3.8e-17	92.2
NCVOG0073-consensus	d_7180000072753	39.35	521	302	14	132	650	1826	303	3.1e-55	216.9
NCVOG0073-consensus	d_7180000078226	38.90	509	295	16	104	606	1508	15	3.8e-55	216.2
NCVOG0073-consensus	c_7180000061246	38.50	613	355	22	20	632	342	2111	4.3e-55	216.9
NCVOG0073-consensus	d_7180000070145	36.24	643	335	75	29	606	544	2439	5.2e-55	216.5
NCVOG0073-consensus	d_7180000061033	38.85	592	342	20	20	611	221	1933	7.3e-55	215.6
NCVOG0073-consensus	d_7180000082624	44.83	513	265	18	16	526	745	2232	1.5e-54	214.8
NCVOG0073-consensus	d_7180000087192	42.01	438	240	14	20	457	465	1733	4.8e-54	212.7
NCVOG0073-consensus	c_7180000092421	39.94	621	344	29	20	640	588	2360	6.6e-53	209.9
NCVOG0073-consensus	c_7180000061034	40.48	541	305	17	20	560	152	1720	1e-52	208.3
NCVOG0073-consensus	c_7180000094138	35.02	574	343	30	217	787	8	1641	1.7e-50	201.4
NCVOG0073-consensus	d_7180000049788	39.91	446	256	12	192	637	3	1301	3e-49	196.6
NCVOG0073-consensus	d_7180000050548	33.23	620	388	26	20	636	2147	360	8e-49	196.0
NCVOG0073-consensus	d_7180000071392	44.84	446	227	19	19	462	1288	5	8e-47	189.5
NCVOG0073-consensus	d_7180000061247	32.89	681	414	43	20	697	564	2483	8.2e-47	189.3
NCVOG0073-consensus	d_7180000080134	32.24	611	382	32	48	643	1817	39	1.2e-46	188.2
NCVOG0073-consensus	c_7180000068958	42.67	614	326	26	19	626	304	2082	2.1e-46	188.1
NCVOG0073-consensus	d_7180000070941	40.09	429	247	10	132	560	1867	614	2.7e-46	187.2
NCVOG0073-consensus	c_7180000080102	42.67	614	326	26	19	626	4276	2498	2.8e-46	188.3
NCVOG0073-consensus	c_7180000091489	37.56	418	250	11	229	644	1	1224	2e-44	180.7
NCVOG0073-consensus	c_7180000081678	37.20	414	249	11	233	644	4857	3646	1.1e-43	179.9
NCVOG0073-consensus	d_7180000084532	33.85	647	382	46	3	636	116	1948	3.3e-42	173.8
NCVOG0073-consensus	d_7180000059623	36.09	496	295	22	57	546	1944	510	8.7e-41	169.3
NCVOG0073-consensus	d_7180000083359	28.39	923	589	72	20	918	5193	7792	2.3e-40	169.5
NCVOG0073-consensus	c_7180000079598	33.33	501	316	18	20	520	380	1825	4.5e-33	143.4
NCVOG0073-consensus	c_7180000055582	34.81	385	240	11	136	520	6	1124	1.1e-32	143.0
NCVOG0073-consensus	d_7180000087941	39.29	308	177	10	338	642	1610	711	2.9e-29	130.3
NCVOG0073-consensus	d_7180000075605	37.82	587	330	35	75	656	1942	275	3.8e-29	130.3
NCVOG0073-consensus	c_7180000059210	28.72	658	422	47	20	649	1523	3432	6.4e-28	127.9
NCVOG0073-consensus	c_7180000056974	29.56	636	396	52	3	633	2311	552	1.2e-27	125.7
NCVOG0073-consensus	d_7180000094717	41.69	403	221	14	20	422	1167	4	8.8e-26	118.9
NCVOG0073-consensus	c_7180000079972	31.82	396	244	26	396	787	5	1123	3.2e-25	118.0
NCVOG0073-consensus	d_7180000086516	41.06	358	200	11	5	362	627	1664	3.4e-24	113.6
NCVOG0073-consensus	d_7180000049086	43.17	315	169	10	20	334	924	13	6.9e-24	112.5
NCVOG0073-consensus	c_7180000092215	37.94	253	150	7	390	640	3352	2612	2e-23	112.0
NCVOG0073-consensus	d_7180000051974	36.55	643	387	21	3	642	323	2194	4.3e-21	103.9
NCVOG0073-consensus	d_7180000066351	33.43	341	214	13	20	360	1431	2411	1.1e-20	102.4
NCVOG0073-consensus	c_7180000061682	36.27	408	246	14	3	410	450	1628	1.9e-19	98.4
NCVOG0073-consensus	c_7180000065476	31.99	622	383	40	19	627	468	2249	2.5e-19	98.9
NCVOG0073-consensus	d_7180000063701	24.88	414	293	18	147	549	13	1230	4.2e-19	97.4
NCVOG0073-consensus	c_7180000093301	33.39	635	363	60	47	640	2465	621	2.8e-17	91.1
NCVOG0073-consensus	c_7180000083711	27.36	307	212	11	132	431	936	31	3.8e-17	91.4
NCVOG0073-consensus	d_7180000050517	45.86	157	78	7	52	208	459	13	1.8e-16	88.5
NCVOG0073-consensus	c_7180000084644	28.89	682	406	79	21	632	2778	769	1.6e-13	80.0
NCVOG0073-consensus	d_7180000091298	31.80	412	245	36	286	672	15	1210	5.6e-12	73.1
NCVOG0073-consensus	d_7180000059623	32.78	241	136	26	44	272	1924	2597	8.7e-12	73.0
NCVOG0073-consensus	d_7180000086872	26.27	335	218	29	306	627	2	955	1.3e-11	71.6
NCVOG0073-consensus	c_7180000049707	21.73	704	475	76	270	932	2	1993	4.8e-11	70.8
NCVOG0073-consensus	c_7180000056948	43.97	373	195	14	20	392	1641	2714	9.2e-11	69.6
NCVOG0073-consensus	d_7180000083983	44.37	435	228	14	20	454	1580	2839	9.5e-11	69.6
NCVOG2643-consensus	c_7180000066452	35.86	145	76	17	33	173	1243	1635	7.7e-14	77.7
NCVOG2643-consensus	c_7180000092158	35.86	145	76	17	33	173	2499	2107	9.5e-14	77.6
NCVOG4105-consensus	c_7180000076683	31.39	1169	545	257	154	1099	5126	1737	4.7e-32	141.7
NCVOG0305-consensus	c_7180000059146	29.89	261	176	7	1303	1559	2968	3738	1.6e-12	77.2
NCVOG0305-consensus	c_7180000080599	35.20	196	121	6	1334	1527	2576	2004	5.5e-12	74.4
NCVOG0248-consensus	c_7180000051329	34.42	491	260	62	5	489	2493	3794	3e-29	130.7
NCVOG0248-consensus	c_7180000073556	41.61	161	78	16	331	489	4259	3822	1.1e-13	79.1
NCVOG0105-consensus	c_7180000077771	26.22	965	587	125	8	896	2305	5031	6.1e-13	78.0
NCVOG4804-consensus	c_7180000054886	61.21	116	40	5	70	180	5389	5045	3e-23	110.2
NCVOG4883-consensus	c_7180000063896	32.62	423	251	34	43	460	2034	3212	3.6e-39	163.5
NCVOG0360-consensus	c_7180000079728	44.52	283	150	7	24	301	847	8	2.9e-54	213.5
NCVOG0979-consensus	c_7180000062373	51.53	295	140	3	35	328	4422	5297	9.5e-71	270.2
NCVOG0193-consensus	d_7180000058615	29.45	146	91	12	28	173	979	581	6e-11	67.7
NCVOG0274-consensus	d_7180000063535	44.19	973	437	106	182	1064	2877	16	6.2e-47	190.6
NCVOG0274-consensus	d_7180000074547	32.90	307	199	7	1075	1380	2288	1389	1.4e-26	122.6
NCVOG0274-consensus	d_7180000068095	32.14	501	298	42	68	543	2288	3734	2e-12	76.2
NCVOG0274-consensus	c_7180000052823	44.55	110	61	0	955	1064	185	511	2.1e-11	72.2
NCVOG0074-consensus	d_7180000096395	69.53	594	181	0	5	598	1784	6	8.2e-83	308.6
NCVOG0074-consensus	d_7180000065911	67.38	604	197	0	8	611	2948	1140	2.6e-82	307.2
NCVOG0074-consensus	d_7180000059788	70.19	577	172	0	5	581	799	2526	9e-82	304.8
NCVOG0074-consensus	c_7180000068958	60.71	621	240	4	6	624	307	2160	1.8e-74	280.7
NCVOG0074-consensus	c_7180000080102	60.71	621	240	4	6	624	4273	2420	2.7e-74	280.8
NCVOG0074-consensus	d_7180000082624	74.25	497	128	0	1	497	742	2229	2.8e-74	279.8
NCVOG0074-consensus	c_7180000069971	66.24	551	186	0	61	611	2110	461	2.2e-73	276.7
NCVOG0074-consensus	c_7180000065559	63.55	546	198	1	5	549	473	2107	3.8e-69	264.4
NCVOG0074-consensus	c_7180000065559	45.37	227	116	8	388	610	2150	2815	9.5e-14	80.4
NCVOG0074-consensus	c_7180000092421	57.09	585	241	10	5	579	585	2336	7e-67	255.8
NCVOG0074-consensus	d_7180000061721	58.36	574	235	4	32	604	1715	6	2.3e-66	253.1
NCVOG0074-consensus	d_7180000050517	54.73	603	267	6	6	606	478	2271	1.8e-65	250.7
NCVOG0074-consensus	d_7180000083983	76.54	422	99	0	5	426	1577	2839	2.2e-64	247.2
NCVOG0074-consensus	c_7180000061246	54.00	600	262	14	5	598	339	2111	2.1e-62	240.6
NCVOG0074-consensus	d_7180000061033	54.55	583	257	8	5	587	218	1939	2.6e-62	239.8
NCVOG0074-consensus	c_7180000049085	58.32	535	215	8	75	606	4051	2465	7.8e-61	236.0
NCVOG0074-consensus	c_7180000049085	60.28	501	141	58	5	503	1340	13	2.3e-53	211.1
NCVOG0074-consensus	c_7180000061034	56.58	532	231	0	5	536	149	1741	3.7e-60	232.5
NCVOG0074-consensus	d_7180000072753	54.33	543	248	0	75	617	1934	309	3.2e-58	226.2
NCVOG0074-consensus	d_7180000083359	48.96	625	305	14	3	617	4183	2324	9.2e-58	226.8
NCVOG0074-consensus	d_7180000071392	66.20	429	144	1	6	434	1285	5	3e-57	223.6
NCVOG0074-consensus	d_7180000051974	49.02	610	305	6	6	611	374	2194	4e-57	223.0
NCVOG0074-consensus	d_7180000078226	57.65	503	209	4	77	575	1514	9	1.1e-56	220.7
NCVOG0074-consensus	d_7180000070145	51.55	611	222	74	39	575	616	2445	1.7e-56	220.8
NCVOG0074-consensus	c_7180000056948	77.22	360	82	0	5	364	1638	2714	7.5e-55	215.5
NCVOG0074-consensus	c_7180000094138	62.39	452	165	5	191	637	2	1354	7.6e-54	212.0
NCVOG0074-consensus	d_7180000087192	60.24	425	169	0	6	430	465	1736	5.4e-52	205.4
NCVOG0074-consensus	d_7180000050548	46.32	611	315	13	3	608	2156	351	3e-51	203.5
NCVOG0074-consensus	d_7180000094717	66.24	391	132	0	4	394	1173	4	3.9e-51	202.6
NCVOG0074-consensus	c_7180000091489	65.20	408	142	0	205	612	1	1221	8e-51	201.5
NCVOG0074-consensus	d_7180000075605	47.78	586	284	22	55	631	1960	245	3.9e-50	199.4
NCVOG0074-consensus	c_7180000081678	64.85	404	142	0	209	612	4857	3649	7e-50	199.8
NCVOG0074-consensus	d_7180000086516	75.98	333	80	0	5	337	669	1664	7.6e-50	198.2
NCVOG0074-consensus	d_7180000070941	57.85	446	188	0	98	543	1906	572	1.7e-49	197.2
NCVOG0074-consensus	d_7180000049788	56.72	439	182	8	171	606	3	1301	4.2e-47	188.9
NCVOG0074-consensus	c_7180000065476	43.78	619	322	26	1	607	456	2267	1.3e-46	188.9
NCVOG0074-consensus	d_7180000061247	42.45	636	351	15	5	634	561	2438	5.7e-45	182.6
NCVOG0074-consensus	c_7180000079598	44.15	564	296	19	5	553	377	2051	6.1e-45	182.2
NCVOG0074-consensus	d_7180000080134	45.24	588	307	15	34	606	1817	57	6.3e-43	175.3
NCVOG0074-consensus	c_7180000056974	39.66	638	352	33	6	622	2261	387	1.3e-40	168.2
NCVOG0074-consensus	d_7180000084532	40.29	618	334	35	5	607	164	1954	1.7e-40	167.5
NCVOG0074-consensus	c_7180000061682	54.91	377	170	0	6	382	501	1628	2.2e-40	167.4
NCVOG0074-consensus	d_7180000049086	67.21	308	100	1	6	312	924	4	4.1e-40	165.8
NCVOG0074-consensus	d_7180000083359	52.06	388	182	4	6	390	5193	6350	8.4e-39	163.8
NCVOG0074-consensus	d_7180000059623	43.89	483	260	11	43	516	1944	507	5.5e-37	156.1
NCVOG0074-consensus	c_7180000059210	37.60	641	364	36	5	613	1520	3427	7.8e-35	150.3
NCVOG0074-consensus	d_7180000066351	54.85	330	147	2	6	335	1431	2411	7.2e-34	145.6
NCVOG0074-consensus	c_7180000055582	44.15	453	234	19	116	553	9	1350	1.5e-33	145.3
NCVOG0074-consensus	c_7180000093301	45.19	613	297	39	33	606	2465	630	3.7e-33	143.4
NCVOG0074-consensus	d_7180000087941	48.33	300	149	6	309	606	1622	738	4e-25	116.0
NCVOG0074-consensus	c_7180000092215	56.40	250	109	0	362	611	3352	2606	6.4e-25	116.4
NCVOG0074-consensus	c_7180000079972	52.71	277	125	6	367	637	2	829	1.7e-24	115.0
NCVOG0074-consensus	d_7180000071037	70.68	191	56	0	5	195	3101	3670	9e-24	112.7
NCVOG0074-consensus	d_7180000091298	53.35	403	164	24	257	636	3	1201	1.9e-17	90.8
NCVOG0074-consensus	d_7180000063701	29.44	394	259	19	123	502	4	1167	1.3e-16	88.6
NCVOG0074-consensus	d_7180000050517	61.69	154	59	0	37	190	462	4	2.2e-15	84.3
NCVOG0074-consensus	c_7180000096465	33.42	407	240	31	237	622	3	1190	6.7e-15	82.8
NCVOG0074-consensus	c_7180000083711	34.19	310	192	12	109	407	942	19	9.4e-15	82.9
NCVOG0074-consensus	c_7180000049707	34.04	426	233	48	247	630	5	1261	9.6e-15	82.5
NCVOG0074-consensus	d_7180000086872	35.10	339	194	26	281	607	2	973	8.7e-14	78.3
NCVOG0074-consensus	d_7180000059623	42.08	221	117	11	37	248	1944	2597	6.1e-13	76.2
NCVOG0074-consensus	d_7180000070941	44.50	191	106	0	369	559	3	572	3.1e-12	73.4
NCVOG0074-consensus	c_7180000094876	43.37	249	126	15	93	335	102	812	8.4e-12	72.4
NCVOG0074-consensus	d_7180000049461	76.67	90	21	0	5	94	272	6	7.2e-11	69.0
NCVOG1299-consensus	c_7180000067602	34.51	142	82	11	4	137	430	843	1.7e-13	76.1
NCVOG0199-consensus	c_7180000064766	27.17	346	229	23	40	374	1870	886	8.8e-11	69.8
NCVOG4134-consensus	c_7180000088954	36.45	428	218	54	39	456	654	1802	7.5e-38	158.9
NCVOG4134-consensus	d_7180000061325	36.81	144	84	7	319	456	2735	2310	2.8e-17	90.3
NCVOG0424-consensus	c_7180000049190	34.39	189	113	11	153	330	2799	3362	9.8e-13	75.9
NCVOG0424-consensus	d_7180000069043	35.07	134	84	3	181	314	1632	1243	4.8e-12	73.7
NCVOG0214-consensus	c_7180000067112	33.55	307	187	17	239	541	2577	3451	1.2e-25	120.0
NCVOG0214-consensus	c_7180000074032	30.99	213	141	6	337	543	1998	1363	2.8e-20	101.6
NCVOG0214-consensus	d_7180000075912	23.31	429	299	30	123	543	30	1247	1.6e-19	97.8
NCVOG0214-consensus	c_7180000050282	29.10	268	170	20	277	543	232	975	8.7e-19	95.4
NCVOG0214-consensus	c_7180000087154	34.90	192	115	10	322	512	763	218	4.3e-18	94.8
NCVOG0214-consensus	c_7180000068854	33.33	195	121	9	349	543	2171	2725	5.5e-16	86.9
NCVOG0214-consensus	c_7180000057811	30.09	339	199	38	372	691	2242	1286	1.7e-14	82.1
NCVOG0214-consensus	c_7180000094323	47.17	106	52	4	370	475	4629	4327	2.9e-14	82.1
NCVOG0214-consensus	c_7180000094297	36.97	165	95	9	370	531	1473	1002	9.6e-14	78.8
NCVOG0214-consensus	c_7180000056321	44.07	118	62	4	374	491	2483	2145	1.1e-13	79.4
NCVOG0214-consensus	c_7180000058975	43.14	102	58	0	382	483	2001	2303	1.9e-12	74.7
NCVOG0214-consensus	c_7180000091614	26.79	265	185	9	236	498	2412	1642	3.3e-12	74.5
NCVOG0214-consensus	c_7180000080419	25.47	267	194	5	236	498	1645	2439	4.7e-12	73.7
NCVOG0214-consensus	c_7180000065125	24.39	533	335	68	71	550	2082	3632	8.8e-12	73.4
NCVOG0214-consensus	c_7180000070238	24.73	275	200	7	271	543	54	856	1.3e-11	72.6
NCVOG0214-consensus	c_7180000087871	24.73	275	200	7	271	543	929	1731	1.6e-11	72.6
NCVOG0214-consensus	c_7180000049572	36.23	138	85	3	376	513	629	228	1.9e-11	72.0
NCVOG0214-consensus	c_7180000092417	28.93	242	163	9	308	543	4053	3352	2.2e-11	72.3
NCVOG0214-consensus	c_7180000090467	22.90	441	314	26	79	515	2199	946	2.8e-11	71.5
NCVOG0214-consensus	c_7180000091197	30.12	249	155	19	353	599	2509	3201	3.3e-11	71.8
NCVOG0214-consensus	c_7180000061476	36.23	138	85	3	376	513	1580	1981	3.8e-11	72.0
NCVOG0214-consensus	d_7180000078128	29.70	165	114	2	375	538	435	923	3.9e-11	69.9
NCVOG0214-consensus	c_7180000080929	33.56	146	94	3	370	513	1489	1920	4.2e-11	70.7
NCVOG0214-consensus	c_7180000090864	44.79	96	52	1	382	477	4497	4778	4.5e-11	71.8
NCVOG0214-consensus	d_7180000085852	45.37	108	53	6	372	478	2118	1813	6.3e-11	69.6
NCVOG0214-consensus	d_7180000088674	28.51	249	171	7	241	487	680	1404	8e-11	68.8
NCVOG0214-consensus	d_7180000048736	29.44	214	143	8	264	473	2242	2864	8.2e-11	69.6
NCVOG4882-consensus	c_7180000071996	33.86	254	156	12	390	638	2011	2748	1.9e-23	113.0
NCVOG4696-consensus	c_7180000076657	23.37	646	445	50	3	616	3008	1138	1.3e-12	75.6
NCVOG0310-consensus	d_7180000075130	36.20	337	196	19	11	335	932	1912	1.8e-20	100.5
NCVOG0310-consensus	c_7180000060621	32.29	353	219	20	1	337	2718	3757	6.4e-16	86.0
NCVOG0030-consensus	c_7180000070088	31.36	558	268	115	26	489	3659	2056	2.1e-42	175.6
NCVOG4494-consensus	c_7180000067358	41.69	331	171	22	21	345	3691	2750	9.6e-23	109.2
NCVOG4494-consensus	d_7180000082217	37.91	364	202	24	21	372	1972	920	6.1e-21	102.9
NCVOG4494-consensus	d_7180000082217	35.94	320	194	11	1	311	3058	2108	7.6e-19	95.9
NCVOG4494-consensus	d_7180000086019	39.00	341	183	25	2	328	1205	2191	1.5e-20	100.9
NCVOG4494-consensus	d_7180000086019	39.71	277	152	15	19	292	380	1171	8e-19	95.2
NCVOG4494-consensus	d_7180000062147	34.26	432	243	41	21	434	4163	2940	3e-20	102.0
NCVOG4494-consensus	c_7180000068830	37.87	338	184	26	2	324	1239	2212	4.6e-20	99.3
NCVOG4494-consensus	c_7180000068830	39.05	274	150	17	43	310	420	1205	4.7e-18	92.7
NCVOG4494-consensus	d_7180000061081	37.42	318	181	18	19	330	1112	2026	9.8e-20	99.1
NCVOG4494-consensus	c_7180000082625	37.68	276	155	17	44	313	5202	5993	1.5e-19	99.3
NCVOG4494-consensus	c_7180000060520	36.34	366	211	22	19	362	1039	2133	1.5e-19	97.6
NCVOG4494-consensus	d_7180000059212	37.12	326	185	20	21	340	1147	215	1.7e-19	97.4
NCVOG4494-consensus	c_7180000073900	37.12	326	185	20	21	340	773	1705	2.7e-19	97.5
NCVOG4494-consensus	c_7180000092008	38.05	339	192	18	21	341	249	1262	3e-19	98.0
NCVOG4494-consensus	c_7180000092008	37.00	273	153	19	20	286	1281	2057	7.9e-15	83.3
NCVOG4494-consensus	d_7180000054918	33.73	338	204	20	16	344	1050	73	6.5e-19	95.2
NCVOG4494-consensus	c_7180000096704	36.67	330	195	14	21	344	2113	1151	8.1e-19	95.7
NCVOG4494-consensus	c_7180000081342	35.79	366	209	26	2	341	3457	2363	9.9e-19	96.3
NCVOG4494-consensus	c_7180000081342	37.70	252	145	12	40	279	4216	3464	1.9e-16	88.7
NCVOG4494-consensus	d_7180000076762	37.50	296	168	17	19	308	1280	429	1.6e-18	94.8
NCVOG4494-consensus	c_7180000058079	35.94	320	194	11	1	311	2281	3231	2.4e-18	94.5
NCVOG4494-consensus	c_7180000058079	42.86	203	116	0	29	231	3322	3927	4.6e-16	86.9
NCVOG4494-consensus	c_7180000087674	38.72	328	174	27	2	313	1508	2455	3.5e-18	94.0
NCVOG4494-consensus	c_7180000059545	35.11	319	185	22	20	316	1120	2073	5.2e-17	89.7
NCVOG4494-consensus	c_7180000092307	39.94	308	165	20	2	291	1848	2748	8.4e-17	89.3
NCVOG4494-consensus	c_7180000092307	43.82	178	100	0	34	211	1287	1817	1.2e-15	85.5
NCVOG4494-consensus	c_7180000083586	35.11	319	185	22	20	316	4042	4995	9.6e-17	89.8
NCVOG4494-consensus	c_7180000062048	42.13	197	111	3	6	202	604	26	9.7e-17	88.9
NCVOG4494-consensus	c_7180000056717	40.27	226	133	2	15	238	5374	6040	2.7e-15	85.0
NCVOG4494-consensus	c_7180000064476	32.69	364	220	25	2	341	4732	5815	6.4e-14	81.0
NCVOG4494-consensus	c_7180000064476	37.54	301	170	18	21	313	3769	4638	1.4e-14	83.2
NCVOG4494-consensus	d_7180000097085	36.44	225	138	5	100	322	1746	1084	3e-13	76.4
NCVOG4494-consensus	d_7180000067737	40.17	239	118	25	19	232	1256	543	7.9e-13	75.1
NCVOG4494-consensus	c_7180000060263	34.12	170	112	0	60	229	3062	2556	2.7e-12	74.2
NCVOG4494-consensus	c_7180000082012	37.24	196	121	2	45	238	682	98	5.9e-12	72.3
NCVOG4494-consensus	c_7180000076904	39.88	168	100	1	59	225	505	5	7.9e-12	72.6
NCVOG4494-consensus	d_7180000061280	30.61	343	202	36	20	340	248	1225	8.8e-12	72.0
NCVOG4494-consensus	d_7180000071171	35.20	196	123	4	12	205	1104	530	1.5e-11	71.4
NCVOG4494-consensus	d_7180000075700	30.67	388	229	40	83	433	1465	314	1.8e-11	70.7
NCVOG4494-consensus	d_7180000062334	30.67	388	229	40	83	433	942	2093	1.9e-11	70.7
NCVOG4494-consensus	c_7180000070753	31.21	282	176	18	35	311	1266	2067	2.8e-11	70.6
NCVOG4494-consensus	d_7180000067737	47.62	147	68	9	48	185	1480	1917	6.3e-11	68.8
NCVOG4494-consensus	c_7180000071523	34.52	310	168	35	37	313	1702	2622	8.6e-11	70.0
NCVOG0757-consensus	c_7180000060298	53.85	65	29	1	82	145	3	194	3.9e-13	74.3
NCVOG0077-consensus	d_7180000055028	42.50	120	65	4	588	707	1216	872	6.5e-15	83.2
NCVOG0077-consensus	d_7180000072170	42.86	119	64	4	589	707	2688	2347	1.2e-14	82.1
NCVOG0077-consensus	c_7180000066319	39.34	122	67	7	583	704	2178	1837	4.9e-14	81.3
NCVOG0267-consensus	c_7180000091697	25.50	749	467	91	183	882	7659	5554	1.3e-16	90.9
NCVOG4357-consensus	d_7180000052277	34.34	530	272	76	9	471	2485	926	1.2e-39	164.9
NCVOG0037-consensus	c_7180000073818	40.48	252	83	67	70	255	2170	2915	9.3e-12	73.3
NCVOG1317-consensus	d_7180000049499	27.91	301	177	40	58	335	1208	2056	2.3e-17	90.1
NCVOG1317-consensus	c_7180000078159	28.90	346	198	48	38	355	2027	2997	6e-17	89.3
NCVOG1317-consensus	c_7180000061056	26.23	324	198	41	36	335	5740	4827	1.1e-15	86.0
NCVOG1317-consensus	d_7180000086505	31.72	227	123	32	38	248	1717	2342	1e-13	77.9
NCVOG1317-consensus	c_7180000066429	30.13	312	174	44	42	335	2406	1556	1.9e-13	77.3
NCVOG1317-consensus	c_7180000074131	29.20	250	143	34	103	335	4018	3323	2.5e-11	71.1
NCVOG1317-consensus	d_7180000070226	33.33	228	116	36	38	248	725	106	9.8e-11	67.6
NCVOG3007-consensus	c_7180000048988	17.40	454	364	11	133	577	7	1357	6.1e-12	73.6
NCVOG0778-consensus	c_7180000072168	34.62	494	258	65	44	513	55	1410	2.2e-35	152.1
NCVOG0778-consensus	c_7180000062653	32.90	538	294	67	2	513	1924	437	6.4e-35	149.4
NCVOG0778-consensus	c_7180000085756	34.74	426	229	49	6	421	1493	2650	1.6e-21	104.6
NCVOG0007-consensus	c_7180000083426	35.55	391	216	36	4	358	1294	2463	1.3e-37	157.9
NCVOG1115-consensus	d_7180000057919	45.18	197	73	35	248	409	748	163	3.8e-12	74.1
NCVOG0486-consensus	d_7180000077903	34.60	289	165	24	105	376	875	1711	3.2e-21	102.8
NCVOG0486-consensus	d_7180000085233	32.68	257	148	25	136	376	830	98	1.2e-14	80.6
NCVOG0897-consensus	c_7180000081752	29.63	216	139	13	63	268	1015	1650	1.3e-13	77.4
NCVOG0329-consensus	d_7180000074655	27.37	676	428	63	234	851	2035	28	1.1e-11	72.8
NCVOG0029-consensus	c_7180000054373	35.62	539	312	35	18	541	3945	2392	8.4e-48	192.8
NCVOG0029-consensus	c_7180000085203	41.07	431	240	14	3	421	1381	98	4.8e-45	182.9
NCVOG0029-consensus	d_7180000054519	41.30	322	179	10	14	330	1025	1972	3e-37	156.4
NCVOG0029-consensus	d_7180000083211	38.69	274	158	10	14	282	812	9	1.1e-26	121.4
NCVOG0029-consensus	d_7180000068756	33.24	355	209	28	181	521	3	1018	2.5e-24	113.4
NCVOG0029-consensus	c_7180000089770	32.89	304	177	27	232	521	20	885	4.2e-20	100.2
NCVOG0029-consensus	d_7180000055933	31.27	259	170	8	12	265	3844	4608	1.2e-16	89.1
NCVOG0029-consensus	c_7180000079426	38.33	180	101	10	242	420	3147	2642	1e-12	75.8
NCVOG0029-consensus	c_7180000059406	43.28	134	68	8	264	396	1369	996	1.8e-12	74.8
NCVOG0029-consensus	c_7180000096519	43.28	134	68	8	264	396	3513	3140	3.3e-12	74.6
NCVOG0029-consensus	d_7180000059135	26.16	344	229	25	214	546	389	1375	7.2e-12	72.1
NCVOG4566-consensus	c_7180000083111	22.95	549	377	46	12	556	2934	1417	7.4e-12	74.4
NCVOG4566-consensus	c_7180000095225	23.43	525	369	33	3	506	1951	416	7.8e-12	74.5
NCVOG0789-consensus	d_7180000052048	35.50	169	90	19	15	165	859	359	3.6e-14	78.4
NCVOG0036-consensus	c_7180000089845	39.17	217	125	7	104	318	1556	2188	1.7e-12	73.9
NCVOG0036-consensus	c_7180000078999	39.17	217	125	7	104	318	2505	1873	2.2e-12	74.1
NCVOG4561-consensus	c_7180000067302	31.85	248	153	16	58	297	32	748	7.8e-15	82.2
NCVOG0222-consensus	d_7180000056916	24.70	506	350	31	23	504	922	2415	2.5e-12	73.9
NCVOG0222-consensus	c_7180000054214	30.82	438	273	30	75	501	1305	60	1.5e-11	71.1
NCVOG0014-consensus	d_7180000050938	31.15	260	178	1	81	339	784	12	1.7e-18	93.6
NCVOG0014-consensus	c_7180000079252	28.84	267	189	1	86	351	1717	924	4.2e-18	93.7
NCVOG0014-consensus	c_7180000072630	29.55	220	155	0	120	339	1328	672	3.2e-13	77.2
NCVOG1194-consensus	c_7180000063854	58.18	55	23	0	55	109	302	463	2.9e-13	77.6
NCVOG1194-consensus	c_7180000070238	53.06	49	23	0	63	111	899	1042	1.4e-12	74.6
NCVOG1194-consensus	c_7180000070238	48.21	56	25	4	60	111	1091	1255	1.4e-12	74.6
NCVOG1194-consensus	c_7180000087871	50.00	52	26	0	60	111	1699	1851	1.7e-12	74.6
NCVOG1194-consensus	c_7180000087871	48.21	56	25	4	60	111	1894	2058	1.7e-12	74.6
NCVOG1194-consensus	c_7180000087871	34.92	126	69	13	63	184	1075	1416	7.8e-12	72.4
NCVOG1194-consensus	c_7180000092417	52.00	50	24	0	60	109	3330	3184	2e-12	74.6
NCVOG1194-consensus	c_7180000092417	48.21	56	25	4	60	111	3081	2917	2e-12	74.6
NCVOG1194-consensus	c_7180000092417	34.92	126	69	13	63	184	4055	3714	9e-12	72.5
NCVOG1194-consensus	c_7180000053950	55.10	49	22	0	63	111	6274	6417	5.6e-12	73.8
NCVOG1194-consensus	c_7180000049908	50.98	51	25	0	65	115	2437	2586	8.1e-11	69.2
NCVOG0743-consensus	c_7180000070040	32.14	224	133	19	26	238	1911	1267	3.5e-15	84.8
NCVOG0743-consensus	c_7180000059210	32.12	193	114	17	56	238	5014	4460	1.1e-13	79.5
NCVOG0743-consensus	c_7180000073556	32.42	219	130	18	56	257	1388	742	4.9e-13	76.7
NCVOG0743-consensus	c_7180000050131	26.70	382	239	41	25	378	3579	2480	7.6e-13	76.3
NCVOG0743-consensus	c_7180000064439	30.14	209	125	21	42	235	1816	1211	3e-12	74.0
NCVOG0743-consensus	c_7180000049830	30.14	209	125	21	42	235	5682	5077	4.4e-12	74.0
NCVOG2775-consensus	d_7180000097250	42.01	488	252	31	74	534	1613	177	6.4e-12	72.9
NCVOG2775-consensus	c_7180000068851	37.32	485	280	24	66	542	224	1627	7.8e-12	72.3
NCVOG2775-consensus	c_7180000072139	38.66	476	271	21	74	538	1517	2907	2e-11	71.3
NCVOG0924-consensus	c_7180000088186	32.46	191	115	14	3	185	3167	3718	3.3e-12	72.7
NCVOG0893-consensus	c_7180000052898	37.93	174	90	18	50	216	41	520	3.7e-14	81.0
NCVOG0893-consensus	d_7180000057583	39.37	127	64	13	49	174	659	1000	1.5e-12	74.5
NCVOG0275-consensus	c_7180000079754	48.78	82	42	0	7	88	1491	1733	2.8e-12	73.5
NCVOG0729-consensus	c_7180000086988	31.05	599	210	203	2	408	2071	3821	4.9e-14	81.6
NCVOG5103-consensus	c_7180000092417	31.38	800	447	102	278	1048	3526	1363	5.7e-20	101.2
NCVOG5103-consensus	c_7180000070238	31.22	756	414	106	321	1048	791	2809	7.4e-19	97.0
NCVOG5103-consensus	c_7180000087871	32.95	607	277	130	308	824	1027	2718	2.9e-15	85.4
NCVOG4874-consensus	c_7180000072403	35.01	377	151	94	70	367	3369	4443	4.3e-16	86.8
NCVOG4001-consensus	c_7180000065460	33.27	499	273	60	41	505	2464	1053	8.2e-11	69.0
NCVOG1136-consensus	d_7180000080651	57.53	186	72	7	169	347	1488	934	3e-49	195.8
NCVOG1136-consensus	d_7180000080651	53.98	113	49	3	348	459	622	293	4.4e-24	112.2
NCVOG1136-consensus	c_7180000090717	56.59	182	72	7	169	343	548	6	3.9e-46	186.3
NCVOG1136-consensus	d_7180000068817	52.78	108	48	3	353	459	2	316	4.1e-22	105.5
NCVOG1049-consensus	d_7180000079595	28.17	355	205	50	4	322	1185	170	1.8e-13	76.3
NCVOG1049-consensus	c_7180000050306	27.14	350	222	33	4	325	1966	941	9.8e-12	71.1
NCVOG0191-consensus	c_7180000069578	33.95	215	126	16	25	228	3599	4225	2.1e-16	87.5
NCVOG0191-consensus	c_7180000066349	28.57	224	151	9	8	228	1550	904	4.6e-16	85.4
NCVOG0191-consensus	d_7180000090976	31.95	169	100	15	64	229	486	19	1.3e-14	81.0
NCVOG0191-consensus	c_7180000070040	29.60	250	142	34	5	229	5883	6602	6e-13	76.4
NCVOG0191-consensus	c_7180000074600	31.95	169	100	15	64	229	2385	2852	9.4e-11	68.3
NCVOG3009-consensus	d_7180000051301	29.82	285	166	34	2	261	1135	311	6.6e-14	77.6
NCVOG3009-consensus	c_7180000074196	30.77	286	163	35	2	261	3198	4021	2.4e-13	77.7
NCVOG0890-consensus	c_7180000065949	27.38	263	178	13	40	294	4132	3362	2.7e-25	117.1
NCVOG2980-consensus	c_7180000081253	30.53	357	211	37	116	472	3953	2997	4.1e-23	110.6
NCVOG2980-consensus	c_7180000076592	25.62	324	174	67	203	466	3397	4344	1.8e-13	78.7
NCVOG0652-consensus	c_7180000084179	29.38	405	251	35	18	414	1100	2226	5.9e-26	119.7
NCVOG0652-consensus	c_7180000058143	31.02	274	164	25	18	287	3707	4458	2.6e-14	80.9
NCVOG0350-consensus	c_7180000062404	31.92	260	152	25	21	270	503	1234	2.1e-25	116.2
NCVOG0050-consensus	c_7180000097175	36.81	163	83	20	50	197	1245	1715	7.4e-11	68.2
NCVOG4522-consensus	c_7180000085794	32.89	225	84	67	245	402	1816	1149	2e-16	87.6
NCVOG0052-consensus	c_7180000080506	38.78	98	57	3	36	133	2349	2068	7.4e-13	75.2
NCVOG0603-consensus	d_7180000058698	31.68	303	140	67	4	258	143	991	8.6e-12	71.9
NCVOG0281-consensus	d_7180000048738	21.37	702	502	50	244	919	2843	819	8e-23	109.7
NCVOG0281-consensus	d_7180000076232	19.01	926	676	74	24	923	3045	415	9.5e-18	94.5
NCVOG0281-consensus	c_7180000061582	20.73	936	655	87	20	922	4149	1507	8.1e-16	87.5
NCVOG0281-consensus	c_7180000071386	19.98	851	596	85	67	870	4814	2379	9.4e-16	87.5
NCVOG0281-consensus	c_7180000054039	21.10	891	620	83	72	914	4368	1812	9.8e-14	80.1
NCVOG0281-consensus	c_7180000089661	19.39	753	549	58	203	918	3419	1227	1.2e-12	76.3
NCVOG0281-consensus	c_7180000057113	20.86	556	393	47	370	922	12	1544	8.3e-12	73.9
NCVOG0281-consensus	d_7180000074573	19.90	593	432	43	204	762	108	1850	2.2e-11	71.5
NCVOG0281-consensus	d_7180000076503	21.21	627	435	59	35	628	2112	323	4.6e-11	71.2
NCVOG0985-consensus	c_7180000070343	58.00	50	21	0	205	254	5264	5118	2.5e-11	71.9
NCVOG0215-consensus	c_7180000074052	40.98	61	35	1	2	61	1088	1263	1.4e-11	69.5
NCVOG0215-consensus	c_7180000087298	46.77	62	33	0	1	62	2439	2621	3.1e-11	67.6
NCVOG0215-consensus	c_7180000066349	38.00	50	31	0	1	50	1583	1437	6.5e-11	66.5
NCVOG0025-consensus	c_7180000062390	30.00	410	231	56	113	522	5839	4781	3.5e-26	121.5
NCVOG0025-consensus	c_7180000053436	27.90	448	265	58	102	501	2205	897	6.6e-23	110.3
NCVOG0025-consensus	d_7180000062759	29.28	304	176	39	224	521	3109	3918	2e-15	85.1
NCVOG0025-consensus	c_7180000079725	25.59	465	298	48	47	501	2599	1322	1e-14	82.4
NCVOG0025-consensus	d_7180000068681	26.50	283	176	32	218	499	183	935	1.6e-14	80.8
NCVOG0025-consensus	c_7180000097036	23.40	406	265	46	112	508	2060	957	2.9e-13	77.2
NCVOG0025-consensus	c_7180000067814	29.51	183	115	14	310	488	2958	3473	1.5e-12	76.7
NCVOG0025-consensus	c_7180000050566	23.65	406	269	41	112	508	3542	2424	1.5e-11	72.4
NCVOG0025-consensus	d_7180000068817	45.71	70	38	0	422	491	1441	1235	4.1e-11	69.1
NCVOG0271-consensus	c_7180000081103	45.92	808	309	128	470	1153	3400	996	3.6e-156	553.3
NCVOG0271-consensus	c_7180000073388	42.12	1168	475	201	179	1153	1763	5231	8e-156	552.8
NCVOG0271-consensus	c_7180000073630	30.18	1037	611	113	149	1100	124	3139	1.8e-74	282.1
NCVOG0271-consensus	d_7180000082735	37.15	358	204	21	682	1026	5598	4552	9.3e-59	230.5
NCVOG0271-consensus	d_7180000067421	31.38	1074	477	260	348	1169	62	3246	1.1e-50	203.0
NCVOG0271-consensus	d_7180000069167	26.61	774	502	66	149	884	2234	6	1e-35	153.8
NCVOG0271-consensus	c_7180000063189	30.12	820	440	133	80	786	2530	138	9.6e-23	110.7
NCVOG0271-consensus	c_7180000064371	35.00	220	132	11	887	1097	244	876	2.2e-19	99.0
NCVOG4511-consensus	c_7180000087254	22.84	464	297	61	3	442	1607	336	1.1e-11	73.1
NCVOG4241-consensus	c_7180000050897	47.32	112	56	3	19	128	1326	997	1.9e-16	85.8
NCVOG4241-consensus	d_7180000076763	50.56	89	41	3	11	99	1427	1681	1.3e-12	72.7
NCVOG4241-consensus	c_7180000073942	40.40	151	76	14	11	148	2551	2105	9.4e-12	70.9
NCVOG4241-consensus	c_7180000066165	40.94	127	70	5	6	128	1710	1336	3.3e-11	69.0
NCVOG0031-consensus	c_7180000054131	35.98	214	128	9	585	795	2103	1487	1.1e-13	79.3
NCVOG0031-consensus	d_7180000078174	25.39	642	375	104	212	795	3229	5013	2.1e-13	79.7
NCVOG0021-consensus	c_7180000048988	31.17	462	313	5	94	550	4	1386	2.4e-20	100.6
NCVOG0021-consensus	c_7180000089035	40.44	408	210	33	144	529	6183	7366	3.3e-20	102.8
NCVOG0021-consensus	c_7180000082647	38.61	373	194	35	26	370	1103	9	2.5e-16	88.2
NCVOG0021-consensus	c_7180000091107	33.67	490	289	36	68	535	2819	1395	4.8e-16	87.5
NCVOG0021-consensus	c_7180000078897	29.49	390	255	20	92	469	3195	2055	3.1e-12	74.9
NCVOG0001-consensus	d_7180000064022	34.52	281	130	54	331	565	2216	1405	1.3e-21	105.3
NCVOG0001-consensus	d_7180000064022	43.84	146	73	9	392	537	3020	2613	1.7e-19	98.2
NCVOG0001-consensus	c_7180000072223	34.77	348	200	27	235	568	4525	3534	6.8e-20	100.3
NCVOG0001-consensus	c_7180000092239	34.87	347	199	27	235	567	1375	2363	1.2e-19	99.8
NCVOG0001-consensus	c_7180000077780	42.34	222	112	16	320	537	1276	650	6.5e-15	83.4
NCVOG0001-consensus	d_7180000058397	31.42	366	116	135	320	558	1941	3003	7.9e-14	79.4
NCVOG0001-consensus	c_7180000063719	38.67	256	83	74	362	555	2142	2870	2.5e-11	71.3
NCVOG2058-consensus	c_7180000079391	40.00	370	194	28	36	381	2562	1472	3.9e-11	69.8
NCVOG0066-consensus	d_7180000073257	32.00	275	176	11	137	409	30	824	4.9e-30	132.6
NCVOG0066-consensus	c_7180000085901	31.13	318	205	14	94	409	2324	3238	1.4e-22	108.7
NCVOG0038-consensus	c_7180000067458	35.34	965	498	126	83	970	3422	680	1.9e-33	146.4
NCVOG0228-consensus	c_7180000049752	31.75	630	345	85	310	869	621	2454	7.9e-17	90.8
NCVOG0280-consensus	c_7180000067581	21.99	1519	1001	184	328	1706	5292	871	2e-12	77.5
NCVOG0218-consensus	c_7180000067302	42.57	343	176	21	540	866	1014	4	3.3e-18	94.7
NCVOG0218-consensus	c_7180000087254	36.03	458	236	57	538	958	1901	591	3.7e-16	88.7
NCVOG0218-consensus	c_7180000053071	38.84	345	194	17	559	893	1015	5	3.8e-12	74.2
NCVOG0218-consensus	d_7180000052200	34.06	508	244	91	480	901	3409	1904	1.9e-11	72.5
NCVOG0218-consensus	c_7180000072427	33.87	434	248	39	480	901	1228	11	1.9e-11	71.8
NCVOG0218-consensus	c_7180000074052	39.05	338	177	29	588	903	992	1981	3.3e-11	72.4
NCVOG0218-consensus	c_7180000092417	28.16	664	429	48	265	901	4493	2572	3.6e-11	72.1
NCVOG0218-consensus	d_7180000093276	32.94	419	246	35	506	901	2364	1147	5.2e-11	70.5
NCVOG0218-consensus	c_7180000066349	34.14	454	262	37	463	897	1877	577	8e-11	70.2
NCVOG0018-consensus	c_7180000063887	20.05	1137	826	83	51	1134	200	3511	4.2e-17	91.5
NCVOG0018-consensus	d_7180000058891	18.90	1053	764	90	141	1119	15	3122	1.5e-14	82.8
NCVOG0018-consensus	c_7180000096438	20.76	968	698	69	267	1191	3654	844	2.9e-14	82.0
NCVOG0018-consensus	c_7180000048988	23.13	454	316	33	99	544	112	1395	6.8e-13	76.1
NCVOG0226-consensus	c_7180000063854	32.72	162	105	4	12	171	275	751	2.4e-14	81.6
NCVOG0226-consensus	c_7180000053071	38.10	168	65	39	16	150	490	8	1.1e-13	78.1
NCVOG0226-consensus	c_7180000073802	44.26	122	58	10	36	157	1860	2192	2.7e-13	76.7
NCVOG0226-consensus	d_7180000073240	32.62	141	95	0	18	158	1124	1543	8.3e-13	75.1
NCVOG0226-consensus	c_7180000070238	32.82	131	80	8	25	154	884	1252	9e-13	75.6
NCVOG0226-consensus	c_7180000070238	35.42	144	76	17	27	170	140	517	7.5e-13	75.9
NCVOG0226-consensus	c_7180000087871	35.42	144	76	17	27	170	1015	1392	9.4e-13	75.9
NCVOG0226-consensus	c_7180000080251	36.88	141	82	7	16	153	2018	1611	9.6e-13	75.4
NCVOG0226-consensus	c_7180000080190	38.96	154	79	15	14	159	514	77	6.9e-12	72.1
NCVOG0226-consensus	c_7180000092417	35.42	144	76	17	27	170	4115	3738	3.2e-11	71.0
NCVOG0226-consensus	c_7180000089990	38.00	150	78	15	16	159	830	411	3.8e-11	69.1
NCVOG4170-consensus	c_7180000068257	32.24	214	139	6	129	336	2023	2661	5.8e-28	125.5
NCVOG4170-consensus	c_7180000073951	32.54	209	135	6	129	331	2013	1390	1.9e-27	124.3
NCVOG4170-consensus	c_7180000073807	37.79	172	103	4	129	299	1308	805	2.3e-27	124.7
NCVOG4170-consensus	c_7180000066707	35.68	199	87	41	12	169	4946	5533	3.7e-12	73.9
NCVOG4587-consensus	c_7180000070040	42.55	94	43	11	62	144	6604	6326	3.4e-11	70.9
NCVOG0370-consensus	c_7180000087843	32.67	202	122	14	15	211	1087	1662	8.9e-18	90.5
NCVOG0370-consensus	d_7180000087458	32.82	195	117	14	27	216	1556	1002	1e-17	90.2
NCVOG0370-consensus	c_7180000051380	35.43	175	100	13	42	211	1510	2007	4.5e-17	88.3
NCVOG0370-consensus	c_7180000052062	32.18	202	123	14	15	211	762	1337	5.3e-17	88.9
NCVOG0370-consensus	c_7180000086554	35.43	175	100	13	42	211	1446	1943	6.6e-17	88.6
NCVOG0370-consensus	d_7180000076145	32.06	209	124	18	8	211	684	100	6.9e-17	87.0
NCVOG0370-consensus	d_7180000056608	35.43	175	100	13	42	211	1419	1916	8.9e-17	87.5
NCVOG0370-consensus	c_7180000063171	34.86	175	101	13	42	211	1046	549	1.3e-16	86.7
NCVOG0370-consensus	c_7180000076730	30.43	207	133	11	9	211	1962	1370	2.5e-15	82.4
NCVOG0720-consensus	c_7180000065346	50.00	166	73	10	5	166	814	338	9.8e-40	163.2
NCVOG0720-consensus	c_7180000062137	36.05	147	88	6	23	165	486	913	6.1e-16	85.1
