NCVOG0719-consensus	NODE_39_length_100119_cov_24.508127	35.18	253	151	13	21	263	70486	71232	1.9e-32	142.6
NCVOG0719-consensus	NODE_9_length_176974_cov_31.164910	29.86	288	160	42	21	266	327	1179	9.5e-18	94.3
NCVOG0719-consensus	NODE_169_length_22765_cov_36.227301	28.43	204	121	25	47	225	19346	19952	1e-14	81.5
NCVOG1069-consensus	NODE_20_length_135090_cov_24.824846	29.20	387	207	67	95	426	78460	77339	2.9e-18	96.6
NCVOG0333-consensus	NODE_88_length_49350_cov_26.072920	48.35	91	38	9	605	695	10012	9770	4.9e-11	71.8
NCVOG0333-consensus	NODE_9_length_176974_cov_31.164910	47.78	90	44	3	605	694	116071	115814	5.8e-11	73.1
NCVOG0333-consensus	NODE_13_length_168890_cov_25.689017	44.12	102	52	5	605	704	81350	81057	8.5e-11	72.6
NCVOG0233-consensus	NODE_36_length_104894_cov_28.405755	35.09	912	481	111	57	861	29442	26730	8.4e-38	162.1
NCVOG0233-consensus	NODE_91_length_48294_cov_24.867495	36.56	930	470	120	45	856	34826	37598	3e-24	116.0
NCVOG0233-consensus	NODE_327_length_5395_cov_32.552839	28.05	770	425	129	12	674	3515	1285	5.6e-24	111.9
NCVOG0233-consensus	NODE_46_length_84625_cov_29.324739	33.01	915	488	125	64	855	79836	82553	6e-23	112.4
NCVOG0233-consensus	NODE_231_length_13906_cov_38.085689	22.66	578	383	64	29	579	1633	22	3.2e-20	100.8
NCVOG0233-consensus	NODE_211_length_16666_cov_24.570981	26.82	768	397	165	135	738	1406	3697	4.6e-20	100.5
NCVOG0233-consensus	NODE_644_length_870_cov_89.075662	26.57	271	183	16	584	847	79	861	4.7e-16	82.9
NCVOG0233-consensus	NODE_71_length_60738_cov_24.393828	28.66	628	346	102	136	673	53152	54994	2.4e-15	86.7
NCVOG0233-consensus	NODE_1_length_373068_cov_26.197900	26.03	926	549	136	38	845	143021	140321	5e-15	86.9
NCVOG0233-consensus	NODE_5_length_204515_cov_25.238013	25.88	769	470	100	94	776	957	3216	1.6e-11	75.3
NCVOG0023-consensus	NODE_94_length_46868_cov_200.189737	25.33	762	477	92	149	847	43981	41792	2.7e-43	179.2
NCVOG0013-consensus	NODE_419_length_2658_cov_54.428129	26.69	341	218	32	20	345	1692	2654	1.3e-22	105.7
NCVOG0013-consensus	NODE_102_length_43608_cov_12.571409	29.25	212	142	8	122	331	41361	41975	6.6e-21	104.1
NCVOG0013-consensus	NODE_138_length_31414_cov_31.009988	30.80	224	147	8	121	342	27497	28147	1e-20	103.0
NCVOG0013-consensus	NODE_508_length_1526_cov_34.244997	29.61	233	152	12	116	342	63	740	1.5e-20	98.1
NCVOG0013-consensus	NODE_111_length_40443_cov_26.742531	32.44	225	144	8	122	344	1589	936	2.8e-20	101.9
NCVOG0013-consensus	NODE_267_length_9091_cov_30.614821	29.46	258	137	45	122	340	6675	7423	8.4e-19	94.9
NCVOG0013-consensus	NODE_267_length_9091_cov_30.614821	29.67	182	125	3	117	295	7523	8061	6.3e-13	75.3
NCVOG0013-consensus	NODE_98_length_44647_cov_28.565919	29.33	225	151	8	122	344	1086	433	9e-15	83.8
NCVOG0763-consensus	NODE_105_length_42207_cov_25.757251	49.07	108	55	0	204	311	22988	22668	6.2e-12	73.4
NCVOG0297-consensus	NODE_3_length_241243_cov_19.721171	31.37	204	113	27	301	482	55534	56119	6.5e-12	75.9
NCVOG0663-consensus	NODE_42_length_90143_cov_23.732891	24.91	534	361	40	100	604	70223	71788	2.7e-13	80.0
NCVOG0073-consensus	NODE_73_length_59677_cov_24.735374	41.04	636	339	36	20	640	50092	48255	5.1e-98	361.4
NCVOG0073-consensus	NODE_107_length_41828_cov_23.336854	35.58	683	383	57	19	673	26013	27963	2.3e-80	302.3
NCVOG0073-consensus	NODE_10_length_174854_cov_25.397695	39.16	664	349	55	19	652	69314	67407	4.4e-75	286.6
NCVOG0073-consensus	NODE_242_length_12078_cov_23.910591	27.42	569	379	34	19	559	1699	20	1.1e-35	152.0
NCVOG0073-consensus	NODE_187_length_18828_cov_12.312890	24.12	825	543	83	19	783	15444	13058	3.2e-32	141.2
NCVOG0073-consensus	NODE_188_length_18765_cov_36.875856	24.38	447	294	44	16	435	5254	6540	8.7e-13	76.6
NCVOG2643-consensus	NODE_72_length_59772_cov_25.803618	35.47	265	151	20	4	262	36630	37379	9.1e-26	119.6
NCVOG2643-consensus	NODE_42_length_90143_cov_23.732891	34.52	281	151	33	4	260	4035	4839	3.3e-16	88.4
NCVOG0613-consensus	NODE_374_length_3610_cov_33.365129	34.07	135	71	18	10	128	1263	868	4.7e-12	68.9
NCVOG4523-consensus	NODE_13_length_168890_cov_25.689017	36.24	894	397	173	11	819	115906	118296	1.5e-41	175.3
NCVOG4523-consensus	NODE_3_length_241243_cov_19.721171	31.45	550	320	57	396	919	167512	169047	3.9e-31	140.1
NCVOG1353-consensus	NODE_49_length_80289_cov_26.221114	55.79	837	278	92	51	800	72491	74977	5.6e-142	507.6
NCVOG0353-consensus	NODE_5_length_204515_cov_25.238013	26.90	342	216	34	44	379	120618	119680	2e-16	90.4
NCVOG4445-consensus	NODE_32_length_110344_cov_25.069731	31.78	214	135	11	146	356	80952	81566	6.7e-12	74.9
NCVOG0055-consensus	NODE_17_length_154426_cov_25.982974	41.32	242	117	25	182	398	71722	72440	2.9e-21	106.6
NCVOG0055-consensus	NODE_12_length_170582_cov_25.113264	35.43	223	111	33	190	392	124588	125208	2.3e-20	103.7
NCVOG4105-consensus	NODE_1_length_373068_cov_26.197900	37.06	1082	608	73	7	1040	35392	32249	2.7e-146	523.3
NCVOG0305-consensus	NODE_64_length_67433_cov_24.675010	33.08	260	163	11	1304	1555	63807	64574	8.5e-30	135.7
NCVOG0305-consensus	NODE_27_length_116066_cov_24.959824	26.57	843	506	113	784	1563	77166	74813	1.3e-23	115.9
NCVOG0305-consensus	NODE_115_length_39244_cov_24.739909	29.53	254	166	13	1316	1559	13519	12770	1.6e-22	110.7
NCVOG0305-consensus	NODE_115_length_39244_cov_24.739909	30.77	247	154	17	785	1024	26924	26217	1.5e-16	90.9
NCVOG0305-consensus	NODE_27_length_116066_cov_24.959824	28.30	265	178	12	1298	1559	57138	57902	2.5e-20	105.0
NCVOG0305-consensus	NODE_53_length_77437_cov_25.685432	26.54	324	215	23	781	1081	31601	30645	1.4e-17	95.3
NCVOG0305-consensus	NODE_16_length_155415_cov_33.966647	37.18	234	132	15	1334	1556	152650	153334	1.2e-16	88.5
NCVOG0305-consensus	NODE_88_length_49350_cov_26.072920	29.39	347	207	38	1239	1559	13231	12238	5.5e-15	86.1
NCVOG0305-consensus	NODE_32_length_110344_cov_25.069731	29.84	258	163	18	1314	1557	46788	47542	1e-14	86.3
NCVOG0305-consensus	NODE_32_length_110344_cov_25.069731	33.08	260	152	22	1314	1557	49246	50002	2.8e-16	91.5
NCVOG0305-consensus	NODE_30_length_111856_cov_25.971667	31.05	277	159	32	1316	1563	84780	83972	1e-14	86.3
NCVOG0305-consensus	NODE_74_length_59359_cov_23.624743	29.21	315	197	26	762	1056	34428	35343	1.7e-14	84.7
NCVOG0305-consensus	NODE_61_length_72619_cov_24.545574	33.00	203	122	14	820	1020	20627	20060	2.5e-14	84.4
NCVOG0305-consensus	NODE_32_length_110344_cov_25.069731	30.89	259	151	28	1322	1556	53021	52264	2.6e-14	85.0
NCVOG0305-consensus	NODE_123_length_36499_cov_17.924304	30.56	216	143	7	1344	1555	3046	3681	3.2e-14	83.1
NCVOG0305-consensus	NODE_7_length_184951_cov_24.843185	30.57	265	160	24	1305	1549	53887	54664	6.2e-14	84.2
NCVOG0305-consensus	NODE_221_length_14917_cov_23.777830	27.36	307	179	44	1271	1551	2326	3189	6.5e-12	74.1
NCVOG0305-consensus	NODE_124_length_36394_cov_13.809208	28.93	242	154	18	1280	1506	27252	26551	4e-11	72.8
NCVOG0305-consensus	NODE_18_length_150851_cov_25.643022	32.56	215	130	15	1309	1510	29186	29819	9.4e-11	73.6
NCVOG0248-consensus	NODE_3_length_241243_cov_19.721171	31.20	516	255	100	8	489	111629	112969	4.1e-20	103.1
NCVOG0248-consensus	NODE_17_length_154426_cov_25.982974	28.69	502	289	69	49	490	95943	94470	1.2e-13	81.6
NCVOG0105-consensus	NODE_60_length_73307_cov_24.592940	24.30	967	624	108	8	918	56718	59447	3.3e-26	123.3
NCVOG0105-consensus	NODE_23_length_129822_cov_25.345516	25.51	592	367	74	340	894	128109	129766	2.9e-15	87.7
NCVOG4804-consensus	NODE_25_length_124473_cov_25.912377	52.78	144	56	12	47	180	77202	76780	6.1e-27	124.1
NCVOG0282-consensus	NODE_32_length_110344_cov_25.069731	29.34	484	291	51	122	585	46224	47563	6.4e-23	112.7
NCVOG0282-consensus	NODE_32_length_110344_cov_25.069731	25.67	557	362	52	57	585	48430	50023	9.3e-23	112.2
NCVOG0282-consensus	NODE_16_length_155415_cov_33.966647	26.67	480	304	48	180	634	152148	153511	1.3e-20	100.8
NCVOG0282-consensus	NODE_32_length_110344_cov_25.069731	29.90	408	235	51	198	572	53429	52279	5.3e-15	86.4
NCVOG0282-consensus	NODE_37_length_102545_cov_27.020563	30.08	236	145	20	335	556	12406	13092	1e-13	82.1
NCVOG0282-consensus	NODE_161_length_24554_cov_27.717367	34.25	292	156	36	318	583	169	1005	1.6e-13	79.3
NCVOG0282-consensus	NODE_64_length_67433_cov_24.675010	25.29	427	276	43	302	703	63750	64965	2.5e-13	80.2
NCVOG0282-consensus	NODE_4_length_222011_cov_26.094925	27.70	296	188	26	327	606	2936	2084	5.5e-13	80.2
NCVOG0282-consensus	NODE_146_length_28311_cov_24.991818	27.69	455	283	46	78	515	20420	21688	5.7e-13	77.7
NCVOG0282-consensus	NODE_79_length_56278_cov_25.358161	27.37	391	238	46	216	582	53154	52063	6.4e-13	78.5
NCVOG0282-consensus	NODE_217_length_15378_cov_27.326188	24.64	349	237	26	322	653	12920	13936	6.5e-13	76.6
NCVOG0282-consensus	NODE_25_length_124473_cov_25.912377	24.39	492	333	39	206	668	26687	25265	6.6e-13	79.6
NCVOG0282-consensus	NODE_85_length_51806_cov_35.710936	29.29	396	220	60	322	668	19350	18209	1.2e-11	74.2
NCVOG0282-consensus	NODE_85_length_51806_cov_35.710936	32.88	295	153	45	326	584	17676	16824	1.9e-13	80.2
NCVOG0282-consensus	NODE_123_length_36499_cov_17.924304	25.31	320	205	34	323	617	2901	3828	2.6e-11	72.6
NCVOG4883-consensus	NODE_169_length_22765_cov_36.227301	35.16	401	237	23	2	388	15791	14637	2.3e-38	160.8
NCVOG0360-consensus	NODE_173_length_21823_cov_36.104847	42.62	298	155	16	24	307	16523	17405	3.2e-39	163.1
NCVOG0979-consensus	NODE_100_length_43874_cov_26.189328	44.82	357	174	23	2	338	15320	14268	2.6e-49	197.8
NCVOG0274-consensus	NODE_138_length_31414_cov_31.009988	37.69	1491	724	205	60	1373	14495	18870	2.2e-60	236.1
NCVOG0274-consensus	NODE_129_length_34745_cov_32.688387	29.28	1380	728	248	204	1355	29504	25434	5.5e-53	211.6
NCVOG0274-consensus	NODE_42_length_90143_cov_23.732891	31.35	1531	782	269	45	1342	21012	16565	1.5e-29	135.2
NCVOG0074-consensus	NODE_73_length_59677_cov_24.735374	63.62	646	222	13	5	637	50095	48165	2.9e-200	700.5
NCVOG0074-consensus	NODE_10_length_174854_cov_25.397695	58.16	643	242	27	6	625	69311	67404	1.6e-163	579.8
NCVOG0074-consensus	NODE_107_length_41828_cov_23.336854	46.95	639	298	41	6	616	26016	27886	5.9e-106	386.7
NCVOG0074-consensus	NODE_242_length_12078_cov_23.910591	31.68	543	330	41	2	507	1708	101	6.9e-51	202.0
NCVOG0074-consensus	NODE_187_length_18828_cov_12.312890	29.55	704	406	90	6	625	15441	13359	2.8e-26	120.9
NCVOG0074-consensus	NODE_188_length_18765_cov_36.875856	28.14	636	389	68	1	581	5251	7106	8.2e-17	89.4
NCVOG0352-consensus	NODE_182_length_19940_cov_24.279565	28.90	218	125	30	8	218	1533	952	1.3e-12	74.0
NCVOG0064-consensus	NODE_55_length_76664_cov_12.326557	26.17	363	234	34	23	362	53163	52111	3.8e-13	78.9
NCVOG2254-consensus	NODE_16_length_155415_cov_33.966647	28.74	341	208	35	48	366	139281	138301	9.5e-16	89.6
NCVOG4134-consensus	NODE_26_length_120573_cov_26.069886	37.58	487	236	68	6	456	16141	17494	5.1e-32	142.1
NCVOG0424-consensus	NODE_1122_length_236_cov_17.327044	45.57	79	42	1	184	262	236	6	2.6e-11	64.7
NCVOG0424-consensus	NODE_238_length_12611_cov_28.277166	24.62	199	137	13	127	319	593	25	5.7e-11	69.4
NCVOG0304-consensus	NODE_16_length_155415_cov_33.966647	34.08	179	97	21	38	201	152488	153003	8.4e-12	70.7
NCVOG0214-consensus	NODE_13_length_168890_cov_25.689017	36.98	192	108	13	319	505	155523	156065	2e-13	78.5
NCVOG0276-consensus	NODE_28_length_114575_cov_25.078464	60.96	356	102	37	39	357	30298	31360	1.1e-59	233.6
NCVOG0689-consensus	NODE_105_length_42207_cov_25.757251	23.13	415	287	32	49	455	22654	23805	2.8e-15	85.1
NCVOG4882-consensus	NODE_4_length_222011_cov_26.094925	33.79	364	211	30	374	718	52183	51136	5.9e-24	116.8
NCVOG2204-consensus	NODE_203_length_17712_cov_25.639354	36.73	471	236	62	29	442	17411	16017	1.1e-29	131.5
NCVOG4665-consensus	NODE_105_length_42207_cov_25.757251	50.00	120	38	22	397	514	22673	22965	1.7e-12	75.9
NCVOG0185-consensus	NODE_699_length_773_cov_36.725575	43.24	74	42	0	13	86	366	584	1.9e-13	72.3
NCVOG3000-consensus	NODE_57_length_75312_cov_26.615538	31.48	162	80	31	56	213	7287	6886	2.4e-15	85.2
NCVOG0030-consensus	NODE_3_length_241243_cov_19.721171	37.99	487	243	59	25	472	41159	39768	1.7e-28	131.5
NCVOG0030-consensus	NODE_27_length_116066_cov_24.959824	36.48	540	260	83	23	501	110365	111905	5.2e-17	92.9
NCVOG4494-consensus	NODE_112_length_40422_cov_28.369587	37.78	225	140	0	2	226	38145	37474	2.7e-30	135.0
NCVOG4494-consensus	NODE_449_length_2147_cov_26.871014	35.43	302	176	19	21	313	493	1365	1.2e-24	112.0
NCVOG4494-consensus	NODE_427_length_2473_cov_24.297162	34.05	279	169	15	20	293	1737	934	7.4e-23	106.3
NCVOG4494-consensus	NODE_797_length_563_cov_21.444444	38.69	168	103	0	34	201	542	42	5.7e-22	101.2
NCVOG4494-consensus	NODE_114_length_39526_cov_25.999823	39.60	202	116	6	21	218	1542	946	1.1e-20	103.0
NCVOG4494-consensus	NODE_425_length_2517_cov_27.023361	31.41	312	199	15	23	328	955	50	9.6e-20	96.0
NCVOG4494-consensus	NODE_171_length_22421_cov_24.491676	31.23	253	158	16	21	262	18310	19050	2.7e-19	97.6
NCVOG4494-consensus	NODE_417_length_2722_cov_11.917580	34.02	241	143	16	40	275	2000	2686	1.7e-18	91.9
NCVOG4494-consensus	NODE_105_length_42207_cov_25.757251	31.31	297	182	22	32	306	891	4	1.9e-18	95.7
NCVOG4494-consensus	NODE_223_length_14845_cov_24.605431	38.86	175	99	8	20	188	533	18	1.3e-15	84.8
NCVOG4494-consensus	NODE_68_length_62781_cov_26.658124	31.58	190	120	10	20	199	51389	51953	2e-15	86.2
NCVOG4494-consensus	NODE_19_length_142433_cov_27.951973	33.45	278	156	29	5	253	84318	85148	9.7e-15	85.2
NCVOG4494-consensus	NODE_87_length_50276_cov_24.755593	39.68	126	75	1	60	185	16512	16141	2.7e-14	82.2
NCVOG4477-consensus	NODE_105_length_42207_cov_25.757251	43.36	113	54	10	680	790	22642	22953	1.9e-14	84.4
NCVOG4396-consensus	NODE_138_length_31414_cov_31.009988	28.52	270	142	51	114	339	10795	10010	4.9e-11	71.0
NCVOG0267-consensus	NODE_1_length_373068_cov_26.197900	29.01	424	251	50	328	729	253347	254525	1e-27	129.5
NCVOG0267-consensus	NODE_9_length_176974_cov_31.164910	28.57	504	293	67	291	760	35115	33714	1.9e-24	118.6
NCVOG0267-consensus	NODE_7_length_184951_cov_24.843185	27.48	433	265	49	337	748	179790	180997	1.7e-16	90.2
NCVOG0267-consensus	NODE_104_length_43047_cov_28.698185	32.64	383	200	58	326	676	2192	1131	1.2e-13	80.9
NCVOG0267-consensus	NODE_37_length_102545_cov_27.020563	28.57	434	243	67	326	721	98125	96918	1.6e-12	78.5
NCVOG4357-consensus	NODE_74_length_59359_cov_23.624743	35.39	551	265	91	5	479	5661	4059	3.6e-17	91.9
NCVOG0046-consensus	NODE_92_length_47567_cov_26.167319	50.67	75	34	3	1	72	16226	16447	8.1e-11	69.8
NCVOG0037-consensus	NODE_17_length_154426_cov_25.982974	44.46	1084	476	126	66	1025	131867	135091	6.4e-92	342.7
NCVOG0307-consensus	NODE_64_length_67433_cov_24.675010	27.20	250	172	10	31	275	63867	64598	6.9e-11	70.4
NCVOG0778-consensus	NODE_69_length_62697_cov_24.724273	30.50	482	277	58	38	504	58255	59568	2e-36	156.2
NCVOG0007-consensus	NODE_90_length_48876_cov_25.806717	34.65	381	195	54	21	347	27788	28921	2.6e-18	95.0
NCVOG1115-consensus	NODE_82_length_53310_cov_27.081510	42.69	260	106	43	187	406	26763	26000	4.5e-13	77.9
NCVOG0015-consensus	NODE_270_length_8989_cov_30.758416	35.85	159	94	8	99	250	6829	7299	1.2e-14	80.8
NCVOG0015-consensus	NODE_102_length_43608_cov_12.571409	34.21	190	112	13	92	269	40803	41366	4.5e-13	77.8
NCVOG0015-consensus	NODE_102_length_43608_cov_12.571409	35.96	178	99	15	90	252	41421	41951	3.7e-13	78.1
NCVOG0015-consensus	NODE_138_length_31414_cov_31.009988	36.81	182	104	11	99	269	27503	28045	5.4e-12	73.8
NCVOG0005-consensus	NODE_5_length_204515_cov_25.238013	30.77	234	147	15	52	275	35306	35989	1.3e-14	84.6
NCVOG0486-consensus	NODE_67_length_65014_cov_14.115897	30.79	315	176	42	77	362	23843	22941	4.7e-12	74.7
NCVOG0744-consensus	NODE_1_length_373068_cov_26.197900	27.65	481	275	73	128	540	306247	304825	1.1e-21	107.4
NCVOG0806-consensus	NODE_24_length_126451_cov_26.072016	36.99	392	212	35	74	447	86289	85168	2.1e-57	226.5
NCVOG0806-consensus	NODE_24_length_126451_cov_26.072016	41.21	478	238	43	9	447	4564	5978	5.5e-21	105.5
NCVOG0029-consensus	NODE_32_length_110344_cov_25.069731	36.79	473	265	34	30	477	33784	32396	2.1e-46	190.1
NCVOG0029-consensus	NODE_26_length_120573_cov_26.069886	32.19	497	263	74	1	425	89850	88373	1.1e-30	138.0
NCVOG0029-consensus	NODE_45_length_85134_cov_24.109832	29.26	393	204	74	36	357	19436	18274	7.6e-11	71.6
NCVOG4154-consensus	NODE_105_length_42207_cov_25.757251	26.40	178	110	21	120	297	22612	23079	1e-10	69.3
NCVOG1326-consensus	NODE_34_length_106688_cov_24.720357	44.37	151	79	5	1	146	101587	101138	9e-25	116.3
NCVOG1326-consensus	NODE_34_length_106688_cov_24.720357	46.15	143	71	6	10	146	100446	100021	7.8e-22	106.5
NCVOG1326-consensus	NODE_2_length_318470_cov_25.882278	40.85	142	81	3	13	151	53237	52815	3.3e-21	105.0
NCVOG1326-consensus	NODE_3_length_241243_cov_19.721171	44.36	133	60	14	28	146	36104	35711	9.8e-12	73.5
NCVOG0036-consensus	NODE_21_length_134061_cov_31.587204	36.55	238	132	19	79	302	110544	109851	5.4e-19	98.6
NCVOG0014-consensus	NODE_508_length_1526_cov_34.244997	30.91	220	151	1	130	349	6	659	1.9e-23	107.6
NCVOG0014-consensus	NODE_508_length_1526_cov_34.244997	30.91	165	114	0	175	339	681	1172	4.6e-14	76.4
NCVOG0014-consensus	NODE_138_length_31414_cov_31.009988	26.24	221	163	0	124	344	27503	28162	1.2e-21	106.0
NCVOG0014-consensus	NODE_111_length_40443_cov_26.742531	28.71	209	149	0	131	339	1565	942	2.1e-20	102.2
NCVOG0014-consensus	NODE_111_length_40443_cov_26.742531	25.46	216	161	0	124	339	2234	1590	2.1e-16	88.9
NCVOG0014-consensus	NODE_102_length_43608_cov_12.571409	29.96	247	165	8	74	315	41427	42155	1e-19	100.0
NCVOG0014-consensus	NODE_267_length_9091_cov_30.614821	25.39	319	228	10	43	351	6836	7789	4.4e-19	95.7
NCVOG0014-consensus	NODE_270_length_8989_cov_30.758416	25.44	228	170	0	114	341	6259	6939	7.6e-19	94.9
NCVOG0014-consensus	NODE_98_length_44647_cov_28.565919	28.43	204	146	0	142	345	921	313	5.2e-17	91.1
NCVOG0002-consensus	NODE_7_length_184951_cov_24.843185	32.81	512	311	33	332	832	47996	46538	1.1e-43	182.2
NCVOG0002-consensus	NODE_193_length_18292_cov_36.124513	29.53	535	320	57	322	827	4531	3022	3e-30	134.4
NCVOG0002-consensus	NODE_87_length_50276_cov_24.755593	28.35	575	357	55	217	760	22923	24566	2.8e-19	99.4
NCVOG1194-consensus	NODE_3481_length_143_cov_81.257576	48.94	47	24	0	69	115	141	4	1.8e-12	67.2
NCVOG1194-consensus	NODE_3429_length_146_cov_36.710145	48.94	47	24	0	69	115	141	4	1.2e-11	64.4
NCVOG4845-consensus	NODE_71_length_60738_cov_24.393828	28.63	531	287	92	119	631	5565	6924	2.6e-24	116.0
NCVOG4845-consensus	NODE_119_length_37198_cov_24.963174	26.27	491	255	107	163	627	23076	24300	9.2e-17	90.2
NCVOG4845-consensus	NODE_167_length_24102_cov_27.310968	32.34	201	120	16	114	314	1834	1283	2e-14	81.8
NCVOG2775-consensus	NODE_92_length_47567_cov_26.167319	31.55	317	208	9	107	420	4150	5079	4.3e-26	121.5
NCVOG2775-consensus	NODE_198_length_18128_cov_25.692759	30.46	325	215	11	90	407	11171	10216	5.2e-26	119.8
NCVOG2775-consensus	NODE_4_length_222011_cov_26.094925	31.31	214	134	13	203	405	186315	186947	3e-17	92.7
NCVOG2775-consensus	NODE_24_length_126451_cov_26.072016	32.77	238	150	10	177	413	100372	99691	5.7e-15	85.9
NCVOG2775-consensus	NODE_8_length_183774_cov_25.370414	32.99	194	118	12	223	410	65815	66371	1.4e-13	81.6
NCVOG2775-consensus	NODE_12_length_170582_cov_25.113264	35.03	157	99	3	233	387	40152	39688	1.8e-11	74.5
NCVOG0893-consensus	NODE_19_length_142433_cov_27.951973	32.08	399	244	27	104	480	97127	95953	3.2e-33	147.2
NCVOG0275-consensus	NODE_73_length_59677_cov_24.735374	26.86	175	115	13	2	163	9910	9389	2.4e-11	71.2
NCVOG0729-consensus	NODE_99_length_43921_cov_25.064296	37.23	591	286	85	2	522	32400	30692	1.9e-32	142.3
NCVOG5103-consensus	NODE_699_length_773_cov_36.725575	67.69	65	21	0	436	500	393	584	2.7e-19	93.8
NCVOG5103-consensus	NODE_52_length_77755_cov_25.788926	33.16	196	121	10	310	501	77172	76606	8.1e-11	72.3
NCVOG4874-consensus	NODE_7_length_184951_cov_24.843185	41.46	398	169	64	16	365	7485	8617	1.6e-28	130.6
NCVOG4874-consensus	NODE_55_length_76664_cov_12.326557	42.33	404	166	67	12	365	63478	64623	1.7e-19	99.6
NCVOG4423-consensus	NODE_32_length_110344_cov_25.069731	34.25	146	96	0	81	226	81045	81479	1.8e-15	86.1
NCVOG0605-consensus	NODE_306_length_6737_cov_35.754505	27.05	292	186	27	203	479	3589	2753	9.5e-12	70.7
NCVOG1136-consensus	NODE_114_length_39526_cov_25.999823	44.26	305	96	74	218	448	38956	38055	5.1e-18	94.1
NCVOG0080-consensus	NODE_6_length_202683_cov_27.183499	32.50	517	297	52	15	483	86162	87695	1.6e-28	131.0
NCVOG1049-consensus	NODE_124_length_36394_cov_13.809208	36.70	327	193	14	4	326	25998	25051	5.1e-38	159.9
NCVOG4655-consensus	NODE_105_length_42207_cov_25.757251	39.86	138	65	18	64	198	22681	23038	3.3e-12	74.6
NCVOG0901-consensus	NODE_62_length_70396_cov_24.865769	41.20	216	91	36	2	183	45747	46381	9.9e-16	85.9
NCVOG2980-consensus	NODE_10_length_174854_cov_25.397695	37.45	478	256	43	20	474	13154	14522	6.2e-51	205.3
NCVOG2980-consensus	NODE_299_length_7383_cov_22.887079	25.28	352	226	37	127	466	5634	6597	3.7e-11	68.9
NCVOG1298-consensus	NODE_99_length_43921_cov_25.064296	25.74	303	197	28	314	594	37084	36201	5.3e-11	71.3
NCVOG0652-consensus	NODE_74_length_59359_cov_23.624743	31.33	383	225	38	66	413	3591	2461	3.5e-13	78.4
NCVOG4522-consensus	NODE_16_length_155415_cov_33.966647	42.34	222	86	42	265	444	102357	103015	1.2e-18	97.9
NCVOG1352-consensus	NODE_143_length_28794_cov_25.229063	30.62	209	134	11	9	210	11377	11984	3.2e-18	93.3
NCVOG5117-consensus	NODE_52_length_77755_cov_25.788926	27.74	411	275	22	684	1083	76377	77569	4.4e-19	100.4
NCVOG4122-consensus	NODE_32_length_110344_cov_25.069731	28.94	273	185	9	65	329	80890	81696	7e-24	115.0
NCVOG4122-consensus	NODE_114_length_39526_cov_25.999823	32.18	202	123	14	103	290	19749	19147	9.2e-11	70.0
NCVOG0032-consensus	NODE_29_length_112219_cov_25.368470	32.22	627	310	115	284	833	53298	51537	2.9e-29	133.9
NCVOG0032-consensus	NODE_248_length_11276_cov_25.809626	29.21	736	357	164	232	824	4043	1920	1.1e-18	95.3
NCVOG0032-consensus	NODE_61_length_72619_cov_24.545574	30.93	611	334	88	310	863	58089	59813	5e-18	95.9
NCVOG0032-consensus	NODE_130_length_34272_cov_24.375523	27.11	605	317	124	253	814	6139	7689	4e-17	91.8
NCVOG0032-consensus	NODE_176_length_21499_cov_25.334283	27.45	623	321	131	286	882	4502	6052	4.4e-17	91.0
NCVOG0032-consensus	NODE_58_length_74646_cov_25.567869	24.49	833	513	116	65	836	9162	6860	6.2e-14	82.3
NCVOG0032-consensus	NODE_11_length_173590_cov_25.103358	26.91	275	184	17	569	832	78829	79632	8.1e-13	79.6
NCVOG0032-consensus	NODE_90_length_48876_cov_25.806717	25.34	734	362	186	204	880	30572	32363	9.5e-12	74.5
NCVOG0032-consensus	NODE_38_length_100276_cov_25.635815	31.17	247	141	29	598	817	72349	71630	2.3e-11	74.2
NCVOG0302-consensus	NODE_37_length_102545_cov_27.020563	31.37	271	167	19	271	524	12406	13209	8.6e-18	94.9
NCVOG0302-consensus	NODE_290_length_7968_cov_36.210493	32.37	241	136	27	303	518	2320	3029	1.8e-15	83.5
NCVOG0302-consensus	NODE_3_length_241243_cov_19.721171	34.13	252	126	40	269	482	55400	56134	1.5e-13	81.3
NCVOG0302-consensus	NODE_11_length_173590_cov_25.103358	25.96	285	148	63	267	491	171962	172798	3.3e-12	74.3
NCVOG0302-consensus	NODE_185_length_19516_cov_26.433201	29.67	182	114	14	3	174	10341	10871	8.3e-12	72.6
NCVOG0302-consensus	NODE_25_length_124473_cov_25.912377	26.58	237	145	29	302	533	26161	25526	1.4e-11	74.6
NCVOG0302-consensus	NODE_16_length_155415_cov_33.966647	26.58	222	148	15	260	473	152578	153219	6.1e-11	68.0
NCVOG0012-consensus	NODE_1796_length_155_cov_34.500000	72.55	51	14	0	326	376	155	6	8.2e-23	102.1
NCVOG0012-consensus	NODE_52_length_77755_cov_25.788926	37.22	223	102	38	230	414	77233	76570	1.3e-21	107.1
NCVOG0012-consensus	NODE_22_length_133263_cov_26.104208	28.19	454	270	56	3	414	28699	27409	6e-15	85.7
NCVOG0012-consensus	NODE_138_length_31414_cov_31.009988	33.62	229	136	16	203	419	19027	19692	1.4e-14	82.4
NCVOG0012-consensus	NODE_84_length_51920_cov_24.896977	40.16	127	65	11	303	419	11410	11784	1.6e-14	83.0
NCVOG0012-consensus	NODE_84_length_51920_cov_24.896977	36.65	191	87	34	261	418	16271	16825	3.6e-12	75.1
NCVOG0012-consensus	NODE_111_length_40443_cov_26.742531	37.04	135	67	18	308	429	29350	29736	6.6e-14	80.5
NCVOG0012-consensus	NODE_253_length_10513_cov_34.596972	36.91	149	75	19	297	427	569	1001	7.8e-14	78.3
NCVOG0012-consensus	NODE_32_length_110344_cov_25.069731	32.43	296	146	54	215	486	78364	77578	1.2e-13	81.1
NCVOG0012-consensus	NODE_7_length_184951_cov_24.843185	26.21	351	229	30	56	395	172279	173261	5.5e-13	77.3
NCVOG0012-consensus	NODE_1122_length_236_cov_17.327044	45.00	80	36	8	305	378	235	5	1.5e-12	68.6
NCVOG0012-consensus	NODE_281_length_8493_cov_30.125832	25.13	390	232	60	85	414	2798	1636	2.7e-12	72.9
NCVOG0012-consensus	NODE_175_length_21654_cov_34.584048	29.23	260	170	14	219	469	5148	4401	2.1e-11	71.3
NCVOG0012-consensus	NODE_238_length_12611_cov_28.277166	33.33	129	82	4	297	422	486	106	4.6e-11	69.4
NCVOG0012-consensus	NODE_306_length_6737_cov_35.754505	29.20	226	151	9	222	440	2511	3173	5.3e-11	68.3
NCVOG0012-consensus	NODE_15_length_156054_cov_27.270968	37.04	135	76	9	306	433	128556	128165	8.2e-11	72.1
NCVOG0012-consensus	NODE_137_length_31911_cov_26.620469	32.75	171	69	46	302	426	21200	20691	9.6e-11	69.7
NCVOG0012-consensus	NODE_3_length_241243_cov_19.721171	31.72	268	151	32	229	477	119459	118708	9.9e-11	71.9
NCVOG0603-consensus	NODE_5_length_204515_cov_25.238013	34.03	476	260	54	1	426	183929	182541	2.9e-21	105.3
NCVOG1127-consensus	NODE_122_length_36632_cov_27.171522	25.91	301	196	27	71	349	20708	19824	1.2e-19	99.7
NCVOG0868-consensus	NODE_109_length_41384_cov_33.754521	67.16	67	22	0	157	223	3018	2821	4.4e-20	100.7
NCVOG0868-consensus	NODE_699_length_773_cov_36.725575	56.25	64	28	0	159	222	390	578	1.3e-14	76.8
NCVOG0985-consensus	NODE_69_length_62697_cov_24.724273	35.07	268	150	24	79	337	3969	4720	4.7e-17	91.7
NCVOG1188-consensus	NODE_52_length_77755_cov_25.788926	34.43	212	119	20	2	205	77210	76618	1.7e-11	72.6
NCVOG0190-consensus	NODE_109_length_41384_cov_33.754521	55.84	77	32	2	183	257	3003	2776	1.2e-16	89.7
NCVOG0190-consensus	NODE_699_length_773_cov_36.725575	48.42	95	37	12	185	276	393	643	5.5e-14	75.1
NCVOG0190-consensus	NODE_1796_length_155_cov_34.500000	49.15	59	22	8	199	257	155	6	5.1e-12	66.3
NCVOG2977-consensus	NODE_105_length_42207_cov_25.757251	30.51	177	105	18	21	185	22453	22962	6.8e-13	76.0
NCVOG0025-consensus	NODE_20_length_135090_cov_24.824846	29.12	419	226	71	113	515	62598	61512	2.7e-21	106.9
NCVOG0025-consensus	NODE_61_length_72619_cov_24.545574	30.80	435	239	62	111	522	65760	66928	6.1e-19	98.2
NCVOG0025-consensus	NODE_1_length_373068_cov_26.197900	27.33	450	264	63	83	501	7239	8485	5.6e-18	96.0
NCVOG0025-consensus	NODE_85_length_51806_cov_35.710936	26.15	413	258	47	93	491	14665	13535	3.1e-16	88.7
NCVOG0025-consensus	NODE_69_length_62697_cov_24.724273	26.53	426	249	64	91	502	54124	53000	1.1e-14	83.8
NCVOG0025-consensus	NODE_261_length_9484_cov_31.123206	29.43	418	257	38	102	501	3596	2412	4.2e-14	79.1
NCVOG0025-consensus	NODE_47_length_82222_cov_29.744574	27.25	455	269	62	67	502	353	1583	1.1e-12	77.5
NCVOG0025-consensus	NODE_169_length_22765_cov_36.227301	30.41	148	97	6	350	493	8228	8662	4.1e-11	70.5
NCVOG0025-consensus	NODE_7_length_184951_cov_24.843185	25.65	382	235	49	112	487	103083	104092	5.9e-11	72.7
NCVOG0271-consensus	NODE_147_length_27237_cov_25.563034	43.36	1197	546	132	76	1153	20640	17106	2.5e-98	361.6
NCVOG0271-consensus	NODE_52_length_77755_cov_25.788926	33.96	1219	687	118	20	1153	37532	41074	3.5e-51	206.5
NCVOG0271-consensus	NODE_73_length_59677_cov_24.735374	28.83	1193	671	178	86	1144	28879	32316	3.2e-22	110.0
NCVOG0271-consensus	NODE_94_length_46868_cov_200.189737	29.75	726	394	116	439	1153	36170	38029	7e-20	101.8
NCVOG0078-consensus	NODE_1009_length_286_cov_47.076555	58.43	89	37	0	89	177	6	269	2.4e-17	83.8
NCVOG0078-consensus	NODE_25_length_124473_cov_25.912377	50.86	116	55	2	89	202	77374	77718	3.5e-16	88.7
NCVOG4568-consensus	NODE_105_length_42207_cov_25.757251	52.63	190	83	7	307	490	22991	22434	7.5e-13	77.1
NCVOG4568-consensus	NODE_41_length_94187_cov_27.686516	43.36	226	118	10	254	475	11756	12406	1.6e-11	73.8
NCVOG0061-consensus	NODE_19_length_142433_cov_27.951973	31.82	594	328	77	10	541	127003	125282	2.8e-15	87.0
NCVOG4511-consensus	NODE_52_length_77755_cov_25.788926	27.09	406	263	33	5	403	77322	76188	2.6e-13	79.9
NCVOG0451-consensus	NODE_32_length_110344_cov_25.069731	36.70	218	137	1	137	354	80940	81587	1.1e-28	130.8
NCVOG0451-consensus	NODE_157_length_25175_cov_29.672205	32.16	227	140	14	127	339	21614	22291	1.5e-17	91.7
NCVOG0451-consensus	NODE_53_length_77437_cov_25.685432	30.16	252	165	11	134	377	12840	13583	2.5e-13	79.2
NCVOG0451-consensus	NODE_38_length_100276_cov_25.635815	31.38	239	158	6	140	373	69655	70365	4e-13	79.0
NCVOG0451-consensus	NODE_114_length_39526_cov_25.999823	33.17	208	128	11	158	354	19749	19129	1e-12	76.2
NCVOG0451-consensus	NODE_54_length_76737_cov_25.398669	31.25	224	145	9	159	375	46186	45524	4.9e-11	71.6
NCVOG1351-consensus	NODE_203_length_17712_cov_25.639354	37.38	206	93	36	102	288	676	117	3.7e-13	77.0
NCVOG0531-consensus	NODE_2_length_318470_cov_25.882278	30.29	208	138	7	1	201	143225	143845	5.3e-13	79.2
NCVOG0231-consensus	NODE_167_length_24102_cov_27.310968	31.71	205	119	21	203	389	8033	7435	1.7e-14	81.4
NCVOG0031-consensus	NODE_94_length_46868_cov_200.189737	25.62	609	365	88	190	780	4408	6019	3.4e-17	92.9
NCVOG0301-consensus	NODE_37_length_102545_cov_27.020563	34.68	222	127	18	271	477	12406	13059	6.3e-15	85.4
NCVOG0301-consensus	NODE_3_length_241243_cov_19.721171	33.22	283	147	42	250	493	55343	56167	2.8e-14	83.8
NCVOG0301-consensus	NODE_16_length_155415_cov_33.966647	28.70	230	142	22	256	470	152533	153198	3.2e-13	75.6
NCVOG0301-consensus	NODE_290_length_7968_cov_36.210493	34.66	176	98	17	303	462	2320	2837	9.2e-13	74.5
NCVOG0301-consensus	NODE_65_length_67115_cov_25.682494	27.90	276	156	43	266	504	41374	40572	4.1e-11	72.1
NCVOG0301-consensus	NODE_217_length_15378_cov_27.326188	28.29	258	159	26	254	488	12908	13669	5.2e-11	69.6
NCVOG0021-consensus	NODE_52_length_77755_cov_25.788926	31.05	380	238	24	97	467	76337	77428	3.3e-25	120.0
NCVOG0021-consensus	NODE_46_length_84625_cov_29.324739	31.56	225	146	8	243	465	27972	27319	4.6e-18	96.4
NCVOG2860-consensus	NODE_32_length_110344_cov_25.069731	31.66	199	133	3	114	310	80970	81560	1.1e-15	87.4
NCVOG0001-consensus	NODE_12_length_170582_cov_25.113264	41.33	300	151	25	313	600	6222	7077	3e-40	170.3
NCVOG0001-consensus	NODE_26_length_120573_cov_26.069886	41.84	239	124	15	323	557	39316	38636	6.7e-34	148.8
NCVOG0001-consensus	NODE_26_length_120573_cov_26.069886	40.78	206	106	16	358	556	91742	91159	7.4e-28	128.8
NCVOG0001-consensus	NODE_26_length_120573_cov_26.069886	33.58	265	151	25	323	566	92791	92014	1.3e-23	114.7
NCVOG0001-consensus	NODE_26_length_120573_cov_26.069886	31.28	227	133	23	340	555	40062	39425	5.4e-17	92.7
NCVOG0001-consensus	NODE_126_length_35319_cov_25.893508	47.88	236	107	16	327	555	10612	9937	1.9e-33	145.6
NCVOG0001-consensus	NODE_63_length_70137_cov_26.740722	33.69	371	205	41	256	599	48839	47774	6.6e-33	144.8
NCVOG0001-consensus	NODE_63_length_70137_cov_26.740722	36.86	255	126	35	319	547	49620	48892	1.2e-24	117.4
NCVOG0001-consensus	NODE_44_length_85784_cov_24.709977	34.75	305	155	44	311	591	49737	48890	1.2e-21	107.6
NCVOG0001-consensus	NODE_223_length_14845_cov_24.605431	35.06	251	126	37	331	555	11486	10770	1.7e-21	104.6
NCVOG0001-consensus	NODE_31_length_111225_cov_25.952496	36.48	307	141	54	328	599	24141	24993	7.2e-21	105.4
NCVOG0001-consensus	NODE_27_length_116066_cov_24.959824	34.02	241	136	23	327	555	73230	72548	1.5e-19	101.1
NCVOG0001-consensus	NODE_14_length_160065_cov_26.203240	33.56	295	178	18	307	595	133077	133922	8.8e-19	98.9
NCVOG0001-consensus	NODE_14_length_160065_cov_26.203240	33.64	214	123	19	341	538	105473	106102	8.4e-14	82.4
NCVOG0001-consensus	NODE_558_length_1151_cov_28.471136	35.55	256	128	37	327	556	283	1010	3.3e-18	90.0
NCVOG0001-consensus	NODE_9_length_176974_cov_31.164910	30.13	229	136	24	341	555	167593	168242	7e-18	93.5
NCVOG0001-consensus	NODE_92_length_47567_cov_26.167319	41.20	250	117	30	333	554	18819	19555	1.2e-17	93.5
NCVOG0001-consensus	NODE_16_length_155415_cov_33.966647	34.36	259	139	31	319	555	123630	124372	2.5e-16	90.8
NCVOG0001-consensus	NODE_46_length_84625_cov_29.324739	34.75	282	148	36	290	546	16417	17226	2.1e-12	77.0
NCVOG0001-consensus	NODE_46_length_84625_cov_29.324739	36.49	285	128	53	320	562	15595	16407	2.1e-25	120.1
NCVOG0001-consensus	NODE_9_length_176974_cov_31.164910	36.67	180	93	21	362	531	51157	51660	7.3e-11	72.6
NCVOG4616-consensus	NODE_105_length_42207_cov_25.757251	45.19	135	58	16	275	409	22985	22632	1.1e-12	76.5
NCVOG4518-consensus	NODE_163_length_24427_cov_25.447310	32.22	568	266	119	16	562	21069	22459	6.4e-17	90.0
NCVOG2058-consensus	NODE_32_length_110344_cov_25.069731	35.23	264	159	12	93	345	80781	81566	9.6e-31	137.6
NCVOG2058-consensus	NODE_157_length_25175_cov_29.672205	32.00	275	173	14	107	367	21470	22291	1.3e-19	98.5
NCVOG2058-consensus	NODE_114_length_39526_cov_25.999823	34.00	200	121	11	96	284	19749	19153	2.5e-12	74.9
NCVOG2058-consensus	NODE_269_length_9042_cov_23.648634	34.18	237	149	7	106	335	6871	6164	6.5e-11	68.1
NCVOG1264-consensus	NODE_4_length_222011_cov_26.094925	31.40	293	180	21	102	374	161800	160936	6.1e-19	97.7
NCVOG0066-consensus	NODE_226_length_14153_cov_32.211637	35.17	381	209	38	120	469	3092	1978	9.1e-43	175.1
NCVOG0066-consensus	NODE_226_length_14153_cov_32.211637	25.06	387	263	27	100	471	5198	4081	1.9e-25	117.6
NCVOG0066-consensus	NODE_14_length_160065_cov_26.203240	32.79	308	184	23	120	409	143851	142948	2.2e-19	100.9
NCVOG0066-consensus	NODE_89_length_49148_cov_34.216014	30.79	354	214	31	75	409	8758	9776	4.6e-18	94.9
NCVOG0066-consensus	NODE_15_length_156054_cov_27.270968	34.83	356	198	34	125	457	87228	88249	6.6e-18	96.0
NCVOG0066-consensus	NODE_40_length_99899_cov_24.257987	31.34	351	206	35	119	445	25573	26581	2.2e-11	73.7
NCVOG0066-consensus	NODE_40_length_99899_cov_24.257987	23.15	324	206	43	121	411	27384	28322	1.6e-16	90.8
NCVOG0038-consensus	NODE_3_length_241243_cov_19.721171	34.90	891	474	106	154	970	183083	185640	1.1e-41	175.1
NCVOG0038-consensus	NODE_94_length_46868_cov_200.189737	31.66	717	410	80	253	966	40115	38199	1.7e-19	100.5
NCVOG0038-consensus	NODE_244_length_11941_cov_22.484238	25.16	759	491	77	269	966	6534	8755	8.6e-19	96.1
NCVOG0228-consensus	NODE_44_length_85784_cov_24.709977	31.83	622	381	43	327	921	60329	62135	1.4e-43	181.0
NCVOG1128-consensus	NODE_6_length_202683_cov_27.183499	32.52	163	100	10	136	294	91626	91159	9.4e-12	74.9
NCVOG0280-consensus	NODE_31_length_111225_cov_25.952496	22.74	1495	991	164	310	1736	83798	87985	1.8e-23	115.6
NCVOG0280-consensus	NODE_218_length_15242_cov_12.960303	21.06	1790	1212	201	81	1778	8333	3306	1.5e-17	93.1
NCVOG0218-consensus	NODE_52_length_77755_cov_25.788926	37.21	344	190	26	526	857	77447	76465	7.5e-48	195.4
NCVOG0218-consensus	NODE_281_length_8493_cov_30.125832	27.81	579	361	57	326	866	3155	1501	5.1e-35	149.6
NCVOG0218-consensus	NODE_32_length_110344_cov_25.069731	35.48	279	158	22	609	880	78501	77717	1.6e-32	145.0
NCVOG0218-consensus	NODE_138_length_31414_cov_31.009988	36.86	255	151	10	653	900	19096	19842	2.4e-31	139.2
NCVOG0218-consensus	NODE_16_length_155415_cov_33.966647	31.02	577	322	76	361	904	30855	29257	3.5e-30	137.6
NCVOG0218-consensus	NODE_16_length_155415_cov_33.966647	31.02	577	322	76	361	904	27666	26068	5.9e-29	133.6
NCVOG0218-consensus	NODE_84_length_51920_cov_24.896977	38.01	221	124	13	658	870	11132	11768	1.1e-28	131.1
NCVOG0218-consensus	NODE_84_length_51920_cov_24.896977	34.74	331	183	33	562	872	16341	17269	1.3e-23	114.3
NCVOG0218-consensus	NODE_71_length_60738_cov_24.393828	38.06	360	180	43	597	922	44441	45438	5.6e-27	125.7
NCVOG0218-consensus	NODE_137_length_31911_cov_26.620469	27.54	501	310	53	351	804	22147	20696	1.9e-26	123.0
NCVOG0218-consensus	NODE_5_length_204515_cov_25.238013	30.67	551	308	74	413	891	61852	60251	1.6e-25	122.2
NCVOG0218-consensus	NODE_1796_length_155_cov_34.500000	80.39	51	10	0	793	843	155	6	4.5e-25	110.8
NCVOG0218-consensus	NODE_81_length_53986_cov_25.277208	28.29	509	323	42	449	927	34679	33210	8.8e-23	111.6
NCVOG0218-consensus	NODE_18_length_150851_cov_25.643022	27.78	396	260	26	481	861	124903	126042	2.8e-21	108.1
NCVOG0218-consensus	NODE_22_length_133263_cov_26.104208	37.04	189	105	14	663	838	27876	27316	5.3e-21	107.0
NCVOG0218-consensus	NODE_396_length_3103_cov_31.453404	27.16	335	235	9	599	926	1200	215	6.4e-21	101.3
NCVOG0218-consensus	NODE_95_length_45686_cov_26.426977	27.94	587	370	53	348	901	23278	24951	1.7e-19	100.5
NCVOG0218-consensus	NODE_111_length_40443_cov_26.742531	31.84	358	211	33	463	800	28788	29803	4.5e-19	98.8
NCVOG0218-consensus	NODE_215_length_16083_cov_25.067475	31.92	307	192	17	590	884	7606	8492	5.6e-19	97.2
NCVOG0218-consensus	NODE_234_length_13640_cov_28.698592	33.99	253	154	13	661	901	11178	10444	5.7e-19	96.9
NCVOG0218-consensus	NODE_103_length_43236_cov_24.243750	26.39	538	331	65	332	808	25701	24127	1e-18	97.8
NCVOG0218-consensus	NODE_73_length_59677_cov_24.735374	27.51	458	261	71	539	935	44346	45670	1.7e-18	97.5
NCVOG0218-consensus	NODE_7_length_184951_cov_24.843185	27.57	584	348	75	440	953	59903	61602	2.4e-18	98.3
NCVOG0218-consensus	NODE_9_length_176974_cov_31.164910	26.68	536	357	36	349	860	13865	15421	4.3e-18	97.5
NCVOG0218-consensus	NODE_9_length_176974_cov_31.164910	26.52	724	427	105	267	893	10933	13033	4.7e-16	90.7
NCVOG0218-consensus	NODE_253_length_10513_cov_34.596972	38.92	185	93	20	639	804	369	909	7.4e-18	92.9
NCVOG0218-consensus	NODE_61_length_72619_cov_24.545574	36.02	186	102	17	614	783	9698	10245	1.4e-17	94.8
NCVOG0218-consensus	NODE_296_length_7511_cov_53.980899	26.33	547	339	64	380	874	6823	5246	2.4e-17	90.7
NCVOG0218-consensus	NODE_3_length_241243_cov_19.721171	36.96	230	130	15	655	871	119246	118580	1.5e-16	92.3
NCVOG0218-consensus	NODE_44_length_85784_cov_24.709977	26.27	670	426	68	390	1015	7555	5647	3.3e-16	90.4
NCVOG0218-consensus	NODE_115_length_39244_cov_24.739909	33.52	179	109	10	623	796	9776	10294	5.6e-16	88.5
NCVOG0218-consensus	NODE_15_length_156054_cov_27.270968	38.17	186	99	16	673	844	128640	128100	3.1e-15	88.0
NCVOG0218-consensus	NODE_175_length_21654_cov_34.584048	25.76	656	432	55	353	964	6253	4356	4.3e-15	84.7
NCVOG0218-consensus	NODE_503_length_1559_cov_53.204453	27.03	381	254	24	541	899	412	1531	5.1e-15	80.7
NCVOG0218-consensus	NODE_134_length_32557_cov_25.625339	27.25	455	288	43	353	771	5516	4180	2e-14	83.1
NCVOG0218-consensus	NODE_230_length_13918_cov_25.562026	29.37	269	177	13	611	869	563	1353	3.2e-14	81.2
NCVOG0218-consensus	NODE_7_length_184951_cov_24.843185	41.35	133	64	14	639	758	172873	173261	3.8e-14	82.3
NCVOG0218-consensus	NODE_14_length_160065_cov_26.203240	25.19	385	245	43	503	852	135608	136729	4.3e-14	84.2
NCVOG0218-consensus	NODE_1122_length_236_cov_17.327044	44.87	78	43	0	647	724	235	5	4.7e-14	74.8
NCVOG0218-consensus	NODE_1_length_373068_cov_26.197900	23.22	547	361	59	481	1011	352254	350758	1.7e-13	81.2
NCVOG0218-consensus	NODE_77_length_57443_cov_25.513335	29.34	167	111	7	690	849	37958	38451	2.8e-13	80.1
NCVOG0218-consensus	NODE_131_length_33398_cov_14.736322	40.71	113	58	9	633	738	20851	21176	3.4e-13	79.0
NCVOG0218-consensus	NODE_222_length_14900_cov_26.314579	24.74	578	373	62	345	885	11290	9659	1e-12	76.3
NCVOG0218-consensus	NODE_68_length_62781_cov_26.658124	25.72	311	224	7	639	944	12564	11651	1.6e-12	77.7
NCVOG0218-consensus	NODE_24_length_126451_cov_26.072016	31.52	165	107	6	638	799	69833	69357	2.3e-12	78.2
NCVOG0218-consensus	NODE_29_length_112219_cov_25.368470	26.28	666	416	75	307	905	62954	60988	3.5e-12	77.4
NCVOG0218-consensus	NODE_223_length_14845_cov_24.605431	31.02	216	131	18	474	680	8524	9141	4.5e-12	74.2
NCVOG0218-consensus	NODE_93_length_47100_cov_27.591498	31.94	191	118	12	724	904	21158	21717	6.7e-12	75.2
NCVOG0218-consensus	NODE_3_length_241243_cov_19.721171	30.51	295	177	28	546	818	207623	208470	7.4e-12	76.1
NCVOG0218-consensus	NODE_3_length_241243_cov_19.721171	26.91	405	262	34	414	799	194082	195234	5.1e-12	76.6
NCVOG0218-consensus	NODE_26_length_120573_cov_26.069886	29.12	364	223	35	533	882	53868	54869	1.2e-11	75.8
NCVOG0218-consensus	NODE_378_length_3499_cov_26.588545	25.08	626	405	64	315	877	2189	346	1.5e-11	70.4
NCVOG0218-consensus	NODE_306_length_6737_cov_35.754505	44.76	105	52	6	733	831	2772	3083	6e-11	69.3
NCVOG0218-consensus	NODE_5_length_204515_cov_25.238013	26.89	476	301	47	463	908	172794	171453	6.2e-11	72.3
NCVOG0218-consensus	NODE_72_length_59772_cov_25.803618	29.49	234	155	10	598	824	53934	54621	9.8e-11	71.7
NCVOG4344-consensus	NODE_198_length_18128_cov_25.692759	31.61	193	125	7	130	322	10799	10245	3.6e-14	80.2
NCVOG2246-consensus	NODE_18_length_150851_cov_25.643022	31.15	443	259	46	37	453	147520	148779	5.4e-20	102.5
NCVOG0720-consensus	NODE_15_length_156054_cov_27.270968	36.22	127	81	0	40	166	140023	140400	4.1e-13	78.2
