NCVOG0719-consensus	NODE_963_length_3414_cov_23.096794	34.66	251	155	9	24	265	1291	2032	6.9e-32	138.2
NCVOG0719-consensus	NODE_963_length_3414_cov_23.096794	33.33	258	154	18	21	261	278	1035	9.7e-27	121.1
NCVOG1069-consensus	NODE_58_length_27308_cov_22.382211	29.28	461	260	66	25	442	18003	16693	1.5e-16	90.9
NCVOG1069-consensus	NODE_95_length_21863_cov_22.710194	27.93	401	228	61	81	432	4202	3039	5e-14	82.2
NCVOG2772-consensus	NODE_5942_length_319_cov_1.417355	48.19	83	43	0	70	152	303	58	3.2e-11	66.9
NCVOG1243-consensus	NODE_1228_length_2305_cov_23.599641	30.32	188	112	19	3	177	245	787	2.9e-12	72.5
NCVOG1243-consensus	NODE_2745_length_978_cov_20.465039	24.11	253	170	22	11	256	1	711	3.6e-11	67.6
NCVOG0669-consensus	NODE_1406_length_1845_cov_24.067308	28.84	267	169	21	210	464	788	1550	1.1e-13	77.5
NCVOG0669-consensus	NODE_3409_length_849_cov_25.825130	27.27	220	151	9	249	464	52	693	2.2e-13	75.4
NCVOG0333-consensus	NODE_4060_length_740_cov_25.354449	53.42	73	31	3	605	677	526	732	6.2e-12	71.0
NCVOG0333-consensus	NODE_2218_length_1117_cov_26.834615	53.42	73	31	3	605	677	318	524	1.1e-11	70.7
NCVOG2223-consensus	NODE_1090_length_2852_cov_21.120721	30.92	346	217	22	571	910	409	1395	9.9e-43	175.6
NCVOG0233-consensus	NODE_76_length_24251_cov_22.392240	35.48	916	468	123	59	853	19647	16919	1.7e-57	227.7
NCVOG0233-consensus	NODE_1096_length_2835_cov_40.189268	24.81	770	497	82	94	823	2832	658	3.5e-42	173.7
NCVOG0233-consensus	NODE_709_length_5467_cov_21.612987	36.35	531	277	61	386	858	5341	3765	1.2e-38	162.9
NCVOG0233-consensus	NODE_482_length_8250_cov_21.466169	26.38	618	345	110	281	788	8234	6384	1.3e-34	150.1
NCVOG0233-consensus	NODE_820_length_4361_cov_26.011438	36.49	803	409	101	153	856	1	2394	1.7e-34	148.8
NCVOG0233-consensus	NODE_576_length_6898_cov_21.760152	28.80	375	225	42	431	763	1	1122	1.4e-31	139.8
NCVOG0233-consensus	NODE_1899_length_1301_cov_18.892157	35.75	358	192	38	27	352	244	1296	3.7e-28	126.0
NCVOG0233-consensus	NODE_1820_length_1352_cov_19.320000	26.11	471	300	48	175	628	1322	6	5.8e-25	115.4
NCVOG0233-consensus	NODE_5_length_164131_cov_24.035104	27.65	926	579	91	21	866	82751	85472	2.7e-20	106.7
NCVOG0233-consensus	NODE_2735_length_979_cov_23.462306	36.07	183	104	13	559	729	126	668	1.5e-19	97.0
NCVOG0233-consensus	NODE_245_length_13012_cov_23.656745	28.13	686	384	109	142	729	6317	4300	8e-19	98.3
NCVOG0233-consensus	NODE_879_length_4005_cov_23.761711	26.67	825	478	127	17	729	3214	792	1.6e-18	95.6
NCVOG0233-consensus	NODE_4_length_207130_cov_24.844924	26.21	828	481	130	17	729	132621	130192	4.1e-17	96.2
NCVOG0233-consensus	NODE_1053_length_2967_cov_22.405882	27.44	616	338	109	97	614	1817	6	2e-13	78.3
NCVOG0233-consensus	NODE_379_length_9689_cov_23.798793	27.32	710	391	125	136	732	4701	6783	6.6e-13	78.2
NCVOG0233-consensus	NODE_3381_length_854_cov_18.574003	27.84	255	164	20	110	356	833	108	2.4e-12	72.9
NCVOG0233-consensus	NODE_5852_length_340_cov_24.277567	35.65	115	69	5	516	628	338	6	8.2e-12	69.8
NCVOG0233-consensus	NODE_6597_length_233_cov_22.621795	42.86	77	44	0	598	674	1	228	7.2e-11	66.1
NCVOG0023-consensus	NODE_4796_length_613_cov_27.544776	32.95	173	104	12	243	409	597	102	2.7e-11	68.9
NCVOG1013-consensus	NODE_1396_length_1860_cov_19.410544	37.53	445	231	47	179	586	556	1855	1.3e-75	283.9
NCVOG1013-consensus	NODE_12_length_67517_cov_24.050593	37.40	377	226	10	198	572	37174	38277	1.6e-71	275.5
NCVOG1013-consensus	NODE_13_length_67239_cov_24.797817	42.14	318	174	10	228	543	16407	17333	6.3e-65	253.5
NCVOG1013-consensus	NODE_597_length_6666_cov_24.760206	40.73	275	153	10	256	527	6	806	9.8e-59	229.6
NCVOG1013-consensus	NODE_1_length_356849_cov_24.440746	35.92	348	212	11	198	542	353425	352409	5.2e-56	223.7
NCVOG1013-consensus	NODE_66_length_26056_cov_21.814812	42.33	378	206	12	198	572	8296	9399	5.8e-55	219.1
NCVOG1013-consensus	NODE_19_length_51262_cov_23.954752	40.84	262	147	8	285	542	5174	4408	2.2e-48	198.2
NCVOG1013-consensus	NODE_1088_length_2863_cov_18.529792	36.21	348	210	12	198	543	781	1791	5.6e-45	182.7
NCVOG1013-consensus	NODE_1175_length_2471_cov_22.984962	43.10	239	127	9	255	491	1498	2190	3.1e-44	180.0
NCVOG1013-consensus	NODE_3418_length_848_cov_23.000000	39.92	258	143	12	345	596	843	95	2.4e-42	172.2
NCVOG1013-consensus	NODE_3584_length_820_cov_24.033647	42.86	217	117	7	329	543	1	633	6e-42	170.8
NCVOG1013-consensus	NODE_1523_length_1647_cov_11.915924	36.76	272	159	13	274	543	587	1366	1.4e-40	167.3
NCVOG1013-consensus	NODE_7_length_120568_cov_24.227917	42.58	209	112	8	255	462	27220	27822	6.2e-40	171.3
NCVOG1013-consensus	NODE_2870_length_951_cov_28.915332	35.69	255	154	10	276	524	753	4	1.2e-36	153.5
NCVOG1013-consensus	NODE_1213_length_2332_cov_38.443756	36.95	249	144	13	274	518	1049	333	3e-36	153.4
NCVOG1013-consensus	NODE_477_length_8288_cov_21.989283	40.62	288	161	10	255	539	7054	7889	3.4e-36	155.0
NCVOG1013-consensus	NODE_4729_length_626_cov_24.005464	39.81	211	121	6	289	497	626	9	6.6e-34	143.7
NCVOG1013-consensus	NODE_4948_length_584_cov_15.155819	38.27	196	114	7	255	449	13	579	2.3e-33	141.8
NCVOG1013-consensus	NODE_1088_length_2863_cov_18.529792	39.49	157	91	4	394	549	462	4	1e-29	132.0
NCVOG1013-consensus	NODE_421_length_9071_cov_21.635646	38.91	311	176	14	228	531	5355	6263	5.8e-29	131.2
NCVOG1013-consensus	NODE_5467_length_449_cov_28.169355	42.96	142	77	4	407	547	1	414	4.6e-26	117.2
NCVOG1013-consensus	NODE_677_length_5736_cov_22.715321	40.00	245	141	6	285	527	1308	589	5.6e-26	120.6
NCVOG1013-consensus	NODE_5820_length_352_cov_12.156364	44.14	111	59	3	413	522	352	29	4e-25	113.7
NCVOG1013-consensus	NODE_2401_length_1054_cov_31.755374	40.15	132	74	5	394	523	647	1030	5.2e-25	114.9
NCVOG1013-consensus	NODE_1621_length_1536_cov_18.272104	40.89	291	162	10	248	536	1529	684	6.3e-25	115.2
NCVOG1013-consensus	NODE_19_length_51262_cov_23.954752	38.24	319	184	13	253	569	1462	2382	1.5e-24	119.0
NCVOG1013-consensus	NODE_4482_length_673_cov_21.758389	40.44	136	77	4	281	415	266	661	4.9e-22	104.4
NCVOG1013-consensus	NODE_3325_length_864_cov_23.072427	41.27	126	71	3	394	518	580	212	5.3e-22	104.6
NCVOG1013-consensus	NODE_1204_length_2363_cov_16.681102	40.94	149	84	4	393	540	1923	2357	7.1e-22	105.7
NCVOG1013-consensus	NODE_4231_length_716_cov_14.478873	43.75	128	66	6	367	491	138	509	6e-21	100.9
NCVOG1013-consensus	NODE_1079_length_2894_cov_24.510827	41.88	117	65	3	403	518	1	342	8.3e-21	102.4
NCVOG1013-consensus	NODE_5819_length_353_cov_10.108696	45.79	107	55	3	248	354	2	310	3.8e-20	97.2
NCVOG1013-consensus	NODE_2_length_272177_cov_24.631454	31.05	248	151	20	291	524	201633	202351	4.2e-19	102.2
NCVOG1013-consensus	NODE_6050_length_296_cov_9.908676	40.40	99	55	4	272	370	287	6	3.3e-17	87.2
NCVOG1013-consensus	NODE_6511_length_239_cov_13.574074	54.17	72	33	0	285	356	217	5	6.5e-17	85.9
NCVOG1013-consensus	NODE_8416_length_187_cov_14.709091	55.00	60	27	0	465	524	2	178	2.5e-15	80.3
NCVOG1013-consensus	NODE_1130_length_2688_cov_23.643432	41.35	104	58	3	251	354	2686	2387	8.5e-15	82.4
NCVOG1013-consensus	NODE_6670_length_231_cov_14.175325	45.45	77	41	1	467	543	230	6	1e-14	78.6
NCVOG1013-consensus	NODE_7478_length_209_cov_14.143939	50.00	58	29	0	466	523	10	180	1.2e-13	74.8
NCVOG1013-consensus	NODE_259_length_12447_cov_21.876960	36.89	122	74	3	394	514	4460	4104	3.1e-13	79.4
NCVOG1013-consensus	NODE_979_length_3359_cov_22.570079	48.48	66	34	0	289	354	1	195	6.6e-13	76.4
NCVOG1013-consensus	NODE_56_length_27666_cov_24.774077	40.00	95	55	2	450	543	27058	27336	2.6e-12	77.5
NCVOG1013-consensus	NODE_376_length_9814_cov_20.803122	35.78	109	67	3	407	514	3	320	8.3e-11	71.0
NCVOG0013-consensus	NODE_1188_length_2433_cov_22.267827	37.30	185	111	5	117	296	1551	1000	9.1e-23	108.4
NCVOG0013-consensus	NODE_1325_length_2010_cov_24.718055	30.96	281	182	12	97	374	1598	790	3.2e-21	103.0
NCVOG0013-consensus	NODE_1325_length_2010_cov_24.718055	31.15	260	160	19	92	346	747	17	2.4e-19	96.8
NCVOG0013-consensus	NODE_1325_length_2010_cov_24.718055	36.22	127	78	3	183	307	1989	1615	4.5e-12	72.6
NCVOG0013-consensus	NODE_3604_length_817_cov_22.124324	30.33	244	161	9	95	335	720	10	7.9e-16	83.8
NCVOG0013-consensus	NODE_2287_length_1081_cov_22.356574	25.39	256	179	12	76	331	159	887	1.6e-12	73.2
NCVOG0013-consensus	NODE_72_length_24736_cov_21.396772	30.26	195	126	10	151	342	4971	4411	6.7e-11	72.4
NCVOG0297-consensus	NODE_906_length_3803_cov_24.670961	31.75	315	178	37	253	537	3313	2407	7.3e-14	79.4
NCVOG0297-consensus	NODE_286_length_11614_cov_23.413886	27.41	270	167	29	245	502	1883	1128	4.7e-13	78.3
NCVOG0297-consensus	NODE_61_length_26919_cov_22.797139	28.02	364	206	56	204	524	3196	4235	7.4e-13	78.9
NCVOG0297-consensus	NODE_2917_length_943_cov_22.453811	31.00	229	136	22	251	466	782	132	1.5e-11	69.7
NCVOG0297-consensus	NODE_81_length_22831_cov_22.543948	31.47	143	94	4	14	153	18465	18047	6.9e-11	72.1
NCVOG0663-consensus	NODE_1_length_356849_cov_24.440746	25.56	630	420	49	14	604	301455	299599	2.5e-23	114.9
NCVOG0663-consensus	NODE_3_length_223460_cov_24.442137	25.00	648	431	55	3	605	200059	198153	2.9e-17	95.1
NCVOG0663-consensus	NODE_2615_length_1006_cov_20.853606	26.91	327	216	23	169	477	33	995	8.3e-15	80.8
NCVOG0663-consensus	NODE_2731_length_980_cov_22.259136	29.05	296	179	31	336	610	13	867	9.8e-15	80.5
NCVOG0663-consensus	NODE_999_length_3251_cov_22.346251	26.44	503	322	48	151	615	1559	92	6.2e-11	69.6
NCVOG0723-consensus	NODE_61_length_26919_cov_22.797139	40.00	70	39	3	34	100	26627	26421	1.8e-11	71.8
NCVOG0073-consensus	NODE_83_length_22726_cov_34.413307	25.55	595	391	52	11	566	20192	21934	2.8e-43	180.5
NCVOG0073-consensus	NODE_383_length_9649_cov_21.300355	33.69	742	412	80	19	712	4336	2214	6.7e-40	168.0
NCVOG0073-consensus	NODE_130_length_18976_cov_22.153818	36.76	623	342	52	19	636	18191	16467	7.2e-35	152.3
NCVOG0073-consensus	NODE_323_length_10885_cov_22.727979	25.16	624	433	34	20	616	6502	4667	5.7e-34	148.5
NCVOG0073-consensus	NODE_5635_length_404_cov_21.678899	39.53	129	75	3	460	588	401	27	5.1e-16	84.1
NCVOG0073-consensus	NODE_1133_length_2670_cov_23.796375	42.95	461	249	14	20	480	2618	1281	3.8e-15	83.9
NCVOG0073-consensus	NODE_3_length_223460_cov_24.442137	22.05	948	615	124	19	913	38872	36253	5.7e-14	85.9
NCVOG0679-consensus	NODE_699_length_5555_cov_22.949252	26.24	221	152	11	1	215	4769	4125	2.4e-11	70.6
NCVOG1068-consensus	NODE_1_length_356849_cov_24.440746	45.45	209	106	8	38	238	15653	15032	9.4e-33	146.3
NCVOG2643-consensus	NODE_1_length_356849_cov_24.440746	40.00	270	133	29	4	262	331730	330982	4.5e-26	122.8
NCVOG0613-consensus	NODE_296_length_11405_cov_21.361582	40.15	132	74	5	2	129	1621	1232	2.7e-20	100.3
NCVOG4523-consensus	NODE_166_length_16408_cov_22.380993	31.80	890	446	161	8	823	128	2511	3.4e-27	126.8
NCVOG4523-consensus	NODE_4639_length_645_cov_20.390845	43.43	175	95	4	644	818	645	136	7.9e-27	120.9
NCVOG1353-consensus	NODE_104_length_20711_cov_23.761656	60.38	800	276	41	40	800	17684	15296	2.9e-122	442.5
NCVOG4445-consensus	NODE_292_length_11437_cov_22.810475	32.79	305	184	21	88	383	9879	10754	3.7e-21	104.7
NCVOG4445-consensus	NODE_96_length_21836_cov_22.816995	29.89	271	175	15	89	351	15270	14482	1.4e-18	97.1
NCVOG4445-consensus	NODE_979_length_3359_cov_22.570079	29.08	251	161	17	79	319	2094	1366	1.9e-16	87.3
NCVOG4445-consensus	NODE_13_length_67239_cov_24.797817	32.80	314	192	19	80	383	60221	59310	2.1e-16	91.5
NCVOG4445-consensus	NODE_53_length_28188_cov_24.468286	33.50	206	130	7	183	384	10726	10121	2.7e-15	86.6
NCVOG4445-consensus	NODE_1390_length_1865_cov_29.698546	33.47	239	139	20	156	384	412	1095	1.6e-14	80.0
NCVOG4445-consensus	NODE_78_length_22966_cov_22.008869	30.15	325	206	21	71	384	7978	7037	3.5e-13	79.2
NCVOG4445-consensus	NODE_187_length_15541_cov_21.521793	28.62	325	207	25	68	382	8325	9247	2.7e-12	75.7
NCVOG4445-consensus	NODE_7_length_120568_cov_24.227917	30.70	215	140	9	143	351	117955	117327	3.1e-12	78.5
NCVOG4445-consensus	NODE_536_length_7603_cov_22.523120	23.62	309	223	13	79	384	4830	3937	1.6e-11	72.2
NCVOG4445-consensus	NODE_3426_length_847_cov_22.820779	26.99	226	152	13	129	351	147	791	8.8e-11	66.5
NCVOG4045-consensus	NODE_107_length_20549_cov_22.122411	26.06	426	262	53	5	380	12134	13391	1.9e-19	99.9
NCVOG0243-consensus	NODE_4_length_207130_cov_24.844924	30.36	392	222	51	25	390	101743	100646	1.1e-21	110.2
NCVOG0055-consensus	NODE_79_length_22934_cov_23.096513	39.37	127	68	9	228	345	1953	2326	5.1e-14	82.2
NCVOG4105-consensus	NODE_2094_length_1183_cov_46.292948	42.33	404	207	26	422	810	1183	12	4.8e-79	295.3
NCVOG4105-consensus	NODE_1185_length_2440_cov_32.008041	39.68	436	231	32	7	430	1251	9	7.1e-39	162.9
NCVOG4105-consensus	NODE_10879_length_155_cov_31.269231	74.51	51	13	0	587	637	1	150	2.9e-14	77.1
NCVOG4105-consensus	NODE_6311_length_257_cov_17.022222	38.10	84	52	0	51	134	1	249	9e-12	69.6
NCVOG4105-consensus	NODE_7579_length_206_cov_20.224806	47.62	63	33	0	151	213	203	18	3.1e-11	67.5
NCVOG1045-consensus	NODE_384_length_9625_cov_22.213134	36.55	145	84	8	408	550	4475	4062	2.6e-16	88.9
NCVOG0213-consensus	NODE_747_length_5061_cov_22.575843	37.10	124	69	9	17	138	3516	3863	5.2e-14	78.4
NCVOG0225-consensus	NODE_1309_length_2052_cov_26.457722	34.19	155	87	15	107	246	512	973	9.2e-11	67.3
NCVOG0305-consensus	NODE_162_length_16909_cov_22.480216	41.76	261	141	11	782	1038	16073	15315	1.7e-31	141.7
NCVOG0305-consensus	NODE_162_length_16909_cov_22.480216	36.53	271	161	11	772	1038	12077	11289	1.7e-31	141.7
NCVOG0305-consensus	NODE_327_length_10816_cov_22.409815	33.97	262	153	20	1306	1556	2935	2186	3.5e-24	116.7
NCVOG0305-consensus	NODE_7_length_120568_cov_24.227917	30.12	259	164	17	784	1034	45385	44639	8.3e-19	102.3
NCVOG0305-consensus	NODE_7_length_120568_cov_24.227917	31.87	251	156	15	784	1027	42506	41781	2.4e-17	97.5
NCVOG0305-consensus	NODE_7_length_120568_cov_24.227917	30.30	264	166	18	782	1033	35311	34549	1.3e-16	95.0
NCVOG0305-consensus	NODE_7_length_120568_cov_24.227917	25.00	852	513	126	782	1526	49891	47414	1.6e-16	94.7
NCVOG0305-consensus	NODE_7_length_120568_cov_24.227917	32.19	233	144	14	1334	1556	39980	39301	1.5e-14	88.2
NCVOG0305-consensus	NODE_7_length_120568_cov_24.227917	29.92	264	158	27	1314	1556	37574	36810	1.5e-14	88.2
NCVOG0305-consensus	NODE_3118_length_899_cov_24.826034	36.14	166	98	8	765	924	530	42	9.4e-19	95.1
NCVOG0305-consensus	NODE_7_length_120568_cov_24.227917	34.19	234	133	21	790	1008	31716	32394	4.3e-17	96.6
NCVOG0305-consensus	NODE_402_length_9311_cov_21.337773	29.53	254	164	15	790	1034	6785	7525	6.1e-15	85.8
NCVOG0305-consensus	NODE_305_length_11164_cov_21.353657	31.14	228	143	14	822	1035	7245	6571	1.3e-14	85.0
NCVOG0305-consensus	NODE_1562_length_1590_cov_22.265036	35.63	174	99	13	1355	1518	966	1473	2.1e-14	81.5
NCVOG0305-consensus	NODE_141_length_18398_cov_23.265433	33.33	243	142	20	1304	1531	14850	15548	6.6e-14	83.3
NCVOG0305-consensus	NODE_85_length_22525_cov_22.657520	36.73	147	84	9	1367	1506	3062	3489	2.5e-13	81.7
NCVOG0305-consensus	NODE_405_length_9286_cov_20.964926	31.27	275	156	33	1313	1557	9268	8460	5.6e-13	79.3
NCVOG0305-consensus	NODE_891_length_3931_cov_21.099896	27.73	220	143	16	819	1029	2365	1736	2.2e-12	76.0
NCVOG0305-consensus	NODE_2689_length_990_cov_25.444688	27.63	257	169	17	774	1027	1	726	5.1e-12	72.8
NCVOG0305-consensus	NODE_2666_length_995_cov_24.788671	27.24	279	166	37	1312	1556	942	126	1.3e-11	71.5
NCVOG0305-consensus	NODE_738_length_5163_cov_23.283130	32.65	196	119	13	1314	1500	1590	1020	1.6e-11	73.6
NCVOG0305-consensus	NODE_540_length_7450_cov_21.355757	31.31	198	115	21	1346	1525	3822	3247	2.3e-11	73.6
NCVOG0305-consensus	NODE_500_length_8067_cov_24.821652	33.96	212	129	11	1309	1510	3235	3862	3e-11	73.3
NCVOG0305-consensus	NODE_1444_length_1785_cov_26.125293	30.40	227	137	21	1349	1558	9	670	3.6e-11	70.9
NCVOG0305-consensus	NODE_262_length_12350_cov_22.150086	25.40	311	207	25	819	1114	4561	3682	3.8e-11	73.6
NCVOG0305-consensus	NODE_262_length_12350_cov_22.150086	32.88	222	126	23	1352	1555	6993	6354	3.8e-11	73.6
NCVOG0305-consensus	NODE_454_length_8658_cov_21.498194	29.45	292	181	25	778	1058	3107	2281	5.7e-11	72.5
NCVOG0305-consensus	NODE_286_length_11614_cov_23.413886	35.06	154	92	8	1352	1504	1694	1257	6.3e-11	72.8
NCVOG0305-consensus	NODE_295_length_11415_cov_21.642971	28.21	195	128	12	799	984	8731	9301	7.5e-11	72.5
NCVOG0248-consensus	NODE_3135_length_897_cov_19.914634	29.41	340	181	59	92	425	897	42	7.3e-19	93.8
NCVOG0105-consensus	NODE_1_length_356849_cov_24.440746	27.08	720	445	80	228	908	116987	119006	1.3e-21	111.3
NCVOG0105-consensus	NODE_28_length_39255_cov_22.337945	28.16	522	317	58	401	892	25895	27359	5.8e-13	80.7
NCVOG4804-consensus	NODE_1120_length_2738_cov_23.976325	56.00	125	51	4	56	180	1661	2020	8.8e-27	120.4
NCVOG4804-consensus	NODE_4007_length_748_cov_120.466468	54.55	121	51	4	56	176	353	6	2.2e-25	113.9
NCVOG4804-consensus	NODE_56_length_27666_cov_24.774077	58.06	93	35	4	90	179	25143	24883	2.5e-13	79.0
NCVOG4804-consensus	NODE_13_length_67239_cov_24.797817	58.06	93	35	4	90	179	46344	46604	5.9e-13	79.1
NCVOG0282-consensus	NODE_7_length_120568_cov_24.227917	34.80	273	156	22	325	585	49903	49120	3.1e-20	106.2
NCVOG0282-consensus	NODE_7_length_120568_cov_24.227917	27.27	385	253	27	231	603	45665	44561	3.1e-20	106.2
NCVOG0282-consensus	NODE_7_length_120568_cov_24.227917	31.23	317	185	33	280	582	48187	47303	1.2e-19	104.3
NCVOG0282-consensus	NODE_7_length_120568_cov_24.227917	26.79	474	295	52	161	595	40618	39247	1.7e-19	103.8
NCVOG0282-consensus	NODE_7_length_120568_cov_24.227917	29.02	286	188	15	325	601	42524	41688	6.4e-19	101.9
NCVOG0282-consensus	NODE_885_length_3971_cov_23.910889	30.63	333	190	41	262	570	1727	793	4.1e-18	94.3
NCVOG0282-consensus	NODE_500_length_8067_cov_24.821652	29.77	262	166	18	325	576	3238	3994	7.6e-16	87.7
NCVOG0282-consensus	NODE_327_length_10816_cov_22.409815	31.16	292	176	25	300	573	3043	2198	1e-15	87.7
NCVOG0282-consensus	NODE_402_length_9311_cov_21.337773	30.14	282	172	25	337	602	6785	7600	2.2e-15	86.4
NCVOG0282-consensus	NODE_2917_length_943_cov_22.453811	27.80	259	165	22	277	520	907	159	1.4e-14	80.5
NCVOG0282-consensus	NODE_405_length_9286_cov_20.964926	29.63	378	213	53	331	671	9259	8183	2.1e-14	83.1
NCVOG0282-consensus	NODE_2666_length_995_cov_24.788671	31.85	292	162	37	323	584	954	105	2.5e-14	79.7
NCVOG0282-consensus	NODE_26_length_41221_cov_22.442154	26.56	320	199	36	325	621	25392	24475	4.4e-14	84.2
NCVOG0282-consensus	NODE_4474_length_674_cov_26.919598	37.01	154	89	8	321	470	214	660	5.2e-14	78.1
NCVOG0282-consensus	NODE_906_length_3803_cov_24.670961	31.75	252	148	24	323	556	3298	2570	1e-13	79.6
NCVOG0282-consensus	NODE_705_length_5519_cov_37.008820	32.57	307	166	41	310	583	2856	3739	1.5e-13	79.6
NCVOG0282-consensus	NODE_2689_length_990_cov_25.444688	28.50	193	127	11	331	522	22	567	4.2e-13	75.6
NCVOG0282-consensus	NODE_151_length_17433_cov_21.830606	26.53	294	176	40	325	581	674	1541	6.7e-13	79.1
NCVOG0282-consensus	NODE_155_length_17134_cov_22.671748	31.82	198	120	15	387	584	13254	13799	1.4e-12	78.0
NCVOG0282-consensus	NODE_891_length_3931_cov_21.099896	32.14	224	129	23	365	573	2371	1733	4.5e-12	74.2
NCVOG0282-consensus	NODE_454_length_8658_cov_21.498194	26.67	270	174	24	317	574	3131	2361	9.8e-12	74.2
NCVOG0282-consensus	NODE_85_length_22525_cov_22.657520	26.05	357	226	38	272	608	2708	3717	1.5e-11	75.0
NCVOG0282-consensus	NODE_78_length_22966_cov_22.008869	28.46	267	172	19	331	589	15293	16057	1.8e-11	74.7
NCVOG0282-consensus	NODE_7_length_120568_cov_24.227917	31.32	265	156	26	325	572	31659	32421	2.1e-11	76.9
NCVOG0282-consensus	NODE_7_length_120568_cov_24.227917	30.89	327	182	44	275	570	15290	16218	5.5e-12	78.8
NCVOG2963-consensus	NODE_13_length_67239_cov_24.797817	25.00	296	205	17	32	322	37200	38048	2.3e-11	74.5
NCVOG4883-consensus	NODE_588_length_6728_cov_23.079086	35.92	206	113	19	257	462	6728	6171	7.3e-14	80.0
NCVOG4883-consensus	NODE_3191_length_887_cov_26.956790	31.77	192	116	15	46	232	340	882	8.2e-12	70.3
NCVOG2979-consensus	NODE_957_length_3455_cov_23.464772	38.10	147	84	7	103	242	52	489	8.4e-15	81.2
NCVOG0360-consensus	NODE_71_length_24937_cov_23.293443	43.93	305	156	15	24	315	3222	2319	1.2e-46	190.2
NCVOG0979-consensus	NODE_1198_length_2384_cov_20.765930	41.69	319	178	8	3	320	437	1369	2.8e-58	225.7
NCVOG0979-consensus	NODE_1198_length_2384_cov_20.765930	54.47	123	40	16	3	109	2020	2381	1.6e-21	103.6
NCVOG0979-consensus	NODE_1109_length_2770_cov_23.327144	44.63	242	131	3	88	328	2759	2043	1.5e-49	196.9
NCVOG2943-consensus	NODE_5942_length_319_cov_1.417355	36.73	98	61	1	69	165	319	29	1.2e-12	70.0
NCVOG2734-consensus	NODE_731_length_5238_cov_23.900213	25.28	360	229	40	67	416	2030	3016	5.5e-11	70.7
NCVOG0274-consensus	NODE_42_length_31191_cov_22.265765	38.62	1502	733	189	31	1367	26873	22453	4.4e-61	240.7
NCVOG0274-consensus	NODE_1_length_356849_cov_24.440746	33.66	1447	781	179	65	1383	150020	154184	6.9e-33	149.3
NCVOG0274-consensus	NODE_5281_length_503_cov_17.340376	50.75	134	66	0	716	849	88	486	3.7e-31	135.3
NCVOG0274-consensus	NODE_429_length_8930_cov_22.212583	25.39	1465	786	307	113	1355	5969	1837	5.5e-28	128.9
NCVOG0074-consensus	NODE_1133_length_2670_cov_23.796375	55.82	636	228	53	5	637	2621	867	2.9e-168	592.0
NCVOG0074-consensus	NODE_130_length_18976_cov_22.153818	54.35	609	247	31	6	611	18188	16449	6.3e-90	334.6
NCVOG0074-consensus	NODE_383_length_9649_cov_21.300355	44.17	677	307	71	6	635	4333	2382	2.4e-55	218.8
NCVOG0074-consensus	NODE_323_length_10885_cov_22.727979	31.10	582	358	43	5	548	6505	4782	1e-50	203.6
NCVOG0074-consensus	NODE_5635_length_404_cov_21.678899	59.54	131	53	0	431	561	404	15	2e-33	141.4
NCVOG0074-consensus	NODE_3_length_223460_cov_24.442137	28.67	607	375	58	1	560	38884	37104	9.3e-26	124.4
NCVOG0074-consensus	NODE_83_length_22726_cov_34.413307	32.00	575	329	62	6	527	20219	21907	1.7e-25	120.9
NCVOG0074-consensus	NODE_11238_length_155_cov_20.128205	80.39	51	10	0	322	372	155	6	2.4e-14	76.6
NCVOG0074-consensus	NODE_15948_length_155_cov_13.141026	80.39	51	10	0	322	372	155	6	2.4e-14	76.6
NCVOG0074-consensus	NODE_9346_length_170_cov_29.290323	72.73	55	15	0	291	345	170	9	3.3e-14	76.3
NCVOG0074-consensus	NODE_21929_length_155_cov_9.641026	68.63	51	16	0	431	481	155	6	1e-11	67.9
NCVOG1299-consensus	NODE_215_length_14531_cov_22.251142	39.60	149	81	9	5	145	5376	4936	1.6e-18	94.9
NCVOG1299-consensus	NODE_215_length_14531_cov_22.251142	51.53	163	60	19	2	146	6982	6500	1.6e-18	94.9
NCVOG1299-consensus	NODE_215_length_14531_cov_22.251142	40.26	154	79	13	3	145	4138	3686	1.2e-15	85.5
NCVOG1299-consensus	NODE_215_length_14531_cov_22.251142	44.23	156	68	19	5	142	4843	4384	2.7e-13	77.6
NCVOG1196-consensus	NODE_34_length_35236_cov_23.207258	22.09	489	333	48	365	850	11165	9841	3.8e-12	78.0
NCVOG1196-consensus	NODE_66_length_26056_cov_21.814812	25.71	638	397	77	238	828	2423	4231	3.9e-11	74.2
NCVOG0064-consensus	NODE_66_length_26056_cov_21.814812	24.70	332	218	32	23	334	4250	5206	7.7e-13	78.6
NCVOG4324-consensus	NODE_44_length_29999_cov_22.843393	31.47	626	344	85	33	610	27594	29339	1.4e-19	101.6
NCVOG4134-consensus	NODE_68_length_25887_cov_21.207478	37.92	501	231	80	1	458	15229	13857	4.6e-28	129.1
NCVOG4024-consensus	NODE_818_length_4364_cov_19.620247	51.60	188	78	13	1	182	3820	4359	3e-37	156.8
NCVOG4024-consensus	NODE_3105_length_902_cov_22.100606	56.49	131	54	3	247	377	902	522	1.3e-29	129.1
NCVOG4024-consensus	NODE_8520_length_185_cov_12.629630	54.10	61	28	0	211	271	185	6	2.9e-12	69.2
NCVOG4024-consensus	NODE_8531_length_185_cov_12.046296	54.10	61	28	0	211	271	185	6	2.9e-12	69.2
NCVOG0304-consensus	NODE_7_length_120568_cov_24.227917	31.91	188	111	17	24	201	40151	39616	7.4e-12	77.6
NCVOG0214-consensus	NODE_311_length_11053_cov_21.263848	31.34	268	163	21	257	515	2100	2860	1.6e-11	73.7
NCVOG0276-consensus	NODE_8_length_104306_cov_23.943154	65.98	338	96	19	39	357	11619	12625	1.6e-88	331.5
NCVOG0276-consensus	NODE_1_length_356849_cov_24.440746	30.98	368	221	33	19	357	265259	264175	8.5e-23	113.8
NCVOG0689-consensus	NODE_13_length_67239_cov_24.797817	25.30	336	227	24	57	371	37428	38413	2.2e-14	85.2
NCVOG4882-consensus	NODE_51_length_28558_cov_22.194867	34.29	347	192	36	386	719	16766	17734	4.4e-27	127.1
NCVOG4882-consensus	NODE_53_length_28188_cov_24.468286	27.27	363	226	38	2	342	27823	26786	8.1e-12	76.3
NCVOG2204-consensus	NODE_1678_length_1477_cov_24.350714	43.87	269	129	22	179	428	1438	644	5.5e-50	197.7
NCVOG2204-consensus	NODE_1597_length_1559_cov_20.433873	40.97	144	76	9	4	142	1120	1536	1.3e-21	103.6
NCVOG1060-consensus	NODE_339_length_10512_cov_21.316914	28.86	402	190	96	31	348	7641	6485	4.9e-15	84.4
NCVOG4966-consensus	NODE_699_length_5555_cov_22.949252	26.17	256	175	14	201	454	4812	4086	1.5e-15	85.4
NCVOG4966-consensus	NODE_1_length_356849_cov_24.440746	27.47	364	246	18	54	409	276371	275317	1.3e-14	87.1
NCVOG0185-consensus	NODE_640_length_6193_cov_22.206671	31.25	128	83	5	25	148	5725	5348	7.5e-13	75.6
NCVOG0185-consensus	NODE_2732_length_980_cov_12.859358	37.41	139	59	28	32	142	337	750	1.9e-12	71.7
NCVOG0185-consensus	NODE_5575_length_422_cov_11.008696	35.43	127	62	20	36	142	422	45	9.9e-12	68.0
NCVOG0320-consensus	NODE_3676_length_803_cov_20.944904	34.10	217	110	33	8	201	187	798	8.4e-14	75.6
NCVOG1130-consensus	NODE_629_length_6280_cov_22.626955	32.89	152	91	11	46	189	4127	4570	6.2e-14	78.9
NCVOG0030-consensus	NODE_858_length_4087_cov_22.760349	37.80	492	261	45	26	497	1468	2861	9.5e-63	242.4
NCVOG0030-consensus	NODE_197_length_15160_cov_22.787178	39.02	510	256	55	26	500	3607	5061	1e-31	141.2
NCVOG4494-consensus	NODE_415_length_9123_cov_23.243201	33.43	335	190	33	21	334	2056	3021	2e-17	92.4
NCVOG4494-consensus	NODE_5_length_164131_cov_24.035104	37.13	167	93	12	55	209	91554	92047	3.1e-12	79.2
NCVOG4494-consensus	NODE_857_length_4097_cov_23.295025	26.92	312	208	20	16	312	2553	3466	3.6e-11	70.5
NCVOG4494-consensus	NODE_29_length_38117_cov_24.112093	36.31	179	100	14	41	205	33691	33158	4.2e-11	73.5
NCVOG5094-consensus	NODE_5942_length_319_cov_1.417355	47.52	101	53	0	170	270	315	16	1.1e-13	74.5
NCVOG0296-consensus	NODE_454_length_8658_cov_21.498194	26.67	255	174	13	4	252	3125	2385	7.3e-13	77.5
NCVOG0296-consensus	NODE_2689_length_990_cov_25.444688	23.75	261	183	16	10	264	4	753	2.3e-11	69.4
NCVOG0267-consensus	NODE_629_length_6280_cov_22.626955	31.11	389	229	39	339	718	4	1075	1.5e-25	120.0
NCVOG0267-consensus	NODE_413_length_9129_cov_23.206916	28.85	416	254	42	326	729	3859	5013	3.9e-25	119.2
NCVOG0267-consensus	NODE_309_length_11128_cov_22.349290	27.12	542	291	104	261	733	1525	3038	7.2e-22	108.6
NCVOG0267-consensus	NODE_141_length_18398_cov_23.265433	30.06	173	116	5	575	747	6601	7101	3.2e-14	83.9
NCVOG0267-consensus	NODE_691_length_5623_cov_22.351965	28.36	268	159	33	263	513	793	45	3.7e-14	82.0
NCVOG0267-consensus	NODE_732_length_5236_cov_22.912774	23.06	555	363	64	213	731	3212	4773	1.1e-13	80.4
NCVOG0267-consensus	NODE_1293_length_2111_cov_26.313668	30.43	414	230	58	336	718	2111	958	7e-13	76.3
NCVOG0267-consensus	NODE_271_length_12041_cov_22.751588	28.24	432	256	54	326	718	2252	1019	2.3e-12	77.1
NCVOG0267-consensus	NODE_47_length_28768_cov_22.177965	29.03	472	282	53	291	737	22126	23450	3e-11	74.7
NCVOG0267-consensus	NODE_1229_length_2303_cov_27.402066	36.07	122	72	6	598	718	93	440	5.8e-11	70.1
NCVOG0517-consensus	NODE_13_length_67239_cov_24.797817	29.48	251	162	15	99	344	37338	38057	4.7e-16	90.2
NCVOG0517-consensus	NODE_1_length_356849_cov_24.440746	29.66	236	155	11	114	344	276033	275347	2e-13	82.6
NCVOG0817-consensus	NODE_11_length_69513_cov_23.350135	33.53	516	280	63	6	508	15348	13954	3.2e-41	174.4
NCVOG0046-consensus	NODE_3582_length_820_cov_24.698520	41.82	165	71	25	5	148	500	21	7.8e-18	89.6
NCVOG0046-consensus	NODE_214_length_14562_cov_21.600967	41.76	170	80	19	8	158	9869	9365	1.3e-14	83.1
NCVOG0046-consensus	NODE_428_length_8931_cov_23.461148	27.44	277	176	25	2	277	6176	6931	4.4e-11	70.6
NCVOG0046-consensus	NODE_133_length_18814_cov_22.111864	48.11	106	45	10	1	96	7152	6842	5.2e-11	71.4
NCVOG1337-consensus	NODE_1915_length_1292_cov_28.489712	28.21	234	150	18	29	254	993	325	1.3e-11	69.3
NCVOG0037-consensus	NODE_131_length_18849_cov_23.057799	47.01	1155	503	109	24	1073	8158	11587	8.5e-100	368.2
NCVOG0017-consensus	NODE_3_length_223460_cov_24.442137	32.92	404	203	68	3	338	90592	89400	5.2e-13	81.2
NCVOG0007-consensus	NODE_95_length_21863_cov_22.710194	35.13	390	206	47	21	363	5907	4749	6e-23	111.5
NCVOG1115-consensus	NODE_8_length_104306_cov_23.943154	36.02	322	170	36	123	411	37096	36157	3.3e-14	84.9
NCVOG0015-consensus	NODE_1325_length_2010_cov_24.718055	34.48	232	139	13	52	270	1140	448	8.1e-21	101.4
NCVOG0015-consensus	NODE_1047_length_2982_cov_22.150086	32.51	203	116	21	49	243	1191	629	2.8e-14	80.2
NCVOG0015-consensus	NODE_3604_length_817_cov_22.124324	34.57	162	98	8	99	252	744	262	4.7e-13	74.3
NCVOG0015-consensus	NODE_2287_length_1081_cov_22.356574	35.03	197	115	13	58	244	481	1055	8.7e-12	70.5
NCVOG0005-consensus	NODE_391_length_9540_cov_22.520025	30.97	226	135	21	43	252	1736	2393	2.4e-11	72.1
NCVOG0486-consensus	NODE_1408_length_1840_cov_23.505956	32.39	355	197	43	45	367	1326	302	1.9e-26	119.6
NCVOG0284-consensus	NODE_2150_length_1150_cov_19.235788	33.33	297	167	31	34	309	947	96	1.3e-20	99.3
NCVOG0806-consensus	NODE_288_length_11575_cov_23.150374	36.14	440	234	47	35	447	654	1902	2.3e-39	165.4
NCVOG0806-consensus	NODE_2_length_272177_cov_24.631454	43.86	472	230	35	6	447	149673	148284	2.8e-21	109.1
NCVOG2958-consensus	NODE_290_length_11554_cov_21.804566	33.04	230	124	30	69	269	6290	5609	7.1e-15	83.4
NCVOG2958-consensus	NODE_7_length_120568_cov_24.227917	28.49	179	121	7	78	255	12726	12211	4.4e-12	77.5
NCVOG0329-consensus	NODE_1090_length_2852_cov_21.120721	34.81	339	189	32	1027	1338	403	1395	1.1e-36	156.1
NCVOG0329-consensus	NODE_1063_length_2938_cov_30.800769	27.87	549	351	45	77	589	1743	131	2e-20	102.1
NCVOG0329-consensus	NODE_1222_length_2315_cov_23.786416	25.97	751	479	77	90	777	92	2293	2.6e-18	94.8
NCVOG0329-consensus	NODE_3315_length_866_cov_36.789607	37.77	278	153	20	326	587	857	39	1.5e-17	90.8
NCVOG0329-consensus	NODE_3926_length_762_cov_16.684672	36.26	262	145	22	290	538	761	6	2.2e-15	83.5
NCVOG0329-consensus	NODE_4084_length_737_cov_30.312121	32.93	249	150	17	332	578	1	699	4e-13	75.9
NCVOG0329-consensus	NODE_773_length_4849_cov_35.351425	31.86	204	109	30	1109	1293	2365	2936	4.3e-13	78.5
NCVOG0329-consensus	NODE_2862_length_953_cov_23.492009	35.22	301	167	28	308	588	73	948	6.4e-13	75.6
NCVOG0329-consensus	NODE_3456_length_842_cov_25.253595	38.89	126	59	18	1123	1240	24	364	8.2e-13	75.0
NCVOG0329-consensus	NODE_1808_length_1363_cov_25.149300	29.03	434	259	49	227	646	1216	37	2.9e-12	73.9
NCVOG0329-consensus	NODE_5029_length_564_cov_24.127310	41.45	193	97	16	395	578	563	9	1.3e-11	70.5
NCVOG0329-consensus	NODE_62_length_26879_cov_22.438549	38.94	113	54	15	1141	1243	23018	22700	4e-11	74.4
NCVOG0029-consensus	NODE_5166_length_536_cov_18.694989	44.38	178	91	8	153	322	536	6	9.2e-34	142.7
NCVOG0029-consensus	NODE_1_length_356849_cov_24.440746	29.60	544	341	42	2	507	241961	240345	7.5e-29	134.5
NCVOG0029-consensus	NODE_617_length_6427_cov_21.302835	25.49	514	262	121	16	501	5536	4279	2e-19	98.7
NCVOG0029-consensus	NODE_686_length_5648_cov_23.311973	34.69	467	226	79	34	425	3857	2488	1.1e-14	82.7
NCVOG0395-consensus	NODE_185_length_15577_cov_23.065613	40.48	84	50	0	1	84	8531	8779	3.6e-12	73.2
NCVOG4154-consensus	NODE_149_length_17463_cov_22.017543	25.27	91	67	1	158	247	5035	5300	1.2e-11	73.3
NCVOG4154-consensus	NODE_882_length_3987_cov_21.846803	17.76	107	83	5	127	233	1358	1660	4.9e-11	69.2
NCVOG5034-consensus	NODE_13_length_67239_cov_24.797817	36.41	184	98	19	169	341	37407	37931	2e-13	81.5
NCVOG0242-consensus	NODE_6_length_124527_cov_23.995388	24.91	550	366	47	139	664	17288	18859	1.9e-18	100.0
NCVOG0346-consensus	NODE_4975_length_577_cov_21.126000	31.82	66	45	0	39	104	342	148	1.5e-11	66.6
NCVOG1326-consensus	NODE_3_length_223460_cov_24.442137	50.34	145	67	5	10	150	215514	215942	4.6e-28	129.0
NCVOG1326-consensus	NODE_42_length_31191_cov_22.265765	52.07	121	50	8	38	150	27846	27491	5.8e-26	120.8
NCVOG1326-consensus	NODE_4354_length_696_cov_38.340872	42.66	143	76	6	10	146	473	48	1.5e-23	107.2
NCVOG1326-consensus	NODE_3073_length_909_cov_21.448317	46.15	104	52	4	10	109	323	15	2.4e-15	80.4
NCVOG1326-consensus	NODE_4652_length_643_cov_16.881625	44.23	104	54	4	10	109	326	18	1.4e-14	77.4
NCVOG0036-consensus	NODE_17_length_53389_cov_23.472989	38.93	244	130	19	69	302	35483	34786	5.6e-17	92.9
NCVOG2216-consensus	NODE_1_length_356849_cov_24.440746	52.31	65	30	1	64	128	333366	333554	3.8e-11	73.0
NCVOG0222-consensus	NODE_1222_length_2315_cov_23.786416	30.57	422	273	20	94	501	2312	1068	6e-26	118.7
NCVOG0222-consensus	NODE_2862_length_953_cov_23.492009	28.88	329	207	27	110	429	947	18	2.2e-20	99.0
NCVOG0222-consensus	NODE_4084_length_737_cov_30.312121	32.74	223	129	21	281	503	611	9	3.4e-11	68.1
NCVOG0222-consensus	NODE_3315_length_866_cov_36.789607	25.00	292	208	11	137	426	1	846	8.6e-11	67.0
NCVOG0014-consensus	NODE_1325_length_2010_cov_24.718055	28.35	261	184	3	82	339	1872	1093	4.5e-22	105.7
NCVOG0014-consensus	NODE_1325_length_2010_cov_24.718055	29.89	261	177	6	82	339	798	28	5.5e-18	92.2
NCVOG0014-consensus	NODE_1047_length_2982_cov_22.150086	24.50	302	220	8	45	339	1011	116	9e-20	98.7
NCVOG0014-consensus	NODE_1188_length_2433_cov_22.267827	26.89	305	212	11	46	339	2003	1096	1.2e-17	91.3
NCVOG0014-consensus	NODE_3604_length_817_cov_22.124324	23.92	255	190	4	82	332	771	10	1.1e-15	83.3
NCVOG0014-consensus	NODE_72_length_24736_cov_21.396772	27.60	279	188	14	46	315	4985	4171	5.6e-13	79.1
NCVOG0014-consensus	NODE_354_length_10233_cov_23.130662	30.32	188	128	3	131	318	4152	3601	1.2e-11	73.4
NCVOG0014-consensus	NODE_1653_length_1510_cov_22.542219	29.61	152	107	0	134	285	820	368	7.6e-11	68.0
NCVOG0002-consensus	NODE_229_length_13874_cov_22.181416	28.47	808	487	91	59	838	9609	7400	3.8e-39	165.9
NCVOG0002-consensus	NODE_4_length_207130_cov_24.844924	29.26	745	467	60	67	784	74210	76318	7.6e-15	88.6
NCVOG0002-consensus	NODE_4_length_207130_cov_24.844924	28.09	534	322	62	332	832	26081	27588	5.4e-36	158.8
NCVOG1194-consensus	NODE_24355_length_132_cov_30.327273	52.27	44	21	0	66	109	132	4	1.5e-13	72.9
NCVOG4845-consensus	NODE_296_length_11405_cov_21.361582	25.36	552	348	64	94	629	8620	7112	7.3e-19	97.8
NCVOG4845-consensus	NODE_296_length_11405_cov_21.361582	31.05	248	154	17	110	353	6744	6043	4.5e-21	105.1
NCVOG4845-consensus	NODE_249_length_12906_cov_22.480396	33.33	201	105	29	125	319	1060	1588	4.3e-13	78.8
NCVOG2775-consensus	NODE_357_length_10144_cov_21.947750	33.33	267	167	11	137	395	7054	7840	7.1e-27	124.1
NCVOG2775-consensus	NODE_731_length_5238_cov_23.900213	39.65	227	128	9	183	402	2042	2713	2.4e-26	121.4
NCVOG2775-consensus	NODE_1681_length_1476_cov_21.380986	37.71	236	123	24	160	371	135	839	2e-25	116.6
NCVOG2775-consensus	NODE_2_length_272177_cov_24.631454	28.82	458	282	44	163	578	251937	253297	4.1e-23	115.2
NCVOG2775-consensus	NODE_21_length_46756_cov_22.683412	28.88	277	185	12	182	450	38711	37896	4.7e-22	110.3
NCVOG2775-consensus	NODE_147_length_17760_cov_22.865916	36.17	141	88	2	223	362	9165	9581	1.2e-14	84.3
NCVOG2775-consensus	NODE_140_length_18512_cov_21.114076	28.34	307	205	15	183	480	7602	8499	1.2e-12	77.8
NCVOG2775-consensus	NODE_57_length_27437_cov_22.693494	30.77	312	187	29	118	403	6126	7047	1.7e-12	77.8
NCVOG2775-consensus	NODE_7_length_120568_cov_24.227917	37.38	206	112	17	211	416	117887	117324	1.1e-11	77.3
NCVOG2775-consensus	NODE_2107_length_1176_cov_23.705722	25.96	235	163	11	116	339	472	1173	1.4e-11	70.2
NCVOG2775-consensus	NODE_594_length_6710_cov_21.981456	35.44	237	145	8	166	402	2134	1451	1.8e-11	72.3
NCVOG0934-consensus	NODE_5942_length_319_cov_1.417355	38.46	91	56	0	53	143	304	35	4.5e-11	64.6
NCVOG0893-consensus	NODE_624_length_6331_cov_23.418772	31.53	406	243	35	101	480	3913	2728	7.9e-28	127.1
NCVOG0275-consensus	NODE_475_length_8350_cov_23.386633	32.97	182	111	11	7	178	5344	4809	7e-16	85.8
NCVOG0275-consensus	NODE_4011_length_748_cov_26.363636	36.84	95	57	3	52	146	727	455	1.1e-11	68.3
NCVOG0275-consensus	NODE_3846_length_776_cov_20.769671	33.00	100	65	2	7	106	299	9	7.4e-11	65.6
NCVOG0275-consensus	NODE_218_length_14384_cov_23.160900	38.52	122	60	15	16	122	2773	3131	9.3e-11	69.5
NCVOG0729-consensus	NODE_152_length_17164_cov_22.389536	36.88	583	318	50	2	549	15646	13952	8.2e-77	290.7
NCVOG5103-consensus	NODE_2_length_272177_cov_24.631454	33.51	191	107	20	331	503	266749	266194	2e-22	113.8
NCVOG4874-consensus	NODE_141_length_18398_cov_23.265433	44.06	379	172	40	12	367	2535	1457	4.6e-65	251.2
NCVOG4874-consensus	NODE_1007_length_3213_cov_22.845663	43.72	247	124	15	11	243	737	9	6.5e-45	181.7
NCVOG4874-consensus	NODE_1633_length_1525_cov_21.417127	39.73	146	74	14	221	366	1522	1130	1.3e-11	70.0
NCVOG4423-consensus	NODE_292_length_11437_cov_22.810475	35.59	177	107	7	50	220	10413	10937	4.4e-19	97.1
NCVOG4423-consensus	NODE_7_length_120568_cov_24.227917	38.69	137	84	0	83	219	117737	117330	3.5e-18	97.5
NCVOG4423-consensus	NODE_1209_length_2353_cov_26.083919	35.07	134	81	6	90	219	2240	1848	8.2e-13	74.0
NCVOG4423-consensus	NODE_78_length_22966_cov_22.008869	37.24	145	87	4	82	222	7648	7217	6.2e-12	74.3
NCVOG4423-consensus	NODE_979_length_3359_cov_22.570079	31.79	195	125	8	31	219	2130	1555	2.8e-11	69.4
NCVOG4423-consensus	NODE_164_length_16698_cov_23.043018	37.41	139	83	4	85	219	11444	11031	3.6e-11	71.3
NCVOG4423-consensus	NODE_3426_length_847_cov_22.820779	35.04	137	84	5	87	222	402	797	9.9e-11	65.6
NCVOG4001-consensus	NODE_1681_length_1476_cov_21.380986	36.21	174	97	14	88	259	357	839	1.8e-11	70.2
NCVOG0605-consensus	NODE_334_length_10672_cov_22.324776	32.91	234	146	11	233	455	10666	9968	2e-19	99.2
NCVOG0772-consensus	NODE_507_length_8001_cov_22.589096	41.49	94	46	9	141	233	7261	7007	1.8e-18	94.5
NCVOG1136-consensus	NODE_2570_length_1018_cov_20.310308	55.94	261	100	15	190	440	170	930	8.7e-70	263.1
NCVOG0059-consensus	NODE_1780_length_1389_cov_22.381860	28.68	272	165	29	90	351	31	786	2.5e-14	79.2
NCVOG1149-consensus	NODE_2864_length_953_cov_18.549087	27.04	233	140	30	90	311	4	642	7.9e-14	76.6
NCVOG1149-consensus	NODE_361_length_10099_cov_22.024546	25.33	300	196	28	39	330	8865	9701	1.6e-13	78.9
NCVOG1149-consensus	NODE_361_length_10099_cov_22.024546	26.09	230	154	16	32	252	7517	8182	1.6e-13	78.9
NCVOG1049-consensus	NODE_818_length_4364_cov_19.620247	39.41	269	154	9	57	325	2972	2196	7.3e-36	151.9
NCVOG1049-consensus	NODE_989_length_3313_cov_24.862176	36.96	349	176	44	1	324	1468	2446	7e-29	128.3
NCVOG1049-consensus	NODE_1674_length_1481_cov_21.237892	30.61	343	198	40	6	322	1227	244	2.7e-18	92.0
NCVOG1049-consensus	NODE_86_length_22513_cov_21.729141	25.89	336	223	26	2	326	19911	20870	2.5e-15	86.1
NCVOG1139-consensus	NODE_1221_length_2316_cov_20.490397	25.32	308	197	33	33	318	1315	2184	3.6e-11	69.1
NCVOG0219-consensus	NODE_1090_length_2852_cov_21.120721	32.27	344	218	15	387	729	409	1395	1.2e-43	178.4
NCVOG0219-consensus	NODE_1063_length_2938_cov_30.800769	28.96	473	302	34	11	458	1626	248	3.3e-12	73.9
NCVOG0191-consensus	NODE_4971_length_578_cov_22.345309	30.34	178	111	13	21	187	37	561	2.2e-11	67.2
NCVOG0901-consensus	NODE_6_length_124527_cov_23.995388	53.72	188	74	13	5	180	45278	44721	5.2e-37	159.8
NCVOG2980-consensus	NODE_237_length_13308_cov_22.034540	28.66	485	294	52	14	472	11839	10474	3.6e-20	102.0
NCVOG2980-consensus	NODE_1431_length_1807_cov_22.183237	24.78	347	220	41	127	466	73	1008	1.1e-17	90.8
NCVOG2980-consensus	NODE_2690_length_990_cov_24.312158	32.88	146	86	12	335	473	13	432	3.5e-15	81.6
NCVOG1272-consensus	NODE_165_length_16674_cov_22.832018	21.68	1882	1281	193	312	2103	11113	16416	7.5e-20	103.4
NCVOG1272-consensus	NODE_408_length_9261_cov_23.904943	22.23	1309	906	112	535	1799	5613	1910	1.1e-11	75.5
NCVOG0652-consensus	NODE_2113_length_1172_cov_28.825571	37.66	231	136	8	71	300	696	28	1.4e-39	162.7
NCVOG0652-consensus	NODE_1244_length_2261_cov_22.395604	36.32	190	116	5	55	241	1694	2250	2.7e-26	119.6
NCVOG0652-consensus	NODE_270_length_12060_cov_22.037720	31.86	361	223	23	73	413	314	1380	4.4e-21	104.7
NCVOG0652-consensus	NODE_1974_length_1243_cov_25.849914	39.85	133	79	1	290	421	1223	828	2.4e-17	89.0
NCVOG2642-consensus	NODE_4451_length_678_cov_25.743760	40.20	204	112	10	5	199	629	28	7.3e-28	122.0
NCVOG1062-consensus	NODE_1145_length_2621_cov_29.720519	30.60	232	153	8	128	354	1168	485	9e-17	88.4
NCVOG1062-consensus	NODE_1357_length_1939_cov_215.336198	28.42	190	129	7	128	312	571	11	6.6e-13	75.1
NCVOG4522-consensus	NODE_612_length_6518_cov_22.223413	45.30	117	57	7	262	371	6168	6513	3.9e-18	94.1
NCVOG1352-consensus	NODE_75_length_24252_cov_22.531665	42.68	157	78	12	54	209	6060	6494	1.5e-24	116.3
NCVOG1352-consensus	NODE_75_length_24252_cov_22.531665	29.80	198	122	17	17	213	5370	5912	1.2e-14	83.5
NCVOG0052-consensus	NODE_205_length_14866_cov_23.174860	38.53	109	64	3	30	138	13857	13543	1.6e-12	75.7
NCVOG4122-consensus	NODE_328_length_10798_cov_24.827908	33.05	236	150	8	113	340	7746	7042	5.3e-25	117.7
NCVOG4122-consensus	NODE_13_length_67239_cov_24.797817	34.47	380	233	16	98	461	60353	59217	1.1e-24	119.3
NCVOG4122-consensus	NODE_444_length_8779_cov_23.218545	33.96	268	165	12	146	403	4300	5094	8.8e-24	113.3
NCVOG4122-consensus	NODE_96_length_21836_cov_22.816995	30.53	321	209	14	125	432	15159	14203	1.2e-23	114.2
NCVOG4122-consensus	NODE_7_length_120568_cov_24.227917	32.72	272	164	19	219	471	118105	117301	6.7e-23	114.2
NCVOG4122-consensus	NODE_292_length_11437_cov_22.810475	34.20	421	252	25	34	434	9699	10943	2.3e-22	109.0
NCVOG4122-consensus	NODE_53_length_28188_cov_24.468286	28.37	349	235	15	77	415	10753	9729	5.7e-22	109.0
NCVOG4122-consensus	NODE_164_length_16698_cov_23.043018	33.24	355	216	21	98	433	11516	10461	1.7e-19	100.1
NCVOG4122-consensus	NODE_4714_length_628_cov_23.805808	35.64	202	121	9	82	274	21	623	2e-18	91.7
NCVOG4122-consensus	NODE_1209_length_2353_cov_26.083919	29.58	284	190	10	64	340	2243	1404	3.8e-18	92.7
NCVOG4122-consensus	NODE_187_length_15541_cov_21.521793	27.73	321	215	17	122	430	8303	9247	2.7e-15	86.0
NCVOG4122-consensus	NODE_979_length_3359_cov_22.570079	32.83	265	162	16	98	348	2127	1342	4.7e-15	83.0
NCVOG4122-consensus	NODE_643_length_6160_cov_20.815223	35.17	145	91	3	87	229	79	507	2.7e-14	81.3
NCVOG4122-consensus	NODE_78_length_22966_cov_22.008869	34.77	256	156	11	70	314	7795	7031	3.8e-14	82.7
NCVOG4122-consensus	NODE_2167_length_1142_cov_22.115493	25.84	298	203	18	11	299	262	1117	1.7e-13	76.2
NCVOG4122-consensus	NODE_1238_length_2272_cov_20.222323	25.59	383	261	24	10	373	1306	176	1.1e-12	74.6
NCVOG4122-consensus	NODE_28_length_39255_cov_22.337945	24.49	437	315	15	39	460	23562	22255	1.1e-12	78.6
NCVOG4122-consensus	NODE_1390_length_1865_cov_29.698546	25.21	349	231	30	46	376	184	1191	1.3e-12	74.0
NCVOG4122-consensus	NODE_5304_length_495_cov_19.691388	30.62	160	107	4	98	254	17	490	3.1e-12	70.8
NCVOG4122-consensus	NODE_416_length_9114_cov_22.544871	30.29	208	132	13	84	284	4953	5555	6.3e-12	74.0
NCVOG4122-consensus	NODE_4094_length_736_cov_21.009105	27.73	238	168	4	147	383	31	732	2.1e-11	68.6
NCVOG0312-consensus	NODE_165_length_16674_cov_22.832018	21.85	746	523	60	89	797	12691	14856	2.6e-16	90.4
NCVOG0312-consensus	NODE_1290_length_2118_cov_23.046056	24.61	516	345	44	353	836	1754	246	5e-14	79.9
NCVOG0312-consensus	NODE_408_length_9261_cov_23.904943	23.02	669	463	52	249	903	4512	2629	5.9e-14	81.8
NCVOG0312-consensus	NODE_559_length_7098_cov_22.660875	20.89	742	524	63	91	810	5062	2963	6.3e-13	78.0
NCVOG0312-consensus	NODE_1222_length_2315_cov_23.786416	27.42	496	317	43	264	731	881	2308	3.9e-11	70.4
NCVOG0032-consensus	NODE_4801_length_612_cov_23.639252	41.40	157	80	12	678	827	25	475	6.6e-21	100.9
NCVOG0032-consensus	NODE_692_length_5616_cov_21.922730	26.75	755	402	151	179	822	3143	1018	8.2e-21	103.7
NCVOG0032-consensus	NODE_805_length_4498_cov_23.551685	26.68	716	363	162	276	861	3912	1878	2.3e-19	98.6
NCVOG0032-consensus	NODE_608_length_6618_cov_22.771747	25.20	619	337	126	249	814	4456	6090	2.1e-16	89.4
NCVOG0032-consensus	NODE_308_length_11139_cov_22.964383	29.95	217	137	15	630	835	9960	9329	1e-14	84.5
NCVOG0032-consensus	NODE_122_length_19411_cov_22.288559	22.90	655	375	130	257	885	16666	15035	5.2e-13	79.6
NCVOG0302-consensus	NODE_151_length_17433_cov_21.830606	25.15	489	317	49	71	535	150	1532	1.8e-20	103.6
NCVOG0302-consensus	NODE_286_length_11614_cov_23.413886	29.41	289	173	31	282	546	1760	922	7.9e-20	100.8
NCVOG0302-consensus	NODE_81_length_22831_cov_22.543948	31.15	183	124	2	3	185	18498	17959	5.2e-17	92.4
NCVOG0302-consensus	NODE_749_length_5052_cov_21.722211	29.14	374	225	40	153	490	2160	3260	6.3e-17	90.0
NCVOG0302-consensus	NODE_61_length_26919_cov_22.797139	31.60	269	146	38	303	535	3526	4315	8.9e-17	91.9
NCVOG0302-consensus	NODE_2917_length_943_cov_22.453811	30.26	304	190	22	215	497	926	25	1.9e-16	86.0
NCVOG0302-consensus	NODE_5_length_164131_cov_24.035104	30.72	345	198	41	231	534	41292	42313	3.4e-16	92.5
NCVOG0302-consensus	NODE_343_length_10458_cov_23.112610	31.54	371	207	47	211	545	4884	5948	5.9e-16	87.8
NCVOG0302-consensus	NODE_734_length_5209_cov_23.060795	31.03	348	183	57	242	534	4631	3613	4.7e-14	80.5
NCVOG0302-consensus	NODE_43_length_30675_cov_33.792307	29.65	172	111	10	381	546	78	578	4.6e-12	76.4
NCVOG0302-consensus	NODE_2689_length_990_cov_25.444688	26.76	284	185	23	267	542	22	825	5.2e-12	71.3
NCVOG0302-consensus	NODE_906_length_3803_cov_24.670961	31.65	316	181	35	250	534	3325	2407	1.7e-11	71.5
NCVOG0302-consensus	NODE_1562_length_1590_cov_22.265036	26.91	249	157	25	235	470	768	1473	2.2e-11	69.9
NCVOG0302-consensus	NODE_3118_length_899_cov_24.826034	23.74	219	147	20	193	408	635	33	3.1e-11	68.6
NCVOG0302-consensus	NODE_177_length_15835_cov_23.050324	24.32	329	225	24	158	470	15751	14796	3.3e-11	72.6
NCVOG0302-consensus	NODE_540_length_7450_cov_21.355757	25.35	284	190	22	226	490	4034	3211	3.3e-11	71.5
NCVOG0302-consensus	NODE_25_length_41491_cov_22.578162	24.71	340	225	31	172	486	32612	31618	4.1e-11	73.7
NCVOG0302-consensus	NODE_891_length_3931_cov_21.099896	25.41	366	238	35	132	473	2870	1823	5.4e-11	69.9
NCVOG0302-consensus	NODE_7_length_120568_cov_24.227917	32.35	238	135	26	263	485	40052	39379	5.5e-11	74.8
NCVOG0302-consensus	NODE_7_length_120568_cov_24.227917	29.20	250	152	25	263	495	37580	36864	2.7e-12	79.2
NCVOG0302-consensus	NODE_7_length_120568_cov_24.227917	26.36	258	169	21	235	480	48152	47411	5.5e-11	74.8
NCVOG0012-consensus	NODE_10812_length_155_cov_41.884615	72.55	51	14	0	326	376	155	6	1.6e-15	80.2
NCVOG0012-consensus	NODE_4971_length_578_cov_22.345309	50.00	122	52	9	292	407	207	558	1.7e-14	78.7
NCVOG0603-consensus	NODE_203_length_15021_cov_22.765658	29.94	471	273	57	10	427	11464	12853	1.9e-18	96.3
NCVOG1127-consensus	NODE_255_length_12742_cov_21.753336	30.03	303	184	28	55	335	1158	275	4.2e-19	98.7
NCVOG1127-consensus	NODE_890_length_3938_cov_21.074333	28.23	294	191	20	54	331	2008	2874	3.2e-14	80.7
NCVOG4590-consensus	NODE_12_length_67517_cov_24.050593	28.70	324	191	40	123	442	37252	38112	1.1e-15	89.5
NCVOG4590-consensus	NODE_13_length_67239_cov_24.797817	29.82	332	196	37	127	442	16407	17336	4e-15	87.6
NCVOG4590-consensus	NODE_5819_length_353_cov_10.108696	42.71	96	53	2	253	348	17	295	1.2e-14	78.5
NCVOG4590-consensus	NODE_19_length_51262_cov_23.954752	27.49	291	177	34	127	402	1549	2361	2e-14	84.9
NCVOG4590-consensus	NODE_66_length_26056_cov_21.814812	29.91	351	205	41	110	443	8341	9318	2.6e-14	83.5
NCVOG4590-consensus	NODE_1175_length_2471_cov_22.984962	35.03	197	116	12	249	445	1561	2112	2.9e-14	80.0
NCVOG4590-consensus	NODE_4482_length_673_cov_21.758389	36.11	108	67	2	241	348	314	628	5e-14	77.3
NCVOG4590-consensus	NODE_3584_length_820_cov_24.033647	31.58	190	118	12	253	442	25	555	1.9e-13	75.7
NCVOG4590-consensus	NODE_677_length_5736_cov_22.715321	29.87	231	130	32	123	348	1239	631	2.5e-13	78.1
NCVOG4590-consensus	NODE_2870_length_951_cov_28.915332	27.06	255	166	20	167	421	708	7	3.2e-13	75.1
NCVOG4590-consensus	NODE_4729_length_626_cov_24.005464	27.84	194	128	12	250	443	572	30	6.4e-13	73.5
NCVOG4590-consensus	NODE_477_length_8288_cov_21.989283	28.53	319	187	41	127	438	7054	7891	7.7e-13	77.0
NCVOG4590-consensus	NODE_1523_length_1647_cov_11.915924	28.52	263	150	38	155	413	683	1366	1.8e-12	73.5
NCVOG4590-consensus	NODE_1621_length_1536_cov_18.272104	28.87	388	231	45	58	442	1523	499	5e-12	71.8
NCVOG4590-consensus	NODE_4231_length_716_cov_14.478873	36.08	97	60	2	254	350	219	500	1e-11	69.7
NCVOG4590-consensus	NODE_1_length_356849_cov_24.440746	25.07	335	217	34	123	442	353347	352403	3.4e-11	74.3
NCVOG4590-consensus	NODE_19_length_51262_cov_23.954752	26.51	347	214	41	121	454	5111	4164	6.5e-11	73.2
NCVOG4590-consensus	NODE_421_length_9071_cov_21.635646	29.97	317	187	35	123	433	5424	6272	9.3e-11	70.2
NCVOG4590-consensus	NODE_3325_length_864_cov_23.072427	33.07	127	74	11	235	352	667	296	9.9e-11	66.7
NCVOG0868-consensus	NODE_689_length_5637_cov_23.330576	56.06	66	26	3	158	222	2206	2018	5.9e-14	79.8
NCVOG0868-consensus	NODE_640_length_6193_cov_22.206671	45.78	83	38	7	158	234	5704	5462	6.2e-13	76.5
NCVOG0985-consensus	NODE_1695_length_1463_cov_21.199856	30.68	352	198	46	176	492	1445	434	9.5e-26	117.4
NCVOG2900-consensus	NODE_7_length_120568_cov_24.227917	28.12	192	138	0	19	210	117881	117309	1.7e-12	78.5
NCVOG0190-consensus	NODE_689_length_5637_cov_23.330576	36.84	133	72	12	169	299	2254	1889	2.4e-15	84.8
NCVOG0190-consensus	NODE_10812_length_155_cov_41.884615	49.15	59	22	8	199	257	155	6	2.5e-11	66.3
NCVOG0025-consensus	NODE_571_length_6919_cov_21.256504	29.63	432	244	60	113	521	3911	5086	3.2e-29	131.2
NCVOG0025-consensus	NODE_2902_length_946_cov_19.006904	30.90	301	166	42	223	515	107	902	7.1e-25	113.9
NCVOG0025-consensus	NODE_1076_length_2904_cov_20.309869	33.07	251	150	18	261	505	2854	2141	5.8e-24	112.5
NCVOG0025-consensus	NODE_2508_length_1032_cov_23.123560	27.92	308	183	39	213	501	169	1021	3.2e-18	91.9
NCVOG0025-consensus	NODE_231_length_13708_cov_22.689018	25.91	301	199	24	225	507	8359	9236	1.5e-14	83.5
NCVOG0025-consensus	NODE_93_length_21945_cov_22.908451	25.96	389	241	47	101	487	7983	9007	1.6e-14	84.0
NCVOG0025-consensus	NODE_173_length_16028_cov_23.357156	26.68	401	256	38	102	491	13753	14861	6.1e-13	78.3
NCVOG0025-consensus	NODE_116_length_19981_cov_22.049437	26.65	394	239	50	104	491	17245	16199	3.4e-12	76.2
NCVOG0025-consensus	NODE_106_length_20644_cov_21.994797	28.47	411	236	58	91	488	19425	20507	4.3e-12	75.9
NCVOG0025-consensus	NODE_457_length_8572_cov_21.906769	28.50	207	129	19	318	509	7347	7952	5.5e-12	74.3
NCVOG0025-consensus	NODE_8_length_104306_cov_23.943154	27.25	433	262	53	112	522	29878	31068	2.1e-11	75.9
NCVOG0025-consensus	NODE_3799_length_784_cov_24.084866	28.00	200	129	15	325	519	780	216	2.5e-11	68.6
NCVOG0271-consensus	NODE_185_length_15577_cov_23.065613	45.41	1112	513	94	119	1153	11153	7882	4.4e-68	262.7
NCVOG0271-consensus	NODE_14_length_65471_cov_22.480174	33.04	1156	607	167	151	1156	44321	47728	4.3e-61	241.5
NCVOG0271-consensus	NODE_611_length_6528_cov_24.240893	29.67	1193	683	156	81	1148	5671	2201	2.1e-51	206.0
NCVOG0078-consensus	NODE_1120_length_2738_cov_23.976325	50.00	112	54	2	89	198	1459	1127	2.8e-16	85.9
NCVOG4568-consensus	NODE_2_length_272177_cov_24.631454	49.48	194	81	17	305	487	264659	265219	1.2e-11	76.9
NCVOG0061-consensus	NODE_4660_length_640_cov_22.170515	30.18	169	106	12	393	553	634	143	6.2e-13	73.8
NCVOG0061-consensus	NODE_143_length_17962_cov_21.910433	34.10	437	236	52	25	417	3000	1731	2.8e-12	76.4
NCVOG0451-consensus	NODE_164_length_16698_cov_23.043018	37.12	264	159	7	146	402	11537	10749	1.8e-32	142.9
NCVOG0451-consensus	NODE_328_length_10798_cov_24.827908	37.34	241	143	8	137	372	7752	7042	1.3e-31	139.4
NCVOG0451-consensus	NODE_979_length_3359_cov_22.570079	34.75	259	160	9	121	372	2133	1366	6.1e-28	125.6
NCVOG0451-consensus	NODE_7_length_120568_cov_24.227917	33.92	286	171	18	129	399	118090	117249	1.5e-26	126.2
NCVOG0451-consensus	NODE_13_length_67239_cov_24.797817	39.84	246	140	8	134	373	60131	59403	2.4e-25	121.3
NCVOG0451-consensus	NODE_13_length_67239_cov_24.797817	30.58	206	137	6	169	368	59372	58760	1.1e-12	79.2
NCVOG0451-consensus	NODE_53_length_28188_cov_24.468286	32.70	263	169	8	146	405	10711	9941	6.4e-24	115.3
NCVOG0451-consensus	NODE_292_length_11437_cov_22.810475	32.84	341	213	16	66	402	9948	10931	2.5e-23	112.0
NCVOG0451-consensus	NODE_78_length_22966_cov_22.008869	35.55	256	157	8	127	376	7789	7031	1.5e-22	110.4
NCVOG0451-consensus	NODE_1209_length_2353_cov_26.083919	33.58	268	166	12	147	409	2159	1382	1.9e-22	106.9
NCVOG0451-consensus	NODE_96_length_21836_cov_22.816995	32.20	264	168	11	141	397	15279	14503	2.8e-20	102.8
NCVOG0451-consensus	NODE_187_length_15541_cov_21.521793	33.33	243	153	9	134	372	8537	9247	9.1e-20	100.6
NCVOG0451-consensus	NODE_536_length_7603_cov_22.523120	30.00	300	176	34	134	402	4830	3943	6.3e-19	96.8
NCVOG0451-consensus	NODE_643_length_6160_cov_20.815223	39.23	130	76	3	153	280	112	495	1.1e-15	85.7
NCVOG0451-consensus	NODE_1094_length_2841_cov_21.751447	31.95	266	168	13	88	340	997	211	1.3e-15	84.3
NCVOG0451-consensus	NODE_1238_length_2272_cov_20.222323	31.30	246	158	11	134	372	907	185	2.7e-15	83.0
NCVOG0451-consensus	NODE_2167_length_1142_cov_22.115493	30.40	250	163	11	97	341	342	1070	7.4e-15	80.6
NCVOG0451-consensus	NODE_1390_length_1865_cov_29.698546	30.35	257	164	15	127	375	352	1098	1.5e-14	80.3
NCVOG0451-consensus	NODE_4714_length_628_cov_23.805808	35.27	207	128	6	132	332	6	623	6.6e-14	76.5
NCVOG0451-consensus	NODE_103_length_20847_cov_35.032114	30.92	262	167	14	94	348	5756	4995	2.8e-13	79.5
NCVOG0451-consensus	NODE_164_length_16698_cov_23.043018	28.63	255	169	13	127	374	6541	7284	4e-13	78.7
NCVOG0451-consensus	NODE_164_length_16698_cov_23.043018	30.04	273	179	12	142	407	5470	6270	4e-13	78.7
NCVOG0451-consensus	NODE_4094_length_736_cov_21.009105	28.34	247	159	18	165	408	10	702	4.2e-13	74.1
NCVOG0451-consensus	NODE_3426_length_847_cov_22.820779	36.43	129	79	3	141	267	462	842	5.9e-13	73.8
NCVOG0451-consensus	NODE_1488_length_1705_cov_26.506143	31.43	245	148	20	147	377	676	1389	1.2e-11	70.5
NCVOG0451-consensus	NODE_28_length_39255_cov_22.337945	34.67	274	169	10	119	385	23583	22774	1.6e-11	74.6
NCVOG0451-consensus	NODE_28_length_39255_cov_22.337945	34.84	221	124	20	139	339	3220	2561	2.3e-15	87.4
NCVOG0451-consensus	NODE_28_length_39255_cov_22.337945	30.43	230	146	14	134	350	22698	22015	2e-12	77.6
NCVOG0451-consensus	NODE_980_length_3358_cov_21.904907	27.83	230	158	8	146	368	2296	1613	2.3e-11	70.5
NCVOG0451-consensus	NODE_980_length_3358_cov_21.904907	33.18	211	122	19	142	340	1420	814	1.6e-11	71.1
NCVOG0451-consensus	NODE_3110_length_901_cov_22.703883	33.33	135	84	6	154	286	39	428	7e-11	67.0
NCVOG0451-consensus	NODE_444_length_8779_cov_23.218545	30.11	279	181	14	134	406	4279	5088	8.7e-11	70.0
NCVOG1351-consensus	NODE_313_length_11027_cov_23.829954	35.96	342	197	22	132	457	10306	9314	6.4e-37	157.5
NCVOG1351-consensus	NODE_3_length_223460_cov_24.442137	35.00	300	176	19	137	428	56097	56958	1.6e-29	136.7
NCVOG1351-consensus	NODE_2095_length_1183_cov_22.424051	34.30	277	156	26	167	425	72	865	1.6e-24	113.1
NCVOG1351-consensus	NODE_71_length_24937_cov_23.293443	31.07	206	127	15	239	431	11972	11366	3.9e-13	79.7
NCVOG0531-consensus	NODE_747_length_5061_cov_22.575843	28.73	181	121	8	8	180	1064	527	3e-14	80.8
NCVOG0231-consensus	NODE_2384_length_1058_cov_30.996942	38.12	160	86	13	203	351	1026	566	6e-17	87.4
NCVOG0301-consensus	NODE_151_length_17433_cov_21.830606	26.79	418	271	35	94	493	207	1396	2.9e-18	96.2
NCVOG0301-consensus	NODE_286_length_11614_cov_23.413886	35.81	229	132	15	279	502	1766	1117	1.1e-17	93.8
NCVOG0301-consensus	NODE_343_length_10458_cov_23.112610	34.33	268	147	29	253	493	4989	5771	4.9e-16	88.1
NCVOG0301-consensus	NODE_25_length_41491_cov_22.578162	30.67	300	174	34	265	534	32328	31452	7.5e-16	89.5
NCVOG0301-consensus	NODE_61_length_26919_cov_22.797139	34.78	207	121	14	262	458	3403	4008	2.2e-15	87.3
NCVOG0301-consensus	NODE_2917_length_943_cov_22.453811	30.58	291	168	34	219	480	896	42	1.5e-14	79.7
NCVOG0301-consensus	NODE_749_length_5052_cov_21.722211	31.94	288	158	38	229	486	2428	3248	1.5e-14	82.1
NCVOG0301-consensus	NODE_5_length_164131_cov_24.035104	29.03	341	201	41	235	534	41304	42313	3.4e-12	79.2
NCVOG0301-consensus	NODE_43_length_30675_cov_33.792307	29.74	195	113	24	371	545	2	569	5.6e-12	76.2
NCVOG0301-consensus	NODE_2689_length_990_cov_25.444688	26.92	286	183	26	263	539	10	813	5e-11	68.0
NCVOG0301-consensus	NODE_327_length_10816_cov_22.409815	27.97	261	167	21	285	534	2865	2116	8.5e-11	70.7
NCVOG1121-consensus	NODE_13_length_67239_cov_24.797817	34.88	215	134	6	190	403	37359	37985	3e-15	88.1
NCVOG0021-consensus	NODE_1860_length_1326_cov_18.219376	61.67	60	23	0	302	361	859	683	9.8e-13	75.0
NCVOG2860-consensus	NODE_13_length_67239_cov_24.797817	29.49	356	230	21	6	347	60026	58983	2.2e-18	98.0
NCVOG2860-consensus	NODE_292_length_11437_cov_22.810475	29.74	306	201	14	69	364	10120	11014	7.2e-16	87.1
NCVOG2860-consensus	NODE_4714_length_628_cov_23.805808	34.38	192	115	11	170	351	39	608	4.3e-15	80.4
NCVOG2860-consensus	NODE_979_length_3359_cov_22.570079	34.27	286	164	24	62	334	2187	1366	6.3e-15	82.2
NCVOG2860-consensus	NODE_164_length_16698_cov_23.043018	32.31	294	177	22	79	351	11846	10977	2.1e-14	82.8
NCVOG2860-consensus	NODE_444_length_8779_cov_23.218545	30.60	268	175	11	108	367	4393	5180	1.9e-13	78.7
NCVOG2860-consensus	NODE_1209_length_2353_cov_26.083919	29.95	197	130	8	162	352	2288	1707	1e-12	74.3
NCVOG2860-consensus	NODE_187_length_15541_cov_21.521793	31.35	252	157	16	111	355	8480	9205	1.4e-11	73.3
NCVOG2860-consensus	NODE_1488_length_1705_cov_26.506143	25.70	323	214	26	47	351	100	1029	1.5e-11	70.0
NCVOG2860-consensus	NODE_96_length_21836_cov_22.816995	29.11	237	158	10	108	335	15279	14575	1.7e-11	73.5
NCVOG2860-consensus	NODE_1094_length_2841_cov_21.751447	31.87	182	115	9	174	346	813	271	2.5e-11	70.0
NCVOG2860-consensus	NODE_282_length_11727_cov_23.988841	33.05	236	145	13	109	335	11251	10559	3.3e-11	71.6
NCVOG0001-consensus	NODE_549_length_7262_cov_21.869589	41.86	301	146	29	313	600	6255	7102	6e-41	170.5
NCVOG0001-consensus	NODE_22_length_45226_cov_22.933930	36.89	366	205	26	240	598	36614	37643	1.1e-38	165.6
NCVOG0001-consensus	NODE_727_length_5287_cov_23.495585	40.65	246	121	25	331	562	1641	942	2.9e-36	154.5
NCVOG0001-consensus	NODE_727_length_5287_cov_23.495585	36.84	266	134	34	304	546	887	126	9.3e-33	142.8
NCVOG0001-consensus	NODE_14_length_65471_cov_22.480174	32.44	373	212	40	256	599	27729	28809	6.8e-33	146.9
NCVOG0001-consensus	NODE_14_length_65471_cov_22.480174	38.08	281	149	25	288	557	26916	27711	7.8e-32	143.4
NCVOG0001-consensus	NODE_65_length_26062_cov_20.818101	39.30	285	140	33	322	580	13295	14117	1e-32	145.0
NCVOG0001-consensus	NODE_28_length_39255_cov_22.337945	34.67	300	168	28	265	550	35794	34942	8.2e-32	142.6
NCVOG0001-consensus	NODE_623_length_6344_cov_21.495452	39.92	248	122	27	333	565	4247	4947	3.8e-30	134.4
NCVOG0001-consensus	NODE_623_length_6344_cov_21.495452	34.66	277	153	28	300	555	3270	4060	8e-26	120.1
NCVOG0001-consensus	NODE_632_length_6257_cov_24.035922	32.76	290	164	31	320	590	3344	2522	9.1e-29	129.8
NCVOG0001-consensus	NODE_515_length_7882_cov_22.119411	32.79	308	169	38	328	608	1132	251	7.2e-27	123.9
NCVOG0001-consensus	NODE_425_length_8952_cov_21.623211	33.89	298	165	32	279	555	2010	1157	2.3e-24	115.7
NCVOG0001-consensus	NODE_2618_length_1005_cov_21.225216	30.42	309	172	43	297	570	20	911	3.3e-23	108.7
NCVOG0001-consensus	NODE_5007_length_569_cov_16.252033	43.42	152	77	9	399	550	2	427	1.7e-21	102.3
NCVOG0001-consensus	NODE_4_length_207130_cov_24.844924	31.25	336	188	43	242	553	19316	18381	6.9e-20	104.9
NCVOG0001-consensus	NODE_4_length_207130_cov_24.844924	31.72	290	160	38	265	531	155873	156690	4.1e-17	94.3
NCVOG0001-consensus	NODE_3547_length_827_cov_25.754667	35.41	209	110	25	393	592	798	225	3.4e-16	85.1
NCVOG0001-consensus	NODE_68_length_25887_cov_21.207478	30.99	242	148	19	329	557	10531	9833	1.7e-15	87.8
NCVOG0001-consensus	NODE_68_length_25887_cov_21.207478	35.09	285	126	59	326	555	9724	8885	1.7e-15	87.8
NCVOG0001-consensus	NODE_1420_length_1821_cov_21.502294	35.34	283	139	44	337	592	1548	760	5.9e-14	78.9
NCVOG0001-consensus	NODE_1_length_356849_cov_24.440746	31.92	260	145	32	333	564	318421	317667	2.1e-11	75.3
NCVOG2608-consensus	NODE_5942_length_319_cov_1.417355	42.27	97	54	2	21	117	315	34	2.6e-16	82.7
NCVOG4518-consensus	NODE_992_length_3304_cov_23.779981	29.18	538	287	94	19	543	1883	520	3.4e-16	87.0
NCVOG2058-consensus	NODE_13_length_67239_cov_24.797817	34.66	352	213	17	46	386	60008	58974	2.1e-35	154.7
NCVOG2058-consensus	NODE_7_length_120568_cov_24.227917	35.53	228	146	1	122	348	117887	117211	2.1e-27	128.9
NCVOG2058-consensus	NODE_328_length_10798_cov_24.827908	38.01	221	131	6	92	307	7698	7042	3.3e-27	124.8
NCVOG2058-consensus	NODE_1209_length_2353_cov_26.083919	33.11	305	193	11	38	337	2293	1404	1.5e-26	120.4
NCVOG2058-consensus	NODE_28_length_39255_cov_22.337945	30.96	365	229	23	27	368	23805	22714	7.7e-26	122.1
NCVOG2058-consensus	NODE_96_length_21836_cov_22.816995	34.64	280	175	8	97	369	15222	14389	5.5e-23	111.8
NCVOG2058-consensus	NODE_2167_length_1142_cov_22.115493	30.32	310	198	18	70	370	96	995	1.8e-22	105.8
NCVOG2058-consensus	NODE_187_length_15541_cov_21.521793	36.60	235	144	5	111	341	8477	9175	8e-22	107.4
NCVOG2058-consensus	NODE_164_length_16698_cov_23.043018	31.56	358	218	27	4	344	5342	6378	3.8e-21	105.3
NCVOG2058-consensus	NODE_164_length_16698_cov_23.043018	27.90	276	185	14	104	372	6490	7293	1.8e-13	79.8
NCVOG2058-consensus	NODE_164_length_16698_cov_23.043018	39.22	283	154	18	103	367	11683	10842	2.1e-20	102.8
NCVOG2058-consensus	NODE_4714_length_628_cov_23.805808	40.20	204	110	12	106	300	24	623	4e-20	97.2
NCVOG2058-consensus	NODE_292_length_11437_cov_22.810475	38.11	286	164	13	102	376	10209	11057	9.4e-20	100.1
NCVOG2058-consensus	NODE_1238_length_2272_cov_20.222323	28.88	322	213	16	73	383	993	50	8.1e-19	94.7
NCVOG2058-consensus	NODE_53_length_28188_cov_24.468286	32.78	299	185	16	80	368	10906	10031	1.5e-18	97.4
NCVOG2058-consensus	NODE_979_length_3359_cov_22.570079	36.52	282	165	14	66	337	2196	1366	4.3e-17	89.5
NCVOG2058-consensus	NODE_1654_length_1509_cov_21.738827	26.67	345	213	40	33	342	477	1493	2.2e-16	86.0
NCVOG2058-consensus	NODE_3426_length_847_cov_22.820779	36.02	186	113	6	54	235	294	842	3.7e-16	84.4
NCVOG2058-consensus	NODE_643_length_6160_cov_20.815223	37.59	133	80	3	88	218	103	495	6.2e-16	86.5
NCVOG2058-consensus	NODE_4094_length_736_cov_21.009105	28.92	249	167	10	103	349	10	729	1e-15	82.8
NCVOG2058-consensus	NODE_1094_length_2841_cov_21.751447	30.99	242	157	10	139	371	921	202	3.8e-14	79.5
NCVOG2058-consensus	NODE_444_length_8779_cov_23.218545	33.60	247	157	7	129	370	4363	5094	4.5e-14	80.8
NCVOG2058-consensus	NODE_1488_length_1705_cov_26.506143	31.25	336	202	29	58	371	514	1497	1.2e-13	77.0
NCVOG2058-consensus	NODE_644_length_6149_cov_23.839756	29.66	236	159	7	109	337	478	1182	1.4e-13	78.7
NCVOG2058-consensus	NODE_5304_length_495_cov_19.691388	36.25	160	98	4	91	247	17	490	1e-12	72.2
NCVOG2058-consensus	NODE_536_length_7603_cov_22.523120	30.86	350	227	15	30	368	5064	4030	9.2e-12	73.0
NCVOG2058-consensus	NODE_1390_length_1865_cov_29.698546	30.59	304	193	18	43	333	184	1077	1e-11	70.8
NCVOG2058-consensus	NODE_434_length_8910_cov_22.278048	25.94	401	268	29	16	389	2466	3655	3.3e-11	71.3
NCVOG2058-consensus	NODE_105_length_20657_cov_22.513071	35.37	164	101	5	118	277	13942	13457	6.3e-11	71.6
NCVOG2058-consensus	NODE_416_length_9114_cov_22.544871	25.67	300	205	18	109	395	4959	5836	7.2e-11	70.3
NCVOG0580-consensus	NODE_13_length_67239_cov_24.797817	30.05	213	131	18	98	299	37476	38088	1.1e-12	80.4
NCVOG0066-consensus	NODE_114_length_20002_cov_22.037340	36.78	367	217	15	112	465	15141	16230	1.9e-52	210.1
NCVOG0066-consensus	NODE_114_length_20002_cov_22.037340	40.50	321	171	20	120	432	14047	14970	1.5e-44	183.8
NCVOG0066-consensus	NODE_114_length_20002_cov_22.037340	40.07	297	160	18	121	401	17551	18426	3.6e-42	176.0
NCVOG0066-consensus	NODE_114_length_20002_cov_22.037340	33.63	342	208	19	75	410	18646	19629	3.3e-40	169.4
NCVOG0066-consensus	NODE_85_length_22525_cov_22.657520	36.39	294	182	5	118	409	10445	11314	1.3e-42	177.6
NCVOG0066-consensus	NODE_85_length_22525_cov_22.657520	28.21	312	209	15	118	421	11582	12493	7.5e-27	125.2
NCVOG0066-consensus	NODE_643_length_6160_cov_20.815223	32.44	299	189	13	121	409	1445	561	1.7e-35	152.1
NCVOG0066-consensus	NODE_62_length_26879_cov_22.438549	34.07	364	213	27	120	466	15199	16255	5.6e-33	145.9
NCVOG0066-consensus	NODE_74_length_24288_cov_22.592004	34.25	362	211	27	71	409	23149	24211	7.4e-29	132.0
NCVOG0066-consensus	NODE_155_length_17134_cov_22.671748	31.79	324	200	21	120	429	6545	7492	3.4e-20	102.7
NCVOG0066-consensus	NODE_403_length_9306_cov_21.514682	25.29	344	233	24	120	445	10	1020	4.8e-16	88.1
NCVOG0066-consensus	NODE_4725_length_627_cov_20.800000	36.00	150	89	7	260	409	4	429	7.5e-16	83.5
NCVOG0066-consensus	NODE_1327_length_2004_cov_23.407369	36.62	142	86	4	114	255	1583	1993	3e-15	83.2
NCVOG0066-consensus	NODE_1221_length_2316_cov_20.490397	31.18	340	188	46	123	423	249	1238	3.8e-13	76.4
NCVOG0038-consensus	NODE_1039_length_3038_cov_24.349206	41.27	189	107	4	783	970	1	555	4.6e-29	130.6
NCVOG0038-consensus	NODE_443_length_8800_cov_22.958157	31.44	264	163	18	720	980	5943	5200	1.1e-28	130.8
NCVOG0038-consensus	NODE_3334_length_862_cov_25.743949	32.93	246	145	20	148	378	736	21	2.1e-20	100.0
NCVOG0038-consensus	NODE_2206_length_1123_cov_21.560229	40.15	406	191	52	359	743	1123	6	1.1e-16	88.0
NCVOG0038-consensus	NODE_704_length_5535_cov_22.063576	27.47	273	178	20	699	962	5535	4753	8.5e-13	77.4
NCVOG0228-consensus	NODE_161_length_16924_cov_22.506025	29.56	724	425	85	258	909	3545	5658	6.3e-39	165.6
NCVOG0228-consensus	NODE_398_length_9424_cov_23.080989	28.61	769	452	97	215	922	2629	4814	9.4e-36	154.2
NCVOG1128-consensus	NODE_1956_length_1264_cov_21.604044	29.01	162	107	8	136	294	654	1121	1.8e-12	72.7
NCVOG0280-consensus	NODE_408_length_9261_cov_23.904943	22.46	1340	893	146	317	1597	5670	1931	7.3e-24	115.6
NCVOG0280-consensus	NODE_1114_length_2753_cov_22.844170	21.06	921	665	62	419	1320	2696	66	1.5e-21	106.1
NCVOG0280-consensus	NODE_175_length_15935_cov_26.743978	21.21	858	590	86	776	1578	9802	7337	4.5e-14	83.9
NCVOG0280-consensus	NODE_304_length_11167_cov_23.219477	21.45	802	543	87	693	1427	3211	5549	8.1e-14	82.5
NCVOG0280-consensus	NODE_462_length_8504_cov_24.341521	22.16	1002	686	94	613	1580	10	2826	5.6e-12	76.0
NCVOG0318-consensus	NODE_6607_length_233_cov_12.134615	35.90	78	45	5	23	100	230	15	1.5e-14	75.2
NCVOG0318-consensus	NODE_1507_length_1667_cov_19.911321	35.90	78	45	5	23	100	1492	1277	6.4e-13	72.6
NCVOG0218-consensus	NODE_4971_length_578_cov_22.345309	43.69	206	98	18	675	877	1	570	3.3e-25	115.4
NCVOG0218-consensus	NODE_28_length_39255_cov_22.337945	31.29	505	295	52	360	817	19767	18275	7.1e-24	117.0
NCVOG0218-consensus	NODE_42_length_31191_cov_22.265765	32.05	337	212	17	592	912	22386	21382	2.6e-22	111.5
NCVOG0218-consensus	NODE_782_length_4716_cov_22.088812	29.92	381	229	38	572	918	446	1573	6.8e-22	107.4
NCVOG0218-consensus	NODE_689_length_5637_cov_23.330576	41.18	153	84	6	660	811	2206	1766	1.5e-18	96.6
NCVOG0218-consensus	NODE_896_length_3888_cov_24.046182	31.94	335	192	36	509	822	1681	2631	1.1e-17	93.1
NCVOG0218-consensus	NODE_642_length_6165_cov_33.902431	27.65	528	328	54	348	851	2537	4023	7.7e-17	91.0
NCVOG0218-consensus	NODE_10812_length_155_cov_41.884615	80.39	51	10	0	793	843	155	6	8.4e-17	85.6
NCVOG0218-consensus	NODE_122_length_19411_cov_22.288559	29.46	404	241	44	523	897	10947	12110	1.5e-14	85.1
NCVOG0218-consensus	NODE_141_length_18398_cov_23.265433	29.93	294	189	17	574	850	12683	11805	2.1e-14	84.5
NCVOG0218-consensus	NODE_19_length_51262_cov_23.954752	36.81	182	107	8	655	829	39561	39022	4.5e-14	84.9
NCVOG0218-consensus	NODE_655_length_5979_cov_21.965944	35.16	182	110	8	681	856	5397	4863	2.8e-13	79.1
NCVOG0218-consensus	NODE_114_length_20002_cov_22.037340	28.81	243	164	9	668	906	1999	1295	1.1e-12	78.9
NCVOG0218-consensus	NODE_1_length_356849_cov_24.440746	28.81	243	159	14	663	898	229168	229872	4.4e-11	76.5
NCVOG0308-consensus	NODE_165_length_16674_cov_22.832018	21.08	1072	715	131	1	990	12577	15642	2e-16	91.0
NCVOG0308-consensus	NODE_36_length_33804_cov_23.031933	24.28	589	379	67	317	862	21255	19564	1.6e-12	79.0
NCVOG0308-consensus	NODE_1290_length_2118_cov_23.046056	23.79	517	333	61	396	871	1781	294	6.2e-12	73.1
NCVOG0018-consensus	NODE_1155_length_2576_cov_23.487795	25.19	806	521	82	148	913	2557	269	2.7e-19	98.0
NCVOG0018-consensus	NODE_136_length_18605_cov_14.596665	24.26	1113	717	126	45	1088	10636	7472	7.6e-19	99.4
NCVOG0018-consensus	NODE_310_length_11079_cov_11.811341	23.46	1057	693	116	20	993	9077	6009	5.7e-16	89.1
NCVOG0018-consensus	NODE_1222_length_2315_cov_23.786416	24.42	561	388	36	590	1133	2300	678	6.4e-16	86.6
NCVOG0018-consensus	NODE_191_length_15358_cov_14.191152	23.58	1162	770	118	53	1133	4468	7827	1.4e-15	88.3
NCVOG0018-consensus	NODE_1063_length_2938_cov_30.800769	21.07	617	465	22	485	1090	9	1823	2.1e-15	85.3
NCVOG0820-consensus	NODE_291_length_11483_cov_21.820270	32.00	250	135	35	8	239	904	213	6.3e-16	87.6
NCVOG0820-consensus	NODE_291_length_11483_cov_21.820270	34.35	230	119	32	93	314	6565	5955	1.3e-18	96.5
NCVOG0820-consensus	NODE_733_length_5235_cov_26.321249	28.32	399	213	73	93	441	5205	4083	1.6e-11	71.8
NCVOG2246-consensus	NODE_221_length_14343_cov_21.989976	33.83	405	237	31	32	425	5456	4307	1.4e-39	166.5
NCVOG4116-consensus	NODE_164_length_16698_cov_23.043018	33.50	206	123	14	238	432	11267	10662	9.4e-17	90.8
NCVOG4116-consensus	NODE_292_length_11437_cov_22.810475	27.78	324	209	25	139	447	9860	10790	9.5e-13	77.0
NCVOG4116-consensus	NODE_78_length_22966_cov_22.008869	34.15	205	125	10	237	433	7744	7139	1.1e-12	77.8
NCVOG4116-consensus	NODE_53_length_28188_cov_24.468286	31.60	212	131	14	242	448	10783	10178	1.8e-11	74.0
NCVOG4116-consensus	NODE_96_length_21836_cov_22.816995	25.10	263	160	37	210	436	15264	14482	2.5e-11	73.2
NCVOG4116-consensus	NODE_1390_length_1865_cov_29.698546	27.15	302	198	22	142	433	133	993	3.6e-11	69.1
NCVOG5370-consensus	NODE_189_length_15454_cov_21.429147	28.83	163	95	21	39	195	12051	11613	3.1e-14	82.3
NCVOG5370-consensus	NODE_2348_length_1065_cov_21.300607	22.37	219	152	18	42	247	970	338	9.5e-12	70.2
NCVOG0226-consensus	NODE_2732_length_980_cov_12.859358	37.95	166	63	40	29	156	295	783	7.3e-11	67.3
NCVOG0273-consensus	NODE_816_length_4367_cov_23.713753	35.58	208	108	26	15	196	3110	3722	1.6e-13	77.0
