NCVOG4069-consensus	NODE_2319_length_5422_cov_5.109074	23.31	399	277	29	75	450	3321	2160	9.7e-11	71.4
NCVOG0719-consensus	NODE_197_length_34594_cov_4.503621	28.52	284	171	32	21	278	7082	6254	1.8e-35	155.2
NCVOG0719-consensus	NODE_347_length_26902_cov_4.184716	33.95	162	106	1	97	257	5126	4644	5.1e-29	133.4
NCVOG0719-consensus	NODE_108_length_43476_cov_4.411622	26.53	294	174	42	20	278	29721	30574	2.5e-27	128.4
NCVOG0719-consensus	NODE_108_length_43476_cov_4.411622	32.20	205	120	19	76	261	24199	24806	2.5e-27	128.4
NCVOG0269-consensus	NODE_1100_length_13358_cov_4.107823	20.83	456	343	18	543	993	9525	8210	3.7e-13	82.5
NCVOG1069-consensus	NODE_623_length_20065_cov_3.979288	33.57	143	87	8	92	231	2014	1604	1.1e-15	89.3
NCVOG1069-consensus	NODE_700_length_18780_cov_4.161899	38.98	118	65	7	115	231	15204	14872	2.3e-15	88.2
NCVOG1069-consensus	NODE_411_length_25041_cov_4.057282	27.58	359	167	93	115	392	10358	9321	2.7e-15	88.3
NCVOG1069-consensus	NODE_1583_length_9292_cov_4.346609	29.67	182	107	21	276	443	1005	484	1e-12	78.4
NCVOG0321-consensus	NODE_2735_length_3976_cov_4.213388	22.18	532	351	63	28	503	1694	135	2.4e-18	96.0
NCVOG0321-consensus	NODE_1884_length_7527_cov_4.279463	27.57	341	226	21	174	503	7511	6530	5.2e-17	92.5
NCVOG0321-consensus	NODE_2153_length_6058_cov_3.883130	28.42	366	225	37	170	503	1973	3044	5.5e-16	88.8
NCVOG0669-consensus	NODE_540_length_22012_cov_4.051014	29.50	200	130	11	270	464	5651	6229	1e-20	106.2
NCVOG0669-consensus	NODE_2100_length_6348_cov_6.286717	31.54	149	100	2	291	437	1629	1186	4.7e-19	98.9
NCVOG0669-consensus	NODE_2547_length_4550_cov_7.758104	23.19	401	232	76	109	439	379	1560	1.7e-17	93.3
NCVOG0669-consensus	NODE_524_length_22315_cov_4.575052	28.73	181	100	29	288	439	19416	18877	2.9e-12	78.2
NCVOG0669-consensus	NODE_2596_length_4366_cov_4.206342	21.93	456	312	44	22	442	697	2026	7.5e-12	74.5
NCVOG0669-consensus	NODE_184_length_35446_cov_4.067545	25.98	408	221	81	109	437	33253	34461	8.8e-12	77.2
NCVOG0669-consensus	NODE_2238_length_5724_cov_4.464140	27.04	196	129	14	262	443	2852	2268	7.5e-11	71.5
NCVOG0669-consensus	NODE_194_length_34772_cov_4.124052	26.53	196	122	22	263	437	30463	31042	9.9e-11	73.7
NCVOG0333-consensus	NODE_2102_length_6345_cov_4.072591	48.35	91	44	3	605	695	4741	5001	4.3e-19	99.6
NCVOG0333-consensus	NODE_992_length_14641_cov_4.162181	48.35	91	44	3	605	695	13729	13469	2.4e-18	98.4
NCVOG0333-consensus	NODE_106_length_43560_cov_4.411770	48.35	91	44	3	605	695	15576	15836	2.1e-17	96.8
NCVOG0333-consensus	NODE_494_length_22984_cov_4.068145	41.67	120	52	18	599	709	3772	3443	3e-17	95.4
NCVOG0333-consensus	NODE_782_length_17403_cov_4.346069	46.46	99	42	11	599	695	14059	14325	4e-17	94.6
NCVOG0333-consensus	NODE_65_length_51907_cov_4.205402	33.15	181	101	20	543	710	49031	48517	2.7e-16	93.4
NCVOG0333-consensus	NODE_483_length_23236_cov_4.077644	51.76	85	32	9	611	695	11282	11506	6.4e-16	91.0
NCVOG0333-consensus	NODE_483_length_23236_cov_4.077644	56.72	67	26	3	611	677	11568	11756	4.4e-15	88.2
NCVOG0333-consensus	NODE_176_length_36163_cov_4.313390	53.42	73	31	3	605	677	13329	13535	6.9e-16	91.5
NCVOG0333-consensus	NODE_174_length_36320_cov_4.231741	53.42	73	31	3	605	677	7194	7400	6.9e-16	91.5
NCVOG2223-consensus	NODE_331_length_27297_cov_4.266716	36.89	206	104	26	686	870	12676	13273	1.7e-19	103.5
NCVOG2223-consensus	NODE_1660_length_8804_cov_3.952561	40.44	136	60	21	732	848	179	575	3.1e-16	91.0
NCVOG0233-consensus	NODE_673_length_19251_cov_4.221446	35.18	941	493	117	36	866	13843	16637	9.2e-66	256.6
NCVOG0233-consensus	NODE_3409_length_2249_cov_3.001842	37.43	342	171	43	501	799	1382	364	5.6e-45	184.4
NCVOG0233-consensus	NODE_950_length_15154_cov_4.443988	26.94	865	358	274	206	800	3791	1220	4.2e-44	184.3
NCVOG0233-consensus	NODE_950_length_15154_cov_4.443988	27.77	857	373	246	238	850	7977	5418	2.4e-43	181.8
NCVOG0233-consensus	NODE_189_length_35093_cov_4.256283	30.60	928	386	258	178	849	34768	31994	5.2e-44	185.2
NCVOG0233-consensus	NODE_1169_length_12578_cov_3.726822	30.23	923	385	259	184	849	354	3109	6.1e-43	180.2
NCVOG0233-consensus	NODE_14_length_83676_cov_3.993349	27.83	823	324	270	206	759	81349	78889	6.1e-43	182.9
NCVOG0233-consensus	NODE_125_length_41688_cov_4.455625	27.66	788	395	175	169	795	8136	10450	2.5e-42	179.9
NCVOG0233-consensus	NODE_4029_length_1391_cov_7.817352	26.48	491	299	62	293	750	10	1388	2.8e-38	161.5
NCVOG0233-consensus	NODE_3288_length_2476_cov_4.225511	24.52	469	302	52	427	869	2434	1115	2.4e-28	129.3
NCVOG0233-consensus	NODE_4123_length_1289_cov_7.666667	26.30	346	216	39	427	750	175	1154	1.3e-27	125.9
NCVOG0233-consensus	NODE_3407_length_2251_cov_8.004600	28.77	664	376	97	136	714	2042	90	2.2e-27	126.0
NCVOG0233-consensus	NODE_3936_length_1489_cov_4.368980	28.80	493	165	186	316	622	10	1485	4.3e-27	124.4
NCVOG0233-consensus	NODE_1064_length_13740_cov_4.408622	29.11	481	266	75	136	554	11843	13239	9.6e-26	123.2
NCVOG0233-consensus	NODE_749_length_17981_cov_4.414433	26.22	801	442	149	100	762	3056	692	6.2e-23	114.2
NCVOG0233-consensus	NODE_4481_length_1004_cov_6.411003	30.43	207	140	4	559	761	40	657	1.5e-21	105.5
NCVOG0233-consensus	NODE_1787_length_8075_cov_4.286822	25.41	610	220	235	238	612	1832	6	8.3e-21	106.0
NCVOG0233-consensus	NODE_98_length_44537_cov_4.389159	25.76	761	406	159	135	743	2295	4537	1.9e-19	103.9
NCVOG0233-consensus	NODE_958_length_15065_cov_4.297104	26.62	770	355	210	153	715	2408	4697	3e-18	98.4
NCVOG0233-consensus	NODE_2283_length_5550_cov_4.353855	26.46	756	420	136	65	718	1349	3499	1.9e-17	94.3
NCVOG0233-consensus	NODE_8652_length_298_cov_5.140271	50.67	75	36	1	583	656	70	291	6e-17	88.4
NCVOG0233-consensus	NODE_1150_length_12724_cov_4.396458	28.97	290	145	61	499	729	8081	7229	2.4e-15	88.5
NCVOG0233-consensus	NODE_684_length_18983_cov_4.364117	24.77	880	517	145	29	796	2907	5418	3.5e-15	88.5
NCVOG0233-consensus	NODE_1627_length_9015_cov_3.860371	22.81	640	395	99	28	603	1811	6	3.1e-14	84.3
NCVOG0233-consensus	NODE_6751_length_430_cov_7.558074	40.45	89	52	1	583	670	33	296	5.9e-14	79.0
NCVOG0233-consensus	NODE_12649_length_194_cov_4.264957	50.82	61	30	0	584	644	188	9	1.6e-11	69.8
NCVOG0023-consensus	NODE_4398_length_1064_cov_4.457953	32.97	276	172	13	450	718	70	874	5.1e-45	183.5
NCVOG0023-consensus	NODE_3515_length_2089_cov_5.577038	30.43	368	220	36	379	718	1856	784	3.1e-40	168.5
NCVOG0023-consensus	NODE_2913_length_3455_cov_3.515986	31.60	326	202	21	360	672	1281	333	1.6e-34	150.3
NCVOG0023-consensus	NODE_1637_length_8950_cov_4.500958	31.41	312	194	20	360	658	7397	6492	1.4e-33	148.6
NCVOG0023-consensus	NODE_726_length_18368_cov_4.205402	31.71	350	212	27	375	709	15236	16234	1.7e-32	146.0
NCVOG0023-consensus	NODE_3428_length_2216_cov_8.566152	29.29	396	244	36	389	769	438	1539	8e-18	94.2
NCVOG0023-consensus	NODE_1239_length_12107_cov_4.001663	32.59	135	88	3	495	628	11898	11503	1.7e-13	82.2
NCVOG0023-consensus	NODE_201_length_34371_cov_4.074240	33.57	143	92	3	550	689	29785	30204	1.4e-12	80.7
NCVOG0023-consensus	NODE_3442_length_2200_cov_3.658502	33.87	124	70	12	427	541	2140	1781	3.6e-11	72.1
NCVOG0013-consensus	NODE_2207_length_5830_cov_6.347123	34.68	248	149	13	114	358	4934	4228	3.1e-24	116.3
NCVOG0013-consensus	NODE_541_length_21980_cov_8.410492	31.90	232	150	8	48	276	4612	5287	3.4e-22	111.5
NCVOG0013-consensus	NODE_1523_length_9697_cov_4.684550	36.13	155	96	3	122	273	6917	6456	3.9e-21	106.8
NCVOG0013-consensus	NODE_306_length_28617_cov_3.723266	30.08	246	145	27	120	344	10581	11297	7.8e-18	97.4
NCVOG1192-consensus	NODE_2602_length_4349_cov_4.951311	38.89	108	63	3	171	278	1	312	9.7e-16	86.9
NCVOG1192-consensus	NODE_15239_length_165_cov_11.443182	51.85	54	23	3	197	250	11	160	1.4e-12	71.8
NCVOG0297-consensus	NODE_2747_length_3950_cov_3.637749	41.59	113	61	5	372	482	2914	2588	2.9e-12	75.9
NCVOG0663-consensus	NODE_837_length_16622_cov_4.570444	26.85	514	308	68	151	607	7003	5498	1e-20	106.3
NCVOG0663-consensus	NODE_5682_length_588_cov_4.555773	28.93	197	110	30	287	458	578	6	1.3e-15	84.4
NCVOG0663-consensus	NODE_2717_length_4021_cov_5.513945	28.41	271	152	42	229	462	1122	336	2.2e-15	86.5
NCVOG0073-consensus	NODE_2064_length_6497_cov_11.893458	37.72	676	352	69	13	640	4002	5957	2.3e-134	483.0
NCVOG0073-consensus	NODE_3339_length_2376_cov_8.992171	40.10	626	350	25	29	648	492	2309	3e-124	448.0
NCVOG0073-consensus	NODE_2801_length_3747_cov_4.787738	43.39	378	193	21	27	401	2666	3742	8.4e-89	330.9
NCVOG0073-consensus	NODE_595_length_20788_cov_4.123316	34.65	684	367	80	28	666	2132	4075	5.5e-75	287.4
NCVOG0073-consensus	NODE_253_length_31406_cov_3.954387	33.33	699	374	92	28	666	27785	25794	1.3e-55	223.7
NCVOG0073-consensus	NODE_4223_length_1196_cov_4.131367	35.25	278	169	11	376	649	7	812	3.6e-49	197.6
NCVOG0073-consensus	NODE_532_length_22202_cov_3.946079	26.97	534	351	39	30	531	6110	7685	5.4e-48	197.9
NCVOG0073-consensus	NODE_6214_length_494_cov_3.654676	48.88	178	74	17	79	253	494	6	2.3e-45	183.7
NCVOG0073-consensus	NODE_5052_length_752_cov_2.774815	36.68	229	137	8	425	649	749	82	1e-39	165.5
NCVOG0073-consensus	NODE_1150_length_12724_cov_4.396458	25.06	391	273	20	139	517	3781	2642	9.9e-28	129.8
NCVOG0073-consensus	NODE_1592_length_9217_cov_4.346499	25.06	431	291	32	95	503	3323	4582	3.1e-24	117.7
NCVOG0073-consensus	NODE_2092_length_6397_cov_4.121044	26.58	444	270	56	10	408	3974	5269	4.2e-16	90.1
NCVOG0073-consensus	NODE_3889_length_1553_cov_4.010840	27.27	385	240	40	53	408	1530	412	7e-16	87.4
NCVOG0073-consensus	NODE_11731_length_209_cov_1.265152	42.86	70	37	3	332	401	7	204	7.1e-13	74.5
NCVOG0073-consensus	NODE_44_length_59409_cov_5.655414	25.84	449	272	61	10	408	42230	40920	6.6e-12	79.4
NCVOG0898-consensus	NODE_393_length_25666_cov_4.034273	21.65	582	405	51	152	712	5651	4003	1.6e-13	83.4
NCVOG0268-consensus	NODE_1781_length_8110_cov_4.591560	21.14	369	261	30	263	604	1498	2592	8.8e-11	72.2
NCVOG0268-consensus	NODE_1781_length_8110_cov_4.591560	24.24	330	223	27	286	590	2626	3606	8.8e-11	72.2
NCVOG4523-consensus	NODE_423_length_24798_cov_3.995550	32.97	910	430	180	51	823	551	3132	5.8e-26	125.1
NCVOG1353-consensus	NODE_2831_length_3674_cov_3.819016	55.29	785	227	124	101	763	1330	3669	1e-214	748.9
NCVOG1353-consensus	NODE_539_length_22042_cov_4.305440	55.01	818	243	125	101	795	19735	17295	3.2e-213	746.5
NCVOG4445-consensus	NODE_164_length_37575_cov_8.388847	31.53	352	220	21	42	383	10808	11827	3.5e-20	105.0
NCVOG4445-consensus	NODE_1168_length_12609_cov_4.209783	31.95	313	193	20	50	349	4530	5444	1.6e-17	94.5
NCVOG4445-consensus	NODE_2613_length_4305_cov_4.164853	31.31	313	198	17	80	384	4302	3394	7.2e-17	90.8
NCVOG4445-consensus	NODE_685_length_18975_cov_4.257752	32.42	293	178	20	71	351	13880	14731	9.2e-16	89.3
NCVOG4445-consensus	NODE_1027_length_14291_cov_4.403757	29.49	356	226	25	42	383	4747	5778	1.6e-14	84.8
NCVOG4445-consensus	NODE_197_length_34594_cov_4.503621	32.64	288	172	22	92	367	23729	24559	5e-14	84.4
NCVOG4445-consensus	NODE_3353_length_2347_cov_7.344053	28.00	325	212	22	10	322	953	12	1.4e-13	79.1
NCVOG4445-consensus	NODE_1197_length_12408_cov_4.085800	30.43	322	204	20	72	384	12173	11244	1.4e-13	81.4
NCVOG4445-consensus	NODE_4127_length_1288_cov_3.587944	33.48	221	129	18	96	306	80	715	4.5e-13	76.5
NCVOG4445-consensus	NODE_131_length_41032_cov_4.005933	31.25	320	175	45	96	379	19419	18490	5.3e-13	81.2
NCVOG4445-consensus	NODE_3105_length_2941_cov_4.654330	34.48	174	109	5	215	383	1593	2111	9.6e-13	76.6
NCVOG4445-consensus	NODE_1936_length_7182_cov_4.115552	25.57	352	242	20	42	383	4340	3318	1.2e-12	77.6
NCVOG4445-consensus	NODE_2280_length_5559_cov_4.166727	31.58	304	184	24	90	383	1986	2852	4.1e-12	75.4
NCVOG4445-consensus	NODE_15_length_82942_cov_4.098919	28.80	382	249	23	15	383	46664	47774	5.7e-12	78.8
NCVOG4445-consensus	NODE_263_length_30584_cov_4.393385	29.30	273	174	19	86	351	16477	17256	8.9e-12	76.7
NCVOG4445-consensus	NODE_2867_length_3571_cov_4.469948	34.35	262	156	16	131	384	248	1006	1.1e-11	73.4
NCVOG4445-consensus	NODE_3169_length_2771_cov_4.094284	33.65	208	125	13	185	383	56	664	1.2e-11	72.9
NCVOG4445-consensus	NODE_5872_length_551_cov_3.748945	35.29	187	104	17	143	320	10	543	1.7e-11	70.0
NCVOG4445-consensus	NODE_1168_length_12609_cov_4.209783	29.33	300	189	23	98	383	2126	1261	1.9e-11	74.3
NCVOG4045-consensus	NODE_43_length_59516_cov_3.918067	30.00	240	115	53	191	379	51771	51061	4.6e-17	95.3
NCVOG0243-consensus	NODE_484_length_23178_cov_3.853816	26.01	419	243	67	36	396	16540	15318	1.3e-22	112.4
NCVOG0055-consensus	NODE_395_length_25635_cov_5.113428	33.68	193	119	9	182	372	15733	16283	1e-17	96.4
NCVOG0055-consensus	NODE_216_length_33423_cov_4.474240	33.69	187	99	25	228	394	21307	21849	3.2e-15	88.5
NCVOG4105-consensus	NODE_3787_length_1685_cov_4.433458	37.30	571	268	90	389	880	1682	6	1.9e-39	166.0
NCVOG4105-consensus	NODE_7912_length_343_cov_1.646617	48.67	113	56	2	398	510	339	10	2.2e-36	153.5
NCVOG4105-consensus	NODE_3262_length_2541_cov_4.394075	32.94	425	189	96	7	356	1318	2524	1e-31	140.9
NCVOG4105-consensus	NODE_316_length_28276_cov_4.682320	38.36	670	277	136	7	563	1926	9	3.3e-30	139.4
NCVOG4105-consensus	NODE_5118_length_731_cov_4.308869	36.71	237	109	41	581	778	715	18	5.3e-23	110.2
NCVOG4105-consensus	NODE_3500_length_2106_cov_4.361262	29.82	597	336	83	540	1064	2106	354	1.4e-22	110.3
NCVOG4105-consensus	NODE_8232_length_321_cov_4.262295	51.92	104	27	23	483	563	7	313	3.7e-20	99.5
NCVOG4105-consensus	NODE_11194_length_218_cov_2.645390	44.44	72	36	4	340	411	209	9	8e-15	81.2
NCVOG4105-consensus	NODE_5789_length_566_cov_4.128834	40.16	127	59	17	7	116	384	9	2.9e-13	77.4
NCVOG1045-consensus	NODE_1445_length_10281_cov_3.803116	34.51	142	88	5	395	534	1765	2178	4.5e-21	106.6
NCVOG1045-consensus	NODE_488_length_23074_cov_3.736444	28.06	253	169	13	286	534	5363	6083	1.7e-20	105.8
NCVOG0225-consensus	NODE_384_length_25999_cov_4.555860	37.39	115	63	9	133	238	5108	5449	5.5e-11	73.5
NCVOG0305-consensus	NODE_229_length_32650_cov_4.206244	30.15	272	171	19	771	1025	20680	19874	2.2e-16	94.2
NCVOG0305-consensus	NODE_123_length_42364_cov_4.345283	31.09	267	163	21	1302	1555	12036	12809	5.6e-15	89.9
NCVOG0305-consensus	NODE_16_length_81459_cov_4.039935	29.57	257	164	17	784	1035	26751	26020	3.1e-13	85.0
NCVOG0305-consensus	NODE_2087_length_6412_cov_3.374743	40.00	135	76	5	1382	1514	4259	3867	1.2e-12	79.4
NCVOG0305-consensus	NODE_1040_length_14057_cov_3.995637	31.01	316	181	37	1280	1559	187	1128	1.2e-11	77.2
NCVOG0305-consensus	NODE_3382_length_2299_cov_3.872637	28.40	338	205	37	770	1075	1682	687	5e-11	72.5
NCVOG0248-consensus	NODE_1483_length_9967_cov_3.772497	32.16	485	238	91	46	489	4050	5349	1.1e-20	105.1
NCVOG0105-consensus	NODE_485_length_23169_cov_3.936991	32.64	239	149	12	615	846	17216	16518	6.3e-20	104.8
NCVOG4804-consensus	NODE_2284_length_5550_cov_20.543943	55.47	137	52	9	44	180	4060	3680	2.9e-31	138.1
NCVOG4804-consensus	NODE_4116_length_1294_cov_7.671323	74.07	81	21	0	100	180	1	240	2.2e-28	126.4
NCVOG4804-consensus	NODE_3048_length_3088_cov_3.722351	67.09	79	23	3	112	187	289	510	9.4e-17	89.0
NCVOG4804-consensus	NODE_2407_length_5093_cov_3.975080	49.36	156	52	27	44	180	847	1283	2.7e-13	78.3
NCVOG4804-consensus	NODE_5923_length_540_cov_8.211663	73.47	49	13	0	132	180	540	397	6.8e-13	73.7
NCVOG4804-consensus	NODE_28630_length_125_cov_10.312500	68.29	41	13	0	99	139	1	120	1.2e-12	70.7
NCVOG4804-consensus	NODE_10331_length_235_cov_7.227848	72.73	44	12	0	143	186	1	129	4e-11	66.6
NCVOG0282-consensus	NODE_16_length_81459_cov_4.039935	30.30	297	168	39	325	593	26769	25915	9.6e-12	79.2
NCVOG0282-consensus	NODE_151_length_38790_cov_3.967763	30.21	331	172	59	331	610	14651	15616	3.5e-11	76.3
NCVOG4883-consensus	NODE_1491_length_9878_cov_4.031205	36.30	292	170	16	47	332	985	147	3e-48	196.5
NCVOG4883-consensus	NODE_20_length_77236_cov_4.213394	32.73	443	239	59	47	460	4947	6178	5.9e-48	198.5
NCVOG4019-consensus	NODE_148_length_39399_cov_4.396775	32.67	150	91	10	4	145	7166	6726	1.4e-13	82.5
NCVOG0360-consensus	NODE_3134_length_2856_cov_3.561353	47.33	300	151	7	24	318	2220	1330	3.5e-74	280.4
NCVOG0360-consensus	NODE_2901_length_3483_cov_4.491779	47.33	300	151	7	24	318	2856	1966	8.1e-74	279.4
NCVOG0360-consensus	NODE_2514_length_4654_cov_4.285121	45.88	255	131	7	24	273	760	5	4.7e-58	227.5
NCVOG0360-consensus	NODE_3937_length_1487_cov_4.111348	51.81	83	39	1	236	318	7	249	1.6e-18	94.5
NCVOG0979-consensus	NODE_2435_length_4996_cov_4.562106	44.65	374	149	58	13	328	1470	2580	9.4e-68	260.0
NCVOG0979-consensus	NODE_951_length_15147_cov_3.897014	45.93	344	146	40	25	328	5981	4957	2.2e-66	257.0
NCVOG0979-consensus	NODE_165_length_37575_cov_4.046669	44.94	336	160	25	3	317	30214	29226	2.4e-66	258.2
NCVOG0699-consensus	NODE_4127_length_1288_cov_3.587944	28.57	224	146	14	219	430	50	712	2e-16	87.9
NCVOG0699-consensus	NODE_1732_length_8350_cov_4.442282	24.42	303	212	17	146	431	1445	2350	4.8e-11	72.7
NCVOG0699-consensus	NODE_3297_length_2460_cov_3.823332	24.78	347	237	24	93	415	787	1820	7.9e-11	70.2
NCVOG4274-consensus	NODE_1410_length_10587_cov_4.095147	21.54	571	425	23	247	810	2044	3699	7e-17	93.3
NCVOG4274-consensus	NODE_2319_length_5422_cov_5.109074	20.58	554	422	18	261	810	4411	2801	2.3e-15	87.3
NCVOG4274-consensus	NODE_522_length_22330_cov_4.123444	21.23	537	398	25	287	810	4860	6425	5.9e-12	78.0
NCVOG2734-consensus	NODE_2768_length_3873_cov_3.847998	26.51	249	176	7	31	277	1925	2653	7.4e-18	94.8
NCVOG2734-consensus	NODE_47_length_57365_cov_4.174242	25.88	340	231	21	34	365	29865	28888	5e-17	96.0
NCVOG2734-consensus	NODE_3100_length_2961_cov_3.507282	26.46	189	134	5	116	300	908	348	3.4e-13	79.0
NCVOG2734-consensus	NODE_224_length_32940_cov_4.580197	23.08	325	233	17	44	364	7108	6176	7.7e-12	78.0
NCVOG0262-consensus	NODE_1033_length_14207_cov_4.057891	23.97	534	345	61	16	523	4151	5636	5.6e-12	77.0
NCVOG0274-consensus	NODE_2626_length_4260_cov_22.802295	32.40	747	435	70	585	1270	1912	4108	7e-69	265.5
NCVOG0274-consensus	NODE_346_length_26949_cov_5.020021	31.41	1092	525	224	153	1040	25320	22116	6.2e-68	265.0
NCVOG0274-consensus	NODE_2175_length_5950_cov_4.269801	35.47	1246	577	227	91	1123	2202	5882	7.7e-58	229.3
NCVOG0274-consensus	NODE_2175_length_5950_cov_4.269801	50.82	61	27	3	34	91	1951	2130	4.3e-13	80.6
NCVOG0274-consensus	NODE_2432_length_5012_cov_3.201216	52.80	161	76	0	1215	1375	318	797	4e-46	190.1
NCVOG0274-consensus	NODE_192_length_34996_cov_4.019817	37.27	1422	675	217	154	1375	29306	25107	8.6e-45	188.5
NCVOG0274-consensus	NODE_2678_length_4127_cov_5.457037	34.45	595	335	55	806	1368	2091	3793	6.1e-37	159.3
NCVOG0274-consensus	NODE_5727_length_580_cov_5.131213	55.64	133	57	2	379	511	188	577	1.3e-36	155.4
NCVOG0274-consensus	NODE_7191_length_392_cov_4.073016	46.67	135	65	7	197	328	392	5	2.3e-29	130.7
NCVOG0274-consensus	NODE_3677_length_1835_cov_4.562571	32.09	215	132	14	16	220	632	5	2.9e-29	132.7
NCVOG0274-consensus	NODE_1913_length_7336_cov_4.247968	31.43	1508	728	306	66	1288	797	5216	1.5e-28	132.3
NCVOG0274-consensus	NODE_10786_length_225_cov_4.533784	64.47	76	26	1	437	511	2	222	2.8e-23	109.7
NCVOG0274-consensus	NODE_7638_length_359_cov_3.946809	55.12	127	49	8	317	443	358	5	1.3e-20	101.6
NCVOG0274-consensus	NODE_7824_length_348_cov_3.520295	53.85	78	35	1	716	792	306	80	4e-20	99.9
NCVOG0274-consensus	NODE_9229_length_271_cov_3.958763	56.45	62	25	2	197	258	271	95	4.1e-16	86.2
NCVOG0274-consensus	NODE_9_length_89371_cov_4.007145	38.33	120	66	8	4	116	77307	77660	1.1e-13	86.6
NCVOG0274-consensus	NODE_1441_length_10309_cov_5.145328	52.63	57	27	0	773	829	10036	10203	6.8e-13	80.8
NCVOG0274-consensus	NODE_32501_length_116_cov_12.025641	73.68	38	10	0	304	341	2	112	2.4e-12	72.5
NCVOG0074-consensus	NODE_2064_length_6497_cov_11.893458	59.73	673	224	47	12	637	4041	6050	0	903.3
NCVOG0074-consensus	NODE_3339_length_2376_cov_8.992171	55.17	629	273	9	15	637	492	2366	0	841.3
NCVOG0074-consensus	NODE_2801_length_3747_cov_4.787738	64.60	387	117	20	6	373	2588	3742	5.3e-174	613.3
NCVOG0074-consensus	NODE_253_length_31406_cov_3.954387	43.27	661	305	70	27	630	27747	25809	3.5e-160	570.5
NCVOG0074-consensus	NODE_595_length_20788_cov_4.123316	43.68	657	317	53	14	630	2132	4060	4.9e-160	569.4
NCVOG0074-consensus	NODE_4223_length_1196_cov_4.131367	53.41	264	121	2	349	610	1	789	4.1e-95	349.6
NCVOG0074-consensus	NODE_6214_length_494_cov_3.654676	72.12	165	45	1	65	229	494	6	9.5e-81	300.6
NCVOG0074-consensus	NODE_5052_length_752_cov_2.774815	51.85	216	102	2	397	610	749	105	3.1e-73	276.3
NCVOG0074-consensus	NODE_532_length_22202_cov_3.946079	34.73	547	291	66	26	506	6063	7694	2.6e-66	258.1
NCVOG0074-consensus	NODE_3889_length_1553_cov_4.010840	33.18	422	237	45	36	424	1542	316	8e-42	173.0
NCVOG0074-consensus	NODE_2092_length_6397_cov_4.121044	32.82	454	245	60	19	424	4043	5365	2.3e-41	173.5
NCVOG0074-consensus	NODE_44_length_59409_cov_5.655414	33.25	418	235	44	39	424	42038	40824	1.7e-38	167.2
NCVOG0074-consensus	NODE_11731_length_209_cov_1.265152	74.63	67	17	0	307	373	7	204	6e-30	130.6
NCVOG0074-consensus	NODE_1150_length_12724_cov_4.396458	30.18	381	244	22	142	505	3712	2588	4.4e-29	133.7
NCVOG0074-consensus	NODE_4255_length_1175_cov_4.204918	28.57	343	197	48	124	429	143	1131	3.8e-15	83.9
NCVOG0074-consensus	NODE_2543_length_4557_cov_4.543527	29.18	466	278	52	114	543	2850	4176	1.2e-14	84.2
NCVOG0074-consensus	NODE_1527_length_9681_cov_3.958247	24.77	440	298	33	35	451	3356	2080	6.1e-14	83.0
NCVOG0074-consensus	NODE_653_length_19587_cov_4.926089	30.68	176	110	12	114	277	4413	4937	1.2e-13	83.1
NCVOG1299-consensus	NODE_245_length_31991_cov_4.296046	51.49	101	30	19	66	147	10806	10509	2.7e-17	93.8
NCVOG1299-consensus	NODE_491_length_23031_cov_4.070619	46.83	126	46	21	41	147	15362	15002	3.9e-17	92.8
NCVOG1299-consensus	NODE_1196_length_12412_cov_4.193677	44.64	168	39	54	33	146	943	447	9.9e-14	80.6
NCVOG1299-consensus	NODE_1973_length_6967_cov_4.615965	69.57	46	13	1	102	146	5779	5913	1.4e-13	79.3
NCVOG1299-consensus	NODE_398_length_25620_cov_4.337079	45.32	139	28	48	56	146	9699	10110	4.5e-13	79.4
NCVOG1299-consensus	NODE_272_length_30360_cov_4.160387	72.50	40	11	0	107	146	23814	23698	7.1e-12	75.7
NCVOG1196-consensus	NODE_153_length_38665_cov_4.210013	21.92	1063	698	132	48	1063	30307	33225	2.8e-11	77.0
NCVOG1196-consensus	NODE_1781_length_8110_cov_4.591560	19.37	888	649	67	176	1027	1886	4449	4e-11	74.2
NCVOG0064-consensus	NODE_1646_length_8898_cov_3.950799	26.50	366	230	39	23	356	1547	474	1.3e-16	91.3
NCVOG0064-consensus	NODE_351_length_26840_cov_4.042185	25.50	349	231	29	19	342	1807	778	2.4e-16	92.1
NCVOG0064-consensus	NODE_786_length_17324_cov_5.749638	25.94	347	223	34	24	342	15312	16327	5.9e-16	90.1
NCVOG0064-consensus	NODE_422_length_24816_cov_4.314241	26.94	271	169	29	23	279	9925	9161	2.3e-15	88.7
NCVOG1354-consensus	NODE_3374_length_2318_cov_5.455600	29.25	253	142	37	184	407	1293	562	8e-22	106.6
NCVOG4414-consensus	NODE_4127_length_1288_cov_3.587944	30.00	180	118	8	40	216	47	568	1.3e-13	77.8
NCVOG4324-consensus	NODE_254_length_31379_cov_4.174462	30.55	586	308	99	109	610	30659	28960	1.6e-16	93.2
NCVOG4324-consensus	NODE_59_length_54070_cov_4.282981	32.85	557	305	69	109	610	2359	742	1.8e-15	90.5
NCVOG4134-consensus	NODE_580_length_21222_cov_4.194561	30.89	492	218	122	45	458	8588	9926	8e-24	116.5
NCVOG4134-consensus	NODE_66_length_51843_cov_4.165920	29.17	408	176	113	45	383	50754	51838	7.8e-23	114.5
NCVOG0034-consensus	NODE_800_length_17147_cov_4.373052	31.36	389	189	78	71	417	12347	11296	5e-19	100.2
NCVOG0214-consensus	NODE_3261_length_2544_cov_3.959870	22.22	450	318	32	103	543	2098	825	1e-11	73.9
NCVOG0214-consensus	NODE_19_length_78233_cov_4.250384	26.28	449	293	38	89	509	2375	1068	9.3e-11	75.7
NCVOG0004-consensus	NODE_1954_length_7042_cov_4.157789	29.44	231	141	22	131	352	6554	5908	1.2e-31	141.3
NCVOG0004-consensus	NODE_140_length_39790_cov_4.030041	33.75	160	94	12	153	312	1931	2371	3.8e-29	135.5
NCVOG2972-consensus	NODE_573_length_21359_cov_4.104830	26.20	271	168	32	78	324	10242	11027	1.3e-19	102.2
NCVOG0276-consensus	NODE_4261_length_1167_cov_4.602752	68.85	183	57	0	161	343	94	639	2.2e-76	286.5
NCVOG0276-consensus	NODE_1026_length_14292_cov_4.313401	60.15	261	66	38	121	343	6	785	4.9e-75	285.7
NCVOG0276-consensus	NODE_7475_length_370_cov_6.631399	62.61	115	25	18	39	135	3	340	7.9e-35	146.8
NCVOG2204-consensus	NODE_3_length_129702_cov_4.115942	43.22	199	107	6	244	437	11052	10462	1.9e-46	194.2
NCVOG2204-consensus	NODE_229_length_32650_cov_4.206244	27.27	440	257	63	27	407	4043	5345	1e-27	130.0
NCVOG1060-consensus	NODE_386_length_25960_cov_3.949697	33.93	168	104	7	168	334	10668	11150	7.1e-18	96.9
NCVOG4966-consensus	NODE_2343_length_5319_cov_4.012591	32.37	312	186	25	85	395	3441	2585	3.6e-20	102.4
NCVOG4966-consensus	NODE_659_length_19480_cov_4.072257	34.01	294	163	31	91	360	18347	19198	4.2e-11	74.2
NCVOG4966-consensus	NODE_79_length_47460_cov_6.052130	24.93	361	238	33	54	402	33491	32475	5.1e-11	75.2
NCVOG0040-consensus	NODE_1886_length_7504_cov_3.409856	31.71	164	99	13	10	167	744	277	2.8e-11	73.4
NCVOG0030-consensus	NODE_2546_length_4552_cov_4.265698	33.98	518	250	92	26	472	4399	2916	4.8e-38	162.2
NCVOG0030-consensus	NODE_140_length_39790_cov_4.030041	34.41	526	243	102	28	472	17112	18607	9.8e-35	154.3
NCVOG0030-consensus	NODE_2043_length_6584_cov_4.155832	32.57	479	170	153	94	432	2919	4299	1.4e-25	121.3
NCVOG4494-consensus	NODE_2960_length_3338_cov_5.025452	40.93	215	118	9	22	227	2511	1870	5.6e-24	114.5
NCVOG4494-consensus	NODE_1295_length_11502_cov_4.473523	33.22	307	180	25	21	312	2233	3120	3.9e-20	103.5
NCVOG4494-consensus	NODE_138_length_39862_cov_4.159306	42.78	187	98	9	60	239	6850	7401	1.2e-19	103.7
NCVOG4494-consensus	NODE_835_length_16645_cov_4.225072	37.65	255	140	19	37	284	6965	7690	2.5e-19	101.4
NCVOG4494-consensus	NODE_180_length_35837_cov_4.417562	35.69	269	155	18	37	296	27498	26722	6.4e-17	94.5
NCVOG4494-consensus	NODE_900_length_15757_cov_3.969579	37.32	209	123	8	37	238	2636	2016	3.2e-16	91.0
NCVOG4494-consensus	NODE_2877_length_3551_cov_16.938687	36.59	205	123	7	21	218	2020	1409	1.6e-15	86.5
NCVOG4494-consensus	NODE_1914_length_7333_cov_4.188258	38.76	178	101	8	58	227	2892	2362	1.8e-15	87.3
NCVOG4494-consensus	NODE_982_length_14742_cov_3.999727	42.76	152	81	6	82	227	2262	1810	9.6e-15	86.0
NCVOG4494-consensus	NODE_1414_length_10551_cov_3.837884	33.11	305	170	34	21	317	7575	8408	2.1e-14	84.3
NCVOG4494-consensus	NODE_3923_length_1503_cov_4.124825	36.02	236	115	36	36	245	8	678	2.9e-14	81.1
NCVOG4494-consensus	NODE_1485_length_9926_cov_4.317190	41.21	182	99	8	20	193	2726	2184	4.9e-14	83.0
NCVOG4494-consensus	NODE_187_length_35237_cov_4.340273	32.87	216	119	26	15	204	5734	6374	1.1e-13	83.7
NCVOG4494-consensus	NODE_2788_length_3790_cov_4.092647	36.52	178	105	8	23	193	1319	1846	1.4e-13	80.1
NCVOG4494-consensus	NODE_167_length_37409_cov_4.595119	32.14	336	174	54	21	313	6190	7161	6.2e-13	81.3
NCVOG4494-consensus	NODE_851_length_16419_cov_4.112899	35.24	227	116	31	37	232	15420	16097	6.4e-13	80.1
NCVOG4494-consensus	NODE_1722_length_8436_cov_4.452446	36.96	184	108	8	58	233	4483	5031	9.5e-13	78.5
NCVOG4494-consensus	NODE_1319_length_11279_cov_4.067845	37.80	164	97	5	37	195	3525	4013	1.6e-12	78.2
NCVOG4494-consensus	NODE_3484_length_2131_cov_2.850536	34.18	158	99	5	50	202	1268	1738	2.8e-12	75.0
NCVOG4494-consensus	NODE_1914_length_7333_cov_4.188258	35.05	194	119	7	44	230	1537	2115	3.3e-12	76.5
NCVOG4494-consensus	NODE_67_length_51339_cov_4.133198	32.20	264	155	24	40	295	18228	18968	3.5e-12	79.3
NCVOG4494-consensus	NODE_2922_length_3425_cov_3.979391	38.61	158	91	6	21	172	1107	1577	4e-12	75.2
NCVOG4494-consensus	NODE_3109_length_2928_cov_3.954753	34.76	210	126	11	18	216	2009	1387	4.9e-12	74.6
NCVOG4494-consensus	NODE_2260_length_5618_cov_4.187511	34.60	263	152	20	19	263	4461	3688	5.8e-12	75.3
NCVOG4494-consensus	NODE_2607_length_4326_cov_3.963521	39.13	161	93	5	37	193	3195	3671	6.9e-12	74.7
NCVOG4494-consensus	NODE_319_length_27934_cov_4.002441	36.08	194	116	8	20	205	4724	4146	8.9e-12	77.0
NCVOG4494-consensus	NODE_898_length_15771_cov_8.533070	31.94	263	160	19	36	290	13650	14402	9.2e-12	76.2
NCVOG4494-consensus	NODE_1396_length_10712_cov_4.568137	35.75	207	124	9	21	219	6867	7481	3.2e-11	73.8
NCVOG4494-consensus	NODE_1170_length_12567_cov_8.299840	37.16	183	107	8	21	195	9048	9591	3.9e-11	73.8
NCVOG4494-consensus	NODE_1412_length_10566_cov_4.091620	30.60	281	169	26	47	313	3635	2832	5.6e-11	73.0
NCVOG4494-consensus	NODE_4204_length_1210_cov_4.218005	33.63	226	135	15	42	253	739	74	5.7e-11	69.8
NCVOG4494-consensus	NODE_690_length_18917_cov_4.137314	34.32	236	144	11	20	245	12845	13546	8.3e-11	73.2
NCVOG0077-consensus	NODE_1371_length_10900_cov_4.133420	37.04	162	92	10	543	700	2258	1794	3.7e-18	97.3
NCVOG0077-consensus	NODE_1371_length_10900_cov_4.133420	35.77	123	73	6	588	709	2735	2385	1.8e-16	91.7
NCVOG0077-consensus	NODE_637_length_19896_cov_3.934406	29.80	255	150	29	333	560	9602	10357	4.4e-17	94.6
NCVOG0077-consensus	NODE_637_length_19896_cov_3.934406	35.88	131	79	5	583	712	10931	11308	4.4e-17	94.6
NCVOG0077-consensus	NODE_916_length_15509_cov_4.562727	29.60	348	180	65	388	704	11812	12742	6.8e-17	93.7
NCVOG0077-consensus	NODE_158_length_38068_cov_4.085046	29.53	254	151	28	333	559	17366	16611	3.4e-16	92.6
NCVOG0077-consensus	NODE_158_length_38068_cov_4.085046	33.33	141	87	7	567	706	16070	15669	3.4e-16	92.6
NCVOG0077-consensus	NODE_158_length_38068_cov_4.085046	25.99	277	166	39	333	572	14344	13523	4.4e-16	92.2
NCVOG0077-consensus	NODE_158_length_38068_cov_4.085046	35.82	134	78	8	583	712	12958	12572	4.4e-16	92.2
NCVOG0077-consensus	NODE_868_length_16146_cov_4.170017	32.74	168	104	9	548	711	8196	8677	9.1e-16	90.0
NCVOG0077-consensus	NODE_868_length_16146_cov_4.170017	36.07	122	72	6	584	704	6912	7259	9.1e-16	90.0
NCVOG0296-consensus	NODE_351_length_26840_cov_4.042185	29.05	148	99	6	10	153	23761	24195	1.3e-11	76.7
NCVOG0267-consensus	NODE_214_length_33508_cov_4.927463	24.89	466	298	52	285	722	399	1717	6.4e-29	135.4
NCVOG0267-consensus	NODE_2160_length_6004_cov_4.490467	27.14	560	330	78	291	796	4880	3280	4.9e-22	110.0
NCVOG0267-consensus	NODE_2224_length_5773_cov_4.293539	26.88	558	333	75	291	796	3356	4951	1.3e-21	108.5
NCVOG0267-consensus	NODE_1238_length_12109_cov_4.045711	29.81	312	162	57	418	675	6383	7298	1.9e-18	99.2
NCVOG0267-consensus	NODE_347_length_26902_cov_4.184716	26.16	451	230	103	343	718	13911	15172	4.9e-17	95.6
NCVOG0267-consensus	NODE_108_length_43476_cov_4.411622	27.61	268	159	35	468	718	9341	8595	1.3e-16	94.9
NCVOG0267-consensus	NODE_853_length_16384_cov_3.929846	23.58	509	273	116	266	670	11745	10262	7.3e-13	81.0
NCVOG0267-consensus	NODE_1726_length_8378_cov_4.462474	24.94	449	258	79	214	597	1169	2466	5.7e-11	73.8
NCVOG4357-consensus	NODE_2759_length_3919_cov_7.864133	43.39	189	100	7	296	480	3184	2630	1.2e-36	156.7
NCVOG4357-consensus	NODE_250_length_31558_cov_4.047489	33.33	399	202	64	148	487	31525	30347	3.5e-35	154.9
NCVOG4357-consensus	NODE_433_length_24570_cov_4.563549	38.06	247	140	13	240	480	24171	23455	6.1e-35	153.7
NCVOG4357-consensus	NODE_432_length_24578_cov_4.529978	34.69	516	267	70	25	481	819	2330	9.5e-35	153.1
NCVOG4357-consensus	NODE_4203_length_1211_cov_4.500000	45.18	166	84	7	296	457	721	1206	2.2e-34	147.6
NCVOG4357-consensus	NODE_3203_length_2693_cov_3.886850	43.71	151	80	5	314	462	2687	2247	4.2e-31	137.8
NCVOG4357-consensus	NODE_5219_length_703_cov_6.238019	37.62	202	119	7	6	206	116	700	3.4e-30	132.8
NCVOG4357-consensus	NODE_3109_length_2928_cov_3.954753	35.71	210	128	7	6	214	650	42	4.7e-30	134.5
NCVOG4357-consensus	NODE_229_length_32650_cov_4.206244	32.78	540	270	93	6	465	13853	12280	2.9e-29	135.3
NCVOG4357-consensus	NODE_1606_length_9118_cov_4.699701	36.67	210	126	7	6	214	8406	9014	4.8e-29	132.7
NCVOG4357-consensus	NODE_7194_length_392_cov_3.590476	46.62	133	66	5	327	457	392	6	1.9e-28	126.2
NCVOG4357-consensus	NODE_680_length_19047_cov_6.042910	31.80	544	260	111	6	454	11525	13101	3.1e-28	131.1
NCVOG4357-consensus	NODE_2322_length_5402_cov_7.197746	31.49	543	270	102	6	466	2837	4394	2e-27	126.6
NCVOG4357-consensus	NODE_7426_length_373_cov_6.652027	43.48	115	64	1	374	487	361	20	1.3e-22	106.7
NCVOG4357-consensus	NODE_7620_length_360_cov_8.088339	44.55	101	56	0	25	125	311	12	8.4e-21	100.7
NCVOG4357-consensus	NODE_2639_length_4214_cov_4.876722	43.48	115	64	1	374	487	10	351	3.1e-20	102.4
NCVOG4357-consensus	NODE_1323_length_11245_cov_4.528027	40.91	132	78	0	6	137	428	36	9.1e-20	102.2
NCVOG4357-consensus	NODE_9441_length_263_cov_3.430108	49.43	87	40	4	325	410	1	249	8.7e-19	93.5
NCVOG4357-consensus	NODE_8958_length_283_cov_2.592233	45.45	88	44	4	308	395	31	279	2e-18	92.4
NCVOG4357-consensus	NODE_2259_length_5618_cov_4.629489	44.55	101	56	0	25	125	311	12	3.2e-18	96.1
NCVOG4357-consensus	NODE_3066_length_3030_cov_3.694209	44.44	99	55	0	24	122	297	4	7.4e-18	94.0
NCVOG4357-consensus	NODE_7931_length_341_cov_4.109848	41.67	96	52	4	299	394	278	6	1.1e-17	90.2
NCVOG4357-consensus	NODE_8195_length_323_cov_5.410569	40.18	112	61	6	103	214	323	9	1.8e-16	86.1
NCVOG4357-consensus	NODE_4476_length_1007_cov_6.883871	32.16	342	163	69	111	394	995	6	2e-16	87.6
NCVOG4357-consensus	NODE_17973_length_155_cov_4.692308	53.06	49	23	0	314	362	149	6	4.6e-12	70.4
NCVOG4357-consensus	NODE_6188_length_496_cov_6.649165	48.00	75	39	0	6	80	233	12	1.7e-11	70.3
NCVOG4357-consensus	NODE_1273_length_11741_cov_4.402263	38.10	147	78	13	324	466	10257	9855	4.9e-11	73.3
NCVOG0046-consensus	NODE_1048_length_13886_cov_3.929684	59.70	67	25	2	8	72	12074	12271	9.4e-19	98.5
NCVOG0046-consensus	NODE_266_length_30534_cov_4.119250	57.35	68	27	2	7	72	2801	2601	2.6e-18	98.1
NCVOG0046-consensus	NODE_1873_length_7558_cov_4.245021	44.19	86	46	2	5	88	4089	3835	2.6e-16	89.5
NCVOG0046-consensus	NODE_1205_length_12355_cov_5.076967	46.48	71	37	1	3	72	8914	9123	4.1e-14	82.9
NCVOG0046-consensus	NODE_1408_length_10603_cov_3.689246	52.94	68	26	6	8	69	1941	1741	5.2e-14	82.3
NCVOG0046-consensus	NODE_59_length_54070_cov_4.282981	35.34	116	73	2	3	116	24184	24528	6.6e-14	84.3
NCVOG0046-consensus	NODE_134_length_40652_cov_4.330351	52.94	68	26	6	8	69	3575	3775	7.6e-13	80.4
NCVOG0046-consensus	NODE_1374_length_10871_cov_5.552437	36.45	107	49	19	5	96	2734	2429	5.7e-12	75.6
NCVOG0046-consensus	NODE_2660_length_4177_cov_3.655610	50.00	54	27	0	5	58	572	414	9.9e-12	73.4
NCVOG0046-consensus	NODE_982_length_14742_cov_3.999727	42.03	69	39	1	9	76	799	1002	1.4e-11	74.8
NCVOG0046-consensus	NODE_2085_length_6422_cov_4.319464	46.03	63	30	4	3	61	3309	3494	5.3e-11	71.6
NCVOG1137-consensus	NODE_2781_length_3833_cov_4.249201	39.55	134	77	4	16	149	2034	2420	9e-25	115.9
NCVOG0037-consensus	NODE_137_length_40039_cov_4.118488	39.36	1067	385	262	163	969	4245	7420	3.4e-26	126.5
NCVOG0037-consensus	NODE_137_length_40039_cov_4.118488	50.54	184	70	21	3	165	3506	4050	2.6e-20	107.0
NCVOG0778-consensus	NODE_1644_length_8914_cov_4.176644	35.19	503	284	42	7	503	4143	5540	5.7e-74	282.1
NCVOG0778-consensus	NODE_3279_length_2495_cov_3.919355	36.40	250	153	6	311	557	2492	1757	1.7e-52	208.9
NCVOG0778-consensus	NODE_7676_length_357_cov_2.346429	43.31	127	56	16	217	340	14	352	5.5e-26	118.1
NCVOG0017-consensus	NODE_3581_length_1980_cov_5.274829	29.18	353	158	92	30	290	639	1692	5.6e-18	93.2
NCVOG0007-consensus	NODE_277_length_30219_cov_4.008692	35.03	374	201	42	26	358	17218	18333	2.5e-53	214.7
NCVOG0007-consensus	NODE_1246_length_12073_cov_13.417417	33.88	366	201	41	39	364	1749	658	3.4e-16	90.0
NCVOG0015-consensus	NODE_2207_length_5830_cov_6.347123	34.42	154	91	10	94	240	4715	4270	2e-13	80.1
NCVOG0486-consensus	NODE_1547_length_9537_cov_3.926850	31.34	217	111	38	199	382	3222	2594	1.3e-14	84.5
NCVOG0486-consensus	NODE_71_length_50511_cov_7.895844	30.09	216	114	37	199	382	41434	40805	8.2e-13	80.9
NCVOG0744-consensus	NODE_3688_length_1817_cov_5.412069	26.52	445	200	127	128	446	1793	467	2.1e-16	88.5
NCVOG0744-consensus	NODE_1796_length_8013_cov_4.506300	25.15	497	249	123	69	446	432	1907	3.4e-14	83.3
NCVOG0897-consensus	NODE_968_length_14897_cov_4.499595	27.30	293	148	65	20	250	7372	8238	1.2e-13	81.5
NCVOG0284-consensus	NODE_1490_length_9889_cov_4.605483	36.96	138	70	17	184	311	6954	6565	2.2e-15	86.9
NCVOG0284-consensus	NODE_1490_length_9889_cov_4.605483	34.81	181	98	20	141	309	2143	1628	2.2e-15	86.9
NCVOG0284-consensus	NODE_2384_length_5180_cov_4.165589	36.23	138	71	17	184	311	405	794	2.5e-15	85.7
NCVOG0284-consensus	NODE_1035_length_14170_cov_9.020720	40.00	135	68	13	183	309	8049	7663	6e-15	85.9
NCVOG0806-consensus	NODE_764_length_17737_cov_4.137486	47.06	221	93	24	114	310	665	6	6.8e-56	222.7
NCVOG0806-consensus	NODE_61_length_53410_cov_4.234748	46.74	353	156	32	121	441	30275	31328	2.1e-54	219.4
NCVOG0806-consensus	NODE_117_length_42944_cov_4.084541	40.42	287	137	34	192	447	29331	30177	3.6e-38	165.1
NCVOG0806-consensus	NODE_693_length_18883_cov_3.998617	48.82	127	58	7	322	441	7	384	1.1e-35	155.6
NCVOG4676-consensus	NODE_3100_length_2961_cov_3.507282	39.52	124	71	4	137	260	872	516	1.7e-13	78.8
NCVOG4676-consensus	NODE_5021_length_759_cov_4.073314	38.79	116	66	5	187	300	605	278	2.7e-12	72.8
NCVOG4676-consensus	NODE_10117_length_241_cov_1.969512	47.95	73	38	0	187	259	16	231	2.8e-12	71.1
NCVOG4676-consensus	NODE_4303_length_1130_cov_6.244065	37.06	170	79	28	90	259	21	443	7.5e-11	68.6
NCVOG4676-consensus	NODE_270_length_30473_cov_3.955981	38.39	112	66	3	148	259	16179	15856	9.9e-11	72.9
NCVOG0329-consensus	NODE_514_length_22592_cov_4.235665	34.36	259	157	13	342	593	19091	18336	1.7e-18	100.4
NCVOG0329-consensus	NODE_514_length_22592_cov_4.235665	30.97	310	187	27	308	606	17819	16941	1.5e-13	84.0
NCVOG0329-consensus	NODE_277_length_30219_cov_4.008692	34.43	122	61	19	1135	1243	19248	18904	1e-16	94.9
NCVOG0329-consensus	NODE_1660_length_8804_cov_3.952561	35.58	163	59	46	1158	1276	98	575	1.8e-16	92.3
NCVOG0329-consensus	NODE_1234_length_12126_cov_4.565441	38.46	104	47	17	1157	1248	11255	11548	1.6e-15	89.7
NCVOG0329-consensus	NODE_1410_length_10587_cov_4.095147	34.64	280	156	27	329	594	3314	2517	1.6e-15	89.5
NCVOG0329-consensus	NODE_331_length_27297_cov_4.266716	44.39	196	79	30	1132	1300	12706	13279	1.6e-14	87.5
NCVOG0329-consensus	NODE_921_length_15470_cov_4.194114	25.06	387	267	23	235	601	14550	13404	1.2e-13	83.8
NCVOG0029-consensus	NODE_1886_length_7504_cov_3.409856	25.99	377	180	99	71	350	4082	5199	7e-25	118.8
NCVOG0029-consensus	NODE_1400_length_10675_cov_4.278071	28.63	510	215	149	73	440	4841	3344	2.4e-12	77.6
NCVOG0076-consensus	NODE_3385_length_2292_cov_13.333183	33.90	236	143	13	195	418	1566	2259	4.1e-27	124.8
NCVOG0076-consensus	NODE_7494_length_369_cov_4.523973	42.86	112	58	6	310	418	6	321	3.7e-18	92.4
NCVOG0076-consensus	NODE_8504_length_306_cov_4.593886	43.16	95	49	5	326	418	5	273	9.9e-16	84.1
NCVOG4566-consensus	NODE_2319_length_5422_cov_5.109074	18.04	571	446	22	1	566	3249	1605	7.8e-11	72.5
NCVOG4566-consensus	NODE_1410_length_10587_cov_4.095147	20.50	517	394	17	1	515	2738	4236	8.8e-11	73.3
NCVOG0242-consensus	NODE_3_length_129702_cov_4.115942	23.53	374	224	62	275	609	88257	89300	2.1e-11	78.4
NCVOG0332-consensus	NODE_2851_length_3597_cov_4.526420	29.65	199	128	12	1	197	2944	3507	6e-15	84.0
NCVOG1326-consensus	NODE_718_length_18477_cov_4.192391	39.23	130	64	15	26	146	7191	6823	2.7e-14	83.0
NCVOG0326-consensus	NODE_2735_length_3976_cov_4.213388	32.78	180	111	10	290	469	629	123	3e-23	112.2
NCVOG0326-consensus	NODE_2153_length_6058_cov_3.883130	28.02	232	140	27	259	467	2374	3050	7.8e-19	98.1
NCVOG0326-consensus	NODE_1884_length_7527_cov_4.279463	34.84	155	90	11	321	467	6972	6524	4.2e-17	92.7
NCVOG0326-consensus	NODE_3088_length_2986_cov_4.329323	32.19	146	87	12	323	462	664	250	8.9e-13	77.0
NCVOG0326-consensus	NODE_9336_length_266_cov_6.724868	50.00	58	28	1	413	469	257	87	3.5e-11	68.2
NCVOG0036-consensus	NODE_23_length_72627_cov_7.938608	34.09	220	119	26	105	302	44493	45137	6.2e-21	108.2
NCVOG0036-consensus	NODE_28_length_68114_cov_5.185223	34.98	223	116	29	106	303	51006	51655	1.5e-20	106.9
NCVOG0314-consensus	NODE_992_length_14641_cov_4.162181	40.24	82	48	1	24	104	3443	3201	7.9e-15	83.9
NCVOG0222-consensus	NODE_2319_length_5422_cov_5.109074	30.10	485	329	10	21	501	3800	2369	1.9e-37	160.0
NCVOG0222-consensus	NODE_2319_length_5422_cov_5.109074	26.85	324	230	7	174	495	2362	1409	1.1e-14	84.3
NCVOG0222-consensus	NODE_19_length_78233_cov_4.250384	30.99	484	319	15	23	501	8278	6862	1.8e-36	160.5
NCVOG0222-consensus	NODE_19_length_78233_cov_4.250384	35.02	434	272	10	72	501	3830	2550	1.7e-35	157.3
NCVOG0222-consensus	NODE_19_length_78233_cov_4.250384	33.10	435	283	8	72	504	5313	4030	1.1e-34	154.6
NCVOG0222-consensus	NODE_19_length_78233_cov_4.250384	32.16	485	304	25	24	501	6748	5353	1.4e-34	154.3
NCVOG0222-consensus	NODE_19_length_78233_cov_4.250384	25.80	376	268	11	87	455	2528	1420	2.1e-15	90.6
NCVOG0222-consensus	NODE_1410_length_10587_cov_4.095147	27.62	496	345	14	14	504	1734	3189	1.8e-30	137.7
NCVOG0222-consensus	NODE_1410_length_10587_cov_4.095147	26.85	406	270	27	72	474	3196	4338	7.8e-25	119.0
NCVOG0222-consensus	NODE_1100_length_13358_cov_4.107823	31.03	435	292	8	70	501	9606	8320	7e-30	136.1
NCVOG0222-consensus	NODE_522_length_22330_cov_4.123444	26.68	446	312	15	68	504	4944	6260	2.4e-28	131.8
NCVOG0222-consensus	NODE_369_length_26373_cov_4.487717	27.59	424	302	5	52	473	5777	4518	8.2e-23	113.6
NCVOG0222-consensus	NODE_369_length_26373_cov_4.487717	28.09	445	304	16	73	511	4418	3119	3.1e-22	111.7
NCVOG0222-consensus	NODE_369_length_26373_cov_4.487717	21.67	443	323	24	74	506	3050	1767	1.9e-12	79.2
NCVOG0222-consensus	NODE_2924_length_3424_cov_4.460711	30.91	330	220	8	104	429	2421	3391	5.6e-22	107.9
NCVOG0222-consensus	NODE_648_length_19692_cov_4.187561	26.59	440	307	16	71	501	363	1654	1.8e-21	108.7
NCVOG0222-consensus	NODE_166_length_37431_cov_4.137361	27.45	357	246	13	68	424	8213	7185	3.4e-21	108.7
NCVOG0222-consensus	NODE_917_length_15509_cov_4.436236	26.46	427	292	22	64	487	5502	6722	4.4e-21	107.1
NCVOG0222-consensus	NODE_917_length_15509_cov_4.436236	26.16	432	297	22	32	448	2543	3808	2.5e-21	107.9
NCVOG0222-consensus	NODE_687_length_18962_cov_4.132380	27.94	494	330	26	19	497	7347	5904	9.5e-21	106.3
NCVOG0222-consensus	NODE_687_length_18962_cov_4.132380	26.52	411	282	20	55	465	13082	11913	9.5e-21	106.3
NCVOG0222-consensus	NODE_687_length_18962_cov_4.132380	25.50	353	247	16	62	405	10085	9051	4.7e-14	84.0
NCVOG0222-consensus	NODE_514_length_22592_cov_4.235665	29.95	444	291	20	72	501	17128	18438	4.2e-20	104.4
NCVOG0222-consensus	NODE_514_length_22592_cov_4.235665	25.67	448	323	10	51	497	3205	4516	4.2e-20	104.4
NCVOG0222-consensus	NODE_514_length_22592_cov_4.235665	27.10	369	248	21	64	431	6329	7372	7.8e-17	93.5
NCVOG0222-consensus	NODE_1097_length_13366_cov_3.563097	23.47	409	301	12	67	474	3140	4330	1.1e-19	102.2
NCVOG0222-consensus	NODE_252_length_31412_cov_4.100941	28.37	289	202	5	97	383	28038	27184	8.9e-17	93.8
NCVOG0222-consensus	NODE_738_length_18139_cov_4.166759	29.06	382	259	12	109	490	15010	16116	1.3e-16	92.4
NCVOG0222-consensus	NODE_143_length_39691_cov_4.372078	27.69	372	255	14	120	489	16920	17996	8.1e-14	84.3
NCVOG0222-consensus	NODE_91_length_45702_cov_4.183627	30.47	256	171	7	133	387	31669	30923	9.3e-14	84.3
NCVOG0222-consensus	NODE_80_length_47439_cov_3.976606	24.94	397	275	23	116	505	35599	36738	6.3e-13	81.6
NCVOG0222-consensus	NODE_467_length_23533_cov_4.457111	25.49	459	297	45	51	497	6137	4865	7.7e-12	77.0
NCVOG0222-consensus	NODE_1150_length_12724_cov_4.396458	24.90	245	176	8	157	401	2264	1557	1.9e-11	74.8
NCVOG0222-consensus	NODE_1477_length_10010_cov_8.829860	22.72	383	285	11	133	509	8345	9475	8.1e-11	72.4
NCVOG0014-consensus	NODE_2207_length_5830_cov_6.347123	27.48	222	159	2	121	341	5033	4378	9e-22	108.0
NCVOG0014-consensus	NODE_1523_length_9697_cov_4.684550	28.79	198	139	2	147	344	7061	6477	1.7e-21	107.9
NCVOG0014-consensus	NODE_541_length_21980_cov_8.410492	28.77	219	153	3	124	341	4504	5149	2.5e-18	98.5
NCVOG0014-consensus	NODE_16_length_81459_cov_4.039935	24.90	257	180	13	131	380	12523	13268	6.9e-14	85.6
NCVOG0014-consensus	NODE_259_length_30942_cov_5.626762	28.39	155	111	0	121	275	3284	2823	1.7e-13	83.0
NCVOG0014-consensus	NODE_306_length_28617_cov_3.723266	24.53	424	278	42	131	527	10884	12101	1.9e-13	82.7
NCVOG0014-consensus	NODE_2411_length_5077_cov_4.393600	28.93	242	144	28	144	374	1818	1147	4.2e-13	79.0
NCVOG0014-consensus	NODE_752_length_17915_cov_4.508914	29.41	153	104	4	190	339	12096	12548	6.4e-13	80.3
NCVOG0014-consensus	NODE_906_length_15636_cov_4.062729	28.02	257	153	32	51	283	1620	2355	3e-12	77.8
NCVOG0002-consensus	NODE_41_length_59620_cov_4.292511	28.45	689	414	79	107	745	50353	52325	3.7e-32	146.5
NCVOG0002-consensus	NODE_4710_length_881_cov_5.868159	28.91	211	143	7	350	557	881	264	1.9e-23	111.6
NCVOG0002-consensus	NODE_7117_length_398_cov_5.056075	29.46	129	88	3	420	547	16	393	3.7e-13	76.2
NCVOG0002-consensus	NODE_6868_length_419_cov_4.239766	29.85	134	91	3	425	557	1	393	7.7e-13	75.2
NCVOG0002-consensus	NODE_908_length_15622_cov_3.998392	32.64	193	104	26	647	835	115	624	6.5e-12	77.3
NCVOG0002-consensus	NODE_462_length_23647_cov_4.334705	32.64	193	104	26	647	835	127	636	1e-11	77.3
NCVOG0002-consensus	NODE_1449_length_10239_cov_3.740012	36.78	87	55	0	679	765	5186	4929	2.5e-11	74.8
NCVOG0002-consensus	NODE_2767_length_3873_cov_3.900158	35.29	85	55	0	679	763	1192	941	8e-11	71.7
NCVOG1194-consensus	NODE_10574_length_230_cov_1.267974	40.98	61	28	8	62	114	229	50	5.2e-13	73.7
NCVOG1194-consensus	NODE_11139_length_219_cov_2.267606	46.43	56	29	1	65	119	219	59	2.3e-12	71.5
NCVOG1194-consensus	NODE_9333_length_267_cov_1.842105	33.33	87	54	4	62	147	251	5	3.5e-11	67.8
NCVOG1194-consensus	NODE_11655_length_210_cov_1.992481	41.54	65	35	3	65	128	3	186	4.9e-11	67.0
NCVOG1194-consensus	NODE_1046_length_13922_cov_4.041459	59.18	49	19	1	63	111	153	293	6.6e-11	72.6
NCVOG4845-consensus	NODE_116_length_43018_cov_6.501199	26.96	230	136	32	158	357	13304	12628	6e-11	75.2
NCVOG0743-consensus	NODE_2480_length_4814_cov_5.051932	28.04	271	181	14	47	308	1784	992	4e-36	155.1
NCVOG2775-consensus	NODE_224_length_32940_cov_4.580197	35.08	305	195	3	96	399	7189	6284	1.4e-25	123.3
NCVOG2775-consensus	NODE_1110_length_13220_cov_4.106216	37.28	287	173	7	101	386	3514	2675	1.4e-25	121.9
NCVOG2775-consensus	NODE_47_length_57365_cov_4.174242	37.70	313	187	8	97	402	29717	28789	3.5e-23	116.1
NCVOG2775-consensus	NODE_201_length_34371_cov_4.074240	34.78	253	160	5	133	381	13841	13089	5.3e-22	111.5
NCVOG2775-consensus	NODE_336_length_27162_cov_4.065534	34.54	304	189	10	87	382	18522	19420	1.6e-21	109.5
NCVOG2775-consensus	NODE_2768_length_3873_cov_3.847998	32.83	396	248	18	55	446	1595	2737	4.3e-20	102.0
NCVOG2775-consensus	NODE_2272_length_5583_cov_3.943879	40.00	185	111	0	199	383	5505	4954	8.8e-20	101.5
NCVOG2775-consensus	NODE_4303_length_1130_cov_6.244065	43.92	148	83	0	239	386	3	443	1.2e-18	95.4
NCVOG2775-consensus	NODE_279_length_30007_cov_4.041497	37.74	318	187	11	93	402	25445	24508	3.9e-18	98.4
NCVOG2775-consensus	NODE_3100_length_2961_cov_3.507282	31.90	348	215	22	52	393	1391	399	4.3e-18	95.0
NCVOG2775-consensus	NODE_2799_length_3755_cov_3.247417	37.60	242	140	11	133	371	2126	2822	1.4e-17	93.6
NCVOG2775-consensus	NODE_680_length_19047_cov_6.042910	31.40	328	218	7	102	426	5548	6516	5e-17	94.1
NCVOG2775-consensus	NODE_270_length_30473_cov_3.955981	35.62	292	180	8	124	410	16248	15385	7.2e-15	87.6
NCVOG2775-consensus	NODE_270_length_30473_cov_3.955981	32.02	381	249	10	51	424	6717	5599	7.2e-15	87.6
NCVOG2775-consensus	NODE_3798_length_1675_cov_4.053817	37.57	173	106	2	190	360	274	789	4.7e-14	80.7
NCVOG2775-consensus	NODE_74_length_49328_cov_4.041055	33.63	333	201	20	82	406	6571	7530	1.6e-13	83.8
NCVOG2775-consensus	NODE_395_length_25635_cov_5.113428	35.31	354	197	32	54	397	5839	6831	3.2e-13	81.9
NCVOG2775-consensus	NODE_5021_length_759_cov_4.073314	37.87	169	99	6	264	429	758	264	5.2e-13	76.1
NCVOG2775-consensus	NODE_110_length_43345_cov_4.204932	32.08	293	181	18	110	387	30273	29407	3.9e-11	75.7
NCVOG1273-consensus	NODE_1274_length_11716_cov_4.328207	27.91	215	119	36	133	323	5145	5750	1.5e-11	74.4
NCVOG0288-consensus	NODE_1631_length_8979_cov_5.647383	39.31	145	78	10	333	467	5550	5981	6.2e-19	99.5
NCVOG0893-consensus	NODE_3530_length_2067_cov_5.448744	30.28	436	256	48	93	488	1367	95	2.3e-56	222.0
NCVOG0893-consensus	NODE_138_length_39862_cov_4.159306	31.24	493	243	96	44	448	18783	17340	4.6e-23	115.7
NCVOG0893-consensus	NODE_198_length_34496_cov_4.095151	31.10	492	253	86	29	448	19574	20990	3.8e-22	112.4
NCVOG0275-consensus	NODE_918_length_15501_cov_3.979772	31.58	114	72	6	59	167	9387	9054	3.2e-12	76.2
NCVOG1175-consensus	NODE_2153_length_6058_cov_3.883130	39.01	141	79	7	83	217	1080	1494	5e-18	94.4
NCVOG1175-consensus	NODE_2735_length_3976_cov_4.213388	35.10	208	109	26	25	209	2463	1856	2.3e-16	88.3
NCVOG1175-consensus	NODE_4079_length_1335_cov_4.152623	37.78	135	71	13	79	202	1266	875	2.5e-15	83.2
NCVOG5369-consensus	NODE_2788_length_3790_cov_4.092647	38.54	96	53	6	90	179	2486	2770	6.6e-11	69.7
NCVOG0729-consensus	NODE_186_length_35350_cov_4.956482	35.65	561	240	121	2	459	14921	16532	8.9e-18	97.4
NCVOG5103-consensus	NODE_1046_length_13922_cov_4.041459	55.13	78	32	3	427	502	96	323	7.4e-19	100.6
NCVOG5103-consensus	NODE_787_length_17322_cov_4.643375	56.60	53	23	0	450	502	1174	1019	8.2e-14	84.1
NCVOG5103-consensus	NODE_133_length_40898_cov_8.511648	35.51	107	67	2	381	487	30677	30988	4.3e-13	83.0
NCVOG5103-consensus	NODE_1898_length_7422_cov_4.428727	54.88	82	32	5	433	510	3161	3400	4.8e-13	80.3
NCVOG5103-consensus	NODE_2374_length_5212_cov_3.739046	38.54	96	55	4	405	496	3816	3532	9.6e-13	78.8
NCVOG5103-consensus	NODE_60179_length_87_cov_19.500000	75.00	28	7	0	317	344	85	5	3.1e-12	71.2
NCVOG5103-consensus	NODE_214_length_33508_cov_4.927463	36.72	128	73	8	435	557	27804	27433	8.9e-11	75.0
NCVOG4874-consensus	NODE_1852_length_7668_cov_3.557766	36.77	427	171	99	11	353	5061	6281	1.1e-11	74.4
NCVOG4874-consensus	NODE_1852_length_7668_cov_3.557766	35.28	377	141	103	33	309	3448	4558	6.5e-12	75.1
NCVOG4423-consensus	NODE_5484_length_636_cov_6.282648	34.81	181	105	13	43	219	624	112	4.3e-12	71.4
NCVOG4423-consensus	NODE_4127_length_1288_cov_3.587944	36.18	152	91	6	77	222	37	487	8.4e-12	71.5
NCVOG4423-consensus	NODE_4073_length_1340_cov_4.576405	41.61	137	76	4	90	222	1245	838	1e-11	71.2
NCVOG4423-consensus	NODE_3169_length_2771_cov_4.094284	36.18	152	91	6	77	222	37	487	5.5e-11	69.9
NCVOG4001-consensus	NODE_2044_length_6580_cov_3.991696	27.76	263	163	27	180	426	4002	3250	5.3e-15	85.8
NCVOG4001-consensus	NODE_2806_length_3736_cov_5.043181	34.66	251	136	28	44	291	2257	2931	1.6e-14	83.4
NCVOG4001-consensus	NODE_5021_length_759_cov_4.073314	32.63	190	110	18	87	275	710	197	5.1e-14	79.4
NCVOG4001-consensus	NODE_680_length_19047_cov_6.042910	32.27	251	146	24	43	291	5755	6438	5.8e-14	83.9
NCVOG4001-consensus	NODE_2799_length_3755_cov_3.247417	38.20	178	94	16	44	220	2333	2816	1.1e-13	80.7
NCVOG4001-consensus	NODE_7634_length_359_cov_5.436170	30.65	124	78	8	135	257	12	355	1.2e-12	73.8
NCVOG4001-consensus	NODE_1605_length_9125_cov_8.392905	32.68	257	145	28	35	291	2207	2890	7.2e-12	75.9
NCVOG4001-consensus	NODE_3298_length_2459_cov_4.492443	26.95	308	189	36	90	382	859	1716	1.5e-11	73.0
NCVOG4001-consensus	NODE_224_length_32940_cov_4.580197	30.47	338	202	33	87	421	7138	6218	1.7e-11	76.5
NCVOG4001-consensus	NODE_2272_length_5583_cov_3.943879	30.71	267	154	31	43	298	5484	4747	8.1e-11	71.7
NCVOG0605-consensus	NODE_369_length_26373_cov_4.487717	29.21	291	178	28	208	488	5613	4798	5.3e-13	81.0
NCVOG1136-consensus	NODE_219_length_33174_cov_4.265794	44.83	348	97	95	194	448	12140	13168	1.6e-18	99.6
NCVOG0080-consensus	NODE_1237_length_12112_cov_3.856917	34.33	300	161	36	217	483	4788	5675	2.6e-35	154.0
NCVOG0822-consensus	NODE_224_length_32940_cov_4.580197	28.91	339	208	33	54	389	6847	5924	4e-15	88.3
NCVOG0822-consensus	NODE_47_length_57365_cov_4.174242	28.15	373	236	32	1	368	29717	28687	3.1e-13	82.8
NCVOG0822-consensus	NODE_2806_length_3736_cov_5.043181	29.18	281	177	22	89	368	2167	2943	8.1e-13	77.5
NCVOG1049-consensus	NODE_281_length_29946_cov_4.177213	28.73	362	201	57	6	325	13970	12933	1.8e-20	105.4
NCVOG1049-consensus	NODE_3373_length_2319_cov_3.821588	27.76	245	162	15	7	240	1147	432	1.2e-17	92.3
NCVOG1049-consensus	NODE_1441_length_10309_cov_5.145328	26.56	369	207	64	6	325	2421	1367	3.7e-16	89.5
NCVOG1049-consensus	NODE_1787_length_8075_cov_4.286822	26.79	336	172	74	2	266	6465	5474	2.5e-12	76.4
NCVOG0219-consensus	NODE_331_length_27297_cov_4.266716	37.38	206	103	26	505	689	12676	13273	6.8e-23	114.4
NCVOG0219-consensus	NODE_1660_length_8804_cov_3.952561	31.46	213	103	43	551	722	179	802	8.1e-19	99.2
NCVOG0901-consensus	NODE_114_length_43117_cov_4.360595	44.19	215	77	43	6	177	22761	22126	4.7e-19	100.4
NCVOG2980-consensus	NODE_1121_length_13050_cov_4.064364	33.26	484	251	72	60	474	9097	10532	1.9e-33	147.8
NCVOG4462-consensus	NODE_224_length_32940_cov_4.580197	31.20	234	151	10	53	285	7123	6452	8.2e-20	103.6
NCVOG4462-consensus	NODE_279_length_30007_cov_4.041497	34.10	173	108	6	79	249	24900	24397	3.3e-15	88.1
NCVOG4462-consensus	NODE_2768_length_3873_cov_3.847998	27.49	251	170	12	85	328	1733	2465	1.6e-12	76.3
NCVOG0450-consensus	NODE_1291_length_11543_cov_4.583464	45.61	239	115	15	142	365	4717	4004	1.7e-31	141.1
NCVOG0450-consensus	NODE_1574_length_9331_cov_4.067322	37.42	310	170	24	147	443	8474	7581	3e-26	123.3
NCVOG0450-consensus	NODE_61_length_53410_cov_4.234748	46.12	232	102	23	147	366	44711	44052	5.7e-24	118.3
NCVOG0652-consensus	NODE_13_length_84393_cov_4.180713	33.09	405	206	65	74	420	52000	50820	5e-26	125.7
NCVOG0350-consensus	NODE_1130_length_12918_cov_3.733354	30.60	268	164	22	31	278	4516	3722	3.3e-12	76.5
NCVOG2642-consensus	NODE_867_length_16162_cov_3.859123	39.86	148	79	10	27	164	6071	5635	7.5e-26	121.7
NCVOG0835-consensus	NODE_73_length_49870_cov_4.318278	47.41	135	69	2	128	261	23213	22815	6.6e-26	123.9
NCVOG0835-consensus	NODE_73_length_49870_cov_4.318278	34.76	164	90	17	3	149	24260	23774	1.1e-20	106.6
NCVOG0835-consensus	NODE_4488_length_999_cov_4.429501	48.62	109	52	4	128	234	323	6	6.1e-23	108.4
NCVOG0835-consensus	NODE_1741_length_8311_cov_3.937697	40.00	115	49	20	23	117	342	5	4e-16	88.8
NCVOG0835-consensus	NODE_1377_length_10848_cov_4.131464	45.93	135	71	2	128	261	8113	8511	1.5e-15	87.3
NCVOG0835-consensus	NODE_1377_length_10848_cov_4.131464	36.73	147	73	20	23	149	7103	7540	1.5e-15	87.3
NCVOG4522-consensus	NODE_1833_length_7765_cov_4.158949	43.05	223	87	40	262	444	5097	4438	7.9e-25	118.3
NCVOG4522-consensus	NODE_593_length_20877_cov_4.179615	41.89	222	89	40	262	443	8960	8298	3e-23	114.5
NCVOG1352-consensus	NODE_5106_length_734_cov_13.076104	37.61	109	65	3	2	107	349	30	1.2e-12	73.5
NCVOG1352-consensus	NODE_5470_length_639_cov_9.925267	42.53	87	38	12	126	205	489	247	5.1e-11	67.9
NCVOG4122-consensus	NODE_2845_length_3640_cov_3.755262	31.07	354	225	19	94	434	331	1367	1.2e-20	103.5
NCVOG4122-consensus	NODE_164_length_37575_cov_8.388847	34.12	425	258	22	53	461	10853	12106	2.8e-18	98.9
NCVOG4122-consensus	NODE_1197_length_12408_cov_4.085800	33.89	301	185	14	174	462	12230	11337	6.1e-16	89.6
NCVOG4122-consensus	NODE_224_length_32940_cov_4.580197	30.52	367	235	20	118	466	19193	20282	9.4e-16	90.3
NCVOG4122-consensus	NODE_1168_length_12609_cov_4.209783	30.77	429	277	20	61	469	4191	5474	1.2e-15	88.6
NCVOG4122-consensus	NODE_3169_length_2771_cov_4.094284	33.07	375	228	23	110	462	32	1150	5.3e-15	84.3
NCVOG4122-consensus	NODE_4834_length_829_cov_5.724734	37.44	227	124	18	110	325	662	6	6.9e-14	78.8
NCVOG4122-consensus	NODE_4127_length_1288_cov_3.587944	31.73	375	233	23	110	462	32	1150	8.2e-14	79.2
NCVOG4122-consensus	NODE_5484_length_636_cov_6.282648	38.10	210	116	14	145	342	636	16	4.2e-13	75.8
NCVOG4122-consensus	NODE_3297_length_2460_cov_3.823332	31.49	397	247	25	89	462	1191	2372	5.6e-13	77.4
NCVOG4122-consensus	NODE_47_length_57365_cov_4.174242	26.09	483	303	54	39	467	30279	28834	6.1e-13	81.8
NCVOG4122-consensus	NODE_2768_length_3873_cov_3.847998	28.30	424	263	41	78	460	1370	2638	6.7e-13	77.8
NCVOG4122-consensus	NODE_211_length_33617_cov_4.041145	28.62	325	212	20	95	400	9596	8628	1.9e-12	79.4
NCVOG4122-consensus	NODE_685_length_18975_cov_4.257752	29.38	354	229	21	129	464	14057	15106	2.1e-12	78.4
NCVOG4122-consensus	NODE_2284_length_5550_cov_20.543943	26.21	412	271	33	9	402	1464	2651	2.7e-12	76.3
NCVOG4122-consensus	NODE_3353_length_2347_cov_7.344053	28.77	365	231	29	6	342	1103	15	2.9e-12	75.0
NCVOG4122-consensus	NODE_197_length_34594_cov_4.503621	26.68	371	235	37	98	432	23318	24424	6.4e-12	77.7
NCVOG4122-consensus	NODE_40_length_59701_cov_3.920854	30.98	297	189	16	98	379	24657	25541	9.5e-12	77.9
NCVOG4122-consensus	NODE_2206_length_5842_cov_4.201561	30.46	325	208	18	117	426	3018	2060	2.5e-11	73.1
NCVOG4122-consensus	NODE_2446_length_4957_cov_4.618238	27.83	309	195	28	83	372	2698	1802	4.1e-11	72.2
NCVOG4122-consensus	NODE_612_length_20332_cov_4.093755	30.84	321	204	18	128	431	5563	6519	5.7e-11	73.8
NCVOG4122-consensus	NODE_3884_length_1561_cov_4.103100	29.75	279	172	24	86	343	1438	614	8.1e-11	69.5
NCVOG4122-consensus	NODE_812_length_16993_cov_4.415524	33.10	281	175	13	100	367	16872	16037	9.2e-11	72.8
NCVOG0312-consensus	NODE_153_length_38665_cov_4.210013	22.35	680	489	39	109	769	31236	33204	4.7e-23	115.8
NCVOG0312-consensus	NODE_465_length_23612_cov_3.865222	21.77	620	435	50	325	903	20799	22624	3.4e-14	85.7
NCVOG0032-consensus	NODE_1204_length_12358_cov_4.253888	24.90	787	341	250	282	820	7789	5450	2.1e-20	105.3
NCVOG0032-consensus	NODE_2084_length_6425_cov_3.823409	25.04	675	383	123	251	813	5055	3077	5.4e-19	99.7
NCVOG0032-consensus	NODE_709_length_18618_cov_4.094170	26.22	675	359	139	251	802	12729	10774	2.4e-17	95.7
NCVOG0032-consensus	NODE_84_length_46666_cov_3.958123	26.73	737	369	171	302	875	21173	19002	1.7e-15	90.9
NCVOG0032-consensus	NODE_311_length_28360_cov_5.211010	26.90	658	354	127	222	814	10761	8993	2.1e-13	83.3
NCVOG0032-consensus	NODE_1389_length_10786_cov_4.351573	29.52	166	111	6	707	870	1455	1937	1.2e-11	76.0
NCVOG0302-consensus	NODE_475_length_23423_cov_3.967575	27.85	237	162	9	3	236	13663	12978	2.3e-14	85.4
NCVOG0022-consensus	NODE_2678_length_4127_cov_5.457037	37.08	240	130	21	69	303	1188	536	9.9e-34	147.0
NCVOG0022-consensus	NODE_529_length_22228_cov_3.815494	39.48	461	228	51	1	460	10415	9190	1.1e-28	132.7
NCVOG0985-consensus	NODE_4816_length_838_cov_4.553219	30.85	201	109	30	64	242	264	835	1.1e-17	91.5
NCVOG0985-consensus	NODE_1482_length_9972_cov_4.132390	29.95	207	109	36	64	242	9373	9962	1.9e-15	87.7
NCVOG0985-consensus	NODE_2306_length_5463_cov_4.041961	30.51	118	79	3	217	331	232	576	1.7e-11	73.7
NCVOG0996-consensus	NODE_1100_length_13358_cov_4.107823	24.66	369	266	12	137	500	9652	8572	1.3e-15	88.7
NCVOG0996-consensus	NODE_19_length_78233_cov_4.250384	19.52	502	396	8	3	501	8226	6739	2e-14	87.3
NCVOG0996-consensus	NODE_19_length_78233_cov_4.250384	21.65	508	388	10	3	500	5901	4381	5.1e-15	89.2
NCVOG0025-consensus	NODE_1340_length_11154_cov_4.300894	25.36	485	328	34	55	521	1665	264	6.2e-18	96.2
NCVOG0025-consensus	NODE_5174_length_716_cov_4.053208	28.40	250	158	21	236	476	716	6	3.7e-15	83.0
NCVOG0025-consensus	NODE_310_length_28365_cov_3.971437	29.19	442	239	74	101	522	2091	933	4.9e-14	84.6
NCVOG0025-consensus	NODE_918_length_15501_cov_3.979772	27.27	451	252	76	94	522	10754	11941	2.7e-13	81.2
NCVOG0025-consensus	NODE_613_length_20281_cov_4.173184	34.47	235	122	32	308	522	12451	13114	4.8e-13	80.8
NCVOG0025-consensus	NODE_1058_length_13806_cov_3.821400	27.62	286	188	19	233	515	7575	8381	6.2e-13	79.9
NCVOG0025-consensus	NODE_37_length_60833_cov_4.208440	33.77	231	125	28	308	522	22074	22727	2.2e-12	80.2
NCVOG0025-consensus	NODE_1282_length_11626_cov_3.953676	28.08	203	135	11	287	486	3769	4350	2.5e-12	77.6
NCVOG0025-consensus	NODE_1879_length_7543_cov_4.288776	23.02	530	346	62	40	521	2583	1055	2.8e-11	73.5
NCVOG0025-consensus	NODE_1323_length_11245_cov_4.528027	26.88	413	255	47	110	515	2965	1854	3.2e-11	73.9
NCVOG0271-consensus	NODE_19_length_78233_cov_4.250384	36.55	1100	558	140	179	1157	16928	20159	7.3e-104	385.6
NCVOG0271-consensus	NODE_725_length_18383_cov_3.974817	41.89	1134	485	174	179	1147	4466	1103	1.1e-80	306.6
NCVOG0271-consensus	NODE_572_length_21362_cov_4.151280	37.13	1301	564	254	15	1119	10462	6757	1.4e-59	236.7
NCVOG0271-consensus	NODE_5840_length_556_cov_4.851775	48.06	129	63	4	902	1026	389	6	9e-44	178.9
NCVOG0271-consensus	NODE_2087_length_6412_cov_3.374743	39.77	176	82	24	1002	1153	6412	5888	3.9e-38	163.7
NCVOG0271-consensus	NODE_15077_length_167_cov_3.722222	63.64	55	20	0	917	971	167	6	2.4e-23	109.3
NCVOG0271-consensus	NODE_15067_length_167_cov_3.988889	63.64	55	20	0	917	971	167	6	2.4e-23	109.3
NCVOG0271-consensus	NODE_674_length_19238_cov_32.762643	21.63	652	389	122	500	1141	9177	10793	1.1e-20	107.3
NCVOG0271-consensus	NODE_3686_length_1823_cov_5.000000	36.64	131	59	24	1047	1153	1	390	1.6e-18	96.7
NCVOG0271-consensus	NODE_17647_length_155_cov_5.487179	61.22	49	19	0	1023	1071	149	6	2.1e-18	92.7
NCVOG0271-consensus	NODE_17765_length_155_cov_5.128205	61.22	49	19	0	1023	1071	149	6	2.1e-18	92.7
NCVOG0271-consensus	NODE_560_length_21519_cov_36.281302	27.14	339	204	43	857	1171	12329	13285	5.9e-16	91.7
NCVOG0271-consensus	NODE_664_length_19424_cov_29.583863	25.59	254	167	22	914	1158	7430	6711	2.8e-15	89.3
NCVOG0271-consensus	NODE_5166_length_718_cov_4.580343	29.58	240	146	23	725	941	1	713	2.6e-13	78.0
NCVOG0271-consensus	NODE_25585_length_134_cov_5.701754	51.16	43	21	0	1002	1044	1	126	5.8e-12	71.1
NCVOG0078-consensus	NODE_561_length_21517_cov_4.210774	50.96	104	49	2	102	203	21517	21209	1.1e-13	82.0
NCVOG4568-consensus	NODE_1100_length_13358_cov_4.107823	46.53	202	107	1	282	482	9635	9037	2.5e-16	91.0
NCVOG4568-consensus	NODE_2924_length_3424_cov_4.460711	31.97	294	186	14	203	482	2309	3179	1.2e-15	86.7
NCVOG4568-consensus	NODE_19_length_78233_cov_4.250384	39.27	247	148	2	241	485	5353	4618	1.4e-12	81.1
NCVOG4568-consensus	NODE_19_length_78233_cov_4.250384	43.72	199	111	1	285	482	6071	5482	1.7e-13	84.1
NCVOG4568-consensus	NODE_19_length_78233_cov_4.250384	46.07	178	96	0	305	482	4563	4033	2.4e-13	83.6
NCVOG4568-consensus	NODE_19_length_78233_cov_4.250384	42.57	202	113	3	284	482	7603	7003	6.5e-13	82.2
NCVOG4568-consensus	NODE_19_length_78233_cov_4.250384	45.30	181	99	0	305	485	3656	3117	7.2e-13	82.1
NCVOG4568-consensus	NODE_19_length_78233_cov_4.250384	45.79	190	101	2	294	482	8167	7606	8.1e-13	81.9
NCVOG4568-consensus	NODE_19_length_78233_cov_4.250384	33.46	260	171	2	228	485	3069	2295	9e-13	81.7
NCVOG4568-consensus	NODE_252_length_31412_cov_4.100941	34.55	220	143	1	264	482	28015	27361	1.8e-12	79.5
NCVOG4568-consensus	NODE_522_length_22330_cov_4.123444	29.07	344	216	28	162	482	4871	5876	4.8e-12	77.5
NCVOG4568-consensus	NODE_91_length_45702_cov_4.183627	34.45	209	136	1	278	485	31691	31070	1.3e-11	77.1
NCVOG4568-consensus	NODE_648_length_19692_cov_4.187561	35.15	202	129	2	283	482	775	1369	3.2e-11	74.6
NCVOG4568-consensus	NODE_738_length_18139_cov_4.166759	30.73	205	141	1	282	485	14999	15606	3.9e-11	74.2
NCVOG4568-consensus	NODE_166_length_37431_cov_4.137361	32.27	251	157	13	238	482	8199	7479	5.5e-11	74.8
NCVOG0451-consensus	NODE_164_length_37575_cov_8.388847	36.99	292	173	11	127	412	11174	12031	3.6e-20	105.0
NCVOG0451-consensus	NODE_1732_length_8350_cov_4.442282	37.75	249	146	9	134	375	1475	2212	4.7e-20	102.5
NCVOG0451-consensus	NODE_4127_length_1288_cov_3.587944	35.00	240	148	8	135	366	32	748	1.9e-18	94.4
NCVOG0451-consensus	NODE_3353_length_2347_cov_7.344053	38.24	238	139	8	144	375	716	12	6e-17	90.3
NCVOG0451-consensus	NODE_2613_length_4305_cov_4.164853	34.27	248	154	9	129	372	3945	3220	6.1e-17	91.2
NCVOG0451-consensus	NODE_1197_length_12408_cov_4.085800	38.31	248	145	8	134	375	11882	11148	8.2e-17	92.3
NCVOG0451-consensus	NODE_2953_length_3350_cov_4.376719	34.22	263	161	12	121	375	982	1755	5e-16	87.8
NCVOG0451-consensus	NODE_2867_length_3571_cov_4.469948	34.27	248	155	8	134	375	275	1009	7e-15	84.1
NCVOG0451-consensus	NODE_211_length_33617_cov_4.041145	33.73	249	153	12	134	372	9365	8628	1.4e-13	82.9
NCVOG0451-consensus	NODE_5484_length_636_cov_6.282648	40.38	208	118	6	140	341	636	16	3.1e-13	76.1
NCVOG0451-consensus	NODE_364_length_26438_cov_4.183643	32.34	269	173	9	134	396	20940	21734	3.2e-13	81.4
NCVOG0451-consensus	NODE_3194_length_2721_cov_3.811649	31.15	244	156	12	141	375	744	25	6e-13	77.2
NCVOG0451-consensus	NODE_1375_length_10849_cov_4.256684	34.78	276	163	17	134	403	12	803	6.9e-13	79.0
NCVOG0451-consensus	NODE_2845_length_3640_cov_3.755262	33.47	251	155	12	134	376	94	827	4.2e-12	74.8
NCVOG0451-consensus	NODE_1027_length_14291_cov_4.403757	31.37	271	178	8	140	402	4873	5682	4.8e-12	76.6
NCVOG0451-consensus	NODE_2446_length_4957_cov_4.618238	32.29	223	138	13	129	341	2725	2069	1e-11	74.0
NCVOG0451-consensus	NODE_328_length_27516_cov_4.204563	32.24	245	154	12	134	371	20498	21212	1.3e-11	76.1
NCVOG0451-consensus	NODE_328_length_27516_cov_4.204563	29.57	328	222	9	82	402	22630	23604	1.3e-11	76.1
NCVOG0451-consensus	NODE_6357_length_476_cov_4.365915	38.51	148	87	4	134	277	33	473	2.4e-11	69.4
NCVOG0451-consensus	NODE_4073_length_1340_cov_4.576405	41.33	150	84	4	134	279	1296	850	2.8e-11	70.7
NCVOG0451-consensus	NODE_1370_length_10910_cov_4.013200	36.22	196	118	7	185	375	10909	10331	3.9e-11	73.2
NCVOG0967-consensus	NODE_19_length_78233_cov_4.250384	17.42	706	568	15	74	777	7241	5170	1.2e-22	115.6
NCVOG0967-consensus	NODE_19_length_78233_cov_4.250384	16.46	802	649	21	12	795	4832	2451	7e-17	96.4
NCVOG0967-consensus	NODE_522_length_22330_cov_4.123444	19.40	531	411	17	444	971	4956	6503	4.5e-12	78.6
NCVOG0531-consensus	NODE_530_length_22223_cov_4.306692	32.34	167	105	8	33	191	13508	14005	2.9e-16	91.4
NCVOG0531-consensus	NODE_2179_length_5938_cov_7.642894	26.58	222	132	31	8	199	4237	3582	2.4e-14	83.1
NCVOG0531-consensus	NODE_741_length_18096_cov_4.392697	26.54	211	127	28	8	191	10905	10281	4.8e-13	80.4
NCVOG4111-consensus	NODE_1710_length_8514_cov_4.203982	30.41	194	124	11	88	270	6007	5433	1.1e-12	77.7
NCVOG0301-consensus	NODE_2747_length_3950_cov_3.637749	36.73	147	86	7	363	506	2917	2492	3.9e-13	78.8
NCVOG0021-consensus	NODE_8453_length_308_cov_5.748918	43.88	98	55	0	230	327	302	12	9.6e-17	88.0
NCVOG2860-consensus	NODE_4127_length_1288_cov_3.587944	33.50	203	128	7	162	357	32	637	1.1e-13	78.5
NCVOG2860-consensus	NODE_3169_length_2771_cov_4.094284	35.94	192	116	7	162	346	32	604	1.6e-13	79.0
NCVOG2860-consensus	NODE_612_length_20332_cov_4.093755	31.56	263	170	10	96	348	5680	6465	7.5e-13	79.7
NCVOG2860-consensus	NODE_1375_length_10849_cov_4.256684	35.07	211	128	9	162	363	15	644	2.1e-11	74.0
NCVOG0001-consensus	NODE_2457_length_4898_cov_4.142709	44.59	231	109	19	369	591	858	202	7.5e-51	204.6
NCVOG0001-consensus	NODE_382_length_26055_cov_3.952344	44.64	233	110	19	367	591	864	202	4.7e-43	181.1
NCVOG0001-consensus	NODE_2313_length_5436_cov_4.427132	42.72	206	93	25	369	551	2554	1950	2e-42	176.7
NCVOG0001-consensus	NODE_446_length_24071_cov_4.197549	41.35	208	94	28	367	548	20875	20263	4.5e-41	174.4
NCVOG0001-consensus	NODE_1_length_185755_cov_4.139661	30.79	419	253	37	167	566	115948	117141	1.3e-38	168.9
NCVOG0001-consensus	NODE_416_length_24993_cov_4.390352	31.37	255	147	28	364	594	15807	16556	2.9e-28	131.9
NCVOG0001-consensus	NODE_787_length_17322_cov_4.643375	38.46	312	146	46	314	603	14242	15098	3.2e-22	111.3
NCVOG0001-consensus	NODE_338_length_27080_cov_4.137911	34.03	288	136	54	324	568	7068	7891	3.2e-21	108.6
NCVOG0001-consensus	NODE_338_length_27080_cov_4.137911	37.94	253	101	56	348	556	6075	6788	6.8e-30	137.4
NCVOG0001-consensus	NODE_120_length_42564_cov_4.147669	33.67	294	138	57	324	571	42507	41668	6.4e-18	98.3
NCVOG0001-consensus	NODE_6108_length_507_cov_5.400000	34.32	169	78	33	412	555	502	27	5.6e-16	85.5
NCVOG0001-consensus	NODE_787_length_17322_cov_4.643375	32.13	333	158	68	328	595	6766	5788	7.8e-16	90.1
NCVOG0001-consensus	NODE_40_length_59701_cov_3.920854	33.22	295	120	77	363	595	7199	8033	2e-15	90.5
NCVOG0001-consensus	NODE_513_length_22595_cov_3.991029	26.21	557	347	64	56	555	9309	10949	1.5e-14	86.2
NCVOG0001-consensus	NODE_3055_length_3069_cov_3.947861	33.33	276	124	60	331	555	1617	2406	3.4e-13	78.8
NCVOG0001-consensus	NODE_2536_length_4574_cov_4.279297	31.40	293	138	63	357	605	2880	3696	6.5e-13	78.5
NCVOG0001-consensus	NODE_6636_length_444_cov_3.212534	42.65	68	36	3	353	420	197	6	8.5e-13	74.7
NCVOG0001-consensus	NODE_1224_length_12187_cov_3.976548	34.18	275	139	42	351	602	6294	7056	1.2e-12	79.0
NCVOG0001-consensus	NODE_2445_length_4959_cov_4.376895	31.74	293	137	63	357	605	49	859	1.3e-12	77.6
NCVOG0001-consensus	NODE_6903_length_416_cov_5.117994	48.48	66	31	3	351	416	191	6	2.1e-12	73.3
NCVOG0001-consensus	NODE_1687_length_8672_cov_4.374520	33.92	286	147	42	343	605	3958	4753	2.1e-12	77.7
NCVOG0001-consensus	NODE_1289_length_11594_cov_4.482893	34.18	275	122	59	331	555	1630	2418	6.8e-12	76.4
NCVOG0001-consensus	NODE_3671_length_1847_cov_6.057062	27.84	255	148	36	322	555	1478	766	9.5e-12	73.3
NCVOG1197-consensus	NODE_977_length_14811_cov_4.212637	27.46	284	201	5	110	389	2188	3033	1.6e-19	101.9
NCVOG1197-consensus	NODE_883_length_15965_cov_8.629217	27.16	335	237	7	59	389	3542	2550	5.5e-17	93.6
NCVOG4518-consensus	NODE_55_length_55137_cov_4.193008	34.10	522	255	89	50	554	27568	26226	3.1e-28	132.8
NCVOG2058-consensus	NODE_1732_length_8350_cov_4.442282	34.36	326	202	12	54	369	1148	2116	1.1e-18	97.9
NCVOG2058-consensus	NODE_164_length_37575_cov_8.388847	42.51	287	155	10	91	368	11252	12106	1.7e-15	89.4
NCVOG2058-consensus	NODE_2613_length_4305_cov_4.164853	36.59	287	170	12	93	371	4053	3208	2.5e-15	85.7
NCVOG2058-consensus	NODE_1168_length_12609_cov_4.209783	31.48	378	243	16	17	383	4384	5495	5.7e-14	82.8
NCVOG2058-consensus	NODE_224_length_32940_cov_4.580197	35.10	302	187	9	91	385	19316	20212	1.2e-13	83.1
NCVOG2058-consensus	NODE_5484_length_636_cov_6.282648	43.54	209	112	6	108	310	636	13	3e-12	72.8
NCVOG2058-consensus	NODE_328_length_27516_cov_4.204563	34.74	331	191	25	25	341	20190	21142	3.3e-12	78.1
NCVOG2058-consensus	NODE_328_length_27516_cov_4.204563	32.33	331	214	10	47	369	22627	23610	3.3e-12	78.1
NCVOG2058-consensus	NODE_2953_length_3350_cov_4.376719	32.34	368	228	21	26	375	875	1962	5.6e-12	74.3
NCVOG2058-consensus	NODE_1027_length_14291_cov_4.403757	38.19	288	166	12	89	365	4531	5388	7.2e-12	76.0
NCVOG2058-consensus	NODE_4127_length_1288_cov_3.587944	34.97	326	166	46	90	369	83	1057	7.3e-12	72.5
NCVOG2058-consensus	NODE_131_length_41032_cov_4.005933	35.87	276	168	9	109	375	19356	18532	7.7e-12	77.4
NCVOG2058-consensus	NODE_3194_length_2721_cov_3.811649	32.50	240	153	9	109	339	744	28	1.1e-11	73.1
NCVOG2058-consensus	NODE_3169_length_2771_cov_4.094284	38.41	289	161	17	95	368	5	862	1.5e-11	72.5
NCVOG2058-consensus	NODE_685_length_18975_cov_4.257752	35.05	331	193	22	51	368	13949	14911	2.1e-11	74.9
NCVOG2058-consensus	NODE_211_length_33617_cov_4.041145	31.91	329	204	20	53	367	9593	8628	2.1e-11	75.7
NCVOG2058-consensus	NODE_1375_length_10849_cov_4.256684	42.40	217	115	10	103	309	3	650	3e-11	73.5
NCVOG2058-consensus	NODE_612_length_20332_cov_4.093755	30.20	351	227	18	32	368	5482	6519	3.1e-11	74.4
NCVOG2058-consensus	NODE_812_length_16993_cov_4.415524	35.22	301	183	12	93	384	16872	15986	7.1e-11	72.9
NCVOG2058-consensus	NODE_2206_length_5842_cov_4.201561	38.87	283	160	13	91	363	2892	2060	7.3e-11	71.4
NCVOG2058-consensus	NODE_3884_length_1561_cov_4.103100	31.93	285	180	14	103	373	1456	605	8.8e-11	69.2
NCVOG2058-consensus	NODE_5347_length_668_cov_5.529611	44.72	161	83	6	93	247	165	644	1e-10	67.8
NCVOG0066-consensus	NODE_3900_length_1533_cov_4.796703	32.03	359	210	34	112	445	490	1530	2.1e-42	174.8
NCVOG0066-consensus	NODE_1538_length_9594_cov_4.386151	35.94	281	153	27	146	402	49	877	7.5e-42	175.6
NCVOG0066-consensus	NODE_2_length_151791_cov_4.172061	35.54	408	212	51	76	453	17781	16626	8.1e-40	172.8
NCVOG0066-consensus	NODE_2124_length_6226_cov_4.011384	34.99	363	197	39	98	434	3839	4879	1.2e-35	154.3
NCVOG0066-consensus	NODE_1500_length_9810_cov_3.932087	33.25	421	215	66	94	460	4369	3152	3.8e-27	126.8
NCVOG0066-consensus	NODE_529_length_22228_cov_3.815494	28.25	308	197	24	151	447	12288	11407	7.6e-25	120.3
NCVOG0066-consensus	NODE_1000_length_14563_cov_4.162088	33.66	410	205	67	112	469	11650	12825	2.6e-24	117.9
NCVOG0066-consensus	NODE_197_length_34594_cov_4.503621	29.14	350	201	47	85	398	1027	18	1.3e-23	116.8
NCVOG0066-consensus	NODE_3591_length_1967_cov_4.012169	32.99	288	150	43	142	390	1166	318	2.6e-21	105.1
NCVOG0066-consensus	NODE_1352_length_11091_cov_4.233249	38.18	165	83	19	142	287	528	45	8.4e-20	102.6
NCVOG0066-consensus	NODE_277_length_30219_cov_4.008692	36.04	197	108	18	256	448	26620	26077	4.4e-16	91.7
NCVOG0066-consensus	NODE_5177_length_715_cov_4.313480	33.33	105	64	6	289	390	99	401	2.2e-11	70.7
NCVOG4108-consensus	NODE_1732_length_8350_cov_4.442282	23.10	554	360	66	20	535	1026	2596	6e-13	79.4
NCVOG0038-consensus	NODE_847_length_16472_cov_4.065630	30.10	1093	475	289	148	972	5956	9142	1.9e-23	116.1
NCVOG0038-consensus	NODE_245_length_31991_cov_4.296046	25.91	799	376	216	344	963	20139	17877	6.5e-15	88.7
NCVOG0038-consensus	NODE_701_length_18776_cov_4.426761	26.50	951	440	259	207	989	3406	5958	6.7e-15	87.9
NCVOG0038-consensus	NODE_1141_length_12831_cov_25.550886	26.35	611	379	71	326	921	5605	7266	2e-14	85.8
NCVOG0038-consensus	NODE_674_length_19238_cov_32.762643	26.36	626	373	88	269	867	6416	8095	7.1e-14	84.5
NCVOG0228-consensus	NODE_3401_length_2260_cov_3.193312	30.74	501	263	84	498	922	2089	620	4.8e-17	91.7
NCVOG0228-consensus	NODE_1698_length_8587_cov_4.534313	28.55	711	370	138	327	922	1057	3107	1.2e-16	92.4
NCVOG1128-consensus	NODE_29_length_67095_cov_4.124399	30.14	209	110	36	136	319	62320	62910	2.7e-17	96.3
NCVOG1128-consensus	NODE_29_length_67095_cov_4.124399	30.22	225	117	40	126	319	40436	41080	7.5e-19	101.4
NCVOG1128-consensus	NODE_1873_length_7558_cov_4.245021	28.57	259	159	26	32	271	2595	1847	3.5e-17	92.7
NCVOG1128-consensus	NODE_1691_length_8657_cov_4.674476	34.92	126	76	6	153	278	5069	5425	4.7e-13	79.2
NCVOG1128-consensus	NODE_3149_length_2816_cov_4.270172	36.36	77	49	0	154	230	2028	1801	3.4e-12	74.7
NCVOG1128-consensus	NODE_102_length_44259_cov_4.245248	26.27	217	137	23	123	318	3000	3637	1.1e-11	77.0
NCVOG1128-consensus	NODE_1960_length_7021_cov_3.743664	38.96	77	44	3	158	233	4998	4777	5e-11	72.2
NCVOG0280-consensus	NODE_1781_length_8110_cov_4.591560	21.02	1327	950	98	285	1549	1687	5550	1.2e-23	116.4
NCVOG0280-consensus	NODE_929_length_15405_cov_4.366127	22.71	1330	864	164	420	1644	15388	11579	2.4e-23	116.4
NCVOG0280-consensus	NODE_1116_length_13121_cov_4.503450	21.02	1508	1036	155	47	1476	8343	12614	9.5e-12	77.6
NCVOG0218-consensus	NODE_767_length_17638_cov_4.121291	32.75	681	356	102	300	902	6523	8478	6.3e-31	141.1
NCVOG0218-consensus	NODE_855_length_16368_cov_4.159475	32.02	709	392	90	355	1004	2046	32	8.5e-20	104.0
NCVOG0218-consensus	NODE_3121_length_2889_cov_4.341750	30.88	557	295	90	390	863	1253	2885	5.2e-17	92.2
NCVOG0218-consensus	NODE_1166_length_12620_cov_4.079487	26.61	466	325	17	499	951	1034	2406	1.2e-15	89.9
NCVOG0218-consensus	NODE_1444_length_10295_cov_4.196712	41.84	294	140	31	502	786	8245	7437	5.4e-15	87.4
NCVOG0218-consensus	NODE_360_length_26636_cov_4.347265	32.12	358	209	34	526	854	3955	2900	2e-14	86.9
NCVOG0218-consensus	NODE_826_length_16738_cov_4.079947	37.12	299	152	36	617	885	8417	7556	3.1e-14	85.6
NCVOG0218-consensus	NODE_559_length_21534_cov_4.047164	34.20	348	194	35	504	819	10310	11329	4.2e-14	85.5
NCVOG0218-consensus	NODE_2078_length_6444_cov_4.456573	28.53	389	264	14	526	901	5702	4542	4.5e-14	83.7
NCVOG0218-consensus	NODE_262_length_30759_cov_4.181735	28.29	721	417	100	316	943	12301	10183	6.4e-14	85.4
NCVOG0218-consensus	NODE_1150_length_12724_cov_4.396458	37.91	211	120	11	648	851	2224	1607	9.5e-12	76.9
NCVOG0218-consensus	NODE_766_length_17667_cov_4.288175	32.84	335	194	31	597	902	2016	3011	1.1e-11	77.2
NCVOG0218-consensus	NODE_1898_length_7422_cov_4.428727	56.43	140	48	13	740	868	3116	3526	2.7e-11	74.6
NCVOG0218-consensus	NODE_902_length_15716_cov_4.271501	36.73	373	161	75	601	901	14530	15618	4.7e-11	74.9
NCVOG0218-consensus	NODE_1046_length_13922_cov_4.041459	53.44	131	55	6	723	849	60	443	8e-11	74.0
NCVOG0018-consensus	NODE_2319_length_5422_cov_5.109074	20.14	998	761	36	117	1111	4354	1463	2e-27	127.8
NCVOG0018-consensus	NODE_1410_length_10587_cov_4.095147	18.97	875	670	39	245	1109	1816	4350	1e-18	99.9
NCVOG0018-consensus	NODE_369_length_26373_cov_4.487717	17.68	888	691	40	274	1126	5663	3018	1.9e-15	90.4
NCVOG0018-consensus	NODE_1100_length_13358_cov_4.107823	21.08	574	436	17	555	1111	9918	8200	4.7e-13	81.4
NCVOG4344-consensus	NODE_2768_length_3873_cov_3.847998	32.20	323	190	29	23	336	1724	2629	1.3e-14	83.5
NCVOG4344-consensus	NODE_201_length_34371_cov_4.074240	30.58	242	154	14	133	370	13790	13102	1.4e-14	86.6
NCVOG4344-consensus	NODE_47_length_57365_cov_4.174242	30.19	318	205	17	14	327	29700	28789	3.6e-14	86.0
NCVOG4344-consensus	NODE_224_length_32940_cov_4.580197	31.46	321	205	15	23	342	6850	5933	8.2e-12	77.3
NCVOG0670-consensus	NODE_141_length_39781_cov_4.081780	21.83	458	319	39	33	465	31923	33241	2.4e-23	116.4
NCVOG0670-consensus	NODE_540_length_22012_cov_4.051014	23.28	262	183	18	198	452	5423	6172	2.2e-15	89.1
NCVOG4170-consensus	NODE_2306_length_5463_cov_4.041961	37.56	394	161	85	32	345	2827	3986	2.7e-28	129.0
NCVOG4170-consensus	NODE_1821_length_7856_cov_4.237820	37.73	379	148	88	50	345	6127	7241	1.6e-12	77.1
NCVOG1044-consensus	NODE_2014_length_6735_cov_5.511865	25.20	250	171	16	162	401	1670	2398	3.2e-17	93.0
NCVOG1044-consensus	NODE_2592_length_4387_cov_12.245068	24.59	244	168	16	171	407	1529	828	1.2e-16	90.5
NCVOG1044-consensus	NODE_1958_length_7027_cov_4.093813	21.54	246	178	15	160	397	4120	4833	1.3e-13	81.0
NCVOG1044-consensus	NODE_493_length_23021_cov_3.911654	27.10	262	160	31	159	404	7290	8027	4.2e-13	81.0
NCVOG0720-consensus	NODE_1498_length_9834_cov_4.107820	40.46	131	72	6	42	167	5850	6236	6.5e-16	87.7
NCVOG0720-consensus	NODE_1498_length_9834_cov_4.107820	35.53	152	84	14	22	166	5233	4802	6.4e-15	84.4
NCVOG0044-consensus	NODE_929_length_15405_cov_4.366127	31.50	200	120	17	257	453	5074	5628	2.4e-13	82.3
NCVOG0044-consensus	NODE_929_length_15405_cov_4.366127	38.54	96	58	1	331	426	7176	7457	6.1e-14	84.3
NCVOG0044-consensus	NODE_1780_length_8133_cov_7.656281	29.14	175	117	7	336	509	208	711	7.8e-13	79.7
NCVOG0044-consensus	NODE_966_length_14925_cov_4.158675	27.12	177	121	8	257	433	12117	11614	2.7e-12	78.8
NCVOG0044-consensus	NODE_9_length_89371_cov_4.007145	28.71	303	161	55	224	485	53404	52543	1.1e-11	79.4
NCVOG0044-consensus	NODE_194_length_34772_cov_4.124052	29.26	229	117	45	232	426	1371	2021	1.6e-11	77.4
