NCVOG0719-consensus	NODE_483_length_17310_cov_14.872396	29.94	167	116	1	58	223	1224	1721	9.1e-17	91.4
NCVOG0719-consensus	NODE_405_length_18831_cov_14.350059	30.00	170	118	1	55	223	8365	8871	1.5e-16	90.7
NCVOG0719-consensus	NODE_621_length_15236_cov_13.723860	33.33	225	123	27	81	278	1851	1182	8e-14	81.4
NCVOG0719-consensus	NODE_2060_length_5541_cov_15.771392	26.90	316	148	83	48	280	2072	3012	3.1e-13	78.0
NCVOG0719-consensus	NODE_2077_length_5483_cov_16.082871	27.68	289	135	74	47	261	3634	4493	3.8e-13	77.7
NCVOG0321-consensus	NODE_6648_length_630_cov_20.453888	58.21	67	27	1	438	504	504	310	2e-14	79.6
NCVOG0321-consensus	NODE_5_length_287051_cov_9.368072	23.81	462	286	66	98	507	58950	60290	8e-14	85.6
NCVOG0333-consensus	NODE_17448_length_311_cov_20.888889	49.44	89	36	9	607	695	311	75	2.2e-11	69.0
NCVOG2223-consensus	NODE_1011_length_11154_cov_15.520267	32.54	209	113	28	688	871	6855	7467	9.4e-20	102.3
NCVOG2223-consensus	NODE_1214_length_9594_cov_15.740990	32.54	209	113	28	688	871	8911	8299	3.2e-19	100.3
NCVOG0233-consensus	NODE_1_length_536061_cov_26.819963	37.09	895	478	85	27	847	298788	296140	5.1e-59	236.5
NCVOG0233-consensus	NODE_16_length_114892_cov_26.030580	27.12	859	485	141	131	849	101891	104461	1.9e-37	164.4
NCVOG0233-consensus	NODE_358_length_20178_cov_14.654744	32.55	931	445	183	94	843	15869	13096	1.1e-31	142.8
NCVOG0233-consensus	NODE_326_length_20838_cov_14.766822	32.98	931	441	183	94	843	15875	13102	1.1e-31	142.8
NCVOG0233-consensus	NODE_16_length_114892_cov_26.030580	32.65	931	438	189	89	832	28194	25415	3.4e-31	143.7
NCVOG0233-consensus	NODE_5058_length_952_cov_15.025143	31.55	336	187	43	40	357	944	15	9.1e-28	125.3
NCVOG0233-consensus	NODE_4637_length_1192_cov_16.836771	29.44	411	222	68	40	407	1184	30	1.3e-27	125.2
NCVOG0233-consensus	NODE_2_length_316241_cov_26.356021	27.65	839	438	169	138	833	140484	138053	5e-25	123.5
NCVOG0233-consensus	NODE_670_length_14623_cov_14.025505	26.16	799	508	82	92	862	5570	3349	1.5e-21	108.6
NCVOG0233-consensus	NODE_2742_length_3712_cov_16.832828	29.35	477	267	70	137	554	1412	18	1.9e-21	106.3
NCVOG0233-consensus	NODE_302_length_21690_cov_15.455282	27.45	612	380	64	92	681	16597	18297	6.2e-21	107.2
NCVOG0233-consensus	NODE_1271_length_9133_cov_15.015459	29.28	683	385	98	137	733	4557	2548	9.3e-21	105.3
NCVOG0233-consensus	NODE_2002_length_5724_cov_15.548433	29.88	840	368	221	228	851	3588	1099	2.1e-20	103.5
NCVOG0233-consensus	NODE_2002_length_5724_cov_15.548433	35.00	160	80	24	93	228	4234	3762	5.6e-13	78.8
NCVOG0233-consensus	NODE_5796_length_710_cov_20.030016	42.61	115	64	2	559	671	536	195	7.2e-20	98.7
NCVOG0233-consensus	NODE_4118_length_1630_cov_17.895042	28.91	505	277	82	398	823	1609	109	1.2e-19	99.1
NCVOG0233-consensus	NODE_291_length_21986_cov_13.929253	26.40	803	437	154	101	762	14861	12503	8.1e-19	100.1
NCVOG0233-consensus	NODE_28_length_75704_cov_27.607746	26.65	803	438	151	99	762	72739	70370	4.5e-18	99.4
NCVOG0233-consensus	NODE_16177_length_329_cov_14.214286	41.49	94	55	0	263	356	296	18	9.8e-15	80.5
NCVOG0233-consensus	NODE_392_length_19048_cov_14.216383	26.24	846	492	132	11	764	1855	4247	4.5e-11	74.2
NCVOG0023-consensus	NODE_5_length_287051_cov_9.368072	35.00	380	224	23	436	806	30901	31995	1.1e-42	182.2
NCVOG0023-consensus	NODE_5_length_287051_cov_9.368072	28.93	522	336	35	337	837	142442	143962	2.5e-43	184.3
NCVOG0023-consensus	NODE_17_length_109247_cov_24.322305	35.26	329	197	16	480	806	42757	41816	7.4e-37	162.3
NCVOG0023-consensus	NODE_2933_length_3300_cov_3.437481	26.30	578	367	59	302	849	2420	781	1.4e-32	143.1
NCVOG0023-consensus	NODE_1209_length_9613_cov_27.024119	31.34	469	286	36	375	825	2164	815	4.1e-32	143.1
NCVOG0023-consensus	NODE_123_length_31783_cov_12.003879	25.09	546	359	50	320	841	8330	6774	5.6e-25	121.1
NCVOG0023-consensus	NODE_55_length_44615_cov_14.452490	25.00	400	278	22	444	841	28291	29427	1.1e-23	117.3
NCVOG0023-consensus	NODE_2538_length_4152_cov_40.341104	29.28	403	258	27	443	832	2122	965	3e-23	112.4
NCVOG0023-consensus	NODE_118_length_32235_cov_13.626376	24.89	450	299	39	377	804	28369	29664	1.1e-22	113.5
NCVOG0023-consensus	NODE_574_length_15846_cov_22.530091	26.44	450	277	54	420	832	13062	14351	2.6e-15	88.0
NCVOG1192-consensus	NODE_1209_length_9613_cov_27.024119	31.60	212	113	32	81	263	7713	8336	2.1e-25	119.5
NCVOG1192-consensus	NODE_5_length_287051_cov_9.368072	30.53	226	123	34	70	265	134584	133922	9.1e-21	108.1
NCVOG0297-consensus	NODE_3_length_302721_cov_26.368509	30.08	246	151	21	301	537	6120	5422	6.2e-13	82.7
NCVOG0297-consensus	NODE_44_length_49104_cov_25.707590	32.64	193	113	17	361	538	41942	41373	2.3e-11	75.9
NCVOG0297-consensus	NODE_1567_length_7548_cov_16.774060	31.09	238	142	22	255	482	5062	4388	7.1e-11	71.5
NCVOG0663-consensus	NODE_1_length_536061_cov_26.819963	23.64	461	302	50	171	588	306448	307806	3.4e-28	133.6
NCVOG0073-consensus	NODE_1995_length_5745_cov_12.876147	40.84	622	347	21	22	640	4238	2430	1e-96	357.1
NCVOG0073-consensus	NODE_445_length_18023_cov_13.827984	40.68	622	348	21	22	640	13818	12010	3.3e-96	357.1
NCVOG0073-consensus	NODE_743_length_13835_cov_17.824393	40.13	623	349	24	22	640	8239	6434	3.3e-94	350.0
NCVOG0073-consensus	NODE_795_length_13074_cov_15.638917	38.98	626	363	19	22	643	4854	3025	6.1e-92	342.4
NCVOG0073-consensus	NODE_569_length_15909_cov_15.354851	38.88	625	363	19	23	643	6661	4835	7.4e-92	342.4
NCVOG0073-consensus	NODE_1_length_536061_cov_26.819963	40.40	651	359	29	19	666	117230	119101	3e-69	270.6
NCVOG0073-consensus	NODE_618_length_15276_cov_14.537272	27.52	625	424	29	23	641	13250	11448	1.2e-57	228.8
NCVOG0073-consensus	NODE_12_length_153482_cov_27.637580	34.32	679	399	47	19	667	55673	53695	2.6e-42	181.1
NCVOG0073-consensus	NODE_3577_length_2267_cov_21.692694	27.67	412	278	20	53	455	37	1236	2.9e-37	158.3
NCVOG0073-consensus	NODE_614_length_15322_cov_15.086979	25.85	325	232	9	138	458	13470	12514	4.4e-21	107.3
NCVOG0073-consensus	NODE_16294_length_327_cov_19.760000	39.81	108	65	0	165	272	327	7	3.2e-15	82.3
NCVOG0073-consensus	NODE_9296_length_494_cov_11.299760	31.37	153	101	4	53	205	28	471	7.4e-15	81.6
NCVOG0073-consensus	NODE_33254_length_188_cov_30.882883	66.67	66	16	6	163	226	1	183	3.1e-13	74.9
NCVOG1068-consensus	NODE_5_length_287051_cov_9.368072	49.61	127	63	1	112	237	33427	33804	1e-29	137.3
NCVOG1068-consensus	NODE_17_length_109247_cov_24.322305	42.96	135	76	1	106	239	39858	39457	7.4e-25	120.7
NCVOG1068-consensus	NODE_150_length_29356_cov_15.694115	39.88	168	53	48	102	221	16628	16132	1.3e-14	84.8
NCVOG2643-consensus	NODE_1_length_536061_cov_26.819963	30.25	314	157	62	4	260	355765	354846	8.5e-19	101.1
NCVOG0613-consensus	NODE_1674_length_6983_cov_13.871127	35.34	133	79	7	2	128	5141	4749	7.8e-22	105.8
NCVOG0613-consensus	NODE_253_length_23311_cov_17.363046	35.34	133	79	7	2	128	22069	21677	3e-21	105.5
NCVOG0613-consensus	NODE_574_length_15846_cov_22.530091	36.13	119	71	5	15	129	3765	4115	6e-19	97.3
NCVOG4523-consensus	NODE_9_length_170348_cov_26.585343	35.88	931	412	185	6	818	76596	79148	1.5e-20	109.0
NCVOG1353-consensus	NODE_985_length_11317_cov_16.387011	59.17	796	279	46	38	789	3085	711	0	905.2
NCVOG1353-consensus	NODE_17_length_109247_cov_24.322305	52.05	780	357	17	36	801	105959	108286	0	839.8
NCVOG1353-consensus	NODE_5_length_287051_cov_9.368072	38.16	815	256	248	26	592	109659	112100	2.5e-131	476.5
NCVOG1353-consensus	NODE_5_length_287051_cov_9.368072	50.72	209	95	8	601	801	112140	112763	1.9e-53	217.9
NCVOG1353-consensus	NODE_15786_length_335_cov_13.317829	77.27	110	24	1	292	400	4	330	1.9e-49	195.7
NCVOG1353-consensus	NODE_21604_length_266_cov_9.603175	67.06	85	28	0	696	780	1	252	5e-31	134.2
NCVOG1353-consensus	NODE_30727_length_203_cov_13.587302	63.24	68	24	1	428	495	1	198	2.5e-17	88.3
NCVOG1353-consensus	NODE_45402_length_155_cov_12.717949	70.00	50	15	0	196	245	154	8	4.1e-17	87.2
NCVOG1353-consensus	NODE_45920_length_155_cov_12.217949	74.00	50	13	0	264	313	155	9	2.5e-15	81.3
NCVOG1353-consensus	NODE_47212_length_155_cov_10.794872	58.82	51	21	0	159	209	153	4	1.4e-14	78.8
NCVOG1353-consensus	NODE_43084_length_155_cov_15.166667	68.75	48	15	0	547	594	152	12	5.3e-14	76.9
NCVOG1353-consensus	NODE_47631_length_155_cov_10.269231	59.62	52	20	1	471	522	155	6	8.4e-11	66.3
NCVOG1346-consensus	NODE_57_length_44173_cov_25.199088	40.30	201	118	2	20	220	22861	23454	5e-28	129.8
NCVOG1346-consensus	NODE_5_length_287051_cov_9.368072	40.64	187	109	2	33	219	178567	179118	4.6e-25	121.6
NCVOG1343-consensus	NODE_5_length_287051_cov_9.368072	26.30	327	225	16	48	369	87654	88598	1.7e-12	80.8
NCVOG4045-consensus	NODE_3508_length_2359_cov_15.936897	31.79	195	124	9	129	317	1647	2219	6.6e-15	82.7
NCVOG4105-consensus	NODE_4_length_292018_cov_26.877585	37.54	1039	586	63	43	1064	70494	73469	7.6e-41	176.4
NCVOG4105-consensus	NODE_3595_length_2238_cov_22.230449	27.23	683	395	102	36	659	168	2080	3.4e-13	78.5
NCVOG0245-consensus	NODE_5_length_287051_cov_9.368072	30.32	277	183	10	34	307	72601	73407	1.2e-31	144.1
NCVOG0245-consensus	NODE_5_length_287051_cov_9.368072	29.47	285	186	15	34	312	158560	157736	6.1e-30	138.3
NCVOG0245-consensus	NODE_57_length_44173_cov_25.199088	28.27	283	191	12	34	313	5920	5102	3.9e-28	130.6
NCVOG1045-consensus	NODE_244_length_23507_cov_14.643534	23.94	543	286	127	129	550	14630	16237	4.8e-14	83.8
NCVOG0305-consensus	NODE_3306_length_2646_cov_18.384585	30.81	211	135	11	1304	1506	719	99	6.3e-11	71.7
NCVOG0248-consensus	NODE_5_length_287051_cov_9.368072	30.80	461	287	32	45	490	7992	9314	8.6e-31	141.9
NCVOG0248-consensus	NODE_17_length_109247_cov_24.322305	30.56	468	244	81	45	493	19105	20319	2.3e-11	76.9
NCVOG0105-consensus	NODE_1694_length_6912_cov_16.122312	22.67	913	576	130	23	891	3173	5636	9.8e-17	91.8
NCVOG0105-consensus	NODE_204_length_25933_cov_14.252823	22.08	915	575	138	23	891	21405	23868	3.7e-16	91.8
NCVOG0105-consensus	NODE_306_length_21590_cov_15.893553	21.05	646	424	86	312	891	3690	1830	3.7e-12	78.2
NCVOG0105-consensus	NODE_957_length_11552_cov_15.930806	26.63	199	140	6	704	896	6792	7385	4.2e-12	77.1
NCVOG0105-consensus	NODE_1472_length_7982_cov_17.252498	29.14	175	113	11	707	872	2831	2316	4.9e-11	73.1
NCVOG1216-consensus	NODE_25_length_84916_cov_23.477434	27.93	358	232	26	2	345	1957	2991	8.5e-19	100.7
NCVOG1216-consensus	NODE_5_length_287051_cov_9.368072	27.24	323	208	27	2	312	200669	201589	2.9e-18	99.7
NCVOG4804-consensus	NODE_847_length_12524_cov_24.134812	63.89	108	38	1	74	180	10449	10769	2.8e-21	105.4
NCVOG4804-consensus	NODE_1806_length_6468_cov_16.101236	52.94	136	56	8	45	180	2913	3293	1.9e-19	98.4
NCVOG4804-consensus	NODE_30168_length_206_cov_15.178295	67.69	65	21	0	116	180	206	15	6.6e-13	71.7
NCVOG0249-consensus	NODE_1492_length_7928_cov_19.284677	35.16	256	160	6	12	262	6178	6939	2.7e-21	105.8
NCVOG0249-consensus	NODE_5_length_287051_cov_9.368072	36.59	246	150	6	12	252	278870	278139	5.4e-20	105.6
NCVOG0249-consensus	NODE_1400_length_8357_cov_11.603261	34.25	219	138	6	49	262	7635	6985	2.5e-17	92.7
NCVOG0249-consensus	NODE_11610_length_418_cov_26.639296	38.57	140	80	6	94	228	418	5	2.8e-11	68.3
NCVOG4883-consensus	NODE_612_length_15333_cov_16.502098	33.26	427	250	35	40	460	11426	10236	1.9e-34	150.7
NCVOG2979-consensus	NODE_2970_length_3234_cov_13.344948	33.33	132	85	3	111	241	1905	1519	2.3e-20	100.7
NCVOG2979-consensus	NODE_1225_length_9454_cov_13.214248	33.09	136	88	3	107	241	1393	1791	1.5e-19	99.6
NCVOG0360-consensus	NODE_3217_length_2802_cov_17.539817	43.10	297	162	7	24	315	598	1479	1.2e-63	244.6
NCVOG0360-consensus	NODE_42154_length_155_cov_16.307692	54.90	51	23	0	143	193	155	6	1.9e-11	67.1
NCVOG0979-consensus	NODE_41_length_52746_cov_26.252340	46.89	322	143	28	33	328	42939	41983	2.5e-83	314.5
NCVOG0262-consensus	NODE_25_length_84916_cov_23.477434	28.64	625	383	63	25	625	24641	26371	2.1e-11	77.0
NCVOG0274-consensus	NODE_658_length_14737_cov_15.713915	39.05	1498	700	213	31	1339	4990	9400	2e-97	361.4
NCVOG0274-consensus	NODE_34_length_64212_cov_13.609168	34.30	1481	746	227	57	1364	54738	58993	3.7e-65	256.3
NCVOG0274-consensus	NODE_48_length_47918_cov_13.341109	33.74	1488	752	234	54	1364	39285	43564	8.7e-65	254.7
NCVOG0274-consensus	NODE_5_length_287051_cov_9.368072	36.79	1079	470	212	100	1002	234158	231035	4.6e-59	237.2
NCVOG0274-consensus	NODE_5_length_287051_cov_9.368072	34.22	374	233	13	1001	1367	229918	228818	1.8e-39	172.1
NCVOG0274-consensus	NODE_5_length_287051_cov_9.368072	48.19	83	40	3	20	99	234407	234162	1.1e-14	89.7
NCVOG0274-consensus	NODE_25_length_84916_cov_23.477434	33.74	1491	696	292	99	1364	37895	33633	3.2e-44	187.2
NCVOG0274-consensus	NODE_25_length_84916_cov_23.477434	47.06	85	42	3	16	97	38153	37902	5.7e-14	86.7
NCVOG0274-consensus	NODE_9289_length_494_cov_12.985612	55.42	166	69	5	212	375	4	489	9.9e-40	164.8
NCVOG0274-consensus	NODE_155_length_28966_cov_17.848074	31.86	1334	716	193	201	1364	14730	10807	1e-35	157.4
NCVOG0274-consensus	NODE_385_length_19241_cov_16.337873	31.35	1330	728	185	201	1364	4612	8535	1.3e-35	156.4
NCVOG0274-consensus	NODE_30790_length_203_cov_11.190476	65.67	67	23	0	450	516	203	6	3.9e-19	95.1
NCVOG0274-consensus	NODE_14020_length_364_cov_11.721254	53.33	120	22	34	769	854	358	6	3.3e-15	82.9
NCVOG0274-consensus	NODE_31253_length_200_cov_13.666667	60.94	64	25	0	952	1015	7	195	2.1e-14	79.4
NCVOG0274-consensus	NODE_1632_length_7198_cov_16.153490	49.28	69	30	5	31	94	212	9	5e-12	76.7
NCVOG0074-consensus	NODE_743_length_13835_cov_17.824393	66.72	604	200	1	8	610	8239	6431	0	770.2
NCVOG0074-consensus	NODE_1995_length_5745_cov_12.876147	64.09	635	223	5	8	637	4238	2337	1.4e-218	761.3
NCVOG0074-consensus	NODE_445_length_18023_cov_13.827984	63.62	635	226	5	8	637	13818	11917	1.3e-216	756.5
NCVOG0074-consensus	NODE_1_length_536061_cov_26.819963	58.24	613	250	6	6	616	117233	119056	6.4e-189	667.5
NCVOG0074-consensus	NODE_795_length_13074_cov_15.638917	55.90	619	265	8	3	616	4869	3025	1e-184	650.1
NCVOG0074-consensus	NODE_569_length_15909_cov_15.354851	56.12	613	261	8	9	616	6661	4835	5.3e-184	648.0
NCVOG0074-consensus	NODE_12_length_153482_cov_27.637580	44.18	670	322	52	6	637	55670	53710	3.4e-117	429.3
NCVOG0074-consensus	NODE_618_length_15276_cov_14.537272	38.13	611	358	20	9	611	13250	11457	2.8e-96	356.5
NCVOG0074-consensus	NODE_3577_length_2267_cov_21.692694	30.23	622	396	38	37	625	31	1878	5.7e-60	233.1
NCVOG0074-consensus	NODE_614_length_15322_cov_15.086979	26.90	513	332	43	16	489	13814	12295	3.9e-34	150.1
NCVOG0074-consensus	NODE_9296_length_494_cov_11.299760	42.86	154	85	3	37	187	22	480	1.7e-24	113.1
NCVOG0074-consensus	NODE_31635_length_197_cov_27.225000	76.92	65	15	0	26	90	1	192	1.3e-23	108.8
NCVOG0074-consensus	NODE_16294_length_327_cov_19.760000	50.00	108	51	3	144	248	327	7	1.5e-22	106.0
NCVOG0074-consensus	NODE_29004_length_212_cov_33.185185	70.00	70	21	0	210	279	212	6	5.2e-22	103.6
NCVOG0074-consensus	NODE_33254_length_188_cov_30.882883	85.48	62	8	1	142	202	1	183	1e-21	102.5
NCVOG0074-consensus	NODE_29508_length_209_cov_36.181818	72.06	68	19	0	328	395	1	201	3.8e-21	100.7
NCVOG0074-consensus	NODE_7944_length_551_cov_16.084388	30.22	182	122	5	243	420	548	9	9.2e-19	94.2
NCVOG0074-consensus	NODE_26528_length_227_cov_15.993333	49.33	75	38	0	274	348	3	224	3.9e-16	84.2
NCVOG0074-consensus	NODE_39659_length_155_cov_38.294872	70.59	51	15	0	264	314	155	6	1.3e-14	78.5
NCVOG0074-consensus	NODE_38861_length_158_cov_34.259259	75.00	52	12	1	179	229	158	6	1.4e-14	78.5
NCVOG0074-consensus	NODE_39985_length_155_cov_22.346154	72.55	51	14	0	472	522	155	6	2.7e-13	74.2
NCVOG0074-consensus	NODE_26743_length_226_cov_15.973154	47.89	71	37	0	25	95	224	15	9.8e-13	72.9
NCVOG0074-consensus	NODE_17033_length_317_cov_15.533333	33.33	105	70	0	267	371	1	312	2.1e-11	69.0
NCVOG0074-consensus	NODE_2360_length_4649_cov_13.363378	89.47	38	4	0	8	45	119	9	2.8e-11	72.4
NCVOG0074-consensus	NODE_39726_length_155_cov_28.897436	65.31	49	17	0	90	138	1	144	4.1e-11	67.0
NCVOG1299-consensus	NODE_4791_length_1094_cov_12.154376	41.01	178	60	45	15	147	609	79	2e-29	128.5
NCVOG1299-consensus	NODE_18906_length_293_cov_13.407407	56.32	87	38	0	58	144	31	288	1.4e-27	120.5
NCVOG1196-consensus	NODE_1347_length_8625_cov_20.661792	22.16	853	575	89	301	1092	4645	2174	3.1e-17	93.9
NCVOG0064-consensus	NODE_661_length_14707_cov_15.071770	24.06	345	230	32	23	347	8937	9928	1.8e-14	84.3
NCVOG1354-consensus	NODE_25_length_84916_cov_23.477434	32.87	216	122	23	184	384	42351	42971	1.6e-14	86.8
NCVOG1354-consensus	NODE_5_length_287051_cov_9.368072	30.49	305	153	59	161	414	240282	241169	3.5e-13	83.0
NCVOG4324-consensus	NODE_198_length_26105_cov_16.482941	35.89	248	147	12	348	587	7	735	8.8e-26	123.1
NCVOG4324-consensus	NODE_5630_length_752_cov_33.531852	30.62	258	149	30	109	366	55	735	3.6e-15	82.7
NCVOG4134-consensus	NODE_2834_length_3515_cov_13.055265	39.02	428	209	52	39	456	233	1387	1.7e-41	171.9
NCVOG4134-consensus	NODE_893_length_12127_cov_13.314440	38.60	430	212	52	37	456	9830	8670	6.9e-40	168.4
NCVOG4134-consensus	NODE_477_length_17425_cov_15.049689	35.53	425	215	59	43	453	10605	11729	1.4e-25	121.3
NCVOG0276-consensus	NODE_707_length_14211_cov_12.623532	64.54	361	123	5	1	357	10212	11288	6.9e-161	570.2
NCVOG0276-consensus	NODE_319_length_21036_cov_13.241090	64.54	361	123	5	1	357	16044	17120	1.5e-160	569.6
NCVOG0276-consensus	NODE_5_length_287051_cov_9.368072	53.98	352	154	8	10	357	272365	271325	3.4e-121	441.6
NCVOG0276-consensus	NODE_25_length_84916_cov_23.477434	50.93	216	101	5	141	351	77629	78273	4.9e-66	257.7
NCVOG0276-consensus	NODE_25_length_84916_cov_23.477434	53.23	124	55	3	24	144	76393	76761	1.2e-37	163.3
NCVOG4882-consensus	NODE_19_length_99104_cov_28.277833	36.64	333	187	24	390	718	60418	59483	3.8e-26	126.8
NCVOG4882-consensus	NODE_1775_length_6607_cov_14.759265	32.79	183	118	5	758	936	3161	3703	3.2e-13	80.0
NCVOG2204-consensus	NODE_1159_length_9909_cov_16.335842	27.75	472	273	68	33	438	7369	8775	1.4e-51	206.9
NCVOG2204-consensus	NODE_886_length_12210_cov_16.632243	27.75	472	273	68	33	438	7341	8747	2.1e-50	203.3
NCVOG2204-consensus	NODE_1299_length_8947_cov_16.388613	25.43	291	170	47	193	437	3625	4491	2.1e-19	99.8
NCVOG2204-consensus	NODE_173_length_27324_cov_16.065952	25.77	291	169	47	193	437	22882	23748	8.2e-18	96.1
NCVOG1060-consensus	NODE_3572_length_2273_cov_17.692623	30.68	352	184	60	53	350	374	1400	4.2e-29	129.9
NCVOG1060-consensus	NODE_1544_length_7654_cov_20.389204	29.47	190	118	16	100	284	3043	3576	3.4e-13	78.9
NCVOG1060-consensus	NODE_20644_length_275_cov_10.065657	50.82	61	30	0	218	278	260	81	1.3e-11	68.8
NCVOG0030-consensus	NODE_2712_length_3761_cov_18.315689	35.82	536	288	56	3	510	2860	1346	7.8e-56	220.4
NCVOG0030-consensus	NODE_812_length_12902_cov_15.687875	33.39	566	274	103	26	510	8573	10197	4.5e-31	139.9
NCVOG0030-consensus	NODE_36339_length_172_cov_14.021053	57.41	54	23	0	382	435	3	161	3.3e-12	71.0
NCVOG0030-consensus	NODE_10976_length_437_cov_12.425000	51.72	58	28	0	156	213	1	171	3.4e-12	72.3
NCVOG0030-consensus	NODE_7865_length_555_cov_15.774059	50.42	119	46	13	75	193	555	241	6.3e-12	71.7
NCVOG0030-consensus	NODE_18648_length_296_cov_16.570776	40.66	91	46	8	3	88	32	288	8.3e-12	70.4
NCVOG4494-consensus	NODE_577_length_15785_cov_16.642221	31.46	213	143	3	21	231	1511	2143	3.9e-15	86.7
NCVOG4494-consensus	NODE_466_length_17612_cov_16.548161	41.59	113	66	0	34	146	557	222	5.3e-14	83.1
NCVOG4494-consensus	NODE_1389_length_8422_cov_15.980947	37.79	172	97	10	17	181	6397	6888	6.8e-14	81.6
NCVOG4494-consensus	NODE_3142_length_2922_cov_15.944815	40.71	113	67	0	78	190	1545	1210	1.3e-13	79.2
NCVOG4494-consensus	NODE_1146_length_10054_cov_16.983362	37.30	126	78	1	78	203	2848	2477	6.8e-13	78.6
NCVOG4494-consensus	NODE_1253_length_9211_cov_14.910882	40.37	109	65	0	87	195	9208	8885	1.4e-12	77.4
NCVOG4494-consensus	NODE_372_length_19690_cov_12.419161	38.94	113	69	0	78	190	17571	17906	1.3e-11	75.3
NCVOG1100-consensus	NODE_17_length_109247_cov_24.322305	37.72	114	67	4	109	218	51935	52273	1e-21	111.2
NCVOG1100-consensus	NODE_5_length_287051_cov_9.368072	36.84	114	68	4	109	218	25677	25339	4.2e-21	109.6
NCVOG0077-consensus	NODE_1866_length_6253_cov_14.118199	30.21	288	154	47	321	566	3214	4059	2.2e-16	90.0
NCVOG0077-consensus	NODE_1866_length_6253_cov_14.118199	32.90	155	97	7	566	714	5146	5604	1.6e-14	83.8
NCVOG0077-consensus	NODE_1165_length_9880_cov_14.936958	28.57	350	184	66	321	609	3332	4363	6.6e-16	89.0
NCVOG0077-consensus	NODE_1165_length_9880_cov_14.936958	32.90	155	97	7	566	714	5264	5722	3e-14	83.5
NCVOG0077-consensus	NODE_642_length_14921_cov_13.542643	37.39	115	65	7	586	700	8282	8602	1.1e-13	82.3
NCVOG0077-consensus	NODE_6474_length_644_cov_11.148148	37.93	87	49	5	614	700	619	377	2.3e-11	70.0
NCVOG0296-consensus	NODE_3306_length_2646_cov_18.384585	30.00	200	127	13	8	199	707	126	5.4e-12	74.0
NCVOG0267-consensus	NODE_1398_length_8360_cov_15.402390	29.13	484	299	44	326	795	2403	3761	1e-27	128.7
NCVOG0267-consensus	NODE_109_length_33258_cov_15.799524	29.13	484	299	44	326	795	5280	6638	2.8e-27	129.2
NCVOG0267-consensus	NODE_3424_length_2485_cov_18.375000	27.43	412	252	47	327	721	1949	807	3.9e-25	118.4
NCVOG0267-consensus	NODE_2836_length_3514_cov_16.998836	28.36	409	254	39	327	729	1492	2616	7.4e-15	84.7
NCVOG0267-consensus	NODE_885_length_12217_cov_17.021334	27.27	462	257	79	328	733	11031	9724	7.6e-13	79.8
NCVOG0267-consensus	NODE_1380_length_8492_cov_17.000832	29.55	396	200	79	329	670	1387	2482	2.3e-11	74.4
NCVOG0267-consensus	NODE_27118_length_224_cov_13.517007	44.59	74	41	0	601	674	224	6	6.2e-11	67.7
NCVOG1067-consensus	NODE_5_length_287051_cov_9.368072	30.39	181	114	12	1	175	258407	257892	5.2e-12	77.9
NCVOG0046-consensus	NODE_1700_length_6900_cov_10.870438	29.07	289	133	72	8	227	659	1509	3.7e-14	81.5
NCVOG0046-consensus	NODE_944_length_11652_cov_15.468855	29.55	264	118	68	8	203	3530	4318	8.8e-14	81.0
NCVOG0046-consensus	NODE_14_length_137398_cov_27.245156	38.06	134	78	5	7	139	132700	132314	7.8e-12	78.1
NCVOG1337-consensus	NODE_24_length_85709_cov_26.685176	39.39	66	40	0	129	194	51735	51929	6e-11	74.2
NCVOG1137-consensus	NODE_57_length_44173_cov_25.199088	35.80	176	110	3	7	182	24949	24434	6.5e-23	112.6
NCVOG1137-consensus	NODE_5_length_287051_cov_9.368072	36.88	141	87	2	18	158	182025	181612	5e-21	107.9
NCVOG0037-consensus	NODE_2921_length_3323_cov_20.717498	47.40	962	471	35	144	1073	3322	449	0	772.8
NCVOG0037-consensus	NODE_25_length_84916_cov_23.477434	39.12	1094	618	48	5	1076	69539	66339	4.6e-176	624.8
NCVOG0037-consensus	NODE_6057_length_674_cov_20.819095	50.45	224	109	2	690	911	1	669	3.6e-58	226.1
NCVOG0037-consensus	NODE_5_length_287051_cov_9.368072	41.39	1121	599	58	5	1081	264490	261173	7.2e-54	219.5
NCVOG0037-consensus	NODE_3571_length_2274_cov_20.072827	56.44	163	70	1	3	165	496	14	1.9e-37	159.1
NCVOG0037-consensus	NODE_161_length_28431_cov_15.462827	50.00	130	64	1	5	133	22671	22285	3.2e-22	112.1
NCVOG0037-consensus	NODE_21615_length_265_cov_21.361702	56.47	85	35	2	507	590	262	14	1.5e-17	89.9
NCVOG3007-consensus	NODE_25_length_84916_cov_23.477434	20.59	1763	1217	183	64	1749	13494	18449	9.2e-16	93.1
NCVOG0007-consensus	NODE_172_length_27348_cov_17.918375	36.24	367	211	23	20	363	21035	22132	1.7e-32	144.6
NCVOG0007-consensus	NODE_2751_length_3693_cov_13.409845	30.14	355	208	40	37	358	1564	2594	2.2e-19	98.2
NCVOG0007-consensus	NODE_2531_length_4174_cov_14.505492	29.63	324	191	37	39	331	3229	4171	1e-12	76.2
NCVOG0005-consensus	NODE_2213_length_5071_cov_22.830797	30.11	186	106	24	52	213	3074	2522	2.5e-13	78.9
NCVOG0005-consensus	NODE_35_length_63869_cov_27.035443	25.99	227	161	7	103	327	62052	62714	1.1e-11	77.0
NCVOG0486-consensus	NODE_276_length_22373_cov_13.454386	33.96	321	190	22	70	376	18344	19279	4.6e-48	196.1
NCVOG0486-consensus	NODE_1308_length_8883_cov_14.711901	34.27	321	189	22	70	376	3683	2748	3.9e-39	165.1
NCVOG0486-consensus	NODE_1860_length_6279_cov_15.916317	28.41	359	188	69	59	356	4883	3840	3.9e-19	98.2
NCVOG0744-consensus	NODE_34893_length_180_cov_9.300971	55.56	54	24	0	128	181	5	163	6.3e-18	89.6
NCVOG0744-consensus	NODE_1380_length_8492_cov_17.000832	31.01	358	193	54	125	435	5461	6510	3.9e-17	92.5
NCVOG0836-consensus	NODE_848_length_12512_cov_13.918617	25.56	540	344	58	28	512	284	1877	2.9e-26	123.6
NCVOG0836-consensus	NODE_1839_length_6366_cov_13.874881	27.22	540	310	83	11	468	5795	4198	1.5e-15	87.1
NCVOG0806-consensus	NODE_363_length_19872_cov_16.196918	42.15	484	212	68	21	447	17392	18807	2.4e-52	210.4
NCVOG0806-consensus	NODE_3878_length_1894_cov_16.121629	33.02	315	162	49	65	346	989	1874	1.9e-34	147.6
NCVOG0806-consensus	NODE_556_length_16048_cov_13.592699	49.18	122	57	5	327	447	1	351	3.9e-28	129.7
NCVOG0806-consensus	NODE_20313_length_278_cov_12.935323	50.59	85	41	1	126	209	1	252	7.9e-21	99.6
NCVOG0806-consensus	NODE_46535_length_155_cov_11.576923	64.71	51	17	1	201	250	1	150	2.1e-14	77.4
NCVOG0806-consensus	NODE_30230_length_206_cov_13.480620	47.76	67	32	3	279	343	200	6	5e-12	69.9
NCVOG0806-consensus	NODE_22678_length_256_cov_12.916201	41.18	85	43	7	289	366	256	5	5.6e-12	70.0
NCVOG2958-consensus	NODE_852_length_12495_cov_22.374054	28.57	252	138	42	44	265	8397	9101	1.3e-14	83.7
NCVOG0329-consensus	NODE_597_length_15499_cov_16.159123	34.62	104	60	8	1137	1240	7474	7758	3.4e-11	75.0
NCVOG0029-consensus	NODE_2714_length_3757_cov_15.767120	34.62	520	294	46	17	495	1695	154	1e-63	246.1
NCVOG0029-consensus	NODE_2206_length_5092_cov_14.827517	31.77	362	205	42	31	350	1598	516	3.5e-23	111.9
NCVOG0029-consensus	NODE_3507_length_2361_cov_15.230298	37.29	118	68	6	239	350	2304	1954	8e-23	109.6
NCVOG0029-consensus	NODE_13729_length_370_cov_9.327645	38.05	113	68	2	177	287	22	357	5.9e-21	100.7
NCVOG0029-consensus	NODE_39037_length_158_cov_12.950617	47.06	51	27	0	280	330	4	153	8.2e-13	72.4
NCVOG0029-consensus	NODE_2988_length_3200_cov_16.685879	21.90	411	281	40	20	398	2023	818	1.3e-11	72.8
NCVOG0029-consensus	NODE_8699_length_518_cov_11.496599	32.14	168	103	11	17	173	10	510	1.3e-11	70.2
NCVOG0029-consensus	NODE_1998_length_5740_cov_17.760374	22.14	411	280	40	20	398	3064	4269	2.6e-11	72.6
NCVOG0076-consensus	NODE_5_length_287051_cov_9.368072	32.04	437	254	43	166	592	96306	95098	3.5e-21	110.5
NCVOG0076-consensus	NODE_17_length_109247_cov_24.322305	34.20	459	256	46	162	610	89085	87820	5e-19	102.8
NCVOG1326-consensus	NODE_1023_length_11042_cov_17.906065	59.05	105	43	0	46	150	6313	6002	2.2e-29	131.7
NCVOG1326-consensus	NODE_19765_length_284_cov_11.033816	58.89	90	37	0	61	150	1	267	7.8e-26	114.7
NCVOG0236-consensus	NODE_5_length_287051_cov_9.368072	31.82	220	134	16	36	242	169197	168550	1.1e-15	90.5
NCVOG0326-consensus	NODE_5_length_287051_cov_9.368072	25.49	506	287	90	35	467	58821	60284	2e-18	100.8
NCVOG0036-consensus	NODE_3318_length_2633_cov_13.481612	35.25	244	149	9	79	318	31	744	2.3e-25	117.5
NCVOG0314-consensus	NODE_226_length_24663_cov_17.735012	40.24	82	48	1	24	104	4747	4989	7.4e-14	80.8
NCVOG0314-consensus	NODE_1_length_536061_cov_26.819963	36.67	90	56	1	16	104	16025	15759	2.4e-12	78.4
NCVOG0222-consensus	NODE_111_length_33149_cov_12.551312	24.36	431	305	21	70	494	1271	27	8.2e-16	90.0
NCVOG0222-consensus	NODE_1721_length_6811_cov_13.415503	25.43	409	283	22	89	479	2015	3226	5.5e-13	78.3
NCVOG0222-consensus	NODE_3485_length_2399_cov_12.788544	24.64	349	245	18	109	455	2393	1398	5.4e-11	70.2
NCVOG0014-consensus	NODE_1322_length_8832_cov_15.342319	30.07	153	107	0	131	283	4165	3710	3.2e-11	72.9
NCVOG0014-consensus	NODE_519_length_16667_cov_14.728270	26.36	258	156	34	114	339	12015	12779	8.8e-11	72.4
NCVOG2775-consensus	NODE_74_length_38709_cov_31.861410	28.81	295	195	15	117	399	23461	22601	5.4e-13	81.0
NCVOG2775-consensus	NODE_956_length_11558_cov_24.666841	32.44	225	137	15	199	408	4602	5273	4e-12	76.4
NCVOG2775-consensus	NODE_6_length_256694_cov_27.900829	33.86	189	121	4	231	415	24958	25521	2.4e-11	77.5
NCVOG0924-consensus	NODE_64_length_40622_cov_26.697447	37.14	175	96	14	10	176	36300	36803	2.8e-11	73.8
NCVOG0275-consensus	NODE_607_length_15391_cov_15.126551	43.96	91	51	0	36	126	8042	7773	2.1e-14	82.8
NCVOG0275-consensus	NODE_33300_length_188_cov_17.702703	57.41	54	23	0	52	105	167	9	1.4e-13	73.7
NCVOG0275-consensus	NODE_2829_length_3530_cov_13.877498	35.00	120	76	2	8	126	693	1046	9e-13	75.3
NCVOG0275-consensus	NODE_950_length_11594_cov_15.651038	35.00	120	76	2	8	126	5477	5830	6.1e-12	74.2
NCVOG1175-consensus	NODE_5_length_287051_cov_9.368072	32.11	218	128	20	2	216	58358	58957	1.4e-16	93.5
NCVOG0729-consensus	NODE_2112_length_5360_cov_16.387848	35.05	388	219	33	139	507	5355	4237	1.4e-71	272.7
NCVOG0729-consensus	NODE_3950_length_1807_cov_15.819653	52.47	162	72	5	5	166	471	4	1.4e-49	198.1
NCVOG0729-consensus	NODE_22185_length_260_cov_15.076503	58.21	67	22	6	218	284	49	228	1.1e-20	99.3
NCVOG0729-consensus	NODE_32241_length_194_cov_14.803419	57.81	64	27	0	15	78	194	6	2.7e-19	94.2
NCVOG0729-consensus	NODE_29754_length_209_cov_8.068182	40.00	70	38	4	297	366	10	204	6e-12	70.0
NCVOG0729-consensus	NODE_26330_length_229_cov_8.868421	38.03	71	40	4	139	209	224	27	4.4e-11	67.2
NCVOG4874-consensus	NODE_3440_length_2471_cov_16.743108	46.35	356	173	18	11	366	1167	2177	3.9e-54	213.1
NCVOG4874-consensus	NODE_942_length_11654_cov_15.106245	42.30	331	133	58	39	314	5108	6080	8.6e-30	134.4
NCVOG4874-consensus	NODE_95_length_34813_cov_13.214475	41.72	338	139	58	32	314	1880	887	3.4e-29	134.0
NCVOG4874-consensus	NODE_6496_length_642_cov_11.876106	49.55	111	55	1	11	121	302	628	5.1e-16	84.5
NCVOG0992-consensus	NODE_374_length_19642_cov_15.878814	23.55	276	197	14	4	267	15528	16346	8.3e-11	72.0
NCVOG0605-consensus	NODE_27_length_84580_cov_27.899909	34.44	241	121	37	264	479	83562	84241	1.7e-13	83.6
NCVOG2639-consensus	NODE_3981_length_1769_cov_15.794917	30.09	113	70	9	29	136	1141	1464	8.6e-12	70.9
NCVOG1136-consensus	NODE_1045_length_10837_cov_14.976487	52.41	311	124	24	191	479	9326	10249	5.8e-56	221.7
NCVOG1136-consensus	NODE_922_length_11850_cov_14.499958	52.09	311	125	24	191	479	5528	4605	1.3e-55	220.6
NCVOG0059-consensus	NODE_4643_length_1187_cov_21.685586	29.41	221	132	24	144	341	526	1182	4.8e-11	69.2
NCVOG1049-consensus	NODE_1314_length_8859_cov_13.827602	33.44	320	184	29	7	320	3789	4672	1.1e-30	136.8
NCVOG1049-consensus	NODE_1999_length_5740_cov_16.360763	32.09	321	187	31	7	320	2521	3408	4.6e-30	134.2
NCVOG1049-consensus	NODE_932_length_11767_cov_15.511548	32.09	321	187	31	7	320	3370	2483	1.2e-29	133.8
NCVOG1049-consensus	NODE_373_length_19685_cov_14.729039	32.40	321	186	31	7	320	10531	9644	4.2e-29	132.7
NCVOG1049-consensus	NODE_162_length_28382_cov_16.260802	32.40	321	186	31	7	320	5404	6291	8.7e-29	132.2
NCVOG1049-consensus	NODE_1_length_536061_cov_26.819963	35.14	259	155	13	7	258	164923	165678	3.3e-25	122.7
NCVOG1049-consensus	NODE_1314_length_8859_cov_13.827602	30.55	275	160	31	53	320	8827	8078	1.4e-22	109.9
NCVOG1049-consensus	NODE_5_length_287051_cov_9.368072	31.44	334	208	21	4	320	1124	2110	6.8e-22	111.7
NCVOG1049-consensus	NODE_1581_length_7469_cov_16.104437	32.01	328	152	71	58	316	4466	3500	4.6e-21	104.6
NCVOG1049-consensus	NODE_17_length_109247_cov_24.322305	27.79	331	222	17	4	321	14472	15449	7.5e-19	101.2
NCVOG1049-consensus	NODE_58_length_43658_cov_14.177417	27.02	359	208	54	7	325	19883	20914	2.7e-17	94.7
NCVOG0219-consensus	NODE_1011_length_11154_cov_15.520267	31.58	209	115	28	507	690	6855	7467	2e-13	81.0
NCVOG0219-consensus	NODE_1214_length_9594_cov_15.740990	31.58	209	115	28	507	690	8911	8299	2.1e-13	80.7
NCVOG0901-consensus	NODE_91_length_35444_cov_15.379224	39.89	183	59	51	32	163	22777	22234	6.1e-13	79.1
NCVOG0890-consensus	NODE_3350_length_2596_cov_17.052402	31.51	238	114	49	106	294	2459	1755	8.3e-14	78.9
NCVOG0890-consensus	NODE_6792_length_620_cov_16.635359	28.92	204	98	47	122	278	9	615	7.7e-12	70.3
NCVOG2980-consensus	NODE_4597_length_1216_cov_15.903424	32.93	164	105	5	309	472	1096	623	5.2e-26	119.0
NCVOG2980-consensus	NODE_1988_length_5765_cov_16.758790	32.36	513	264	83	37	474	1939	3450	1.5e-17	93.1
NCVOG2980-consensus	NODE_65_length_40328_cov_15.641152	22.45	481	299	74	18	466	18672	17359	1.5e-14	86.0
NCVOG1272-consensus	NODE_1347_length_8625_cov_20.661792	21.12	1638	1088	204	312	1909	5452	1034	2.2e-14	85.4
NCVOG0450-consensus	NODE_1719_length_6818_cov_22.058152	42.68	321	164	20	110	420	1539	612	5.4e-59	230.9
NCVOG0450-consensus	NODE_5_length_287051_cov_9.368072	41.29	310	157	25	115	408	64050	64949	1.7e-33	150.7
NCVOG0450-consensus	NODE_799_length_13051_cov_16.137429	30.58	327	192	35	119	416	7888	6929	7.4e-24	115.2
NCVOG0450-consensus	NODE_799_length_13051_cov_16.137429	30.16	315	178	42	122	401	5275	4355	5.4e-18	95.7
NCVOG0450-consensus	NODE_11454_length_423_cov_12.765896	36.23	138	74	14	155	282	413	15	2.9e-17	88.3
NCVOG0450-consensus	NODE_716_length_14094_cov_14.605836	30.65	310	176	39	122	401	6649	7548	2.4e-16	90.3
NCVOG0450-consensus	NODE_314_length_21183_cov_23.902682	30.73	205	127	15	151	348	2171	1584	2.8e-15	87.4
NCVOG0450-consensus	NODE_90_length_35702_cov_14.029165	29.17	312	185	36	122	402	18282	19195	2.6e-14	84.9
NCVOG0450-consensus	NODE_90_length_35702_cov_14.029165	30.16	315	181	39	122	405	16464	17381	1.9e-23	115.3
NCVOG0450-consensus	NODE_90_length_35702_cov_14.029165	27.51	309	190	34	122	402	21284	22189	7.5e-22	110.0
NCVOG0450-consensus	NODE_90_length_35702_cov_14.029165	28.17	284	164	40	150	401	19428	20252	1.1e-13	82.8
NCVOG0450-consensus	NODE_4416_length_1360_cov_12.954014	30.67	313	173	44	121	401	93	990	6.5e-14	78.9
NCVOG0450-consensus	NODE_908_length_11992_cov_13.055728	29.97	287	177	24	122	386	3885	3034	1.8e-12	77.2
NCVOG0450-consensus	NODE_3484_length_2402_cov_13.323871	31.78	258	151	25	159	401	2046	1314	2.7e-12	74.3
NCVOG0450-consensus	NODE_10843_length_440_cov_15.016529	42.67	75	39	4	151	224	221	9	7.9e-12	70.3
NCVOG0450-consensus	NODE_72_length_38930_cov_14.580727	29.74	306	179	36	122	396	23884	24779	1.7e-11	75.7
NCVOG0450-consensus	NODE_72_length_38930_cov_14.580727	31.31	313	174	41	122	402	22021	22929	3.2e-23	114.6
NCVOG0450-consensus	NODE_72_length_38930_cov_14.580727	28.63	255	158	24	164	401	25865	26601	1.6e-21	109.0
NCVOG0450-consensus	NODE_72_length_38930_cov_14.580727	29.35	310	183	36	122	402	27653	28558	9.4e-20	103.1
NCVOG0652-consensus	NODE_463_length_17674_cov_15.771154	32.80	311	195	14	108	414	10157	9258	2.3e-41	173.7
NCVOG0652-consensus	NODE_462_length_17703_cov_15.752695	32.22	329	199	24	92	414	4122	5047	1.6e-38	164.2
NCVOG0652-consensus	NODE_792_length_13107_cov_15.943899	32.46	305	184	22	116	414	1562	2421	1.4e-34	150.7
NCVOG0652-consensus	NODE_1029_length_10976_cov_15.884944	32.48	311	196	14	108	414	10069	9170	4.2e-30	135.6
NCVOG0652-consensus	NODE_1072_length_10571_cov_14.802077	30.75	335	208	24	86	414	9176	8233	2.7e-28	129.5
NCVOG0652-consensus	NODE_462_length_17703_cov_15.752695	31.95	313	199	14	106	414	2284	1379	4.5e-28	129.5
NCVOG0652-consensus	NODE_602_length_15420_cov_14.545200	30.09	329	206	24	92	414	1433	2358	1.6e-26	124.1
NCVOG0652-consensus	NODE_11873_length_411_cov_17.446108	35.07	134	83	4	246	376	399	4	1.3e-13	76.0
NCVOG0835-consensus	NODE_1323_length_8826_cov_16.015430	35.62	219	129	12	48	262	4219	4848	4.5e-20	101.3
NCVOG0835-consensus	NODE_2704_length_3795_cov_16.377084	27.56	225	128	35	65	262	1976	1331	3.3e-13	77.3
NCVOG4522-consensus	NODE_2561_length_4121_cov_18.558358	40.97	144	54	31	330	442	3	427	7.4e-16	86.9
NCVOG4522-consensus	NODE_4731_length_1126_cov_16.861773	40.99	161	65	30	247	377	485	6	1.2e-15	84.4
NCVOG4522-consensus	NODE_104_length_33840_cov_26.317330	36.03	297	106	84	228	442	30490	31367	1.6e-12	78.9
NCVOG4522-consensus	NODE_28565_length_215_cov_17.369565	50.00	68	34	0	360	427	1	201	9.3e-11	65.7
NCVOG0052-consensus	NODE_4288_length_1466_cov_15.606192	39.62	106	59	5	36	139	139	444	1.3e-15	83.7
NCVOG0052-consensus	NODE_57_length_44173_cov_25.199088	40.00	90	51	3	30	117	36571	36308	1.6e-11	75.0
NCVOG0052-consensus	NODE_5_length_287051_cov_9.368072	33.33	117	74	4	35	149	194493	194152	2.2e-11	76.1
NCVOG4122-consensus	NODE_1719_length_6818_cov_22.058152	24.85	330	233	15	118	441	1515	558	2.3e-17	92.7
NCVOG4022-consensus	NODE_480_length_17370_cov_14.413115	32.12	193	112	19	83	256	12406	12981	1.7e-15	87.4
NCVOG4022-consensus	NODE_183_length_26908_cov_16.168760	32.12	193	112	19	83	256	7880	8455	3.5e-15	87.0
NCVOG0032-consensus	NODE_1018_length_11073_cov_13.812204	24.80	871	516	139	53	852	5811	3420	1e-14	85.6
NCVOG0032-consensus	NODE_742_length_13836_cov_15.257213	24.68	867	527	126	54	852	5054	2651	2.1e-14	84.8
NCVOG0032-consensus	NODE_1121_length_10250_cov_13.824536	29.47	638	326	124	225	829	4045	2426	1.2e-13	81.9
NCVOG0032-consensus	NODE_6_length_256694_cov_27.900829	28.84	579	307	105	252	817	104144	105589	6.8e-12	79.9
NCVOG0032-consensus	NODE_1909_length_6082_cov_18.623480	29.13	951	544	130	4	876	2245	4896	7e-12	75.3
NCVOG0032-consensus	NODE_49_length_46862_cov_27.206455	30.00	340	209	29	499	829	39219	38269	4e-11	75.7
NCVOG0032-consensus	NODE_1508_length_7860_cov_17.333676	25.71	630	338	130	257	871	7125	5588	4.3e-11	73.0
NCVOG0302-consensus	NODE_1567_length_7548_cov_16.774060	32.47	231	148	8	258	482	5056	4373	1e-22	110.9
NCVOG0302-consensus	NODE_3_length_302721_cov_26.368509	31.51	238	153	10	303	534	6120	5422	2.4e-21	110.6
NCVOG0302-consensus	NODE_44_length_49104_cov_25.707590	30.10	206	137	7	337	535	41987	41373	4.1e-20	104.9
NCVOG0302-consensus	NODE_1747_length_6714_cov_17.155040	26.51	298	194	25	260	534	5800	4916	3.4e-18	95.7
NCVOG0302-consensus	NODE_5_length_287051_cov_9.368072	26.67	285	197	12	262	538	197394	198233	4.9e-18	99.5
NCVOG0302-consensus	NODE_57_length_44173_cov_25.199088	27.15	291	193	19	262	540	40124	40972	1.5e-17	96.2
NCVOG0302-consensus	NODE_3306_length_2646_cov_18.384585	29.96	227	140	19	265	479	689	33	3.1e-16	87.8
NCVOG0302-consensus	NODE_3003_length_3184_cov_14.158674	29.65	172	119	2	3	174	1670	2176	1.3e-14	82.7
NCVOG0302-consensus	NODE_738_length_13934_cov_14.936350	31.54	241	128	37	331	534	12583	11868	2.3e-14	84.0
NCVOG0302-consensus	NODE_1337_length_8722_cov_15.089763	24.82	282	162	50	304	540	8007	7180	5.1e-13	78.9
NCVOG0302-consensus	NODE_1779_length_6586_cov_16.667845	27.14	280	185	19	258	527	710	1519	5.7e-13	78.3
NCVOG0022-consensus	NODE_669_length_14631_cov_28.326577	39.64	444	218	50	10	448	10667	9478	8.9e-34	148.3
NCVOG0022-consensus	NODE_17_length_109247_cov_24.322305	40.97	454	220	48	10	460	80568	79345	6.8e-18	98.5
NCVOG0022-consensus	NODE_5_length_287051_cov_9.368072	40.62	448	218	48	15	459	86526	85321	3.6e-14	86.5
NCVOG0022-consensus	NODE_5341_length_844_cov_12.116037	32.34	269	147	35	195	460	57	764	3.2e-13	76.0
NCVOG0022-consensus	NODE_5_length_287051_cov_9.368072	26.05	453	273	62	15	459	279949	281142	2e-11	77.3
NCVOG0022-consensus	NODE_628_length_15179_cov_13.425374	31.97	269	148	35	195	460	11254	11961	3.2e-11	73.5
NCVOG1127-consensus	NODE_57_length_44173_cov_25.199088	27.75	191	122	16	55	235	39988	39437	2e-13	82.6
NCVOG0985-consensus	NODE_14_length_137398_cov_27.245156	30.36	392	227	46	26	401	41395	42477	9.5e-14	85.2
NCVOG0985-consensus	NODE_14_length_137398_cov_27.245156	56.36	55	24	0	17	71	40993	41154	9.5e-14	85.2
NCVOG0025-consensus	NODE_6_length_256694_cov_27.900829	29.07	485	258	86	66	522	166157	167432	3.2e-21	109.7
NCVOG0025-consensus	NODE_397_length_18977_cov_14.675714	27.91	430	239	71	104	521	11875	10766	5.1e-19	99.9
NCVOG0025-consensus	NODE_91_length_35444_cov_15.379224	24.85	487	290	76	47	517	32036	30759	3.6e-18	97.9
NCVOG0025-consensus	NODE_945_length_11646_cov_17.116518	25.75	431	277	43	104	515	5418	6635	2.3e-17	93.7
NCVOG0025-consensus	NODE_85_length_37277_cov_26.110753	28.93	394	223	57	104	494	19590	18580	4.7e-17	94.3
NCVOG0025-consensus	NODE_968_length_11463_cov_17.947392	28.83	437	227	84	113	522	7444	6310	3.3e-16	89.8
NCVOG0025-consensus	NODE_2112_length_5360_cov_16.387848	29.12	388	214	61	113	487	1693	2709	1e-14	83.8
NCVOG0025-consensus	NODE_833_length_12679_cov_14.914061	27.78	396	229	57	104	493	12486	11455	1.7e-14	84.2
NCVOG0025-consensus	NODE_593_length_15611_cov_15.713532	29.12	388	214	61	113	487	6713	5697	4e-14	83.3
NCVOG0025-consensus	NODE_1612_length_7299_cov_14.009139	33.33	129	80	6	394	522	7284	6919	1e-13	80.9
NCVOG0025-consensus	NODE_1007_length_11163_cov_15.158308	23.56	416	277	41	104	516	9758	8628	1.5e-13	80.9
NCVOG0025-consensus	NODE_20291_length_278_cov_14.189055	39.33	89	52	2	394	482	16	273	8.7e-13	73.1
NCVOG0025-consensus	NODE_60_length_42902_cov_16.288650	23.56	416	277	41	104	516	14035	15165	1e-12	80.1
NCVOG0025-consensus	NODE_3618_length_2218_cov_20.431574	22.57	412	282	37	110	500	2158	978	1e-12	75.8
NCVOG0025-consensus	NODE_433_length_18296_cov_25.118448	23.83	277	193	18	217	493	13820	14593	1.1e-12	78.8
NCVOG0025-consensus	NODE_2988_length_3200_cov_16.685879	22.63	411	279	39	112	518	2005	881	3e-12	74.8
NCVOG0025-consensus	NODE_1998_length_5740_cov_17.760374	22.63	411	279	39	112	518	3082	4206	3.6e-12	75.4
NCVOG0025-consensus	NODE_13181_length_380_cov_18.953795	36.22	127	72	9	352	471	377	6	1.3e-11	69.6
NCVOG0025-consensus	NODE_49_length_46862_cov_27.206455	26.58	395	232	58	112	503	33714	34724	3.6e-11	75.1
NCVOG0025-consensus	NODE_31_length_67166_cov_25.789563	31.29	163	102	10	352	508	6399	6872	7e-11	74.7
NCVOG0025-consensus	NODE_894_length_12118_cov_15.032389	24.78	464	290	59	102	514	1880	530	7.7e-11	72.0
NCVOG0025-consensus	NODE_9306_length_493_cov_16.634615	32.73	110	71	3	412	519	491	168	8.5e-11	67.3
NCVOG0271-consensus	NODE_42_length_52293_cov_26.954305	48.66	1044	476	60	150	1153	16324	13256	5.3e-201	707.0
NCVOG0271-consensus	NODE_5_length_287051_cov_9.368072	41.03	1148	614	63	21	1155	221090	224380	3.2e-188	666.0
NCVOG0271-consensus	NODE_25_length_84916_cov_23.477434	41.10	1146	608	67	28	1163	26221	29482	1.2e-162	580.4
NCVOG0271-consensus	NODE_690_length_14401_cov_29.425473	35.42	1135	672	61	28	1149	4303	1046	5.2e-146	522.5
NCVOG0271-consensus	NODE_21_length_98608_cov_25.700673	30.08	1067	651	95	140	1156	91713	88657	2.2e-112	413.6
NCVOG0078-consensus	NODE_1806_length_6468_cov_16.101236	43.04	158	88	2	64	221	2478	2014	1.9e-15	85.4
NCVOG0061-consensus	NODE_1038_length_10890_cov_17.485064	32.28	567	295	89	25	529	1638	24	1e-30	138.0
NCVOG0061-consensus	NODE_15200_length_344_cov_13.385768	42.42	99	56	1	326	424	49	339	7.9e-13	73.6
NCVOG0531-consensus	NODE_738_length_13934_cov_14.936350	27.75	191	138	0	8	198	6427	6996	3e-17	93.3
NCVOG0331-consensus	NODE_1104_length_10351_cov_15.583901	31.58	190	92	38	175	327	2627	2064	3.7e-11	72.2
NCVOG0301-consensus	NODE_57_length_44173_cov_25.199088	26.69	296	206	11	262	549	40124	40999	6.9e-21	107.4
NCVOG0301-consensus	NODE_5_length_287051_cov_9.368072	27.40	292	200	12	262	545	197394	198254	1e-20	108.5
NCVOG0301-consensus	NODE_1567_length_7548_cov_16.774060	32.10	243	155	10	245	480	5095	4379	1.1e-20	104.1
NCVOG0301-consensus	NODE_3_length_302721_cov_26.368509	33.87	186	113	10	297	477	6138	5599	7.2e-20	105.8
NCVOG0301-consensus	NODE_44_length_49104_cov_25.707590	31.88	207	131	10	338	535	41987	41373	8.8e-20	103.8
NCVOG0301-consensus	NODE_615_length_15308_cov_14.233406	31.88	229	132	24	263	477	14240	13587	2.2e-15	87.5
NCVOG0301-consensus	NODE_1747_length_6714_cov_17.155040	28.33	300	194	21	256	534	5812	4916	3.6e-15	85.6
NCVOG0301-consensus	NODE_1779_length_6586_cov_16.667845	31.62	234	143	17	246	470	674	1348	1.9e-14	83.2
NCVOG0301-consensus	NODE_3306_length_2646_cov_18.384585	28.51	228	143	20	258	473	710	54	2e-14	81.8
NCVOG0301-consensus	NODE_65_length_40328_cov_15.641152	31.58	228	134	22	263	477	1676	1023	5.3e-13	81.1
NCVOG0301-consensus	NODE_1337_length_8722_cov_15.089763	24.25	268	155	48	304	528	8007	7222	8.7e-12	74.8
NCVOG0301-consensus	NODE_738_length_13934_cov_14.936350	29.92	244	133	38	329	534	12592	11868	1.7e-11	74.5
NCVOG0001-consensus	NODE_427_length_18388_cov_12.306646	45.66	265	121	23	346	603	5751	6494	4.9e-35	153.3
NCVOG0001-consensus	NODE_80_length_38003_cov_14.223356	45.66	265	121	23	346	603	21771	21028	1.6e-34	152.6
NCVOG0001-consensus	NODE_30_length_67747_cov_24.700059	44.95	218	110	10	345	554	45599	44955	1.8e-32	146.7
NCVOG0001-consensus	NODE_4405_length_1367_cov_18.990698	41.95	298	150	23	313	603	187	1029	6.3e-28	125.9
NCVOG0001-consensus	NODE_430_length_18336_cov_15.502766	38.10	231	122	21	333	553	13274	13930	9.8e-24	115.7
NCVOG0001-consensus	NODE_9417_length_488_cov_19.751825	46.71	152	66	15	412	556	13	441	5e-22	104.8
NCVOG0001-consensus	NODE_267_length_22612_cov_15.767118	42.79	229	115	16	331	555	11846	11199	8.1e-22	109.7
NCVOG0001-consensus	NODE_267_length_22612_cov_15.767118	40.00	240	127	17	333	566	11021	10338	1e-29	136.0
NCVOG0001-consensus	NODE_4002_length_1748_cov_17.793537	33.79	290	145	47	298	556	668	1484	1.3e-21	105.3
NCVOG0001-consensus	NODE_1723_length_6807_cov_16.754532	36.73	226	122	21	367	590	4729	4112	1.1e-20	104.2
NCVOG0001-consensus	NODE_83_length_37408_cov_24.418767	39.21	227	117	21	367	591	4351	4971	4.8e-20	104.5
NCVOG0001-consensus	NODE_3194_length_2835_cov_18.351342	38.49	265	143	20	329	585	2039	2794	7.6e-20	100.1
NCVOG0001-consensus	NODE_3194_length_2835_cov_18.351342	36.84	247	92	64	362	556	966	1663	8.3e-17	90.0
NCVOG0001-consensus	NODE_3387_length_2540_cov_22.630938	34.43	273	128	51	362	602	1611	2363	7.2e-19	96.7
NCVOG0001-consensus	NODE_639_length_14938_cov_15.971536	34.41	247	141	21	353	595	8542	7856	1.9e-18	97.9
NCVOG0001-consensus	NODE_639_length_14938_cov_15.971536	34.42	215	116	25	336	536	7723	7115	3.3e-14	83.8
NCVOG0001-consensus	NODE_207_length_25839_cov_13.266788	33.60	247	143	21	353	595	6612	7298	3.4e-18	97.8
NCVOG0001-consensus	NODE_207_length_25839_cov_13.266788	34.11	214	117	24	336	536	7431	8036	5.1e-14	84.0
NCVOG0001-consensus	NODE_1403_length_8342_cov_17.036782	42.79	229	115	16	331	555	5096	4449	1.2e-17	94.4
NCVOG0001-consensus	NODE_1403_length_8342_cov_17.036782	40.00	240	127	17	333	566	4271	3588	1.9e-30	136.9
NCVOG0001-consensus	NODE_1315_length_8858_cov_15.886459	42.51	247	108	34	319	543	3367	4064	3.9e-16	89.4
NCVOG0001-consensus	NODE_7_length_200546_cov_26.602288	38.70	230	124	17	333	556	89026	89679	4.4e-16	93.4
NCVOG0001-consensus	NODE_796_length_13070_cov_14.121450	37.96	216	120	14	319	531	10592	11203	8.8e-16	88.8
NCVOG0001-consensus	NODE_982_length_11344_cov_15.140055	37.96	216	120	14	319	531	10012	10623	9.6e-16	88.5
NCVOG0001-consensus	NODE_8055_length_546_cov_16.055437	41.18	170	87	13	389	554	13	492	1.6e-14	80.1
NCVOG0001-consensus	NODE_24386_length_242_cov_12.527273	54.32	81	36	1	441	521	242	6	1.4e-12	72.4
NCVOG0001-consensus	NODE_35_length_63869_cov_27.035443	31.92	307	184	25	299	597	43121	42255	3e-12	79.4
NCVOG2618-consensus	NODE_5_length_287051_cov_9.368072	24.31	255	162	31	1	252	55465	54788	1e-13	84.2
NCVOG2618-consensus	NODE_17_length_109247_cov_24.322305	26.87	227	135	31	3	226	75770	76363	3e-12	78.9
NCVOG4518-consensus	NODE_211_length_25608_cov_13.202695	33.63	568	258	119	19	561	19468	18058	3.2e-19	101.1
NCVOG4518-consensus	NODE_615_length_15308_cov_14.233406	33.51	567	259	118	19	561	6665	5254	1.2e-18	98.5
NCVOG2058-consensus	NODE_1719_length_6818_cov_22.058152	24.16	298	214	12	91	386	1485	627	2.8e-13	78.9
NCVOG0158-consensus	NODE_57_length_44173_cov_25.199088	29.47	207	123	23	61	250	15418	14827	2e-13	81.6
NCVOG0158-consensus	NODE_5_length_287051_cov_9.368072	30.65	186	115	14	72	249	168459	167923	6.5e-13	81.6
NCVOG0038-consensus	NODE_5_length_287051_cov_9.368072	32.31	1006	560	121	74	1002	123755	120873	8.9e-105	388.8
NCVOG0038-consensus	NODE_440_length_18169_cov_23.117511	31.55	1027	560	143	76	997	8240	11191	3.2e-84	317.5
NCVOG0038-consensus	NODE_1031_length_10936_cov_15.015471	38.02	918	480	89	96	967	8186	10807	1.3e-73	281.5
NCVOG0038-consensus	NODE_1309_length_8880_cov_13.464046	24.96	713	392	143	327	966	7837	5912	8.1e-21	105.8
NCVOG0038-consensus	NODE_9596_length_482_cov_11.730864	38.27	162	94	6	371	532	1	465	2.2e-20	100.2
NCVOG0038-consensus	NODE_72_length_38930_cov_14.580727	26.73	737	430	110	331	966	4472	6644	1.6e-15	90.3
NCVOG0038-consensus	NODE_16156_length_329_cov_16.853175	44.14	111	58	4	283	393	323	6	7.5e-15	81.2
NCVOG0038-consensus	NODE_28291_length_217_cov_16.400000	53.62	69	26	6	737	805	27	212	2.2e-13	75.8
NCVOG0038-consensus	NODE_28079_length_218_cov_16.531915	40.85	71	42	0	788	858	1	210	4.9e-11	68.0
NCVOG0228-consensus	NODE_407_length_18761_cov_26.011679	27.30	663	378	104	327	893	6691	4734	1.1e-24	119.5
NCVOG0228-consensus	NODE_2_length_316241_cov_26.356021	32.45	490	302	29	452	922	272964	274400	8.5e-15	89.6
NCVOG0280-consensus	NODE_1347_length_8625_cov_20.661792	23.02	1329	893	130	165	1411	4810	971	2.8e-32	144.5
NCVOG0018-consensus	NODE_440_length_18169_cov_23.117511	25.51	686	418	93	468	1080	36	2030	7.2e-11	73.9
NCVOG0246-consensus	NODE_5_length_287051_cov_9.368072	32.06	287	164	31	7	284	225197	224406	1.8e-18	100.0
NCVOG0246-consensus	NODE_25_length_84916_cov_23.477434	29.27	287	169	34	7	284	30265	29483	5.8e-16	91.0
NCVOG4170-consensus	NODE_3399_length_2520_cov_17.121163	28.67	293	195	14	18	304	2242	1397	7e-23	109.2
NCVOG1242-consensus	NODE_14883_length_349_cov_15.955882	37.50	72	45	0	5	76	222	10	9.4e-12	68.7
