NCVOG4069-consensus	scaffold_600	41.46	123	72	0	157	279	22963	23328	1.7e-24	116.6
NCVOG4069-consensus	scaffold_600	36.80	125	79	0	155	279	22405	22776	2.7e-22	109.2
NCVOG0719-consensus	scaffold_6042	27.18	195	134	8	37	224	2517	1939	8.7e-13	73.9
NCVOG0719-consensus	scaffold_4215	26.87	201	139	8	31	224	4125	4721	1e-12	74.5
NCVOG0719-consensus	scaffold_4630	27.18	195	134	8	37	224	3142	3720	1.4e-12	73.9
NCVOG0719-consensus	scaffold_2914	27.18	195	134	8	37	224	7192	7770	1.9e-12	73.9
NCVOG0719-consensus	scaffold_1636	27.18	195	134	8	37	224	7173	7751	2.4e-12	73.9
NCVOG0719-consensus	scaffold_1070	27.18	195	134	8	37	224	1951	1373	3e-12	73.9
NCVOG0719-consensus	scaffold_6076	25.67	187	131	8	45	224	5958	5404	5.3e-11	67.9
NCVOG0719-consensus	scaffold_6076	27.01	174	122	5	37	207	3123	2611	5.3e-11	67.9
NCVOG0719-consensus	scaffold_4373	25.67	187	131	8	45	224	10692	10138	9e-11	67.9
NCVOG0719-consensus	scaffold_4373	27.01	174	122	5	37	207	7857	7345	9e-11	67.9
NCVOG0269-consensus	scaffold_129	24.66	961	649	75	22	932	133253	136051	9.6e-11	74.3
NCVOG1069-consensus	scaffold_6996	31.98	419	239	46	12	425	446	1570	1.6e-16	86.2
NCVOG1069-consensus	scaffold_942	30.94	417	247	41	12	425	22621	23746	6.9e-16	86.8
NCVOG1069-consensus	scaffold_5026	32.07	421	239	47	12	425	437	1562	5.3e-15	82.4
NCVOG1069-consensus	scaffold_111	31.34	418	243	44	12	425	117735	116609	5.6e-15	86.3
NCVOG0333-consensus	scaffold_425	42.86	112	48	16	605	709	37198	37503	5.4e-11	72.6
NCVOG0333-consensus	scaffold_186	42.50	120	51	18	599	709	54072	54401	7.6e-11	73.1
NCVOG0333-consensus	scaffold_186	42.50	120	51	18	599	709	54528	54857	6.3e-11	73.4
NCVOG0333-consensus	scaffold_186	43.75	112	47	16	605	709	53640	53945	7.6e-11	73.1
NCVOG0233-consensus	scaffold_154	31.15	915	442	188	127	853	44799	42058	3.5e-53	214.2
NCVOG0233-consensus	scaffold_24	26.95	909	515	149	93	868	278330	275655	1.2e-33	149.3
NCVOG0233-consensus	scaffold_156	28.84	756	438	100	93	763	73659	71440	3.1e-22	111.4
NCVOG0233-consensus	scaffold_87	31.94	216	139	8	609	818	21533	22163	8.8e-20	103.2
NCVOG0233-consensus	scaffold_87	30.80	289	174	26	100	362	18786	19645	3.1e-14	84.8
NCVOG0033-consensus	scaffold_1621	24.41	766	514	65	10	739	5139	2944	8.7e-14	80.2
NCVOG0033-consensus	scaffold_3759	23.53	816	523	101	12	763	5195	2878	4.5e-13	77.2
NCVOG0033-consensus	scaffold_3793	23.43	794	534	74	10	763	5132	2872	1.4e-12	75.6
NCVOG0023-consensus	scaffold_149	27.31	238	167	6	483	715	24850	24145	1.9e-12	78.8
NCVOG0023-consensus	scaffold_1972	24.15	352	248	19	483	819	17265	16229	4.6e-12	74.5
NCVOG0013-consensus	scaffold_29	26.75	400	270	23	122	507	277153	278318	1.5e-20	105.2
NCVOG0013-consensus	scaffold_3381	27.64	398	262	26	122	502	11934	10783	1.2e-18	95.4
NCVOG0013-consensus	scaffold_942	27.64	398	262	26	122	502	10460	11611	2.3e-18	95.4
NCVOG0013-consensus	scaffold_893	36.81	182	111	4	116	293	16289	16823	3.5e-18	94.9
NCVOG0013-consensus	scaffold_111	28.14	398	259	27	122	502	129890	128738	7.3e-18	96.2
NCVOG0013-consensus	scaffold_317	27.59	424	268	39	116	500	16356	17618	9.7e-13	78.6
NCVOG0013-consensus	scaffold_5	29.18	281	180	19	68	339	299522	298721	6.7e-12	76.4
NCVOG0663-consensus	scaffold_1504	26.09	437	274	49	192	588	4628	5908	8.9e-15	83.2
NCVOG0663-consensus	scaffold_839	26.09	437	274	49	192	588	2676	1396	1.3e-14	83.2
NCVOG4670-consensus	scaffold_508	30.81	198	128	9	397	585	52962	52378	2.6e-12	76.4
NCVOG4670-consensus	scaffold_306	30.81	198	128	9	397	585	99278	98694	4.7e-12	76.4
NCVOG4670-consensus	scaffold_1096	40.00	120	64	8	464	581	17619	17951	8.5e-11	70.2
NCVOG4670-consensus	scaffold_660	46.84	79	40	2	464	541	14246	14016	9.2e-11	70.7
NCVOG0073-consensus	scaffold_12	42.33	645	344	28	4	644	214464	212605	2.7e-98	364.1
NCVOG0073-consensus	scaffold_12	42.77	629	335	25	20	644	208288	206468	5.7e-122	442.8
NCVOG0073-consensus	scaffold_12	42.33	645	344	28	4	644	215897	217756	2.7e-98	364.1
NCVOG0073-consensus	scaffold_12	42.77	629	335	25	20	644	221823	223643	5.7e-122	442.8
NCVOG0073-consensus	scaffold_66	40.09	666	368	31	22	676	129084	127150	9.7e-97	359.0
NCVOG0073-consensus	scaffold_66	37.98	645	373	27	20	657	99356	97485	1.7e-104	384.7
NCVOG0073-consensus	scaffold_79	40.73	572	318	21	75	644	149542	151197	1.8e-96	356.8
NCVOG0073-consensus	scaffold_317	36.61	814	473	43	13	807	81819	79463	2.3e-96	357.1
NCVOG0073-consensus	scaffold_317	36.58	812	475	40	13	807	84141	86502	2.3e-96	357.1
NCVOG0073-consensus	scaffold_715	41.49	629	343	25	20	644	8948	10768	3.7e-96	354.9
NCVOG0073-consensus	scaffold_3346	42.77	629	335	25	20	644	7218	9038	4.7e-96	353.3
NCVOG0073-consensus	scaffold_3346	42.72	632	337	25	20	644	1078	2898	2.4e-118	427.3
NCVOG0073-consensus	scaffold_828	41.59	630	342	26	20	644	4364	2545	4.5e-95	351.1
NCVOG0073-consensus	scaffold_3957	37.55	767	436	43	19	774	9923	7724	4.8e-95	349.7
NCVOG0073-consensus	scaffold_204	41.34	629	344	25	20	644	23736	25556	6.5e-95	352.7
NCVOG0073-consensus	scaffold_248	40.83	627	350	21	20	644	65434	67254	3e-93	347.0
NCVOG0073-consensus	scaffold_2852	42.31	598	321	24	20	611	9041	10771	3.8e-90	333.7
NCVOG0073-consensus	scaffold_7	34.26	680	351	96	47	642	242563	240563	4e-86	323.7
NCVOG0073-consensus	scaffold_1577	37.32	619	356	32	20	632	2708	4473	7e-85	316.6
NCVOG0073-consensus	scaffold_1577	30.62	823	507	64	20	810	6330	8675	7.1e-65	250.2
NCVOG0073-consensus	scaffold_1577	34.91	169	98	12	20	184	223	696	4.7e-12	74.7
NCVOG0073-consensus	scaffold_771	37.25	604	353	26	20	618	6152	4407	1.3e-75	286.5
NCVOG0073-consensus	scaffold_916	30.97	817	505	59	20	808	1978	4326	4.5e-73	277.9
NCVOG0073-consensus	scaffold_267	37.55	767	436	43	19	774	17280	15081	1.2e-71	275.2
NCVOG0073-consensus	scaffold_1984	36.51	819	476	44	13	807	4974	7331	6.1e-68	260.2
NCVOG0073-consensus	scaffold_190	36.79	636	372	30	19	648	2583	751	9e-65	252.7
NCVOG0073-consensus	scaffold_1984	37.99	737	408	49	4	717	2696	595	4.2e-64	247.5
NCVOG0073-consensus	scaffold_2630	29.27	803	480	88	20	801	14591	12397	5.3e-64	246.9
NCVOG0073-consensus	scaffold_771	27.71	931	572	101	20	918	7689	10261	1.1e-63	246.9
NCVOG0073-consensus	scaffold_37	29.27	803	480	88	20	801	276449	274255	4.3e-63	247.0
NCVOG0073-consensus	scaffold_4261	36.69	477	267	35	20	481	10253	8912	1.3e-56	222.0
NCVOG0073-consensus	scaffold_1174	30.19	944	585	74	20	940	22670	20047	2.3e-50	202.2
NCVOG0073-consensus	scaffold_1174	31.59	820	492	69	20	810	19045	16715	4.4e-72	274.3
NCVOG0073-consensus	scaffold_146	33.85	520	307	37	14	530	106880	105426	1.5e-49	202.2
NCVOG0073-consensus	scaffold_106	36.38	657	370	48	3	652	102124	103968	1.7e-44	185.4
NCVOG0073-consensus	scaffold_3088	31.52	828	478	89	20	810	13700	11424	2e-37	158.5
NCVOG0073-consensus	scaffold_3086	31.52	828	478	89	20	810	13702	11426	2e-37	158.5
NCVOG0073-consensus	scaffold_3058	31.52	828	478	89	20	810	13771	11495	2.1e-37	158.5
NCVOG0073-consensus	scaffold_113	31.52	828	478	89	20	810	184475	182199	5.1e-37	158.5
NCVOG0073-consensus	scaffold_4894	41.30	632	342	29	20	644	4213	6029	1.4e-36	155.3
NCVOG0073-consensus	scaffold_4745	41.30	632	342	29	20	644	4569	6385	1.4e-36	155.3
NCVOG0073-consensus	scaffold_2915	41.30	632	342	29	20	644	8937	10753	2e-36	155.3
NCVOG0073-consensus	scaffold_79	48.60	214	100	10	20	233	149377	149985	3.1e-36	158.0
NCVOG0073-consensus	scaffold_3854	41.71	609	313	42	20	611	4298	2606	3e-32	141.2
NCVOG0073-consensus	scaffold_40	25.67	413	289	18	132	533	167769	166555	5.5e-32	143.6
NCVOG0073-consensus	scaffold_2611	33.33	660	383	57	20	650	2251	4107	6.3e-31	137.1
NCVOG0073-consensus	scaffold_2611	34.30	277	160	22	355	631	3	764	1.7e-31	139.0
NCVOG0073-consensus	scaffold_2597	30.83	827	497	75	20	810	2313	4637	5e-30	134.1
NCVOG0073-consensus	scaffold_2597	33.92	286	171	18	355	638	3	801	3.4e-30	134.7
NCVOG0073-consensus	scaffold_2812	31.80	846	493	84	3	810	13764	11432	1e-29	133.0
NCVOG0073-consensus	scaffold_2651	30.67	825	489	83	20	810	2270	4556	1.7e-28	129.0
NCVOG0073-consensus	scaffold_2651	34.06	323	175	38	355	649	3	930	1.1e-27	126.2
NCVOG0073-consensus	scaffold_2921	33.73	679	365	85	20	642	1591	3497	7.5e-28	126.8
NCVOG0073-consensus	scaffold_4320	38.51	618	349	31	20	629	2582	4345	1.2e-19	99.1
NCVOG0073-consensus	scaffold_4320	30.82	821	499	69	20	810	6186	8506	6.1e-53	209.8
NCVOG0073-consensus	scaffold_4857	41.43	659	347	39	1	644	4146	6003	2.6e-17	91.3
NCVOG0073-consensus	scaffold_2691	30.50	787	478	69	20	771	2276	4477	3.4e-14	81.5
NCVOG0073-consensus	scaffold_2691	39.04	228	122	17	355	575	3	647	3.7e-28	127.9
NCVOG0073-consensus	scaffold_132	30.17	580	318	87	21	523	111173	109467	4.1e-14	84.5
NCVOG0073-consensus	scaffold_658	35.71	168	97	11	20	184	2315	1841	6.6e-13	78.5
NCVOG0073-consensus	scaffold_6374	36.17	141	82	8	20	159	2266	1872	1.1e-12	75.0
NCVOG0073-consensus	scaffold_1091	22.72	942	591	137	53	923	6427	3809	2.2e-12	76.1
NCVOG0073-consensus	scaffold_66	33.66	621	379	33	20	636	100250	102022	6.6e-12	77.2
NCVOG0073-consensus	scaffold_7142	23.30	781	467	132	53	763	2899	770	8.1e-12	71.5
NCVOG0073-consensus	scaffold_6098	23.74	775	466	125	53	763	6361	4239	2.7e-11	70.6
NCVOG0073-consensus	scaffold_156	22.91	943	589	138	53	923	6416	3799	7.6e-11	73.6
NCVOG0898-consensus	scaffold_319	17.90	542	420	25	151	680	4633	6216	4e-46	190.0
NCVOG0898-consensus	scaffold_356	26.82	563	372	40	162	694	60250	61905	2e-34	151.0
NCVOG0898-consensus	scaffold_356	22.63	539	381	36	153	680	58657	60195	2.8e-21	107.3
NCVOG0898-consensus	scaffold_1621	24.02	641	427	60	74	685	5659	3833	9.5e-22	106.7
NCVOG0898-consensus	scaffold_486	23.27	649	429	69	74	710	5646	3878	5.9e-21	105.7
NCVOG0898-consensus	scaffold_3418	26.37	546	375	27	293	830	5325	6886	1.5e-19	98.9
NCVOG0898-consensus	scaffold_3759	25.69	650	409	74	74	685	5652	3830	2.4e-18	94.8
NCVOG0898-consensus	scaffold_6093	22.40	701	514	30	17	700	3208	5262	3.9e-18	93.2
NCVOG0898-consensus	scaffold_4431	25.10	490	325	42	167	632	10602	9196	2.7e-15	84.5
NCVOG0898-consensus	scaffold_40	23.13	748	488	87	17	716	217492	219611	4.6e-15	87.2
NCVOG0898-consensus	scaffold_208	16.78	572	436	40	139	689	30438	28787	2.1e-13	81.8
NCVOG0898-consensus	scaffold_693	22.76	536	378	36	246	759	20179	18625	3e-13	79.3
NCVOG0898-consensus	scaffold_102	22.76	536	378	36	246	759	176581	175027	3.6e-13	79.3
NCVOG0898-consensus	scaffold_978	19.69	701	511	52	65	737	20782	22803	3.9e-13	78.5
NCVOG0898-consensus	scaffold_13	21.64	596	429	38	259	832	390542	388814	5.3e-12	76.6
NCVOG0268-consensus	scaffold_89	24.16	327	216	32	302	599	146566	145598	1.9e-12	78.3
NCVOG0268-consensus	scaffold_3418	26.35	296	208	10	297	586	5438	6306	1.6e-11	71.8
NCVOG0268-consensus	scaffold_139	22.70	326	240	12	288	603	46672	45704	5.6e-11	73.5
NCVOG1068-consensus	scaffold_164	41.36	162	49	46	124	239	80311	80791	1.8e-16	90.4
NCVOG2643-consensus	scaffold_12	37.19	121	66	10	37	154	336718	336380	6e-11	71.6
NCVOG0613-consensus	scaffold_4192	36.75	117	69	5	17	129	5911	6255	1.3e-14	79.6
NCVOG0613-consensus	scaffold_197	36.75	117	69	5	17	129	116157	115813	1.2e-13	80.0
NCVOG0613-consensus	scaffold_4091	33.88	121	75	5	13	129	5822	6178	3.2e-13	75.0
NCVOG4523-consensus	scaffold_3843	32.53	292	142	55	10	293	12133	11402	8.7e-11	70.1
NCVOG4123-consensus	scaffold_4278	34.81	158	89	14	157	303	7296	6835	1.5e-11	71.1
NCVOG4123-consensus	scaffold_7348	30.72	153	98	8	160	304	2282	2737	6.3e-11	67.0
NCVOG4123-consensus	scaffold_3778	30.35	201	123	17	118	303	2379	1788	7.4e-11	68.9
NCVOG4123-consensus	scaffold_1854	34.81	158	89	14	157	303	1861	1400	8.9e-11	69.2
NCVOG4123-consensus	scaffold_289	32.04	181	113	10	157	329	62464	61931	9e-11	71.7
NCVOG4115-consensus	scaffold_5812	29.11	213	129	22	93	285	5240	4611	6.8e-12	71.2
NCVOG4115-consensus	scaffold_5106	30.29	208	135	10	90	289	2424	1812	8.6e-12	71.2
NCVOG4115-consensus	scaffold_5606	26.41	231	152	18	71	285	3026	3709	4e-11	68.7
NCVOG4105-consensus	scaffold_117	34.20	1155	561	199	92	1081	156964	160317	1.8e-116	422.4
NCVOG4105-consensus	scaffold_5169	30.69	619	218	211	22	444	1837	43	3.4e-25	117.6
NCVOG1045-consensus	scaffold_2441	33.03	327	182	37	52	358	12348	13270	3.8e-13	77.3
NCVOG1045-consensus	scaffold_78	33.13	326	182	36	52	358	19615	20538	6.8e-12	76.4
NCVOG0305-consensus	scaffold_415	28.31	272	184	11	1296	1561	41217	42014	1.7e-12	78.8
NCVOG0248-consensus	scaffold_29	35.64	477	246	61	33	494	208891	207608	2.2e-28	131.0
NCVOG0105-consensus	scaffold_333	24.75	998	625	126	8	929	62668	59840	9.1e-28	129.2
NCVOG0105-consensus	scaffold_247	26.77	310	208	19	637	937	27247	26359	2.4e-14	85.0
NCVOG0105-consensus	scaffold_3901	26.06	986	597	132	21	917	4712	7499	7.6e-14	80.1
NCVOG4804-consensus	scaffold_516	61.21	116	40	5	70	180	18812	18468	5.8e-21	103.5
NCVOG4804-consensus	scaffold_54	61.21	116	40	5	70	180	88160	87816	1.5e-20	103.6
NCVOG0282-consensus	scaffold_1088	30.69	277	174	18	306	571	4887	4081	2.5e-20	102.4
NCVOG0282-consensus	scaffold_60	29.14	302	196	18	297	588	26891	26013	4.1e-20	104.3
NCVOG0282-consensus	scaffold_3701	30.94	278	173	19	306	571	4859	4054	6e-20	100.2
NCVOG0282-consensus	scaffold_1302	26.76	340	224	25	323	644	19354	18359	2.8e-17	92.1
NCVOG0282-consensus	scaffold_763	29.55	291	183	22	325	604	29234	28398	2.7e-16	89.4
NCVOG0282-consensus	scaffold_188	37.23	188	107	11	342	526	3300	2764	8.1e-16	89.9
NCVOG0282-consensus	scaffold_32	29.55	291	183	22	325	604	289706	290542	1.2e-15	89.4
NCVOG0282-consensus	scaffold_202	32.83	198	118	15	399	587	106942	106370	4.3e-15	87.5
NCVOG0282-consensus	scaffold_89	30.93	194	117	17	424	611	18002	18547	1.8e-14	85.6
NCVOG0282-consensus	scaffold_6092	29.35	293	183	24	325	604	2178	1344	2.3e-14	80.7
NCVOG0282-consensus	scaffold_1790	33.50	200	116	17	399	587	18347	17775	6.6e-14	80.7
NCVOG0282-consensus	scaffold_14	26.91	249	168	14	325	570	208756	208046	1.7e-13	82.3
NCVOG0282-consensus	scaffold_3922	31.77	192	112	19	424	607	11530	12061	1.1e-12	76.1
NCVOG0282-consensus	scaffold_1756	31.77	192	112	19	424	607	17873	18404	1.6e-12	76.1
NCVOG0282-consensus	scaffold_3737	28.52	270	171	22	329	582	9002	9786	1.1e-11	72.8
NCVOG0282-consensus	scaffold_248	26.97	304	182	40	324	594	48583	49470	3.1e-11	74.5
NCVOG0282-consensus	scaffold_169	25.29	340	221	33	331	655	36652	35690	4.6e-11	74.2
NCVOG0282-consensus	scaffold_6458	29.53	254	162	17	339	582	3019	3756	6.4e-11	69.0
NCVOG0282-consensus	scaffold_6312	27.35	223	147	15	325	540	1500	859	6.8e-11	69.0
NCVOG0282-consensus	scaffold_2569	30.97	155	100	7	430	579	13259	13714	8.5e-11	70.1
NCVOG4883-consensus	scaffold_45	32.62	423	251	34	43	460	108872	107694	1.8e-38	164.4
NCVOG0360-consensus	scaffold_1662	43.43	297	161	7	24	315	8891	9772	1.6e-56	220.9
NCVOG0360-consensus	scaffold_608	43.43	297	161	7	24	315	32917	33798	3.5e-56	220.9
NCVOG0360-consensus	scaffold_121	43.43	297	161	7	24	315	13262	14143	1.2e-55	220.9
NCVOG0360-consensus	scaffold_1966	43.62	298	160	8	24	315	7454	8336	4.3e-55	216.0
NCVOG0360-consensus	scaffold_1855	42.76	304	164	10	24	319	13062	13952	4e-53	209.5
NCVOG0979-consensus	scaffold_56	51.19	295	141	3	35	328	106130	105255	8.7e-70	268.1
NCVOG0764-consensus	scaffold_1635	28.26	276	169	29	5	264	9691	10464	5.9e-11	69.3
NCVOG0764-consensus	scaffold_1013	28.26	276	169	29	5	264	15328	16101	7.5e-11	69.3
NCVOG0274-consensus	scaffold_1576	41.54	1300	635	125	182	1380	13147	16965	4.3e-53	211.7
NCVOG0274-consensus	scaffold_39	41.54	1300	635	125	182	1380	91049	94867	5.6e-52	210.9
NCVOG0274-consensus	scaffold_154	31.02	1083	623	124	205	1176	100920	97714	1.4e-45	189.6
NCVOG0274-consensus	scaffold_381	26.45	1085	367	431	414	1068	67309	70547	1.9e-12	78.6
NCVOG0074-consensus	scaffold_3346	65.84	644	209	11	5	637	7215	9143	7.7e-213	740.6
NCVOG0074-consensus	scaffold_3346	65.49	652	209	16	2	637	1063	3003	2.3e-207	722.5
NCVOG0074-consensus	scaffold_715	67.76	608	196	0	5	612	8945	10765	4.8e-212	739.3
NCVOG0074-consensus	scaffold_12	65.84	644	209	11	5	637	214428	212500	8.3e-212	740.7
NCVOG0074-consensus	scaffold_12	65.84	644	209	11	5	637	208291	206363	2.7e-212	742.3
NCVOG0074-consensus	scaffold_12	65.84	644	209	11	5	637	215933	217861	8.3e-212	740.7
NCVOG0074-consensus	scaffold_12	65.84	644	209	11	5	637	221820	223748	2.7e-212	742.3
NCVOG0074-consensus	scaffold_317	68.09	608	194	0	5	612	81801	79981	1.7e-211	739.0
NCVOG0074-consensus	scaffold_317	68.09	608	194	0	5	612	84159	85979	1.7e-211	739.0
NCVOG0074-consensus	scaffold_204	68.09	608	194	0	5	612	23733	25553	1.9e-211	739.3
NCVOG0074-consensus	scaffold_828	67.65	609	196	1	5	612	4367	2548	3.2e-210	733.0
NCVOG0074-consensus	scaffold_248	67.11	608	200	0	5	612	65431	67251	7.2e-210	733.9
NCVOG0074-consensus	scaffold_66	66.89	604	200	0	8	611	129084	127276	7.9e-207	724.1
NCVOG0074-consensus	scaffold_66	53.52	611	274	10	5	608	99359	97539	7e-160	568.2
NCVOG0074-consensus	scaffold_4894	67.43	611	195	4	5	612	4210	6026	1.9e-206	718.9
NCVOG0074-consensus	scaffold_4745	67.43	611	195	4	5	612	4566	6382	2e-206	718.9
NCVOG0074-consensus	scaffold_2915	67.43	611	195	4	5	612	8934	10750	2.8e-206	718.9
NCVOG0074-consensus	scaffold_2852	67.11	608	195	5	5	608	9038	10849	4.2e-202	705.1
NCVOG0074-consensus	scaffold_1984	67.37	616	193	8	5	612	4992	6806	6.6e-200	698.1
NCVOG0074-consensus	scaffold_4857	67.42	617	190	11	5	612	4191	6000	5.8e-197	687.5
NCVOG0074-consensus	scaffold_1984	66.51	621	192	16	5	612	2651	837	1.2e-191	670.7
NCVOG0074-consensus	scaffold_3957	60.39	621	240	6	6	624	9920	8073	5.8e-189	661.2
NCVOG0074-consensus	scaffold_267	60.39	621	240	6	6	624	17277	15430	5.1e-188	661.2
NCVOG0074-consensus	scaffold_79	67.39	552	180	0	61	612	149542	151194	1.6e-187	658.7
NCVOG0074-consensus	scaffold_3854	65.35	632	189	30	5	612	4301	2513	3.7e-155	548.9
NCVOG0074-consensus	scaffold_190	51.94	568	263	10	2	566	2592	913	9.4e-152	541.0
NCVOG0074-consensus	scaffold_771	50.33	602	288	11	3	599	6161	4377	8.5e-149	529.1
NCVOG0074-consensus	scaffold_7	53.85	546	248	4	84	625	242155	240521	1.4e-145	520.7
NCVOG0074-consensus	scaffold_7	54.08	98	42	3	2	96	242656	242366	3.3e-19	100.8
NCVOG0074-consensus	scaffold_106	47.46	571	282	18	58	623	102304	103974	2e-125	453.7
NCVOG0074-consensus	scaffold_66	44.10	610	328	13	4	609	100244	102043	2.9e-113	413.3
NCVOG0074-consensus	scaffold_916	45.21	584	293	27	5	565	1975	3707	2e-109	398.1
NCVOG0074-consensus	scaffold_1174	47.01	636	310	27	2	616	22682	20836	8.8e-108	392.4
NCVOG0074-consensus	scaffold_1174	41.91	661	340	44	5	629	19048	17099	1.5e-110	401.6
NCVOG0074-consensus	scaffold_2630	40.25	651	360	29	6	629	14591	12652	3.8e-106	386.4
NCVOG0074-consensus	scaffold_771	40.15	650	361	28	6	629	7689	9629	7.5e-106	386.4
NCVOG0074-consensus	scaffold_37	40.25	651	360	29	6	629	276449	274510	3e-105	386.4
NCVOG0074-consensus	scaffold_4320	52.01	571	261	13	2	566	2570	4248	9e-103	374.7
NCVOG0074-consensus	scaffold_4320	41.92	656	337	44	5	629	6183	8098	1.4e-112	407.3
NCVOG0074-consensus	scaffold_4320	51.72	145	62	8	7	143	220	631	7e-25	116.0
NCVOG0074-consensus	scaffold_146	41.09	567	312	22	3	566	106871	105231	8.7e-100	368.5
NCVOG0074-consensus	scaffold_1577	49.44	627	297	20	2	616	2696	4539	1.3e-99	365.0
NCVOG0074-consensus	scaffold_1577	44.84	591	291	35	5	565	6327	8061	2e-100	367.7
NCVOG0074-consensus	scaffold_1577	42.57	202	108	8	3	197	214	807	3.5e-31	137.7
NCVOG0074-consensus	scaffold_4261	40.79	657	352	37	6	629	10253	8326	5e-98	359.0
NCVOG0074-consensus	scaffold_2597	41.45	661	338	49	5	629	2310	4230	6.4e-97	355.8
NCVOG0074-consensus	scaffold_2597	46.83	252	124	10	330	578	3	730	2.2e-50	201.2
NCVOG0074-consensus	scaffold_2921	44.13	596	285	48	5	569	1588	3285	1.9e-96	354.1
NCVOG0074-consensus	scaffold_2812	41.65	665	335	53	3	629	13722	11814	3.8e-95	349.8
NCVOG0074-consensus	scaffold_79	77.56	205	46	0	5	209	149374	149985	8.8e-76	288.8
NCVOG0074-consensus	scaffold_3088	41.82	648	324	53	5	617	13703	11855	6.8e-72	272.5
NCVOG0074-consensus	scaffold_3086	41.82	648	324	53	5	617	13705	11857	6.8e-72	272.5
NCVOG0074-consensus	scaffold_3058	41.82	648	324	53	5	617	13774	11926	6.8e-72	272.5
NCVOG0074-consensus	scaffold_113	41.82	648	324	53	5	617	184478	182630	1.7e-71	272.5
NCVOG0074-consensus	scaffold_2611	44.72	597	281	49	5	565	2248	3954	2.6e-50	200.9
NCVOG0074-consensus	scaffold_2611	46.84	237	118	8	330	566	3	686	2.6e-50	200.9
NCVOG0074-consensus	scaffold_40	29.35	477	306	31	49	502	167973	166570	5.6e-50	202.8
NCVOG0074-consensus	scaffold_2691	44.77	574	277	40	5	550	2273	3929	1.1e-47	192.2
NCVOG0074-consensus	scaffold_2691	48.33	240	114	10	330	566	3	688	1.1e-47	192.2
NCVOG0074-consensus	scaffold_2651	44.59	592	286	42	5	565	2267	3970	2.5e-45	184.3
NCVOG0074-consensus	scaffold_2651	49.11	224	107	7	330	550	3	647	2.5e-45	184.3
NCVOG0074-consensus	scaffold_658	42.71	199	110	4	2	197	2327	1739	1.1e-32	143.7
NCVOG0074-consensus	scaffold_6374	51.80	139	66	1	2	139	2278	1869	1.5e-31	137.1
NCVOG0074-consensus	scaffold_6098	27.46	619	367	82	34	582	6376	4565	1.6e-25	117.3
NCVOG0074-consensus	scaffold_130	32.57	261	156	20	170	412	161235	162006	5.8e-24	114.1
NCVOG0074-consensus	scaffold_1091	27.90	620	364	83	34	582	6442	4624	1.4e-23	112.7
NCVOG0074-consensus	scaffold_2249	33.07	254	149	21	178	412	9995	10741	1.7e-23	111.9
NCVOG0074-consensus	scaffold_156	28.09	623	360	88	34	582	6431	4614	3.3e-23	114.1
NCVOG0074-consensus	scaffold_53	32.81	253	150	20	178	412	10714	11461	3.3e-23	114.1
NCVOG0074-consensus	scaffold_4440	44.53	128	71	0	485	612	2	382	4.3e-19	96.7
NCVOG0074-consensus	scaffold_6016	29.21	630	351	95	34	582	2875	1075	9.8e-19	94.8
NCVOG0074-consensus	scaffold_7142	28.00	625	361	89	34	582	2914	1096	1.6e-18	93.2
NCVOG0074-consensus	scaffold_25	24.63	544	317	93	171	635	169069	170655	4.2e-16	90.5
NCVOG1299-consensus	scaffold_4	42.11	133	68	9	5	128	84143	83748	7.3e-15	84.3
NCVOG1299-consensus	scaffold_4	41.79	134	69	9	4	128	80883	80485	5.5e-17	91.4
NCVOG1299-consensus	scaffold_4	40.60	133	70	9	5	128	74014	73619	3e-16	89.0
NCVOG1299-consensus	scaffold_4	61.54	65	25	0	85	149	69409	69218	7.3e-15	84.3
NCVOG0064-consensus	scaffold_97	24.65	353	236	30	21	356	60956	61972	6.1e-14	83.0
NCVOG0064-consensus	scaffold_7426	28.79	330	177	58	28	320	835	1758	4.7e-11	67.5
NCVOG0604-consensus	scaffold_39	28.99	307	184	34	265	571	128876	129691	2e-11	74.8
NCVOG0604-consensus	scaffold_39	26.93	323	226	10	255	572	129761	130705	2.6e-12	77.8
NCVOG4324-consensus	scaffold_34	31.67	240	142	22	145	366	247522	248226	3.5e-14	84.0
NCVOG4134-consensus	scaffold_33	35.51	428	222	54	39	456	238854	237706	4e-37	159.8
NCVOG0424-consensus	scaffold_7166	35.87	184	111	7	138	318	1395	859	8.4e-20	97.3
NCVOG0424-consensus	scaffold_4812	35.87	184	111	7	138	318	2328	2864	2.5e-19	97.3
NCVOG0424-consensus	scaffold_573	35.87	184	111	7	138	318	34469	33933	1.1e-18	97.3
NCVOG0424-consensus	scaffold_4852	38.79	165	93	8	162	321	2407	2889	1.4e-18	94.8
NCVOG0424-consensus	scaffold_343	35.87	184	111	7	138	318	79607	80143	2.1e-18	97.3
NCVOG0424-consensus	scaffold_1076	33.97	209	128	10	105	306	9628	10238	1.5e-14	82.7
NCVOG0424-consensus	scaffold_2109	25.00	388	257	34	2	386	7264	8323	2.3e-14	81.6
NCVOG0424-consensus	scaffold_4308	39.58	144	78	9	183	318	449	874	6.9e-14	79.4
NCVOG0424-consensus	scaffold_7498	24.75	198	142	7	117	313	718	146	2.4e-11	68.5
NCVOG0424-consensus	scaffold_6238	24.75	198	142	7	117	313	2464	1892	8.2e-11	68.3
NCVOG0304-consensus	scaffold_71	34.62	156	96	6	55	207	101012	101467	1.6e-14	84.9
NCVOG0304-consensus	scaffold_60	40.35	114	66	2	98	211	26669	26337	7e-13	79.5
NCVOG0304-consensus	scaffold_39	32.21	149	89	12	58	201	109889	110311	7.7e-11	72.7
NCVOG0214-consensus	scaffold_15	38.91	257	147	10	346	594	346550	345799	2.4e-22	110.8
NCVOG0214-consensus	scaffold_25	41.28	172	97	4	372	542	156639	157138	1.2e-21	109.2
NCVOG0214-consensus	scaffold_470	35.51	276	168	10	242	510	41280	40471	1.6e-18	97.5
NCVOG0214-consensus	scaffold_101	26.52	528	351	37	61	571	107425	108945	6.8e-17	93.5
NCVOG0214-consensus	scaffold_14	26.02	465	316	28	92	546	142591	141258	3e-16	91.3
NCVOG0214-consensus	scaffold_193	38.27	162	95	5	370	527	34407	33928	1e-15	89.4
NCVOG0214-consensus	scaffold_3269	29.80	198	131	8	328	521	5208	4630	4.6e-15	84.0
NCVOG0214-consensus	scaffold_499	30.32	221	142	12	305	524	4034	4660	5.9e-15	85.6
NCVOG0214-consensus	scaffold_684	22.41	424	308	21	132	544	3833	5061	6.7e-15	84.8
NCVOG0214-consensus	scaffold_935	29.80	198	131	8	328	521	6622	7200	8.7e-15	84.0
NCVOG0214-consensus	scaffold_140	31.00	229	150	8	337	559	107929	108606	1.1e-14	86.2
NCVOG0214-consensus	scaffold_140	29.08	251	160	18	303	537	110847	111590	1.9e-14	85.3
NCVOG0214-consensus	scaffold_140	32.53	166	109	3	342	507	113990	114475	8.2e-13	79.9
NCVOG0214-consensus	scaffold_226	27.61	297	200	15	258	542	116361	117239	1.3e-14	85.6
NCVOG0214-consensus	scaffold_226	30.32	221	142	12	305	524	121046	121672	1.3e-14	85.6
NCVOG0214-consensus	scaffold_3467	29.29	198	132	8	328	521	3363	3941	2.4e-14	81.5
NCVOG0214-consensus	scaffold_843	29.59	196	130	8	330	521	6589	7161	2.4e-14	82.6
NCVOG0214-consensus	scaffold_1906	30.81	185	121	7	328	509	5203	4664	4.7e-14	81.0
NCVOG0214-consensus	scaffold_812	29.66	263	161	24	305	544	5995	5213	5.3e-14	81.5
NCVOG0214-consensus	scaffold_812	28.98	245	161	13	278	521	10462	11157	9.4e-14	80.7
NCVOG0214-consensus	scaffold_899	29.02	224	147	12	299	521	4064	3431	1.5e-13	79.9
NCVOG0214-consensus	scaffold_330	29.66	263	161	24	305	544	79911	80693	1.6e-13	81.5
NCVOG0214-consensus	scaffold_606	32.50	200	126	9	346	543	18333	18908	2.9e-13	79.6
NCVOG0214-consensus	scaffold_948	32.79	183	118	5	335	517	4553	4023	6.5e-13	77.7
NCVOG0214-consensus	scaffold_205	25.73	447	287	45	175	587	97745	96441	7.3e-13	79.9
NCVOG0214-consensus	scaffold_6028	28.96	259	170	14	269	520	760	1502	7.6e-13	75.6
NCVOG0214-consensus	scaffold_20	42.03	138	72	8	379	516	300803	300417	8.7e-13	78.8
NCVOG0214-consensus	scaffold_3081	28.69	237	154	15	287	521	9012	8350	9.2e-13	76.4
NCVOG0214-consensus	scaffold_1258	27.04	270	175	22	242	507	4824	5576	9.6e-13	76.9
NCVOG0214-consensus	scaffold_2	25.95	289	194	20	257	544	44526	45332	1.4e-12	79.1
NCVOG0214-consensus	scaffold_107	22.43	477	337	33	123	583	31491	32863	2.1e-12	78.6
NCVOG0214-consensus	scaffold_154	47.62	105	53	2	375	478	25932	25624	3.7e-12	77.7
NCVOG0214-consensus	scaffold_283	27.04	270	175	22	242	507	83930	83178	4.5e-12	76.9
NCVOG0214-consensus	scaffold_77	32.99	197	117	15	330	521	168113	168666	5e-12	76.1
NCVOG0214-consensus	scaffold_333	25.59	254	178	11	269	515	6832	7578	5.7e-12	76.4
NCVOG0214-consensus	scaffold_794	29.76	168	114	4	352	515	20521	20021	8.7e-12	74.2
NCVOG0214-consensus	scaffold_793	29.76	168	114	4	352	515	20536	20036	8.7e-12	74.2
NCVOG0214-consensus	scaffold_2895	28.02	207	139	10	316	521	6096	6682	9e-12	73.1
NCVOG0214-consensus	scaffold_3149	30.00	240	148	20	287	521	9024	8365	1e-11	72.8
NCVOG0214-consensus	scaffold_591	36.96	138	78	9	377	514	40646	41029	1e-11	74.5
NCVOG0214-consensus	scaffold_399	33.33	141	87	7	379	519	50559	50161	1.4e-11	74.8
NCVOG0214-consensus	scaffold_4979	30.41	194	129	6	328	518	1652	1093	1.5e-11	71.8
NCVOG0214-consensus	scaffold_3273	30.15	199	130	9	328	521	5098	4521	2.2e-11	71.8
NCVOG0214-consensus	scaffold_454	25.09	283	198	14	256	536	32871	32062	8.1e-11	72.0
NCVOG4882-consensus	scaffold_71	34.57	243	147	12	390	627	103499	104203	3.6e-22	111.3
NCVOG4696-consensus	scaffold_2253	28.57	560	328	72	42	574	6730	8265	6.7e-12	73.7
NCVOG4696-consensus	scaffold_106	30.11	465	268	57	42	488	6705	7979	4.9e-11	74.0
NCVOG5130-consensus	scaffold_356	63.41	123	32	13	22	133	58714	59073	3e-23	111.4
NCVOG5130-consensus	scaffold_356	54.72	159	56	16	3	150	59704	60162	4.2e-22	107.6
NCVOG5130-consensus	scaffold_26	46.83	126	54	13	12	133	230224	229877	6.4e-12	74.6
NCVOG5130-consensus	scaffold_4	51.95	77	33	4	45	118	198493	198269	1.6e-11	73.2
NCVOG5130-consensus	scaffold_45	45.60	125	64	4	12	133	244964	245332	3.9e-11	71.6
NCVOG5130-consensus	scaffold_151	39.33	89	47	7	29	113	150376	150122	5.8e-11	66.9
NCVOG0976-consensus	scaffold_499	27.42	186	126	9	198	380	4100	4636	4.2e-13	78.4
NCVOG0976-consensus	scaffold_25	27.54	207	140	10	188	386	156549	157160	2.7e-11	73.9
NCVOG0976-consensus	scaffold_226	27.42	186	126	9	198	380	121112	121648	6.9e-11	72.2
NCVOG0976-consensus	scaffold_226	24.88	217	153	10	171	381	116394	117029	3.9e-11	73.0
NCVOG4596-consensus	scaffold_84	30.14	219	133	20	206	410	67042	66407	4e-14	84.5
NCVOG4596-consensus	scaffold_63	30.73	205	138	4	205	409	155190	154591	1.8e-13	81.5
NCVOG4596-consensus	scaffold_196	26.78	239	159	16	204	432	108692	107997	3.8e-11	74.5
NCVOG0310-consensus	scaffold_602	33.24	367	215	30	1	349	11921	12982	3.8e-19	98.0
NCVOG0310-consensus	scaffold_586	33.33	366	217	27	5	349	29080	28004	1.2e-18	96.3
NCVOG0310-consensus	scaffold_2183	33.24	367	217	28	5	349	1369	294	2.6e-18	93.9
NCVOG0310-consensus	scaffold_1895	33.24	367	217	28	5	349	2492	1417	2.6e-18	94.0
NCVOG0310-consensus	scaffold_1141	33.79	367	217	26	5	349	11310	10237	2.6e-17	91.0
NCVOG0310-consensus	scaffold_413	34.24	368	215	27	5	349	55761	54679	3e-17	92.4
NCVOG0310-consensus	scaffold_6119	34.36	358	208	27	5	341	4830	3790	8.3e-17	87.5
NCVOG0310-consensus	scaffold_1314	34.36	358	208	27	5	341	19826	18786	1.8e-16	88.1
NCVOG0310-consensus	scaffold_667	34.05	373	211	35	5	349	16101	15035	8.2e-13	76.7
NCVOG0310-consensus	scaffold_453	32.96	358	201	39	17	351	28019	26997	1.4e-12	76.7
NCVOG0310-consensus	scaffold_5030	31.97	319	190	27	51	351	74	996	1.9e-12	73.6
NCVOG0310-consensus	scaffold_4404	33.87	372	213	33	7	349	10464	9402	2.7e-12	73.3
NCVOG0310-consensus	scaffold_1404	31.84	358	205	39	17	351	16721	15699	6.7e-12	72.9
NCVOG0310-consensus	scaffold_1859	31.48	359	210	36	17	351	14380	13343	1.4e-11	71.6
NCVOG0030-consensus	scaffold_20	33.87	561	266	105	26	508	315810	314222	6.5e-52	208.7
NCVOG0030-consensus	scaffold_61	29.10	457	199	125	75	415	27879	26547	3.9e-18	97.5
NCVOG4494-consensus	scaffold_120	38.60	329	181	21	21	340	84324	83377	5e-41	173.0
NCVOG4494-consensus	scaffold_120	39.26	326	172	26	16	316	95649	94678	1.3e-40	171.7
NCVOG4494-consensus	scaffold_120	45.71	175	93	2	43	216	96180	95662	3.3e-28	130.5
NCVOG4494-consensus	scaffold_120	38.92	167	97	5	42	203	84828	84331	8.1e-15	86.0
NCVOG4494-consensus	scaffold_3332	39.80	304	164	19	23	319	11149	10277	1.3e-38	161.6
NCVOG4494-consensus	scaffold_5157	44.20	319	163	15	21	337	7726	6816	4.7e-38	159.2
NCVOG4494-consensus	scaffold_5157	41.18	306	159	21	19	313	8633	7761	5e-31	135.8
NCVOG4494-consensus	scaffold_2570	36.62	314	183	16	19	319	2630	1705	6.5e-38	159.4
NCVOG4494-consensus	scaffold_200	37.74	318	175	23	21	316	61244	60297	1.2e-37	161.6
NCVOG4494-consensus	scaffold_200	38.36	232	133	10	3	225	61943	61254	1.7e-24	118.0
NCVOG4494-consensus	scaffold_72	39.80	304	164	19	23	319	13153	12281	1.3e-37	161.6
NCVOG4494-consensus	scaffold_4662	39.24	316	176	16	2	314	2597	3498	1.7e-37	157.5
NCVOG4494-consensus	scaffold_246	44.03	318	164	14	21	337	101604	102515	2.3e-37	160.6
NCVOG4494-consensus	scaffold_246	39.42	345	186	23	19	357	97772	98752	9.2e-39	165.2
NCVOG4494-consensus	scaffold_246	42.99	335	163	28	2	319	93850	94812	1.4e-35	154.6
NCVOG4494-consensus	scaffold_246	42.24	303	157	18	19	313	100692	101567	6e-34	149.2
NCVOG4494-consensus	scaffold_246	39.05	210	123	5	41	248	115558	116175	5.3e-23	112.8
NCVOG4494-consensus	scaffold_7	41.77	316	163	21	5	310	251645	250734	1.3e-36	158.4
NCVOG4494-consensus	scaffold_7	34.64	332	192	25	23	330	249791	248802	2.3e-32	144.3
NCVOG4494-consensus	scaffold_7	36.94	222	116	24	21	218	250532	249870	2.9e-21	107.4
NCVOG4494-consensus	scaffold_154	39.24	316	176	16	2	314	140191	139290	2.3e-36	157.6
NCVOG4494-consensus	scaffold_4632	41.16	294	154	19	20	312	4502	5326	2.3e-36	153.7
NCVOG4494-consensus	scaffold_4632	39.79	284	154	17	21	299	3683	4495	2.2e-35	150.5
NCVOG4494-consensus	scaffold_4632	41.03	117	66	3	90	203	3329	3676	6e-12	72.6
NCVOG4494-consensus	scaffold_4298	38.23	327	178	24	47	353	7621	8580	4.4e-36	152.9
NCVOG4494-consensus	scaffold_367	35.78	341	197	22	21	340	42388	41372	9.9e-36	154.6
NCVOG4494-consensus	scaffold_367	39.46	299	163	18	27	319	49861	49004	1.8e-36	157.0
NCVOG4494-consensus	scaffold_367	36.80	269	147	23	2	260	43159	42395	1.2e-32	144.3
NCVOG4494-consensus	scaffold_367	39.19	222	123	12	41	262	50506	49880	1.6e-29	134.0
NCVOG4494-consensus	scaffold_553	41.16	294	154	19	20	312	20790	21614	1e-35	153.8
NCVOG4494-consensus	scaffold_553	39.79	284	154	17	21	299	19971	20783	9.7e-35	150.5
NCVOG4494-consensus	scaffold_879	36.54	353	200	24	21	353	2068	3103	1e-35	152.9
NCVOG4494-consensus	scaffold_460	40.30	330	169	28	20	339	50051	50979	1.3e-35	153.8
NCVOG4494-consensus	scaffold_460	36.96	349	195	25	23	358	51007	52014	1.8e-37	160.0
NCVOG4494-consensus	scaffold_1101	36.20	395	218	34	21	395	15376	16515	2.3e-35	151.6
NCVOG4494-consensus	scaffold_356	45.07	213	117	0	17	229	43142	43777	4.6e-35	152.4
NCVOG4494-consensus	scaffold_356	43.78	201	110	3	34	231	44195	44794	4.8e-28	129.1
NCVOG4494-consensus	scaffold_295	36.20	395	218	34	21	395	92633	91494	9.8e-35	151.6
NCVOG4494-consensus	scaffold_282	42.21	308	157	21	37	324	17950	18859	1e-34	151.6
NCVOG4494-consensus	scaffold_4506	38.23	327	178	24	47	353	6221	7180	1.2e-34	148.0
NCVOG4494-consensus	scaffold_5711	38.17	317	174	22	21	328	4432	3524	1.3e-34	147.5
NCVOG4494-consensus	scaffold_4959	38.17	317	174	22	21	328	2181	3089	1.6e-34	147.5
NCVOG4494-consensus	scaffold_9	39.67	300	163	18	19	311	59331	60190	1.7e-34	151.3
NCVOG4494-consensus	scaffold_264	35.74	333	195	19	21	334	62346	63341	2.7e-34	150.2
NCVOG4494-consensus	scaffold_264	40.31	258	138	16	8	260	61602	62339	1.2e-28	131.5
NCVOG4494-consensus	scaffold_264	34.24	295	178	16	19	308	69005	69853	6.6e-25	119.1
NCVOG4494-consensus	scaffold_264	39.90	193	114	2	34	224	68427	68998	1.8e-21	107.7
NCVOG4494-consensus	scaffold_2281	38.17	317	174	22	21	328	15648	16556	2.7e-34	147.5
NCVOG4494-consensus	scaffold_2845	34.05	417	225	50	3	382	7169	5971	2.9e-34	147.2
NCVOG4494-consensus	scaffold_2845	40.28	144	86	0	33	176	7607	7179	5.2e-18	93.3
NCVOG4494-consensus	scaffold_38	42.81	299	154	17	21	313	162479	163339	3.1e-34	150.2
NCVOG4494-consensus	scaffold_3372	36.83	315	182	17	19	319	3031	2103	3.2e-34	147.0
NCVOG4494-consensus	scaffold_968	38.17	317	174	22	21	328	24720	25628	4.2e-34	147.5
NCVOG4494-consensus	scaffold_845	38.17	317	174	22	21	328	12701	11793	5.6e-34	147.2
NCVOG4494-consensus	scaffold_187	37.23	325	182	22	21	323	98926	97955	7.2e-34	149.2
NCVOG4494-consensus	scaffold_633	38.17	317	174	22	21	328	1692	2600	7.8e-34	147.2
NCVOG4494-consensus	scaffold_532	35.56	329	203	9	16	335	26279	27252	8.2e-34	147.5
NCVOG4494-consensus	scaffold_457	38.17	317	174	22	21	328	7090	7998	1e-33	147.5
NCVOG4494-consensus	scaffold_5491	41.43	280	146	18	38	310	7671	6872	1.6e-33	144.0
NCVOG4494-consensus	scaffold_162	37.35	324	185	18	21	337	18979	19914	2e-33	147.8
NCVOG4494-consensus	scaffold_162	37.12	326	180	25	2	313	17998	18939	3.1e-35	153.8
NCVOG4494-consensus	scaffold_1715	34.05	370	197	47	2	324	11359	10253	2e-33	144.8
NCVOG4494-consensus	scaffold_2384	38.05	318	173	24	21	328	2136	3042	2.1e-33	144.5
NCVOG4494-consensus	scaffold_806	38.06	268	153	13	21	287	17356	16592	2.6e-33	145.1
NCVOG4494-consensus	scaffold_2320	38.29	316	175	20	21	329	2191	3092	3.1e-33	144.0
NCVOG4494-consensus	scaffold_688	41.72	302	158	18	40	324	17123	18022	6.6e-33	144.0
NCVOG4494-consensus	scaffold_4108	38.24	319	172	25	21	328	4457	3552	6.9e-33	142.3
NCVOG4494-consensus	scaffold_1036	36.36	352	201	23	21	353	11593	12631	1.2e-32	142.6
NCVOG4494-consensus	scaffold_223	34.05	370	197	47	2	324	11376	10270	1.3e-32	144.8
NCVOG4494-consensus	scaffold_252	35.11	356	218	13	2	344	104526	103462	1.7e-32	144.3
NCVOG4494-consensus	scaffold_161	40.74	270	148	12	33	301	111500	110727	2.3e-32	144.3
NCVOG4494-consensus	scaffold_476	38.29	269	152	14	21	287	3559	4322	4.1e-32	142.1
NCVOG4494-consensus	scaffold_2859	33.89	416	226	49	3	382	7180	5981	4.7e-32	139.9
NCVOG4494-consensus	scaffold_2859	40.41	146	85	2	33	176	7616	7190	5.7e-12	73.2
NCVOG4494-consensus	scaffold_2839	35.71	322	189	18	21	335	11525	10596	5.7e-32	139.6
NCVOG4494-consensus	scaffold_2839	39.02	328	176	24	21	324	12565	11597	5.7e-32	139.6
NCVOG4494-consensus	scaffold_2839	40.33	181	106	2	47	225	13109	12574	3.1e-19	97.3
NCVOG4494-consensus	scaffold_220	39.74	234	130	11	41	274	17227	16562	8.6e-32	142.1
NCVOG4494-consensus	scaffold_220	36.22	370	202	34	2	356	21655	20608	1.3e-31	141.6
NCVOG4494-consensus	scaffold_220	39.46	223	133	2	15	236	41534	40872	7.8e-30	135.6
NCVOG4494-consensus	scaffold_220	30.83	493	287	54	23	486	26797	25401	6.2e-29	132.6
NCVOG4494-consensus	scaffold_220	33.14	344	217	13	11	346	32044	31039	2.5e-26	123.9
NCVOG4494-consensus	scaffold_220	35.24	210	128	8	19	220	11413	10787	4.5e-18	96.5
NCVOG4494-consensus	scaffold_220	34.60	211	133	5	26	231	122034	121417	1.3e-16	91.7
NCVOG4494-consensus	scaffold_220	41.32	167	89	9	36	193	8290	7797	4.9e-16	89.8
NCVOG4494-consensus	scaffold_220	34.76	210	133	4	23	228	121200	120578	4.5e-14	83.3
NCVOG4494-consensus	scaffold_54	43.07	267	138	14	23	288	131834	132588	1.2e-31	141.8
NCVOG4494-consensus	scaffold_54	36.65	281	160	18	36	299	130985	131821	5.5e-31	139.7
NCVOG4494-consensus	scaffold_469	35.71	322	189	18	21	335	56299	57228	2.3e-31	139.7
NCVOG4494-consensus	scaffold_469	38.29	316	177	18	19	316	55111	56055	9.7e-34	147.5
NCVOG4494-consensus	scaffold_469	37.91	182	106	7	50	224	54562	55104	2.3e-15	86.5
NCVOG4494-consensus	scaffold_3374	36.71	316	182	18	19	319	3043	2118	4.9e-31	136.4
NCVOG4494-consensus	scaffold_2180	40.28	211	124	2	35	244	1292	666	5.1e-31	136.7
NCVOG4494-consensus	scaffold_2180	35.24	210	128	8	19	220	11709	11083	6.2e-19	96.5
NCVOG4494-consensus	scaffold_2180	41.72	163	86	9	36	189	8594	8113	2.1e-16	88.1
NCVOG4494-consensus	scaffold_285	37.43	350	197	22	21	362	78513	77509	3.1e-30	136.7
NCVOG4494-consensus	scaffold_113	40.45	220	129	2	16	233	84433	83777	5.3e-30	136.4
NCVOG4494-consensus	scaffold_113	41.23	228	133	1	5	232	75533	74856	5.3e-30	136.4
NCVOG4494-consensus	scaffold_113	39.09	220	132	2	16	233	80324	79668	9.3e-30	135.6
NCVOG4494-consensus	scaffold_113	35.34	249	158	3	7	252	62884	62141	1.6e-28	131.5
NCVOG4494-consensus	scaffold_113	36.75	234	134	14	32	251	71591	70893	1e-27	128.8
NCVOG4494-consensus	scaffold_113	39.11	202	122	1	16	216	29272	28674	1.8e-23	114.7
NCVOG4494-consensus	scaffold_4748	37.75	302	165	23	37	328	2258	3117	6.4e-30	132.3
NCVOG4494-consensus	scaffold_5981	36.52	356	197	29	21	353	2064	3092	7.5e-30	131.5
NCVOG4494-consensus	scaffold_739	38.28	337	183	25	19	340	29548	28589	9.3e-30	133.4
NCVOG4494-consensus	scaffold_739	44.39	205	113	1	21	224	30161	29554	1e-27	126.6
NCVOG4494-consensus	scaffold_739	40.33	181	106	2	47	225	30705	30170	6.7e-19	97.3
NCVOG4494-consensus	scaffold_739	32.94	252	152	17	43	290	28566	27855	7.4e-17	90.6
NCVOG4494-consensus	scaffold_3535	36.06	330	197	14	29	344	2529	1549	1.2e-29	131.8
NCVOG4494-consensus	scaffold_2377	36.52	356	197	29	21	353	11458	12486	1.4e-29	131.8
NCVOG4494-consensus	scaffold_80	45.74	188	101	1	21	207	65226	65786	2e-29	134.5
NCVOG4494-consensus	scaffold_4555	28.93	522	331	40	21	515	6701	8212	3e-29	130.1
NCVOG4494-consensus	scaffold_4555	35.14	296	168	24	19	305	5853	6678	2.9e-20	100.3
NCVOG4494-consensus	scaffold_4555	36.65	281	159	19	15	286	5005	5794	3e-17	90.3
NCVOG4494-consensus	scaffold_197	32.75	345	211	21	21	344	123576	122545	3.8e-29	133.4
NCVOG4494-consensus	scaffold_2551	33.33	339	202	24	23	337	3569	2556	4.3e-29	130.1
NCVOG4494-consensus	scaffold_26	30.88	421	248	43	20	416	287932	286730	5e-29	133.2
NCVOG4494-consensus	scaffold_3930	35.23	298	184	9	45	338	7013	6146	1e-28	128.5
NCVOG4494-consensus	scaffold_5205	32.43	407	239	36	17	399	5475	6646	1.1e-28	128.0
NCVOG4494-consensus	scaffold_3932	32.43	407	239	36	17	399	8535	9706	1.5e-28	128.0
NCVOG4494-consensus	scaffold_2751	35.69	325	186	23	17	332	1444	2373	1.9e-28	128.0
NCVOG4494-consensus	scaffold_58	33.33	339	202	24	23	337	227231	228244	2.5e-28	130.2
NCVOG4494-consensus	scaffold_35	40.74	189	112	0	41	229	116434	116997	2.7e-28	130.7
NCVOG4494-consensus	scaffold_2052	33.24	340	202	25	23	337	2091	3103	3.1e-28	127.4
NCVOG4494-consensus	scaffold_2052	33.97	156	99	4	60	211	3113	3573	5.5e-12	73.5
NCVOG4494-consensus	scaffold_1253	35.18	307	169	30	21	318	6636	5782	4.8e-28	127.2
NCVOG4494-consensus	scaffold_1253	35.24	210	128	8	19	220	16941	16315	8e-19	96.5
NCVOG4494-consensus	scaffold_1253	41.32	167	89	9	36	193	13822	13329	8.8e-17	89.7
NCVOG4494-consensus	scaffold_1253	47.13	87	45	1	62	147	11637	11380	2.7e-12	74.8
NCVOG4494-consensus	scaffold_4627	35.18	307	169	30	21	318	6632	5778	7.2e-28	125.5
NCVOG4494-consensus	scaffold_4616	29.55	494	319	29	2	484	1729	309	8.7e-28	125.3
NCVOG4494-consensus	scaffold_191	33.43	338	208	17	36	360	40630	39638	1.1e-27	128.6
NCVOG4494-consensus	scaffold_191	32.30	322	208	10	16	331	35014	34066	4.2e-27	126.7
NCVOG4494-consensus	scaffold_191	35.02	297	164	29	37	331	30063	29259	1.2e-24	118.5
NCVOG4494-consensus	scaffold_11	37.99	329	185	19	21	341	295916	294976	1.2e-27	128.6
NCVOG4494-consensus	scaffold_11	38.32	214	130	2	19	231	296603	295972	1.3e-20	105.2
NCVOG4494-consensus	scaffold_150	37.45	251	156	1	2	252	79487	80233	1.5e-27	128.3
NCVOG4494-consensus	scaffold_1535	40.32	248	144	4	16	259	15768	15036	1.6e-27	125.3
NCVOG4494-consensus	scaffold_2781	43.03	337	162	30	2	319	6752	5790	1.8e-27	124.7
NCVOG4494-consensus	scaffold_2781	34.90	404	232	31	21	416	2701	1570	4.3e-30	133.4
NCVOG4494-consensus	scaffold_6135	34.63	283	166	19	41	316	810	1619	2.4e-27	123.1
NCVOG4494-consensus	scaffold_274	35.69	297	183	8	45	338	57438	58304	3.3e-27	126.6
NCVOG4494-consensus	scaffold_226	35.68	227	145	1	6	232	99356	100030	4.6e-27	126.4
NCVOG4494-consensus	scaffold_226	39.17	240	141	5	34	268	94389	95101	1e-23	115.3
NCVOG4494-consensus	scaffold_3203	34.63	283	166	19	41	316	6254	5445	5.1e-27	123.1
NCVOG4494-consensus	scaffold_2810	34.63	283	166	19	41	316	6177	5368	5.5e-27	123.1
NCVOG4494-consensus	scaffold_2805	34.63	283	166	19	41	316	6186	5377	5.5e-27	123.1
NCVOG4494-consensus	scaffold_690	44.57	184	96	6	4	186	3229	2696	6e-27	124.2
NCVOG4494-consensus	scaffold_1163	34.51	284	166	20	41	316	17951	18759	8.3e-27	123.1
NCVOG4494-consensus	scaffold_1820	36.25	309	176	21	17	316	1911	1028	1.4e-26	122.0
NCVOG4494-consensus	scaffold_6801	35.56	284	163	20	41	316	92	900	1.6e-26	119.8
NCVOG4494-consensus	scaffold_274	36.82	296	171	16	21	313	55718	54877	1.8e-26	124.2
NCVOG4494-consensus	scaffold_2504	37.89	285	152	25	49	316	13309	14130	2.2e-26	121.2
NCVOG4494-consensus	scaffold_2038	37.89	285	152	25	49	316	8533	9354	2.4e-26	121.2
NCVOG4494-consensus	scaffold_1381	37.89	285	152	25	49	316	13303	14124	2.8e-26	121.2
NCVOG4494-consensus	scaffold_6539	37.06	286	153	27	49	316	4057	4876	3.2e-26	119.0
NCVOG4494-consensus	scaffold_4070	37.89	285	152	25	49	316	7020	7841	3.5e-26	120.1
NCVOG4494-consensus	scaffold_4762	35.56	284	163	20	41	316	5927	6735	3.6e-26	119.8
NCVOG4494-consensus	scaffold_6568	33.33	330	195	25	5	327	3494	2562	3.8e-26	118.7
NCVOG4494-consensus	scaffold_4216	37.89	285	152	25	49	316	4043	4864	4.1e-26	119.8
NCVOG4494-consensus	scaffold_1133	37.89	285	152	25	49	316	17989	17168	8e-26	119.8
NCVOG4494-consensus	scaffold_499	37.22	317	179	20	19	319	53958	54881	1.1e-25	120.7
NCVOG4494-consensus	scaffold_1361	33.33	330	195	25	5	327	3544	2612	1.6e-25	118.8
NCVOG4494-consensus	scaffold_1353	33.33	330	195	25	5	327	18962	18030	1.6e-25	118.8
NCVOG4494-consensus	scaffold_3774	38.11	286	151	26	49	316	6878	7698	2e-25	117.7
NCVOG4494-consensus	scaffold_2493	33.75	320	187	25	43	337	10902	11854	2.1e-25	117.9
NCVOG4494-consensus	scaffold_3930	37.04	297	170	17	21	313	8732	9572	4.9e-25	116.3
NCVOG4494-consensus	scaffold_1248	45.89	146	79	0	41	186	13237	12803	8.8e-25	116.3
NCVOG4494-consensus	scaffold_790	45.89	146	79	0	41	186	21660	21226	1.2e-24	116.3
NCVOG4494-consensus	scaffold_3755	38.03	305	168	21	34	319	8664	7783	1.3e-24	115.0
NCVOG4494-consensus	scaffold_57	38.02	242	139	11	2	234	86027	85315	1.6e-24	118.2
NCVOG4494-consensus	scaffold_597	45.89	146	79	0	41	186	32816	33250	1.7e-24	116.3
NCVOG4494-consensus	scaffold_503	40.96	166	97	1	74	238	2715	3209	1.8e-24	116.6
NCVOG4494-consensus	scaffold_6038	36.97	238	144	6	14	248	2530	3227	2.2e-24	113.3
NCVOG4494-consensus	scaffold_5597	39.05	210	123	5	41	248	6213	5596	3.7e-24	112.8
NCVOG4494-consensus	scaffold_231	40.96	166	97	1	74	238	113684	114178	3.9e-24	116.6
NCVOG4494-consensus	scaffold_231	38.12	181	109	3	43	220	34967	35506	9.6e-23	112.0
NCVOG4494-consensus	scaffold_231	31.08	222	135	18	29	232	107856	108516	8.3e-12	75.7
NCVOG4494-consensus	scaffold_4672	39.05	210	123	5	41	248	6027	5410	4.9e-24	112.8
NCVOG4494-consensus	scaffold_4640	39.05	210	123	5	41	248	5943	5326	4.9e-24	112.8
NCVOG4494-consensus	scaffold_4371	38.01	221	132	5	41	258	1313	1962	5.2e-24	112.8
NCVOG4494-consensus	scaffold_3462	39.05	210	123	5	41	248	2640	3257	6.2e-24	112.8
NCVOG4494-consensus	scaffold_2856	39.05	210	123	5	41	248	6013	5396	6.9e-24	112.8
NCVOG4494-consensus	scaffold_11	35.29	357	201	30	6	332	310594	311659	2.6e-23	113.9
NCVOG4494-consensus	scaffold_2957	34.65	202	129	3	21	220	5213	5812	3e-23	110.6
NCVOG4494-consensus	scaffold_282	34.40	282	164	21	43	316	99527	98728	3.9e-23	113.1
NCVOG4494-consensus	scaffold_172	34.24	295	169	25	41	328	55677	54852	4.5e-23	113.4
NCVOG4494-consensus	scaffold_172	38.01	221	132	5	41	258	65385	66034	6.5e-23	112.8
NCVOG4494-consensus	scaffold_6280	43.21	162	89	3	74	232	2690	3164	1.2e-22	107.4
NCVOG4494-consensus	scaffold_876	30.63	333	211	20	5	332	20145	21093	1.5e-22	109.3
NCVOG4494-consensus	scaffold_4012	30.63	333	211	20	5	332	4592	5540	1.7e-22	107.9
NCVOG4494-consensus	scaffold_367	30.33	366	235	20	24	380	66063	67124	2e-22	110.4
NCVOG4494-consensus	scaffold_4966	38.17	186	111	4	5	190	2287	2829	2.9e-22	106.8
NCVOG4494-consensus	scaffold_2444	43.84	146	82	0	41	186	8415	7981	6.8e-22	106.3
NCVOG4494-consensus	scaffold_1786	41.61	161	92	2	26	186	13622	14095	1.4e-21	105.5
NCVOG4494-consensus	scaffold_3592	35.99	314	175	26	17	316	9238	10126	2e-21	104.4
NCVOG4494-consensus	scaffold_1403	43.84	146	82	0	41	186	4597	5031	2.2e-21	104.9
NCVOG4494-consensus	scaffold_4264	43.15	146	83	0	41	186	3719	4153	2.6e-21	103.8
NCVOG4494-consensus	scaffold_825	43.84	146	82	0	41	186	13731	14165	3.1e-21	104.9
NCVOG4494-consensus	scaffold_64	43.84	146	82	0	41	186	226976	227410	3.4e-21	106.3
NCVOG4494-consensus	scaffold_304	43.84	146	82	0	41	186	87439	87873	4.1e-21	106.3
NCVOG4494-consensus	scaffold_1427	38.22	225	132	7	21	239	18711	18051	4.7e-21	103.8
NCVOG4494-consensus	scaffold_2818	39.10	289	148	28	49	316	13781	14599	6e-21	103.0
NCVOG4494-consensus	scaffold_263	38.04	184	108	6	4	186	66721	67254	9.6e-21	105.2
NCVOG4494-consensus	scaffold_3779	43.54	147	82	1	41	186	6388	5955	1.6e-20	101.4
NCVOG4494-consensus	scaffold_4599	33.21	265	163	14	19	280	1396	646	3.4e-20	100.0
NCVOG4494-consensus	scaffold_69	30.84	334	210	21	5	332	4621	5568	4e-20	103.6
NCVOG4494-consensus	scaffold_4574	36.99	219	126	12	33	239	2315	1676	4.2e-20	99.8
NCVOG4494-consensus	scaffold_4574	41.32	167	88	10	36	193	9598	9108	8.8e-16	85.4
NCVOG4494-consensus	scaffold_4574	47.13	87	45	1	62	147	7436	7179	1.3e-12	74.8
NCVOG4494-consensus	scaffold_190	32.45	376	231	23	47	413	79053	77975	7.8e-20	102.5
NCVOG4494-consensus	scaffold_4642	35.47	203	127	4	21	220	2107	1509	1.3e-19	98.1
NCVOG4494-consensus	scaffold_2501	35.71	238	148	5	16	248	1575	869	1.6e-19	98.4
NCVOG4494-consensus	scaffold_6049	38.86	211	123	6	41	248	2578	3196	1.7e-19	97.0
NCVOG4494-consensus	scaffold_5364	35.29	204	127	5	21	220	2093	1494	2.2e-19	97.0
NCVOG4494-consensus	scaffold_83	43.15	146	80	3	41	186	179807	180232	3.7e-19	99.0
NCVOG4494-consensus	scaffold_718	33.44	311	199	8	41	344	11109	10189	5.7e-19	97.6
NCVOG4494-consensus	scaffold_62	35.40	322	180	28	4	317	31873	32773	8.1e-19	99.3
NCVOG4494-consensus	scaffold_1647	33.98	309	173	31	55	340	8366	7489	1.2e-18	95.7
NCVOG4494-consensus	scaffold_1505	29.34	334	206	30	20	328	4915	5896	1.2e-17	92.4
NCVOG4494-consensus	scaffold_1791	40.76	184	102	7	8	186	13536	14062	1.6e-17	91.9
NCVOG4494-consensus	scaffold_6171	31.04	335	201	30	19	328	1779	2759	2.1e-17	90.0
NCVOG4494-consensus	scaffold_637	40.98	205	112	9	21	217	34084	33496	3.5e-17	91.9
NCVOG4494-consensus	scaffold_2056	29.85	335	205	30	19	328	7887	6903	5.8e-17	90.0
NCVOG4494-consensus	scaffold_5877	52.25	111	47	6	55	159	6970	7299	1.1e-16	87.8
NCVOG4494-consensus	scaffold_5127	52.25	111	47	6	55	159	9187	9516	1.4e-16	87.8
NCVOG4494-consensus	scaffold_3423	52.25	111	47	6	55	159	13206	13535	2e-16	87.8
NCVOG4494-consensus	scaffold_3389	52.25	111	47	6	55	159	13288	13617	2e-16	87.8
NCVOG4494-consensus	scaffold_1514	29.76	336	205	31	19	328	4893	5876	3e-16	87.8
NCVOG4494-consensus	scaffold_810	31.16	337	200	32	19	328	3044	2062	3.7e-16	88.1
NCVOG4494-consensus	scaffold_2192	39.74	156	92	2	32	186	9328	9785	4.4e-16	87.0
NCVOG4494-consensus	scaffold_4838	33.33	195	123	7	23	210	1475	898	4.7e-16	86.2
NCVOG4494-consensus	scaffold_1115	30.18	338	203	33	19	328	21090	20105	8.9e-16	86.5
NCVOG4494-consensus	scaffold_755	30.18	338	203	33	19	328	29538	28553	1.2e-15	86.5
NCVOG4494-consensus	scaffold_331	32.17	314	169	44	80	368	73329	74202	1.6e-15	87.6
NCVOG4494-consensus	scaffold_322	40.51	158	87	7	60	215	32723	32268	2e-15	87.3
NCVOG4494-consensus	scaffold_91	32.97	279	165	22	57	319	9674	10485	6.7e-15	86.2
NCVOG4494-consensus	scaffold_6801	32.89	152	101	1	70	221	3328	2879	9.1e-15	80.8
NCVOG4494-consensus	scaffold_4677	42.98	121	69	0	29	149	10209	9850	9.9e-15	81.9
NCVOG4494-consensus	scaffold_2410	33.60	250	158	8	29	270	1606	2342	1e-14	82.4
NCVOG4494-consensus	scaffold_6135	32.89	152	101	1	70	221	4032	3583	1.3e-14	80.8
NCVOG4494-consensus	scaffold_2367	42.98	121	69	0	29	149	15956	15597	1.5e-14	81.9
NCVOG4494-consensus	scaffold_4762	32.89	152	101	1	70	221	9163	8714	2.1e-14	80.8
NCVOG4494-consensus	scaffold_3203	32.89	152	101	1	70	221	3001	3450	2.8e-14	80.8
NCVOG4494-consensus	scaffold_2991	27.59	348	210	42	1	313	5742	6755	2.9e-14	80.8
NCVOG4494-consensus	scaffold_2810	32.89	152	101	1	70	221	2923	3372	3e-14	80.8
NCVOG4494-consensus	scaffold_2805	32.89	152	101	1	70	221	2939	3388	3e-14	80.8
NCVOG4494-consensus	scaffold_341	33.60	250	158	8	29	270	1612	2348	5.5e-14	82.4
NCVOG4494-consensus	scaffold_1087	29.50	322	199	28	30	328	3025	2084	8.3e-14	80.0
NCVOG4494-consensus	scaffold_5399	30.77	221	136	17	29	232	1537	878	2.4e-13	77.0
NCVOG4494-consensus	scaffold_1300	29.97	337	202	34	19	328	18548	19528	3.4e-13	77.8
NCVOG4494-consensus	scaffold_17	33.16	187	115	10	78	254	193595	193038	6.1e-13	79.7
NCVOG4494-consensus	scaffold_4496	25.16	318	214	24	20	316	4204	3271	7.8e-13	75.6
NCVOG4494-consensus	scaffold_4240	31.08	222	135	18	29	232	4554	3894	8.2e-13	75.6
NCVOG4494-consensus	scaffold_1125	42.22	135	74	4	37	167	18838	19227	1.6e-12	75.6
NCVOG4494-consensus	scaffold_3849	27.59	348	210	42	1	313	9293	8280	5.8e-12	72.9
NCVOG4494-consensus	scaffold_815	36.71	207	116	15	29	220	3024	2427	7.8e-12	73.7
NCVOG4494-consensus	scaffold_2463	41.67	168	95	3	74	238	3137	2645	1.3e-11	72.1
NCVOG4494-consensus	scaffold_2463	27.95	297	191	23	60	334	9215	8335	1.3e-11	72.1
NCVOG4494-consensus	scaffold_110	43.70	119	64	3	83	198	131726	131373	1.5e-11	75.1
NCVOG4494-consensus	scaffold_3530	32.29	192	120	10	60	241	2606	3174	7.1e-11	69.4
NCVOG4494-consensus	scaffold_213	30.04	223	141	15	15	229	105723	106359	8.5e-11	72.4
NCVOG0757-consensus	scaffold_5955	34.84	155	88	13	3	145	5322	4864	6.1e-17	86.8
NCVOG0757-consensus	scaffold_837	34.84	155	88	13	3	145	4483	4025	2.3e-16	86.9
NCVOG0077-consensus	scaffold_2552	35.44	158	92	10	552	709	8285	8725	2.3e-16	88.3
NCVOG0077-consensus	scaffold_341	35.44	158	92	10	552	709	14317	14757	1.3e-15	88.3
NCVOG0077-consensus	scaffold_5236	35.85	159	91	11	552	709	8261	8700	1.3e-15	85.1
NCVOG0077-consensus	scaffold_1039	40.62	128	68	8	583	709	14162	14517	1.3e-14	83.2
NCVOG0077-consensus	scaffold_124	43.33	120	64	4	588	707	28171	27827	1.7e-14	85.4
NCVOG0077-consensus	scaffold_4786	35.85	159	93	9	552	709	8305	8750	3e-14	80.7
NCVOG0077-consensus	scaffold_2410	35.85	159	93	9	552	709	14209	14654	4.6e-14	80.7
NCVOG0077-consensus	scaffold_2367	35.85	159	93	9	552	709	3397	2952	4.7e-14	80.7
NCVOG0267-consensus	scaffold_163	29.22	397	234	47	343	721	109076	107976	8.1e-24	117.0
NCVOG0267-consensus	scaffold_893	24.60	691	444	77	284	946	20537	22455	4.2e-14	82.3
NCVOG0267-consensus	scaffold_317	28.66	471	284	52	284	737	20626	21930	1e-13	82.8
NCVOG0267-consensus	scaffold_17	30.83	253	155	20	498	741	189051	189769	4.6e-12	78.0
NCVOG0267-consensus	scaffold_4986	24.72	704	441	89	235	883	5150	3168	1.3e-11	72.5
NCVOG4357-consensus	scaffold_132	35.24	525	278	62	9	480	119900	121438	2.4e-38	164.1
NCVOG0157-consensus	scaffold_2662	26.25	499	328	40	10	507	11726	10354	3e-13	77.5
NCVOG0046-consensus	scaffold_2113	42.99	107	55	6	8	113	13038	12736	1.1e-11	71.7
NCVOG0046-consensus	scaffold_232	51.58	95	37	9	6	99	29910	30167	6.9e-11	71.9
NCVOG0037-consensus	scaffold_333	45.69	952	367	150	167	969	37079	34230	4.4e-86	323.0
NCVOG1317-consensus	scaffold_171	28.37	289	167	40	70	335	43747	42935	1.1e-15	88.3
NCVOG1317-consensus	scaffold_66	28.31	272	156	39	85	335	168452	169210	7.9e-13	77.9
NCVOG1317-consensus	scaffold_66	28.31	272	156	39	85	335	167543	168301	4.3e-16	88.8
NCVOG1317-consensus	scaffold_66	27.82	266	156	36	89	335	166649	167392	1e-14	84.2
NCVOG0778-consensus	scaffold_194	33.46	529	292	60	4	513	101693	103153	2.6e-42	177.3
NCVOG0778-consensus	scaffold_160	32.51	529	297	60	4	513	132544	131084	7.9e-40	169.2
NCVOG0778-consensus	scaffold_112	32.51	529	297	60	4	513	45499	44039	3.5e-39	167.0
NCVOG0007-consensus	scaffold_1798	33.17	398	228	38	4	363	3561	4751	2.2e-36	154.1
NCVOG0007-consensus	scaffold_1682	33.17	398	228	38	4	363	3987	5177	2.3e-36	154.1
NCVOG0007-consensus	scaffold_1671	33.17	398	228	38	4	363	4154	5344	2.3e-36	154.1
NCVOG0007-consensus	scaffold_224	33.08	399	228	39	4	363	109878	111067	6.1e-34	148.7
NCVOG1115-consensus	scaffold_5293	49.59	121	59	2	245	363	1696	1337	5.4e-11	68.9
NCVOG1115-consensus	scaffold_3401	49.59	121	59	2	245	363	6296	5937	6.9e-11	69.1
NCVOG1115-consensus	scaffold_1122	49.59	121	59	2	245	363	7966	8325	9.5e-11	69.5
NCVOG0015-consensus	scaffold_3381	31.87	251	157	14	8	248	11657	10924	2.2e-19	97.6
NCVOG0015-consensus	scaffold_942	31.87	251	157	14	8	248	10737	11470	4.1e-19	97.6
NCVOG0015-consensus	scaffold_111	31.87	251	157	14	8	248	129613	128880	2.3e-18	97.7
NCVOG0015-consensus	scaffold_29	28.43	408	260	32	89	474	277450	278632	1.4e-15	88.4
NCVOG0015-consensus	scaffold_29	33.66	205	118	18	53	247	276819	277404	3.4e-14	83.8
NCVOG0015-consensus	scaffold_317	28.18	362	212	48	64	396	16276	17287	2.4e-12	77.0
NCVOG0015-consensus	scaffold_893	29.12	364	208	50	64	396	16209	17218	2.4e-11	71.9
NCVOG0486-consensus	scaffold_77	34.14	290	164	27	105	376	202250	203089	2.6e-28	129.2
NCVOG0486-consensus	scaffold_547	34.14	290	164	27	105	376	43053	42214	1.4e-21	106.4
NCVOG0744-consensus	scaffold_609	30.32	465	261	63	77	486	23398	22035	3.6e-11	72.1
NCVOG0744-consensus	scaffold_281	30.32	465	261	63	77	486	60255	58892	8.8e-11	72.1
NCVOG0897-consensus	scaffold_264	28.65	185	114	18	101	272	57488	56952	8.4e-11	71.3
NCVOG0284-consensus	scaffold_111	28.72	289	171	35	38	312	42834	43634	3e-18	96.7
NCVOG0284-consensus	scaffold_76	38.41	138	68	17	182	309	161278	160889	2e-14	82.9
NCVOG0284-consensus	scaffold_23	28.47	274	165	31	73	328	286861	286082	4.6e-11	72.8
NCVOG4129-consensus	scaffold_32	34.57	188	122	1	2	189	142867	143424	2.8e-17	93.9
NCVOG4129-consensus	scaffold_32	35.22	159	103	0	6	164	142381	142854	7.8e-15	85.8
NCVOG0816-consensus	scaffold_199	36.00	125	76	4	20	140	30988	31359	9.8e-14	80.3
NCVOG0816-consensus	scaffold_199	35.20	125	77	4	20	140	29688	29317	1.2e-13	80.1
NCVOG0029-consensus	scaffold_2	37.48	531	304	28	4	518	337123	335570	1.4e-72	278.0
NCVOG0029-consensus	scaffold_236	25.38	520	344	44	3	499	83581	82088	1.1e-28	131.8
NCVOG0029-consensus	scaffold_1319	30.57	314	182	36	235	523	13486	14391	7.3e-20	100.0
NCVOG0029-consensus	scaffold_1947	45.38	119	61	4	235	349	3042	2689	1.3e-19	98.9
NCVOG0029-consensus	scaffold_5622	39.47	152	86	6	231	378	3499	3945	1.8e-19	97.3
NCVOG0029-consensus	scaffold_79	31.54	279	170	21	264	523	195707	194886	2e-18	96.8
NCVOG4711-consensus	scaffold_2234	33.66	205	119	17	92	288	2679	2103	3.8e-12	74.5
NCVOG4711-consensus	scaffold_1928	34.98	203	113	19	92	283	2442	3001	1.8e-11	72.3
NCVOG4711-consensus	scaffold_3512	29.25	212	137	13	91	290	7121	6496	5e-11	70.4
NCVOG4711-consensus	scaffold_4800	35.44	206	110	23	92	290	6783	7337	1e-10	69.0
NCVOG0789-consensus	scaffold_5079	37.84	148	86	6	15	157	8491	8928	3.8e-17	88.4
NCVOG0789-consensus	scaffold_3522	37.84	148	86	6	15	157	12135	12572	5.1e-17	88.5
NCVOG0789-consensus	scaffold_119	37.84	148	86	6	15	157	136083	136520	5.2e-16	88.6
NCVOG4780-consensus	scaffold_370	27.85	438	272	44	179	583	48725	50002	5.4e-18	96.2
NCVOG4780-consensus	scaffold_84	27.00	363	231	34	185	533	67108	66089	5.6e-18	97.0
NCVOG4780-consensus	scaffold_65	23.93	305	217	15	209	504	203562	202669	4.9e-12	76.4
NCVOG4780-consensus	scaffold_211	25.80	438	279	46	181	602	61624	62844	6.6e-12	76.7
NCVOG4780-consensus	scaffold_63	29.78	450	268	48	182	606	137835	136558	1.3e-11	75.9
NCVOG4780-consensus	scaffold_63	28.47	404	256	33	216	602	155670	154510	3.4e-11	73.7
NCVOG4780-consensus	scaffold_369	25.16	318	214	24	294	602	20529	21434	5.7e-11	72.9
NCVOG0242-consensus	scaffold_212	35.88	131	78	6	495	620	97667	97285	2.8e-12	77.8
NCVOG0242-consensus	scaffold_2650	35.61	132	78	7	495	620	10305	10686	1.4e-11	72.3
NCVOG0242-consensus	scaffold_2176	24.57	529	355	44	135	620	10670	12218	2.3e-11	71.8
NCVOG0036-consensus	scaffold_6144	42.20	218	118	8	104	318	6232	5603	4.2e-15	81.8
NCVOG0036-consensus	scaffold_684	40.55	217	122	7	104	318	25174	24542	4.8e-15	84.0
NCVOG0036-consensus	scaffold_4952	39.73	219	123	9	104	318	6881	7513	7.6e-13	74.9
NCVOG0036-consensus	scaffold_1170	41.55	219	117	11	104	317	19785	20406	1.9e-11	71.4
NCVOG4561-consensus	scaffold_41	28.62	269	174	18	37	296	243790	243014	1.4e-13	81.4
NCVOG4561-consensus	scaffold_215	26.45	276	189	14	7	276	34021	33221	2.1e-12	77.6
NCVOG4561-consensus	scaffold_41	31.44	264	161	20	37	296	236903	237643	1.9e-11	74.3
NCVOG0314-consensus	scaffold_3	41.86	86	49	1	20	104	443064	442810	8.7e-11	70.3
NCVOG0222-consensus	scaffold_607	35.66	530	302	39	13	518	23143	24682	3.3e-46	188.5
NCVOG0222-consensus	scaffold_4149	35.64	505	295	30	34	518	6702	5225	4.9e-46	186.0
NCVOG0222-consensus	scaffold_4149	39.09	307	167	20	204	509	5206	4346	8.3e-29	128.8
NCVOG0222-consensus	scaffold_1035	35.64	505	295	30	34	518	18690	20167	5.5e-45	183.6
NCVOG0222-consensus	scaffold_1035	39.09	307	167	20	204	509	20186	21046	1.7e-28	128.8
NCVOG0222-consensus	scaffold_638	29.45	455	303	18	66	505	25860	27212	3.5e-37	158.4
NCVOG0222-consensus	scaffold_638	32.68	456	276	31	72	504	27366	28706	8.9e-37	157.0
NCVOG0222-consensus	scaffold_638	28.12	448	307	15	72	506	14391	15725	5.3e-30	134.5
NCVOG0222-consensus	scaffold_638	30.52	439	281	24	62	497	24210	25460	2e-29	132.6
NCVOG0222-consensus	scaffold_638	24.15	472	348	10	38	505	12802	14192	1.6e-28	129.6
NCVOG0222-consensus	scaffold_638	28.89	398	266	17	90	482	28710	29864	9.9e-19	97.1
NCVOG0222-consensus	scaffold_221	29.24	513	339	24	5	512	51209	52685	4.1e-32	143.2
NCVOG0222-consensus	scaffold_221	27.33	483	332	19	23	500	62699	64100	9e-25	118.8
NCVOG0222-consensus	scaffold_221	24.02	508	352	34	19	497	60060	61565	8.7e-16	89.0
NCVOG0222-consensus	scaffold_221	27.98	386	264	14	113	496	61569	62687	9.5e-14	82.2
NCVOG0222-consensus	scaffold_600	32.47	465	293	21	65	516	23727	22360	2.8e-30	135.6
NCVOG0222-consensus	scaffold_364	29.08	502	338	18	15	504	34434	32952	1.6e-29	134.0
NCVOG0222-consensus	scaffold_364	26.28	449	321	10	66	505	36572	35232	1.3e-28	131.0
NCVOG0222-consensus	scaffold_364	29.66	381	254	14	70	445	37691	36579	1e-16	91.4
NCVOG0222-consensus	scaffold_364	27.76	263	186	4	98	357	35222	34440	5.7e-16	88.9
NCVOG0222-consensus	scaffold_364	28.30	371	233	33	133	492	32936	31893	4.3e-14	82.7
NCVOG0222-consensus	scaffold_2	29.79	480	314	23	22	497	172369	173748	4.2e-29	133.4
NCVOG0222-consensus	scaffold_2	21.72	419	314	14	66	478	173794	175023	9e-13	79.2
NCVOG0222-consensus	scaffold_153	33.11	444	274	23	72	501	136534	137835	8.9e-29	132.3
NCVOG0222-consensus	scaffold_153	26.06	472	337	12	51	518	133840	135228	8.9e-29	132.3
NCVOG0222-consensus	scaffold_153	30.89	437	279	23	78	497	135238	136527	4.4e-26	123.4
NCVOG0222-consensus	scaffold_153	29.22	462	295	32	60	504	132493	133830	4.8e-24	116.6
NCVOG0222-consensus	scaffold_6211	37.37	479	221	79	29	496	1221	4	7.4e-28	124.7
NCVOG0222-consensus	scaffold_369	26.90	435	313	5	72	504	41041	42333	1.1e-25	121.2
NCVOG0222-consensus	scaffold_128	29.63	405	259	26	101	500	71415	72563	1.5e-23	115.0
NCVOG0222-consensus	scaffold_373	26.41	443	313	13	67	504	73654	74951	1.7e-23	113.9
NCVOG0222-consensus	scaffold_39	27.98	461	322	10	50	506	128954	130315	3e-22	110.7
NCVOG0222-consensus	scaffold_2924	26.76	497	331	33	23	504	9034	7611	5.9e-21	103.0
NCVOG0222-consensus	scaffold_356	30.49	469	296	30	43	501	60163	58824	1.2e-19	101.1
NCVOG0222-consensus	scaffold_90	21.56	487	347	35	55	506	14928	13471	3.7e-18	97.1
NCVOG0222-consensus	scaffold_3102	25.21	468	333	17	50	510	8690	7326	2.7e-17	90.8
NCVOG0222-consensus	scaffold_3102	24.90	482	327	35	30	497	5890	4521	2.6e-12	74.3
NCVOG0222-consensus	scaffold_190	26.65	424	283	28	81	483	97103	98350	1.7e-16	91.4
NCVOG0222-consensus	scaffold_86	27.48	433	288	26	23	444	106838	105590	2.8e-16	90.9
NCVOG0222-consensus	scaffold_65	28.32	392	255	26	136	510	203544	202399	4.7e-16	89.2
NCVOG0222-consensus	scaffold_6308	35.56	405	186	75	46	441	4618	3613	4.8e-16	85.4
NCVOG0222-consensus	scaffold_4481	34.49	316	157	50	39	349	2369	1560	8.6e-15	82.1
NCVOG0222-consensus	scaffold_3485	33.73	338	179	45	24	349	4758	3853	1.8e-14	81.3
NCVOG0222-consensus	scaffold_1859	35.90	312	147	53	46	349	4680	3887	2.5e-14	81.3
NCVOG0222-consensus	scaffold_1299	35.90	312	147	53	46	349	12794	12001	2.9e-14	81.3
NCVOG0222-consensus	scaffold_14	25.93	482	322	35	12	478	142727	141351	6.4e-14	83.0
NCVOG0222-consensus	scaffold_348	35.95	370	182	55	9	363	2863	3845	1.2e-13	81.3
NCVOG0222-consensus	scaffold_151	31.84	424	240	49	87	500	149556	150707	2.8e-13	76.4
NCVOG0222-consensus	scaffold_196	28.65	377	245	24	22	386	26173	25082	4.4e-12	76.7
NCVOG0222-consensus	scaffold_1332	24.89	446	306	29	69	496	19477	18182	4.6e-12	74.0
NCVOG0222-consensus	scaffold_60	26.45	431	288	29	91	502	62370	61111	1e-11	75.7
NCVOG5283-consensus	scaffold_1902	47.62	84	44	0	234	317	15351	15599	3.2e-11	72.0
NCVOG5283-consensus	scaffold_508	47.62	84	44	0	234	317	52605	52357	9.6e-11	72.0
NCVOG0014-consensus	scaffold_29	33.94	221	146	0	131	351	277177	277836	1.3e-23	115.3
NCVOG0014-consensus	scaffold_3381	31.22	221	152	0	131	351	11694	11035	5.2e-23	109.8
NCVOG0014-consensus	scaffold_942	31.22	221	152	0	131	351	10700	11359	1e-22	109.8
NCVOG0014-consensus	scaffold_111	31.22	221	152	0	131	351	129650	128991	5.6e-22	109.8
NCVOG0014-consensus	scaffold_317	29.36	218	153	1	97	313	16297	16943	7.7e-18	95.4
NCVOG0014-consensus	scaffold_893	29.55	220	152	3	97	313	16230	16874	1.9e-15	85.7
NCVOG1194-consensus	scaffold_489	38.75	80	48	1	60	139	28967	28734	1.9e-14	82.8
NCVOG1194-consensus	scaffold_727	47.37	57	30	0	62	118	13804	13971	8.8e-14	79.8
NCVOG1194-consensus	scaffold_1427	32.84	204	115	22	63	261	15668	15111	3.6e-13	77.1
NCVOG1194-consensus	scaffold_1353	32.84	204	115	22	63	261	15654	15097	3.7e-13	77.1
NCVOG1194-consensus	scaffold_37	47.37	57	30	0	62	118	61752	61919	3.9e-13	79.9
NCVOG1194-consensus	scaffold_6568	49.45	91	40	6	56	141	386	124	5.1e-13	74.6
NCVOG1194-consensus	scaffold_1361	49.45	91	40	6	56	141	386	124	2e-12	74.6
NCVOG0585-consensus	scaffold_2231	26.07	399	274	21	131	513	12025	13199	2.8e-27	124.2
NCVOG0585-consensus	scaffold_1	25.77	520	346	40	14	512	330575	332074	9.2e-26	122.3
NCVOG0585-consensus	scaffold_171	29.84	382	229	39	137	509	76081	77133	8.5e-25	119.1
NCVOG0585-consensus	scaffold_2607	26.67	390	267	19	136	513	12083	13224	1.9e-24	114.7
NCVOG0585-consensus	scaffold_885	33.45	287	174	17	240	513	24317	25158	3.3e-24	114.7
NCVOG0585-consensus	scaffold_2608	26.67	390	267	19	136	513	12082	13223	5.9e-24	113.1
NCVOG0585-consensus	scaffold_2479	32.21	298	171	31	240	512	11903	12775	1.9e-23	111.4
NCVOG0585-consensus	scaffold_2479	42.00	200	103	13	319	511	12842	13420	6.4e-17	89.7
NCVOG0585-consensus	scaffold_724	32.21	298	171	31	240	512	26041	25169	3.8e-23	111.4
NCVOG0585-consensus	scaffold_724	38.61	202	109	15	315	511	25096	24524	1.8e-19	99.2
NCVOG0585-consensus	scaffold_5365	40.41	193	103	12	319	509	41	586	3.7e-22	106.3
NCVOG0585-consensus	scaffold_3798	31.27	275	150	39	240	512	8460	7750	2.5e-18	94.1
NCVOG0585-consensus	scaffold_13	29.86	355	186	63	168	498	339822	338890	2.2e-17	93.8
NCVOG0585-consensus	scaffold_5341	32.26	279	151	38	241	512	5168	4434	9e-17	88.4
NCVOG0585-consensus	scaffold_86	40.11	187	74	38	322	504	189496	189951	3.9e-16	88.9
NCVOG0585-consensus	scaffold_1387	30.99	342	174	62	168	482	15946	15041	1.2e-15	85.9
NCVOG0585-consensus	scaffold_232	37.13	202	107	20	316	508	68541	69110	1.4e-15	88.1
NCVOG0585-consensus	scaffold_739	36.76	204	90	39	313	512	3834	4337	8e-15	83.8
NCVOG0585-consensus	scaffold_170	35.78	204	118	13	316	512	66789	66199	1.4e-14	85.2
NCVOG0585-consensus	scaffold_627	32.90	231	112	43	288	509	33005	32418	2.6e-14	82.4
NCVOG0585-consensus	scaffold_598	32.90	231	112	43	288	509	36220	35633	2.7e-14	82.4
NCVOG0585-consensus	scaffold_60	23.87	486	299	71	30	496	176746	178044	5.7e-14	82.4
NCVOG0585-consensus	scaffold_101	21.59	403	292	24	131	513	13139	14332	4.2e-13	80.3
NCVOG0585-consensus	scaffold_101	21.67	480	332	44	44	512	11780	13117	1.6e-12	78.4
NCVOG0585-consensus	scaffold_354	33.03	221	104	44	299	512	40134	39586	5e-13	79.2
NCVOG0585-consensus	scaffold_2582	27.72	285	179	27	240	513	4787	5590	5.2e-13	76.7
NCVOG0585-consensus	scaffold_323	33.03	221	104	44	299	512	50138	49590	5.6e-13	79.2
NCVOG0585-consensus	scaffold_6849	33.01	209	124	16	268	465	1537	929	1.7e-12	73.2
NCVOG0585-consensus	scaffold_13	28.90	263	139	48	240	489	68355	67675	1.9e-12	78.1
NCVOG0585-consensus	scaffold_49	27.72	285	179	27	240	513	6495	5692	4.8e-12	76.8
NCVOG0585-consensus	scaffold_285	24.47	515	323	66	32	508	100649	99196	1.3e-11	74.8
NCVOG0585-consensus	scaffold_5745	35.29	187	96	25	328	511	6518	7009	2.3e-11	70.2
NCVOG0585-consensus	scaffold_5719	35.29	187	96	25	328	511	3958	4449	3.4e-11	69.7
NCVOG0585-consensus	scaffold_7258	34.93	209	113	23	307	512	1705	2262	5.1e-11	67.8
NCVOG0585-consensus	scaffold_2619	33.33	273	147	35	255	513	12531	13277	5.6e-11	69.9
NCVOG0585-consensus	scaffold_3061	35.29	187	96	25	328	511	13264	13755	6.3e-11	69.7
NCVOG0743-consensus	scaffold_1258	33.16	193	116	13	56	240	3882	4442	2.2e-16	88.2
NCVOG0743-consensus	scaffold_223	30.38	260	155	26	25	260	100408	101174	2.2e-16	90.6
NCVOG0893-consensus	scaffold_298	45.54	101	49	6	104	200	90740	91033	4.5e-12	76.9
NCVOG0893-consensus	scaffold_49	38.89	126	66	11	52	176	142215	141871	4.4e-11	74.2
NCVOG0275-consensus	scaffold_450	41.74	115	64	3	7	118	24203	23862	3.1e-12	74.8
NCVOG0275-consensus	scaffold_717	48.78	82	42	0	7	88	20082	19840	3.5e-12	73.6
NCVOG0275-consensus	scaffold_5069	26.95	167	119	3	6	171	7074	6583	1.2e-11	70.0
NCVOG0275-consensus	scaffold_2681	26.95	167	119	3	6	171	11698	12189	1.9e-11	70.1
NCVOG0275-consensus	scaffold_118	26.95	167	119	3	6	171	177069	176578	3.7e-11	70.1
NCVOG0275-consensus	scaffold_6726	30.16	126	83	5	7	128	2765	2394	7.3e-11	66.5
NCVOG0729-consensus	scaffold_44	30.88	625	192	240	2	397	234438	232618	8e-15	85.7
NCVOG5103-consensus	scaffold_370	52.51	219	86	18	291	503	43796	43179	5.8e-36	156.4
NCVOG5103-consensus	scaffold_33	44.44	225	88	37	310	529	14838	14263	1e-30	139.8
NCVOG5103-consensus	scaffold_6770	62.81	121	42	3	394	513	4622	4269	6.8e-28	125.4
NCVOG5103-consensus	scaffold_6713	62.81	121	42	3	394	513	4818	4465	7.1e-28	125.4
NCVOG5103-consensus	scaffold_5468	62.81	121	42	3	394	513	8465	8112	1.2e-27	125.4
NCVOG5103-consensus	scaffold_1148	57.24	145	59	3	370	513	23122	22697	1.3e-27	126.8
NCVOG5103-consensus	scaffold_4053	62.81	121	42	3	394	513	12076	11723	1.8e-27	125.4
NCVOG5103-consensus	scaffold_1805	62.81	121	42	3	394	513	18492	18139	2.7e-27	125.4
NCVOG5103-consensus	scaffold_16	25.82	581	363	68	296	838	276125	274478	1.8e-22	112.4
NCVOG5103-consensus	scaffold_55	24.06	503	364	18	26	521	97198	98664	1.6e-20	105.9
NCVOG5103-consensus	scaffold_55	41.57	166	90	7	351	511	98810	99294	1.9e-15	89.1
NCVOG5103-consensus	scaffold_180	63.16	76	27	1	442	517	63951	63730	2.2e-19	102.1
NCVOG5103-consensus	scaffold_101	33.14	347	195	37	265	590	119914	118929	3.3e-19	101.6
NCVOG5103-consensus	scaffold_101	31.16	276	165	25	264	529	125566	124787	2.4e-12	78.8
NCVOG5103-consensus	scaffold_4538	41.51	212	120	4	296	503	1939	2555	5e-19	97.2
NCVOG5103-consensus	scaffold_102	31.25	304	188	21	220	513	56070	55201	5.8e-19	100.8
NCVOG5103-consensus	scaffold_218	36.63	243	146	8	268	502	94799	95524	7.2e-19	100.2
NCVOG5103-consensus	scaffold_218	40.33	181	107	1	319	498	94097	94636	7.2e-19	100.2
NCVOG5103-consensus	scaffold_218	35.51	245	134	24	278	501	93080	93802	8.7e-15	86.6
NCVOG5103-consensus	scaffold_1244	40.80	174	65	38	321	494	19882	20286	1.8e-18	96.4
NCVOG5103-consensus	scaffold_737	38.46	182	93	19	314	492	8117	7623	1.8e-18	96.9
NCVOG5103-consensus	scaffold_215	40.80	174	65	38	321	494	122451	122855	7e-18	97.0
NCVOG5103-consensus	scaffold_4035	40.59	170	90	11	333	498	1676	1193	1.6e-17	92.3
NCVOG5103-consensus	scaffold_3714	40.74	189	86	26	314	498	2239	1742	3e-17	91.5
NCVOG5103-consensus	scaffold_924	39.30	201	85	37	314	502	13576	13052	9.1e-17	91.0
NCVOG5103-consensus	scaffold_41	31.06	235	156	6	299	530	243189	243877	1.3e-16	92.6
NCVOG5103-consensus	scaffold_41	29.95	207	141	4	299	503	249316	249927	7.3e-16	90.2
NCVOG5103-consensus	scaffold_41	27.54	207	137	13	310	503	244176	244793	4.1e-12	77.7
NCVOG5103-consensus	scaffold_44	35.84	226	128	17	296	521	37061	37684	2.4e-16	92.1
NCVOG5103-consensus	scaffold_44	38.92	203	112	12	310	502	57764	58363	3.7e-17	94.8
NCVOG5103-consensus	scaffold_45	32.00	300	190	14	320	618	244901	245758	4.6e-16	90.7
NCVOG5103-consensus	scaffold_978	27.83	460	279	53	283	734	21759	22986	8.4e-16	87.7
NCVOG5103-consensus	scaffold_13	26.53	505	327	44	283	769	389781	388362	3.1e-15	87.7
NCVOG5103-consensus	scaffold_33	35.59	177	97	17	359	519	85494	86018	8.5e-15	86.9
NCVOG5103-consensus	scaffold_37	32.95	173	106	10	427	590	72012	72524	1e-14	86.6
NCVOG5103-consensus	scaffold_564	28.92	204	135	10	314	509	6019	6621	2.6e-14	83.7
NCVOG5103-consensus	scaffold_564	25.00	216	159	3	299	512	4066	4707	4.3e-13	79.6
NCVOG5103-consensus	scaffold_5943	33.18	220	143	4	283	499	5112	5755	3.1e-14	80.7
NCVOG5103-consensus	scaffold_481	40.88	181	88	19	321	498	38660	39147	4.6e-14	83.1
NCVOG5103-consensus	scaffold_701	35.68	185	106	13	352	531	24372	23845	4.9e-14	82.3
NCVOG5103-consensus	scaffold_701	55.81	86	35	3	436	518	26753	26499	4.9e-14	82.3
NCVOG5103-consensus	scaffold_1019	33.33	180	109	11	311	489	3998	3492	6.1e-14	81.5
NCVOG5103-consensus	scaffold_4808	37.29	177	97	14	355	526	7816	8316	9.5e-14	79.6
NCVOG5103-consensus	scaffold_4803	37.29	177	97	14	355	526	7838	8338	9.5e-14	79.6
NCVOG5103-consensus	scaffold_727	32.95	173	106	10	427	590	24034	24546	9.8e-14	81.2
NCVOG5103-consensus	scaffold_2109	30.48	210	135	11	310	509	7082	7705	1.1e-13	80.1
NCVOG5103-consensus	scaffold_2109	25.00	216	159	3	299	512	6092	6733	1.6e-13	79.6
NCVOG5103-consensus	scaffold_41	34.78	207	127	8	305	503	237069	236452	1.2e-13	82.9
NCVOG5103-consensus	scaffold_41	31.31	198	131	5	310	503	235878	235291	1.2e-13	82.9
NCVOG5103-consensus	scaffold_3755	43.04	158	87	3	322	477	6006	6467	1.2e-13	79.6
NCVOG5103-consensus	scaffold_2468	37.29	177	97	14	355	526	13579	14079	1.5e-13	79.6
NCVOG5103-consensus	scaffold_1872	33.02	215	129	15	355	564	16215	16826	1.7e-13	79.6
NCVOG5103-consensus	scaffold_161	36.24	218	125	14	307	511	133726	133079	2.5e-13	82.0
NCVOG5103-consensus	scaffold_675	37.29	177	97	14	355	526	3185	3685	3.3e-13	79.6
NCVOG5103-consensus	scaffold_483	37.29	177	97	14	355	526	48144	48644	5.2e-13	79.6
NCVOG5103-consensus	scaffold_216	31.93	238	141	21	280	503	99395	100084	9.6e-13	79.9
NCVOG5103-consensus	scaffold_6130	38.02	192	82	37	321	500	3540	3051	1.5e-12	75.0
NCVOG5103-consensus	scaffold_665	43.08	195	104	7	306	493	764	203	1.9e-12	77.1
NCVOG5103-consensus	scaffold_114	42.44	205	110	8	296	495	150950	151538	4.1e-12	75.8
NCVOG5103-consensus	scaffold_32	33.20	250	155	12	277	520	143138	142410	6.1e-12	77.4
NCVOG5103-consensus	scaffold_13	26.75	572	370	49	288	829	119432	117785	7.4e-12	77.2
NCVOG5103-consensus	scaffold_3454	53.95	76	29	6	435	504	8843	9067	7.4e-11	70.4
NCVOG5103-consensus	scaffold_993	40.74	162	93	3	299	459	21460	21934	7.9e-11	71.2
NCVOG5103-consensus	scaffold_2256	22.92	384	271	25	294	657	7759	6636	9.2e-11	70.4
NCVOG2639-consensus	scaffold_3222	31.03	145	88	12	1	137	6025	6444	3.7e-11	68.9
NCVOG1136-consensus	scaffold_155	48.41	345	117	61	169	459	74314	75320	2.4e-47	193.9
NCVOG1049-consensus	scaffold_503	27.41	343	209	40	7	326	23733	22759	3.6e-15	85.0
NCVOG1049-consensus	scaffold_5049	27.71	350	220	33	4	325	8673	7648	1.1e-14	80.9
NCVOG1049-consensus	scaffold_398	26.15	348	220	37	4	322	27544	26528	8.1e-14	81.0
NCVOG1049-consensus	scaffold_348	27.71	350	220	33	4	325	78567	79592	9.5e-14	81.0
NCVOG1049-consensus	scaffold_4653	28.03	346	206	43	7	326	8808	9779	2.1e-13	76.8
NCVOG1049-consensus	scaffold_2719	28.25	354	217	37	4	325	2895	1874	4.9e-12	72.8
NCVOG0191-consensus	scaffold_3338	29.50	200	118	23	24	219	8839	8300	5.1e-17	88.7
NCVOG0191-consensus	scaffold_3139	29.50	200	118	23	24	219	8798	8259	5.3e-17	88.7
NCVOG0191-consensus	scaffold_617	29.50	200	118	23	24	219	8840	8301	1.5e-16	88.7
NCVOG0191-consensus	scaffold_2109	31.05	219	137	14	14	228	7202	7819	5e-16	85.7
NCVOG0191-consensus	scaffold_2109	29.11	213	138	13	22	225	7946	8565	1.8e-14	80.5
NCVOG0191-consensus	scaffold_10	34.69	196	122	6	22	216	250515	249946	1.1e-15	87.7
NCVOG0191-consensus	scaffold_41	30.26	228	145	14	5	228	236073	235429	1.7e-13	80.1
NCVOG0191-consensus	scaffold_41	29.95	207	124	21	22	218	244365	244949	3e-13	79.3
NCVOG0191-consensus	scaffold_41	27.04	233	149	21	15	228	249652	250341	2.9e-12	76.0
NCVOG0191-consensus	scaffold_44	29.55	220	136	19	8	225	57305	57910	6.5e-13	78.5
NCVOG0191-consensus	scaffold_564	28.97	214	139	13	22	228	5352	5960	2.3e-11	71.6
NCVOG0191-consensus	scaffold_10	33.02	215	124	20	22	228	249956	250561	4.9e-11	72.2
NCVOG0191-consensus	scaffold_375	36.32	201	90	38	28	225	45763	45269	8.2e-11	70.6
NCVOG4742-consensus	scaffold_508	45.56	90	49	0	145	234	52632	52366	7.8e-13	76.8
NCVOG4742-consensus	scaffold_306	45.56	90	49	0	145	234	98948	98682	1.4e-12	76.8
NCVOG4742-consensus	scaffold_1902	42.27	97	46	10	139	234	15325	15581	9.6e-12	71.6
NCVOG4742-consensus	scaffold_1096	31.29	163	101	11	72	234	17268	17720	1.8e-11	71.0
NCVOG4742-consensus	scaffold_554	38.79	116	61	10	119	234	47870	47556	3.6e-11	71.1
NCVOG4742-consensus	scaffold_63	43.30	97	42	13	139	234	4677	4924	6.1e-11	72.0
NCVOG3009-consensus	scaffold_2112	30.93	291	158	43	1	262	9634	10461	5.3e-17	89.1
NCVOG3009-consensus	scaffold_2077	30.93	291	158	43	1	262	9781	10608	5.3e-17	89.1
NCVOG3009-consensus	scaffold_442	30.93	291	158	43	1	262	57516	56689	1.9e-16	89.2
NCVOG3009-consensus	scaffold_2094	30.58	291	159	43	1	262	9743	10568	7.4e-16	85.3
NCVOG3009-consensus	scaffold_2089	30.58	291	159	43	1	262	9756	10581	7.4e-16	85.3
NCVOG3009-consensus	scaffold_122	28.52	291	168	40	2	264	60906	60073	8e-13	78.4
NCVOG1009-consensus	scaffold_41	31.37	271	167	19	29	296	243685	242924	3e-12	77.0
NCVOG1009-consensus	scaffold_319	28.16	245	165	11	122	362	4761	5471	1.3e-11	74.6
NCVOG1009-consensus	scaffold_176	23.81	357	235	37	24	361	88771	89784	1.6e-11	74.9
NCVOG1009-consensus	scaffold_41	32.48	274	161	24	29	299	236855	237610	2.4e-11	74.1
NCVOG0890-consensus	scaffold_138	33.33	264	173	3	38	299	41794	42579	1.1e-36	157.8
NCVOG0890-consensus	scaffold_15	26.17	256	179	10	46	294	201765	201010	2.2e-18	97.0
NCVOG0234-consensus	scaffold_206	23.44	1318	889	120	19	1269	20890	17111	9.1e-11	73.7
NCVOG2980-consensus	scaffold_33	30.53	357	211	37	116	472	38522	39478	2.3e-18	97.7
NCVOG0652-consensus	scaffold_23	32.31	325	193	27	97	413	39286	38376	3.1e-24	117.0
NCVOG0350-consensus	scaffold_526	28.16	245	159	17	31	270	15150	15845	1.4e-16	89.4
NCVOG0350-consensus	scaffold_4575	28.23	248	158	20	31	270	4294	4988	9.8e-13	74.4
NCVOG0350-consensus	scaffold_2453	27.71	249	156	24	31	270	9550	10242	2e-11	70.7
NCVOG1062-consensus	scaffold_275	29.34	409	253	36	109	493	43164	41985	7.9e-11	72.2
NCVOG1062-consensus	scaffold_22	28.89	450	280	40	73	493	288085	286782	8.9e-11	72.5
NCVOG4522-consensus	scaffold_243	36.67	180	79	35	262	406	16839	17375	7.5e-14	82.2
NCVOG5117-consensus	scaffold_41	26.45	775	523	47	281	1028	235481	237738	1.2e-30	140.0
NCVOG5117-consensus	scaffold_41	25.80	690	490	22	350	1028	244714	242685	3.6e-26	125.1
NCVOG5117-consensus	scaffold_41	28.30	417	265	34	623	1028	250166	248992	4.8e-16	91.5
NCVOG5117-consensus	scaffold_127	34.68	297	168	26	727	1003	26749	27618	7.7e-26	124.3
NCVOG5117-consensus	scaffold_3572	36.40	228	136	9	743	965	2830	3494	2.1e-22	109.4
NCVOG5117-consensus	scaffold_3213	34.65	228	138	11	741	965	1579	929	1.2e-21	106.9
NCVOG5117-consensus	scaffold_215	35.56	270	142	32	732	969	33721	32915	2.5e-21	109.1
NCVOG5117-consensus	scaffold_4165	35.22	230	133	16	744	965	2650	1990	2.6e-21	105.6
NCVOG5117-consensus	scaffold_639	35.36	181	110	7	810	989	37768	37247	5.5e-19	99.6
NCVOG5117-consensus	scaffold_3603	36.86	236	126	23	742	965	255	918	5.6e-19	98.0
NCVOG5117-consensus	scaffold_3512	36.40	239	122	30	741	963	6458	7125	1e-18	97.2
NCVOG5117-consensus	scaffold_656	36.02	236	123	28	741	965	8418	9067	1.1e-18	98.5
NCVOG5117-consensus	scaffold_2778	19.98	1196	878	79	298	1451	3485	6946	1.7e-18	96.6
NCVOG5117-consensus	scaffold_1915	32.90	310	177	31	670	965	15436	14569	3.5e-18	95.8
NCVOG5117-consensus	scaffold_924	37.43	187	99	18	768	953	13065	13571	1.6e-17	94.2
NCVOG5117-consensus	scaffold_4310	33.76	237	132	25	741	965	8382	7720	3.1e-17	92.0
NCVOG5117-consensus	scaffold_1863	20.57	1089	762	103	585	1612	7035	10172	4.1e-17	92.3
NCVOG5117-consensus	scaffold_4800	39.25	214	117	13	741	949	7285	6689	4.9e-17	91.2
NCVOG5117-consensus	scaffold_1657	38.92	167	93	9	806	965	9713	10200	6.2e-17	91.7
NCVOG5117-consensus	scaffold_4107	42.11	152	77	11	804	952	1147	1575	6.8e-17	90.9
NCVOG5117-consensus	scaffold_2924	34.96	246	139	21	740	969	942	237	7e-17	91.2
NCVOG5117-consensus	scaffold_2234	36.36	231	127	20	741	962	2079	2723	2.4e-16	89.6
NCVOG5117-consensus	scaffold_1928	35.44	237	120	33	741	965	3036	2392	3.2e-16	89.3
NCVOG5117-consensus	scaffold_3662	37.50	240	117	33	741	963	2483	1829	3.3e-16	88.8
NCVOG5117-consensus	scaffold_1	20.57	1089	762	103	585	1612	228213	231350	3.3e-16	92.3
NCVOG5117-consensus	scaffold_3506	35.35	215	124	15	745	950	270	885	4.1e-16	88.5
NCVOG5117-consensus	scaffold_218	42.11	152	77	11	804	952	3142	2714	7.2e-16	90.9
NCVOG5117-consensus	scaffold_3714	37.74	159	89	10	813	969	1791	2240	8.4e-16	87.4
NCVOG5117-consensus	scaffold_665	36.71	237	128	22	741	965	842	171	1.2e-15	88.5
NCVOG5117-consensus	scaffold_2020	42.48	153	67	21	820	963	12	415	1.7e-15	86.9
NCVOG5117-consensus	scaffold_767	35.51	214	126	12	742	952	6027	6638	1.7e-15	87.7
NCVOG5117-consensus	scaffold_3913	21.36	824	559	89	623	1427	1370	3622	2.1e-15	86.1
NCVOG5117-consensus	scaffold_80	39.02	164	93	7	806	965	123432	122953	2.2e-15	89.6
NCVOG5117-consensus	scaffold_5924	26.34	524	314	72	461	952	3854	2410	3.1e-15	84.7
NCVOG5117-consensus	scaffold_1703	35.23	193	116	9	768	951	11891	12464	3.9e-15	85.8
NCVOG5117-consensus	scaffold_370	31.67	240	153	11	736	965	43003	43716	4.4e-15	87.7
NCVOG5117-consensus	scaffold_166	29.49	373	220	43	706	1068	102890	103900	5.5e-15	88.2
NCVOG5117-consensus	scaffold_82	35.51	214	126	12	742	952	63920	64531	8.1e-15	87.7
NCVOG5117-consensus	scaffold_5943	38.37	172	88	18	806	968	80	553	1.1e-14	82.8
NCVOG5117-consensus	scaffold_175	33.82	272	125	55	741	965	37919	37131	1.4e-14	86.9
NCVOG5117-consensus	scaffold_6568	46.02	113	52	9	856	966	61	375	2.6e-14	81.2
NCVOG5117-consensus	scaffold_47	35.60	191	106	17	787	963	152378	151818	3.9e-14	85.0
NCVOG5117-consensus	scaffold_47	29.15	295	177	32	741	1015	151685	150840	3.2e-14	85.2
NCVOG5117-consensus	scaffold_47	31.64	256	145	30	741	984	161014	160306	6.5e-13	80.9
NCVOG5117-consensus	scaffold_1463	43.75	128	61	11	847	974	16937	16590	4.8e-14	82.3
NCVOG5117-consensus	scaffold_1906	36.86	236	123	26	741	965	3226	3855	5.1e-14	82.0
NCVOG5117-consensus	scaffold_55	22.74	563	408	27	329	879	99440	97800	7.8e-14	84.4
NCVOG5117-consensus	scaffold_546	37.13	167	98	7	806	969	830	355	7.9e-14	82.8
NCVOG5117-consensus	scaffold_4323	33.58	274	126	56	741	965	3563	4348	8.3e-14	80.6
NCVOG5117-consensus	scaffold_1353	46.02	113	52	9	856	966	15485	15799	8.7e-14	81.4
NCVOG5117-consensus	scaffold_1427	46.02	113	52	9	856	966	15499	15813	1e-13	81.2
NCVOG5117-consensus	scaffold_1361	46.02	113	52	9	856	966	61	375	1e-13	81.2
NCVOG5117-consensus	scaffold_480	43.75	128	61	11	847	974	9134	8787	1.4e-13	82.3
NCVOG5117-consensus	scaffold_480	32.37	207	121	19	799	989	17031	16423	7e-12	76.6
NCVOG5117-consensus	scaffold_200	33.94	274	139	42	722	987	104317	103601	1.5e-13	83.3
NCVOG5117-consensus	scaffold_1696	36.87	217	117	20	741	949	437	1032	1.7e-13	80.4
NCVOG5117-consensus	scaffold_2477	26.39	523	314	71	461	952	4782	3337	2e-13	79.8
NCVOG5117-consensus	scaffold_451	38.16	152	76	18	820	969	18294	17894	2.2e-13	81.7
NCVOG5117-consensus	scaffold_3964	32.45	265	146	33	741	972	3523	4294	2.3e-13	79.3
NCVOG5117-consensus	scaffold_76	36.36	187	93	26	806	972	59176	58637	2.4e-13	82.8
NCVOG5117-consensus	scaffold_5781	35.07	211	119	18	793	997	2188	1595	2.5e-13	78.5
NCVOG5117-consensus	scaffold_156	31.73	249	148	22	730	963	61087	60365	4.2e-13	82.0
NCVOG5117-consensus	scaffold_3661	43.38	136	68	9	823	952	512	131	5.1e-13	78.2
NCVOG5117-consensus	scaffold_101	38.33	180	95	16	791	966	119304	119804	5.1e-13	81.7
NCVOG5117-consensus	scaffold_2348	35.07	211	119	18	793	997	11044	10451	5.3e-13	78.5
NCVOG5117-consensus	scaffold_2247	35.07	211	119	18	793	997	11263	10670	5.4e-13	78.5
NCVOG5117-consensus	scaffold_2	34.48	203	113	20	773	965	79472	80047	8.9e-13	80.9
NCVOG5117-consensus	scaffold_1484	42.14	140	66	15	820	957	31	400	9.6e-13	77.9
NCVOG5117-consensus	scaffold_3473	31.06	264	165	17	699	952	11585	12348	1.6e-12	76.6
NCVOG5117-consensus	scaffold_141	34.83	178	89	27	774	951	71131	70682	2.3e-12	79.5
NCVOG5117-consensus	scaffold_851	44.80	125	53	16	849	965	147	484	2.4e-12	77.1
NCVOG5117-consensus	scaffold_5940	32.37	207	121	19	799	989	3865	4473	3.2e-12	74.7
NCVOG5117-consensus	scaffold_161	35.07	211	119	18	793	997	1487	894	7.1e-12	77.9
NCVOG5117-consensus	scaffold_1332	32.37	207	121	19	799	989	18122	18730	9.6e-12	74.7
NCVOG5117-consensus	scaffold_319	20.76	766	551	56	143	892	4374	6548	1.2e-11	76.6
NCVOG5117-consensus	scaffold_2885	44.51	164	73	18	806	965	2337	1903	1.2e-11	73.8
NCVOG5117-consensus	scaffold_18	32.06	287	148	47	702	965	25334	24557	1.5e-11	76.8
NCVOG5117-consensus	scaffold_125	37.95	195	75	46	741	929	80440	79979	1.8e-11	76.6
NCVOG5117-consensus	scaffold_7507	41.94	124	62	10	846	965	1133	1479	2e-11	70.4
NCVOG5117-consensus	scaffold_1736	35.12	205	111	22	773	965	13986	14563	2.2e-11	73.3
NCVOG5117-consensus	scaffold_6130	36.60	153	89	8	806	953	3106	3544	4.9e-11	70.6
NCVOG5117-consensus	scaffold_4	23.43	781	526	72	114	852	173288	175531	8.1e-11	74.4
NCVOG0032-consensus	scaffold_2749	30.95	210	136	9	668	875	14850	14245	1.7e-17	92.4
NCVOG0032-consensus	scaffold_399	30.95	210	136	9	668	875	64416	65021	8.1e-17	92.4
NCVOG0032-consensus	scaffold_439	25.00	720	408	132	236	883	43520	41564	1e-15	88.6
NCVOG0032-consensus	scaffold_334	23.62	614	336	133	214	814	7915	6437	1e-13	82.3
NCVOG0032-consensus	scaffold_384	23.89	586	360	86	257	822	48735	50277	1.8e-12	78.0
NCVOG0032-consensus	scaffold_508	26.51	166	121	1	77	241	52872	52378	2.2e-12	77.2
NCVOG0032-consensus	scaffold_306	26.51	166	121	1	77	241	99188	98694	4.1e-12	77.2
NCVOG0032-consensus	scaffold_39	22.11	615	401	78	257	820	198175	196417	6e-11	73.7
NCVOG1127-consensus	scaffold_2432	24.85	342	239	18	124	460	2469	3452	1.5e-15	85.4
NCVOG1127-consensus	scaffold_2617	26.55	226	161	5	124	346	5372	4704	9.6e-15	82.7
NCVOG1127-consensus	scaffold_1729	26.55	226	161	5	124	346	15764	15096	1.2e-14	82.7
NCVOG1127-consensus	scaffold_787	25.99	227	161	7	124	346	2474	3140	8.1e-13	77.2
NCVOG1127-consensus	scaffold_2458	23.53	340	234	26	130	454	2486	3461	1.1e-12	75.9
NCVOG1127-consensus	scaffold_5475	24.71	344	232	27	124	456	8091	7121	1.2e-11	71.5
NCVOG1127-consensus	scaffold_1943	24.71	344	232	27	124	456	17505	16535	2.5e-11	71.5
NCVOG0868-consensus	scaffold_489	30.41	148	101	2	139	285	29123	28690	1e-15	87.1
NCVOG0868-consensus	scaffold_13	48.08	104	47	7	123	220	337273	337578	3.5e-15	86.1
NCVOG0868-consensus	scaffold_330	33.81	139	87	5	128	261	23960	24373	2.2e-14	83.3
NCVOG0868-consensus	scaffold_63	38.04	163	90	11	99	253	158973	158501	7.8e-14	81.4
NCVOG0868-consensus	scaffold_1346	31.95	169	105	10	62	223	11173	11665	1.1e-13	79.0
NCVOG0868-consensus	scaffold_3451	62.26	53	20	0	169	221	11899	12054	5.5e-13	76.0
NCVOG0868-consensus	scaffold_3415	62.26	53	20	0	169	221	11966	12121	2.1e-12	74.1
NCVOG0868-consensus	scaffold_7507	45.07	71	39	0	152	222	1490	1281	5.6e-12	70.0
NCVOG0868-consensus	scaffold_211	62.26	53	20	0	169	221	129330	129485	1.9e-11	74.1
NCVOG0281-consensus	scaffold_3759	22.45	931	648	74	43	922	4960	2268	3.6e-20	101.0
NCVOG0281-consensus	scaffold_2349	18.78	921	694	54	26	923	6428	9094	1.7e-19	99.1
NCVOG0281-consensus	scaffold_313	19.31	922	689	55	26	923	87577	90242	8.5e-19	99.4
NCVOG0281-consensus	scaffold_639	20.37	761	556	50	142	873	13206	10994	2.1e-12	76.9
NCVOG0281-consensus	scaffold_486	20.77	886	625	77	65	910	4300	1775	6e-11	72.6
NCVOG1188-consensus	scaffold_63	42.52	127	61	12	85	204	158823	158461	1.5e-11	73.4
NCVOG0215-consensus	scaffold_41	66.67	48	16	0	1	48	235899	235759	2.7e-13	77.7
NCVOG0215-consensus	scaffold_41	65.96	47	16	0	2	48	236643	236506	6.9e-13	76.3
NCVOG0215-consensus	scaffold_7498	62.50	48	18	0	1	48	547	407	2.4e-12	68.7
NCVOG0215-consensus	scaffold_6238	62.50	48	18	0	1	48	2293	2153	4.3e-12	69.4
NCVOG0215-consensus	scaffold_4815	62.50	48	18	0	1	48	1269	1409	5.2e-12	69.8
NCVOG0215-consensus	scaffold_41	63.04	46	17	0	2	47	243483	243617	9.6e-12	72.5
NCVOG0215-consensus	scaffold_50	45.31	64	35	0	2	65	152684	152496	9.6e-11	69.0
NCVOG0025-consensus	scaffold_1	29.90	418	235	58	105	522	430389	431465	3.5e-25	120.4
NCVOG0025-consensus	scaffold_324	29.66	445	255	58	102	505	27935	29209	2.8e-22	110.1
NCVOG0025-consensus	scaffold_67	29.28	304	176	39	224	521	24549	23740	1.7e-14	84.9
NCVOG0025-consensus	scaffold_3	25.35	434	285	39	59	486	280672	281867	2.9e-13	80.8
NCVOG0025-consensus	scaffold_1	24.14	406	262	46	112	508	351510	350407	9e-13	79.2
NCVOG0025-consensus	scaffold_4	31.58	228	102	54	337	518	98026	98678	2.3e-12	77.8
NCVOG0025-consensus	scaffold_559	30.00	170	106	13	310	476	12920	13396	3.3e-12	75.6
NCVOG0025-consensus	scaffold_89	25.46	271	170	32	218	487	138826	139542	4.9e-12	76.7
NCVOG0025-consensus	scaffold_5572	23.40	406	270	41	112	508	3578	4696	8.1e-12	71.8
NCVOG0025-consensus	scaffold_6778	31.18	170	105	12	310	476	3869	4340	1.4e-11	70.2
NCVOG0025-consensus	scaffold_6159	33.33	156	97	7	325	476	915	460	2.4e-11	69.9
NCVOG0025-consensus	scaffold_4414	33.33	156	97	7	325	476	353	808	4.2e-11	69.9
NCVOG0025-consensus	scaffold_1081	28.34	247	165	12	244	487	9661	8955	5e-11	70.7
NCVOG0025-consensus	scaffold_6910	23.10	407	270	43	112	508	3402	2286	6e-11	68.0
NCVOG0025-consensus	scaffold_3035	32.48	157	100	6	323	476	914	456	7.8e-11	69.4
NCVOG0271-consensus	scaffold_3	44.49	971	387	152	333	1153	504640	501741	2e-141	507.3
NCVOG0271-consensus	scaffold_30	27.77	1109	633	168	143	1134	95978	99144	1.3e-56	226.0
NCVOG0271-consensus	scaffold_1	30.98	1049	444	280	374	1153	116631	119735	1e-44	186.4
NCVOG0271-consensus	scaffold_1	25.47	369	198	77	80	389	115345	116392	1.5e-12	79.6
NCVOG0271-consensus	scaffold_41	31.60	462	259	57	696	1149	138013	139248	1.2e-34	153.1
NCVOG4511-consensus	scaffold_1915	27.56	283	148	57	12	288	14401	15079	2.9e-11	71.5
NCVOG4511-consensus	scaffold_47	24.76	307	205	26	1	298	151330	152196	3.2e-11	74.0
NCVOG4511-consensus	scaffold_41	21.41	509	358	42	11	501	237648	236213	7.6e-11	72.9
NCVOG0967-consensus	scaffold_1863	21.80	743	540	41	116	838	6918	9080	1.6e-17	92.9
NCVOG0967-consensus	scaffold_347	21.23	730	516	59	207	910	39698	37611	7.3e-17	92.9
NCVOG0967-consensus	scaffold_2778	22.22	657	476	35	116	757	3384	5291	2.2e-12	75.5
NCVOG0967-consensus	scaffold_3913	22.92	698	465	73	67	728	1109	3080	6.6e-12	73.6
NCVOG4241-consensus	scaffold_108	54.74	95	43	0	3	97	20388	20107	8.4e-16	87.7
NCVOG4241-consensus	scaffold_287	38.76	129	74	5	14	142	83192	83560	9.2e-13	77.1
NCVOG4241-consensus	scaffold_684	40.40	151	85	5	11	156	4246	4695	1e-12	75.4
NCVOG4241-consensus	scaffold_684	36.69	169	97	10	3	161	3497	4000	3.3e-13	77.0
NCVOG4241-consensus	scaffold_684	47.37	95	47	3	3	94	4871	5148	4.6e-12	73.2
NCVOG4241-consensus	scaffold_120	53.57	84	38	1	19	102	3228	2983	1.1e-12	77.4
NCVOG4241-consensus	scaffold_16	44.74	152	71	13	6	147	275132	274689	8.4e-12	74.4
NCVOG4241-consensus	scaffold_16	37.89	161	86	14	2	149	275966	275490	8.4e-12	74.4
NCVOG4241-consensus	scaffold_113	47.22	108	51	6	2	103	132817	132497	1e-11	74.1
NCVOG0021-consensus	scaffold_2109	29.17	881	600	24	34	897	8801	6187	2.4e-15	85.6
NCVOG0021-consensus	scaffold_2109	23.33	720	523	29	9	704	6544	8681	6.6e-15	84.1
NCVOG0021-consensus	scaffold_41	30.96	759	473	51	91	834	244900	242735	2.5e-14	85.0
NCVOG0021-consensus	scaffold_41	23.23	465	346	11	90	543	236524	235133	1.6e-14	85.6
NCVOG0021-consensus	scaffold_564	29.02	882	601	25	34	897	6764	4161	1e-13	81.6
NCVOG0021-consensus	scaffold_160	48.71	310	150	9	157	462	122520	121609	6.1e-11	74.1
NCVOG0001-consensus	scaffold_552	42.00	250	126	19	320	562	9168	8458	6.3e-37	158.1
NCVOG0001-consensus	scaffold_552	39.52	248	131	19	326	565	8337	7630	6.3e-37	158.1
NCVOG0001-consensus	scaffold_5	29.06	468	279	53	50	497	213510	212209	4.6e-26	123.6
NCVOG0001-consensus	scaffold_469	40.71	226	117	17	328	547	43459	42818	2.4e-23	113.3
NCVOG0001-consensus	scaffold_429	35.11	319	110	97	320	549	18440	17513	1.1e-16	91.3
NCVOG0001-consensus	scaffold_309	35.11	319	110	97	320	549	31835	30908	1.6e-16	91.3
NCVOG0001-consensus	scaffold_347	31.75	441	175	126	219	555	29519	28266	1e-13	81.8
NCVOG0001-consensus	scaffold_135	39.47	114	61	8	478	591	58284	58598	4e-11	74.0
NCVOG0066-consensus	scaffold_61	32.75	287	165	28	120	386	107022	107855	2.6e-19	101.1
NCVOG4896-consensus	scaffold_508	33.04	115	77	0	208	322	52707	52366	1.9e-11	72.8
NCVOG4896-consensus	scaffold_306	33.04	115	77	0	208	322	99023	98682	3.5e-11	72.8
NCVOG0038-consensus	scaffold_330	35.85	954	505	107	75	970	19017	21726	4.5e-21	107.1
NCVOG0280-consensus	scaffold_40	22.98	1684	1100	197	243	1785	214693	219561	1.1e-36	160.1
NCVOG0280-consensus	scaffold_40	21.14	1178	835	94	525	1652	190120	193518	9.6e-13	80.6
NCVOG0280-consensus	scaffold_142	24.72	999	635	117	707	1658	39336	36553	4.2e-32	145.2
NCVOG0280-consensus	scaffold_1621	21.35	1330	918	128	372	1649	5703	1957	2.9e-31	139.5
NCVOG0280-consensus	scaffold_48	22.16	1444	996	128	224	1598	125043	120900	1.5e-30	140.0
NCVOG0280-consensus	scaffold_89	22.96	1176	782	124	326	1422	147607	144230	3.9e-30	138.7
NCVOG0280-consensus	scaffold_312	21.19	1680	1159	165	20	1624	50070	54830	6.2e-29	134.1
NCVOG0280-consensus	scaffold_2349	22.71	1484	981	166	343	1710	6448	10730	1e-25	120.8
NCVOG0280-consensus	scaffold_139	21.64	1645	1129	160	144	1707	48384	43700	3.7e-25	122.1
NCVOG0280-consensus	scaffold_486	22.67	1341	892	145	372	1649	5690	1939	1.1e-24	119.1
NCVOG0280-consensus	scaffold_3759	23.91	1351	881	147	326	1586	5628	1776	1.1e-24	117.0
NCVOG0280-consensus	scaffold_3793	22.60	1367	935	123	385	1698	5844	1991	8.4e-23	110.7
NCVOG0280-consensus	scaffold_6008	22.07	1400	942	149	375	1698	5854	1921	6.3e-22	106.9
NCVOG0280-consensus	scaffold_90	21.00	1786	1234	177	34	1713	25625	30746	2e-20	106.4
NCVOG0280-consensus	scaffold_335	20.89	1106	794	81	508	1579	17040	20205	3.5e-19	101.5
NCVOG0280-consensus	scaffold_335	22.31	1466	984	155	309	1703	60061	64203	1.2e-24	119.7
NCVOG0280-consensus	scaffold_335	20.64	1158	778	141	467	1566	13507	16724	3.7e-12	78.2
NCVOG0280-consensus	scaffold_9	22.87	1102	760	90	312	1384	227383	224282	2.2e-18	99.6
NCVOG0280-consensus	scaffold_149	20.57	1692	1156	188	41	1601	66401	71292	3.9e-18	98.8
NCVOG0280-consensus	scaffold_356	21.73	1454	1007	131	212	1600	58511	62649	8.1e-18	96.9
NCVOG0280-consensus	scaffold_901	20.92	1769	1191	208	98	1774	21880	26809	4.4e-17	92.8
NCVOG0280-consensus	scaffold_129	20.23	1320	964	89	311	1587	131243	135049	2.4e-16	92.8
NCVOG0280-consensus	scaffold_2809	20.40	1054	753	86	590	1605	14918	11934	1.8e-15	86.6
NCVOG0280-consensus	scaffold_3051	20.25	1259	870	134	513	1707	10888	14437	5.5e-15	85.0
NCVOG0280-consensus	scaffold_1734	20.25	1259	870	134	513	1707	15256	18805	7.1e-15	85.0
NCVOG0280-consensus	scaffold_978	20.09	1742	1216	176	29	1633	19396	24481	1.2e-14	84.7
NCVOG0280-consensus	scaffold_27	22.63	813	525	104	816	1600	37147	39354	2.7e-14	86.1
NCVOG0280-consensus	scaffold_1	21.81	1128	769	113	413	1476	249472	252705	5.6e-14	85.0
NCVOG0280-consensus	scaffold_4671	19.95	842	584	90	869	1657	3352	947	6.7e-14	80.9
NCVOG0280-consensus	scaffold_1518	23.00	739	494	75	840	1549	15193	17260	5.7e-13	78.7
NCVOG0280-consensus	scaffold_552	23.19	789	537	69	828	1576	23872	21596	6.4e-13	79.8
NCVOG0280-consensus	scaffold_13	20.56	1605	1121	154	153	1655	391868	387257	8.7e-13	80.4
NCVOG0280-consensus	scaffold_3503	22.78	711	479	70	861	1549	10849	8864	5.3e-12	74.9
NCVOG0280-consensus	scaffold_188	22.78	711	479	70	861	1549	136464	134479	1.2e-11	77.1
NCVOG0280-consensus	scaffold_30	22.21	779	490	116	820	1549	76970	74838	1.3e-11	77.1
NCVOG0280-consensus	scaffold_3418	23.61	648	453	42	964	1596	5433	7274	7.5e-11	71.1
NCVOG0218-consensus	scaffold_665	63.69	347	84	42	589	910	126	1048	2.1e-18	97.0
NCVOG0218-consensus	scaffold_3213	51.34	409	170	29	584	980	784	1930	3.7e-17	91.4
NCVOG0218-consensus	scaffold_127	36.83	543	309	34	349	874	28217	26643	7.6e-17	93.8
NCVOG0218-consensus	scaffold_3572	61.04	326	88	39	604	897	3561	2638	2e-15	85.6
NCVOG0218-consensus	scaffold_2924	59.06	342	99	41	589	901	247	1169	2.9e-15	85.2
NCVOG0218-consensus	scaffold_215	50.00	332	118	48	611	898	32922	33902	7.2e-15	87.0
NCVOG0218-consensus	scaffold_3512	58.51	335	98	41	608	907	7262	6335	8.8e-15	83.5
NCVOG0218-consensus	scaffold_3603	55.03	338	123	29	622	937	989	30	1.8e-14	82.5
NCVOG0218-consensus	scaffold_4800	57.62	328	108	31	602	906	6684	7596	1.8e-14	82.1
NCVOG0218-consensus	scaffold_47	39.46	517	253	60	351	855	151030	152433	5.4e-14	83.9
NCVOG0218-consensus	scaffold_5940	38.21	492	243	61	357	818	5219	3846	5.6e-14	79.9
NCVOG0218-consensus	scaffold_1332	38.19	487	250	51	357	818	19476	18103	2.3e-13	79.5
NCVOG0218-consensus	scaffold_3662	55.92	338	112	37	602	917	1806	2717	3.1e-13	78.3
NCVOG0218-consensus	scaffold_480	38.19	487	250	51	357	818	15677	17050	3.5e-13	80.3
NCVOG0218-consensus	scaffold_1915	57.96	333	101	39	602	906	14387	15307	3.6e-13	78.5
NCVOG0218-consensus	scaffold_1696	55.59	349	102	53	581	908	1037	140	4.5e-13	78.3
NCVOG0218-consensus	scaffold_656	57.37	312	110	23	611	906	9075	8196	4.7e-13	79.3
NCVOG0218-consensus	scaffold_3269	56.06	355	121	35	563	892	4118	3141	6.3e-13	77.4
NCVOG0218-consensus	scaffold_1906	56.40	328	100	43	577	879	4061	3183	6.8e-13	77.6
NCVOG0218-consensus	scaffold_2477	51.85	270	108	22	631	896	3221	3973	1.4e-12	76.4
NCVOG0218-consensus	scaffold_5924	51.66	271	108	23	631	896	2294	3045	2.8e-12	74.3
NCVOG0218-consensus	scaffold_6033	60.81	273	79	28	610	864	4683	3936	5.3e-12	73.3
NCVOG0218-consensus	scaffold_3473	54.44	248	84	29	652	896	12371	11713	5.3e-12	74.2
NCVOG0218-consensus	scaffold_175	31.90	630	354	75	377	957	36658	38460	5.4e-12	77.6
NCVOG0218-consensus	scaffold_2109	33.67	594	341	53	355	901	6764	8520	9.2e-12	73.8
NCVOG0218-consensus	scaffold_3506	63.90	241	51	36	662	891	884	272	1.4e-11	72.8
NCVOG0218-consensus	scaffold_2234	61.74	264	68	33	623	866	2738	2023	1.8e-11	72.8
NCVOG0218-consensus	scaffold_767	53.09	243	97	17	662	897	6724	6029	2.3e-11	73.3
NCVOG0218-consensus	scaffold_1657	64.89	225	61	18	613	826	10236	9606	3.2e-11	72.2
NCVOG0218-consensus	scaffold_82	53.09	243	97	17	662	897	64617	63922	4.6e-11	74.6
NCVOG0218-consensus	scaffold_2885	68.56	194	43	18	685	867	1884	2405	5.2e-11	71.1
NCVOG0218-consensus	scaffold_4165	58.46	272	83	30	624	882	1957	2678	6.3e-11	70.5
NCVOG0218-consensus	scaffold_564	33.44	625	338	78	352	901	4567	6411	8e-11	72.1
NCVOG0308-consensus	scaffold_1621	22.76	870	616	56	13	859	5380	2891	1.3e-11	73.4
NCVOG0018-consensus	scaffold_3208	23.08	1070	700	123	151	1190	2969	5872	3e-28	128.4
NCVOG0018-consensus	scaffold_364	19.65	1196	921	40	7	1181	36566	33039	9.9e-24	115.9
NCVOG0018-consensus	scaffold_684	22.36	939	681	48	206	1120	5165	2428	1.1e-23	114.6
NCVOG0018-consensus	scaffold_13	20.78	1256	869	126	13	1190	112311	115931	6.1e-21	107.5
NCVOG0018-consensus	scaffold_13	19.98	1171	834	103	45	1172	106544	109873	4e-20	104.8
NCVOG0018-consensus	scaffold_2778	23.05	564	389	45	478	1032	3444	5024	7.9e-19	97.2
NCVOG0018-consensus	scaffold_356	20.09	911	673	55	142	1032	62549	59925	4.4e-18	97.2
NCVOG0018-consensus	scaffold_356	23.69	498	346	34	491	983	59921	58518	9.7e-15	86.1
NCVOG0018-consensus	scaffold_4	23.41	833	574	64	313	1113	173093	175492	5.3e-18	97.8
NCVOG0018-consensus	scaffold_1863	22.92	506	346	44	478	974	6978	8387	1.5e-16	89.9
NCVOG0018-consensus	scaffold_63	20.69	783	590	31	298	1075	135709	137974	1.6e-16	92.9
NCVOG0018-consensus	scaffold_1	22.92	506	346	44	478	974	228156	229565	1.2e-15	89.9
NCVOG0018-consensus	scaffold_3913	23.52	506	342	45	478	974	1214	2618	4.4e-15	84.5
NCVOG0018-consensus	scaffold_41	23.71	873	599	67	221	1068	235292	237781	9.6e-15	86.6
NCVOG0018-consensus	scaffold_211	21.01	652	483	32	494	1140	63050	61179	4.7e-14	84.5
NCVOG0018-consensus	scaffold_7065	28.04	321	205	26	818	1120	2878	3809	9.8e-13	75.0
NCVOG0018-consensus	scaffold_319	19.48	652	492	33	267	902	4581	6482	1.7e-11	75.5
NCVOG5370-consensus	scaffold_2	30.45	220	138	15	3	215	173474	172846	3.5e-14	83.6
NCVOG5370-consensus	scaffold_16	24.59	362	248	25	3	354	275471	276504	9.5e-11	72.2
NCVOG0226-consensus	scaffold_63	47.59	145	64	12	19	155	158883	158464	4e-18	96.0
NCVOG0226-consensus	scaffold_2860	38.06	134	68	15	27	149	8937	8551	9.4e-17	88.9
NCVOG0226-consensus	scaffold_2626	38.06	134	68	15	27	149	9487	9101	9.8e-17	88.9
NCVOG0226-consensus	scaffold_1076	38.06	134	68	15	27	149	16212	16598	1.5e-16	88.9
NCVOG0226-consensus	scaffold_13	38.46	143	76	12	4	143	337312	337710	2.7e-16	90.1
NCVOG0226-consensus	scaffold_1387	37.14	140	78	10	7	143	13451	13840	3.2e-15	84.3
NCVOG0226-consensus	scaffold_7507	31.79	151	95	8	14	156	1535	1090	9.5e-14	76.2
NCVOG0226-consensus	scaffold_21	33.33	132	88	0	19	150	225760	226152	6.6e-13	79.5
NCVOG0226-consensus	scaffold_148	32.57	175	105	13	14	183	10748	10251	2e-12	77.9
NCVOG0226-consensus	scaffold_1346	45.65	92	42	8	31	122	11417	11665	3.4e-12	74.3
NCVOG0226-consensus	scaffold_1359	46.24	93	41	9	31	122	11355	11602	1.5e-11	72.1
NCVOG0226-consensus	scaffold_80	36.49	148	80	14	16	153	122993	123421	1.6e-11	74.9
NCVOG0226-consensus	scaffold_52	35.58	163	91	14	4	154	167341	166862	4e-11	73.0
NCVOG4170-consensus	scaffold_20	34.88	215	128	12	129	334	274199	274831	3e-20	103.5
NCVOG4170-consensus	scaffold_278	32.08	212	138	6	129	334	33151	33783	9.6e-20	101.3
NCVOG4170-consensus	scaffold_184	31.80	327	83	140	106	294	58382	59349	8.3e-11	72.0
NCVOG0370-consensus	scaffold_475	32.16	199	115	20	30	220	5315	4758	5.8e-15	83.9
NCVOG0370-consensus	scaffold_9	32.16	199	115	20	30	220	440142	439585	1.4e-14	83.9
NCVOG0720-consensus	scaffold_231	44.05	168	82	12	3	167	21548	22021	2.7e-25	118.9
