NCVOG1243-consensus	scaffold_325	32.54	169	101	13	7	167	2398	2886	4.7e-13	74.1
NCVOG0669-consensus	scaffold_113	27.31	260	172	17	212	462	3932	3180	1e-15	84.6
NCVOG0333-consensus	scaffold_2179	53.42	73	31	3	605	677	622	416	2.3e-12	70.5
NCVOG0333-consensus	scaffold_121	42.86	112	48	16	605	709	4540	4845	1.1e-11	71.8
NCVOG0233-consensus	scaffold_230	34.09	886	516	68	33	853	2930	285	3e-56	219.6
NCVOG0233-consensus	scaffold_936	33.33	279	180	6	490	762	1869	1040	1.7e-39	162.1
NCVOG0233-consensus	scaffold_671	39.77	176	106	0	563	738	68	592	4.3e-27	121.4
NCVOG0233-consensus	scaffold_1025	29.22	397	243	38	29	408	1131	7	2.2e-26	118.4
NCVOG0233-consensus	scaffold_34	26.20	561	358	56	176	721	15134	16690	3.8e-21	104.3
NCVOG0233-consensus	scaffold_58	27.24	782	458	111	42	729	3220	935	1.3e-16	88.8
NCVOG0233-consensus	scaffold_50	27.75	818	479	112	1	723	9360	11757	6.7e-13	76.6
NCVOG0233-consensus	scaffold_671	34.00	150	92	7	49	193	1545	1109	5.2e-11	67.9
NCVOG0013-consensus	scaffold_248	31.53	222	144	8	116	335	7221	6577	5.5e-15	81.8
NCVOG1192-consensus	scaffold_297	31.25	272	122	65	109	323	4911	5699	3.1e-19	95.0
NCVOG0297-consensus	scaffold_9	27.24	290	187	24	261	537	12828	11995	1.6e-16	88.9
NCVOG0297-consensus	scaffold_85	32.04	284	169	24	266	537	9364	8552	2.6e-16	87.0
NCVOG0297-consensus	scaffold_4905	30.21	192	116	18	361	537	756	193	2e-15	81.0
NCVOG0297-consensus	scaffold_315	26.10	295	190	28	263	537	1776	919	2.7e-14	79.1
NCVOG0297-consensus	scaffold_28	27.08	336	203	42	245	540	1798	800	3.1e-14	80.8
NCVOG0297-consensus	scaffold_84	29.33	300	179	33	255	537	7714	6866	6e-14	79.1
NCVOG0073-consensus	scaffold_1536	42.12	482	263	16	132	609	35	1441	1e-94	344.9
NCVOG0073-consensus	scaffold_336	36.95	655	375	38	19	664	4315	6189	1.3e-47	190.5
NCVOG0073-consensus	scaffold_910	26.17	554	373	36	19	544	201	1835	9.4e-41	166.4
NCVOG0073-consensus	scaffold_61	25.55	407	281	22	62	451	4571	5773	3.5e-31	137.4
NCVOG0073-consensus	scaffold_2996	47.56	82	43	0	20	101	252	10	2.6e-15	80.2
NCVOG1068-consensus	scaffold_125	53.24	139	64	1	102	239	7219	7632	2.1e-33	142.3
NCVOG2643-consensus	scaffold_1539	33.79	290	153	39	3	263	161	997	2.1e-19	92.9
NCVOG0613-consensus	scaffold_1769	41.54	130	71	5	4	129	696	313	1.7e-22	101.9
NCVOG4523-consensus	scaffold_542	32.88	441	249	47	379	818	2882	1701	1.9e-26	119.9
NCVOG4523-consensus	scaffold_3861	45.55	191	93	11	580	766	60	608	1.8e-19	93.9
NCVOG0055-consensus	scaffold_1	42.31	156	88	2	221	374	40776	40312	4.1e-22	108.3
NCVOG4105-consensus	scaffold_66	34.80	1066	618	77	22	1064	14570	11538	8e-106	385.5
NCVOG0305-consensus	scaffold_1926	27.13	317	216	15	777	1087	922	6	2.5e-26	118.1
NCVOG0305-consensus	scaffold_408	34.02	244	133	28	1289	1505	731	6	1.6e-22	107.8
NCVOG0305-consensus	scaffold_1343	33.46	263	155	20	1297	1549	798	47	4e-20	98.0
NCVOG0305-consensus	scaffold_947	29.69	384	245	25	1190	1557	301	1414	1.8e-19	96.4
NCVOG0305-consensus	scaffold_1010	30.81	198	128	9	1314	1506	1643	2217	2.4e-19	95.8
NCVOG0305-consensus	scaffold_1042	28.90	263	167	20	1309	1556	783	1553	4.2e-19	95.0
NCVOG0305-consensus	scaffold_1276	28.40	250	169	10	1312	1556	1514	783	3.3e-18	91.8
NCVOG0305-consensus	scaffold_97	29.67	246	166	7	1314	1556	391	1113	6.8e-18	93.7
NCVOG0305-consensus	scaffold_877	34.09	220	134	11	1311	1524	777	136	2.1e-16	86.4
NCVOG0305-consensus	scaffold_1133	32.29	223	142	9	1314	1531	1286	1939	4.8e-16	84.7
NCVOG0305-consensus	scaffold_399	31.43	210	135	9	1355	1557	3687	3073	7.8e-16	85.5
NCVOG0305-consensus	scaffold_143	28.84	371	238	26	1189	1549	9584	10643	1.3e-15	85.8
NCVOG0305-consensus	scaffold_2651	31.40	207	132	10	1352	1553	704	102	2.3e-15	81.3
NCVOG0305-consensus	scaffold_1673	32.18	202	126	11	1314	1508	444	1034	2.3e-13	75.3
NCVOG0305-consensus	scaffold_1307	36.21	174	105	6	1311	1481	513	4	4.4e-13	74.7
NCVOG0305-consensus	scaffold_768	29.13	254	161	19	785	1027	1259	1991	7.8e-13	74.7
NCVOG0305-consensus	scaffold_3222	32.64	144	89	8	1431	1568	726	304	3.6e-12	70.4
NCVOG0305-consensus	scaffold_85	30.81	211	132	14	1308	1510	9385	8774	5.6e-12	74.1
NCVOG0305-consensus	scaffold_3329	29.74	195	122	15	1316	1500	574	8	8.9e-12	69.1
NCVOG0305-consensus	scaffold_1016	29.46	241	158	12	1314	1549	408	1106	1.2e-11	70.4
NCVOG0305-consensus	scaffold_84	31.50	273	158	29	1279	1539	7768	7004	2.5e-11	72.0
NCVOG0305-consensus	scaffold_589	32.09	215	133	13	1314	1520	2609	3235	6.3e-11	68.7
NCVOG0305-consensus	scaffold_288	29.60	250	154	22	1322	1553	4325	3599	8.1e-11	69.2
NCVOG0248-consensus	scaffold_3423	27.89	251	141	40	144	390	687	46	7.8e-11	64.3
NCVOG0105-consensus	scaffold_624	21.43	602	421	52	310	893	1374	3074	2.8e-17	89.1
NCVOG0105-consensus	scaffold_12	25.12	649	415	71	264	883	27910	26105	9.9e-14	80.4
NCVOG0105-consensus	scaffold_4	22.66	653	453	52	270	886	8884	10779	1.6e-12	76.9
NCVOG4804-consensus	scaffold_47	45.51	156	81	4	45	199	2428	1973	9.6e-26	117.2
NCVOG4883-consensus	scaffold_489	33.89	422	245	34	44	460	2425	3600	1.4e-40	165.7
NCVOG2979-consensus	scaffold_1473	30.09	226	153	5	19	242	1489	824	3.7e-20	95.3
NCVOG0979-consensus	scaffold_966	48.21	336	170	4	3	337	1728	733	1.8e-78	290.2
NCVOG4274-consensus	scaffold_816	23.29	601	423	38	243	816	445	2195	4.1e-11	68.0
NCVOG0274-consensus	scaffold_68	42.57	491	230	52	31	484	15622	14198	2.1e-60	235.0
NCVOG0274-consensus	scaffold_68	33.52	704	385	83	748	1380	10763	8693	1.4e-63	245.5
NCVOG0274-consensus	scaffold_68	38.62	347	189	24	482	806	12868	11837	3.3e-41	171.2
NCVOG0274-consensus	scaffold_3746	65.75	73	24	1	979	1050	5	220	2.9e-17	87.0
NCVOG0274-consensus	scaffold_134	41.12	107	59	4	15	117	6604	6287	3.3e-16	87.7
NCVOG0274-consensus	scaffold_134	32.21	208	115	26	210	396	5407	4802	2.4e-13	78.2
NCVOG0274-consensus	scaffold_2798	30.66	137	93	2	1220	1355	408	812	6.4e-12	69.6
NCVOG0074-consensus	scaffold_1536	65.68	475	163	0	100	574	2	1423	2.9e-158	555.4
NCVOG0074-consensus	scaffold_336	47.94	630	308	20	6	629	4318	6162	2.7e-140	497.9
NCVOG0074-consensus	scaffold_2996	76.47	85	20	0	5	89	255	4	4.1e-30	128.8
NCVOG0074-consensus	scaffold_910	33.33	519	308	38	6	488	204	1751	5.9e-28	123.3
NCVOG0074-consensus	scaffold_61	28.31	491	306	46	48	509	4571	5989	2.6e-26	120.6
NCVOG1299-consensus	scaffold_1402	49.69	161	62	19	5	147	848	372	3.2e-22	101.6
NCVOG1196-consensus	scaffold_80	29.91	321	198	27	322	619	5934	6881	2.8e-12	74.7
NCVOG4324-consensus	scaffold_149	36.45	214	128	8	410	616	2	637	2e-25	117.1
NCVOG4324-consensus	scaffold_1478	28.19	227	127	36	67	289	617	36	4.1e-11	66.7
NCVOG4134-consensus	scaffold_3032	41.55	219	116	12	71	283	713	78	8.8e-34	140.5
NCVOG4134-consensus	scaffold_1160	36.13	119	70	6	343	456	1	351	1.9e-13	74.3
NCVOG0334-consensus	scaffold_773	36.82	296	169	18	8	299	450	1292	3.7e-38	156.5
NCVOG0304-consensus	scaffold_877	33.51	194	105	24	50	226	801	244	1.6e-17	88.4
NCVOG0304-consensus	scaffold_85	35.20	179	100	16	53	219	9391	8870	2.8e-16	86.8
NCVOG0304-consensus	scaffold_1307	37.58	157	87	11	50	201	534	85	1.7e-15	81.1
NCVOG0304-consensus	scaffold_1016	30.16	189	119	13	50	230	378	926	2e-13	74.5
NCVOG0304-consensus	scaffold_1276	31.82	154	94	11	53	201	1529	1089	4.1e-13	73.2
NCVOG0304-consensus	scaffold_4834	30.77	169	110	7	19	184	10	499	7.1e-13	70.6
NCVOG0304-consensus	scaffold_957	27.36	329	212	27	46	361	302	1231	2.3e-11	67.8
NCVOG0304-consensus	scaffold_146	36.52	115	68	5	97	211	9520	9846	2.5e-11	69.9
NCVOG0304-consensus	scaffold_1343	34.76	164	93	14	50	206	784	317	5.1e-11	66.1
NCVOG0276-consensus	scaffold_4467	67.65	136	44	0	208	343	2	406	1.5e-42	168.8
NCVOG0689-consensus	scaffold_59	27.90	276	166	33	19	289	8131	7407	3.3e-17	90.0
NCVOG0689-consensus	scaffold_2700	34.96	123	64	16	58	173	837	503	1.1e-13	74.0
NCVOG0689-consensus	scaffold_778	29.94	157	94	16	11	151	624	1091	1.3e-13	75.6
NCVOG0689-consensus	scaffold_271	36.27	102	64	1	48	149	326	27	2.2e-13	76.2
NCVOG0689-consensus	scaffold_2068	34.03	144	79	16	21	149	650	1075	2.4e-13	73.2
NCVOG0689-consensus	scaffold_785	33.06	121	77	4	48	164	366	11	1.7e-12	71.8
NCVOG0689-consensus	scaffold_209	28.48	151	101	7	48	191	456	11	4.2e-11	68.8
NCVOG4882-consensus	scaffold_1185	31.66	398	225	47	381	769	1248	172	1.3e-23	109.2
NCVOG4882-consensus	scaffold_479	35.98	164	103	2	749	912	242	724	3.1e-14	79.3
NCVOG4882-consensus	scaffold_23	28.31	332	207	31	20	335	12490	13437	1.6e-12	76.1
NCVOG1060-consensus	scaffold_792	28.92	287	144	60	46	302	2141	2908	2.6e-17	87.6
NCVOG1060-consensus	scaffold_1981	36.43	129	71	11	153	278	482	123	1.1e-11	67.5
NCVOG0030-consensus	scaffold_264	33.60	253	158	10	263	510	7571	6831	2.6e-26	119.8
NCVOG0030-consensus	scaffold_490	45.18	228	101	24	26	248	3899	4518	5.8e-22	104.6
NCVOG0030-consensus	scaffold_3	23.61	521	337	61	28	515	2396	931	1.7e-13	79.9
NCVOG4494-consensus	scaffold_855	35.86	145	90	3	52	193	2134	2565	3.2e-14	77.5
NCVOG0077-consensus	scaffold_1780	42.64	129	66	8	584	706	746	1123	5.9e-16	82.6
NCVOG0296-consensus	scaffold_589	28.38	229	149	15	9	227	2594	3250	1.4e-15	82.9
NCVOG0296-consensus	scaffold_877	29.23	195	126	12	10	198	783	220	2.3e-11	68.3
NCVOG0267-consensus	scaffold_74	28.33	353	222	31	330	675	2974	1991	5.6e-22	107.0
NCVOG0267-consensus	scaffold_1022	30.18	169	105	13	556	720	1088	612	1.2e-11	69.8
NCVOG0046-consensus	scaffold_1873	26.86	283	137	70	8	221	916	74	2e-14	76.3
NCVOG0046-consensus	scaffold_1023	55.22	67	28	2	8	72	572	375	2.4e-12	70.3
NCVOG0046-consensus	scaffold_17	31.42	296	152	51	8	256	14648	13776	2e-11	70.9
NCVOG0037-consensus	scaffold_96	45.29	1104	514	90	41	1056	7933	11235	1.7e-90	334.3
NCVOG0007-consensus	scaffold_8	34.04	379	216	34	20	364	19425	20558	5.9e-34	146.3
NCVOG0015-consensus	scaffold_248	33.51	185	112	11	90	263	7011	6460	2.2e-12	72.9
NCVOG0486-consensus	scaffold_4822	34.46	148	93	4	57	201	441	4	1.4e-13	72.5
NCVOG0744-consensus	scaffold_906	31.50	127	86	1	309	435	5	379	3.3e-11	67.5
NCVOG0284-consensus	scaffold_134	31.68	303	172	35	17	309	3522	2692	1.8e-22	106.4
NCVOG0329-consensus	scaffold_981	35.66	129	71	12	1125	1248	1513	1875	1.8e-15	82.8
NCVOG0329-consensus	scaffold_998	36.79	106	53	14	1152	1248	1195	1494	7.1e-13	74.2
NCVOG0329-consensus	scaffold_2299	38.14	118	63	10	1123	1240	426	106	3.3e-11	67.4
NCVOG0329-consensus	scaffold_43	40.48	126	64	11	1123	1248	4612	4953	8.8e-11	70.3
NCVOG0329-consensus	scaffold_852	41.67	120	56	14	1141	1260	2103	2417	9.4e-11	67.4
NCVOG0029-consensus	scaffold_3354	36.28	226	133	11	235	457	683	33	4.2e-32	135.1
NCVOG0029-consensus	scaffold_99	23.37	338	238	21	25	349	11149	12135	3.1e-14	80.0
NCVOG0029-consensus	scaffold_2638	36.75	166	91	14	15	169	491	6	1.5e-13	73.8
NCVOG0029-consensus	scaffold_881	29.67	482	246	93	37	434	294	1709	6.7e-13	73.2
NCVOG1326-consensus	scaffold_133	50.68	148	70	3	3	147	1228	788	7e-34	143.2
NCVOG0222-consensus	scaffold_778	24.94	421	300	16	78	494	1	1224	3.1e-15	81.0
NCVOG0222-consensus	scaffold_992	23.08	364	267	13	110	467	63	1130	2.7e-14	77.5
NCVOG0014-consensus	scaffold_248	29.66	236	149	17	131	349	6855	6151	6.7e-17	88.1
NCVOG0014-consensus	scaffold_248	29.59	169	119	0	171	339	7383	6880	1.8e-13	76.7
NCVOG0002-consensus	scaffold_3	33.80	503	283	50	332	818	12585	11182	5.5e-39	164.8
NCVOG2775-consensus	scaffold_738	34.36	227	146	3	205	428	1197	520	1.2e-19	95.9
NCVOG2775-consensus	scaffold_156	32.77	235	145	13	188	409	1757	1056	6.7e-17	88.6
NCVOG2775-consensus	scaffold_3115	38.30	188	102	14	191	368	113	661	9.4e-14	74.3
NCVOG0924-consensus	scaffold_3959	50.57	87	37	6	3	83	301	558	5.6e-12	66.5
NCVOG0893-consensus	scaffold_4049	52.11	71	30	4	107	175	251	454	3e-12	69.4
NCVOG0275-consensus	scaffold_320	33.54	164	108	1	4	167	3487	3002	1.7e-20	98.2
NCVOG0275-consensus	scaffold_1358	33.81	139	86	6	7	139	1080	671	1.9e-15	79.4
NCVOG0275-consensus	scaffold_718	47.31	93	49	0	7	99	279	4	4.3e-14	75.9
NCVOG0275-consensus	scaffold_10	37.10	124	73	5	7	125	11888	12256	1.5e-13	77.4
NCVOG0275-consensus	scaffold_221	25.77	163	118	3	6	167	3499	3020	4.7e-11	67.3
NCVOG5103-consensus	scaffold_269	41.76	91	51	2	436	526	7147	6884	5.1e-13	76.1
NCVOG5103-consensus	scaffold_313	29.95	187	110	21	327	500	2563	2032	1.4e-12	74.4
NCVOG5103-consensus	scaffold_2078	54.10	61	28	0	442	502	56	235	4.3e-12	70.1
NCVOG5103-consensus	scaffold_133	31.44	194	111	22	321	502	2	550	9.1e-12	72.5
NCVOG5103-consensus	scaffold_205	24.34	189	138	5	317	502	30	579	3.8e-11	70.1
NCVOG0605-consensus	scaffold_59	20.12	333	246	20	149	471	8180	7215	2.6e-12	73.7
NCVOG0605-consensus	scaffold_778	21.37	351	252	24	161	489	63	1106	4.5e-12	70.5
NCVOG1136-consensus	scaffold_461	47.24	326	135	37	191	480	3453	4424	2.1e-50	198.5
NCVOG1049-consensus	scaffold_560	30.11	362	198	55	16	325	1530	457	2.8e-17	87.7
NCVOG0901-consensus	scaffold_88	42.95	149	76	9	34	173	8409	8852	1.8e-27	122.4
NCVOG2980-consensus	scaffold_734	29.83	466	273	54	18	472	994	2259	2e-19	94.9
NCVOG1298-consensus	scaffold_80	26.60	564	344	70	70	595	5532	7104	2.1e-16	87.5
NCVOG2642-consensus	scaffold_1321	34.11	129	82	3	34	161	711	334	2e-13	72.9
NCVOG1062-consensus	scaffold_812	24.91	289	202	15	136	410	2668	1812	2e-12	71.6
NCVOG1062-consensus	scaffold_374	23.74	337	239	18	87	408	3763	4761	6e-12	71.0
NCVOG4522-consensus	scaffold_2841	51.16	86	42	0	359	444	800	546	2.9e-14	75.7
NCVOG0052-consensus	scaffold_3466	27.82	133	89	7	27	158	211	588	7.7e-11	63.1
NCVOG0032-consensus	scaffold_244	39.02	164	96	4	696	859	8171	7695	7.3e-23	108.6
NCVOG0032-consensus	scaffold_1224	27.63	503	274	90	383	877	5	1262	3.4e-19	94.3
NCVOG0032-consensus	scaffold_8	24.26	849	476	167	53	877	21191	23289	8.9e-17	90.5
NCVOG0032-consensus	scaffold_2557	47.37	76	40	0	745	820	874	650	2.8e-15	80.2
NCVOG0032-consensus	scaffold_874	35.74	291	166	21	310	580	969	1835	7.4e-12	70.4
NCVOG0302-consensus	scaffold_85	32.30	291	183	14	263	543	9376	8519	5.2e-31	135.8
NCVOG0302-consensus	scaffold_877	33.46	257	160	11	258	508	792	40	5.2e-28	123.3
NCVOG0302-consensus	scaffold_84	29.97	287	184	17	259	534	7705	6866	4.1e-26	119.6
NCVOG0302-consensus	scaffold_315	31.40	293	173	28	264	534	1776	919	2.6e-25	115.7
NCVOG0302-consensus	scaffold_1673	30.21	288	186	15	263	542	438	1277	1.3e-24	111.2
NCVOG0302-consensus	scaffold_4905	33.33	213	133	9	330	534	825	193	3.4e-23	106.8
NCVOG0302-consensus	scaffold_9	27.52	327	209	28	232	540	12918	11971	2.5e-22	108.2
NCVOG0302-consensus	scaffold_589	32.02	228	145	10	258	479	2588	3256	3.2e-21	101.4
NCVOG0302-consensus	scaffold_28	28.85	312	179	43	265	534	1738	809	3.9e-19	97.0
NCVOG0302-consensus	scaffold_1417	31.58	171	115	2	3	173	910	1413	1.1e-17	88.4
NCVOG0302-consensus	scaffold_1276	27.02	285	169	39	257	535	1532	780	6.9e-14	75.9
NCVOG0302-consensus	scaffold_150	26.55	290	190	23	260	534	7906	8748	2.1e-13	77.0
NCVOG0302-consensus	scaffold_174	25.79	221	156	8	314	527	1389	733	4e-13	75.9
NCVOG0302-consensus	scaffold_97	25.82	244	162	19	254	489	358	1053	1.1e-12	74.8
NCVOG0302-consensus	scaffold_1295	29.15	199	132	9	292	487	1014	439	1.1e-12	71.8
NCVOG0302-consensus	scaffold_1343	27.34	267	172	22	241	493	826	53	2.3e-12	70.7
NCVOG0302-consensus	scaffold_288	27.46	284	172	34	262	535	4363	3587	2.7e-12	72.6
NCVOG0302-consensus	scaffold_137	28.40	162	113	3	7	167	1207	731	6.3e-12	72.1
NCVOG0302-consensus	scaffold_399	26.04	265	181	15	257	516	3837	3076	7.7e-12	70.7
NCVOG0302-consensus	scaffold_1926	26.70	191	131	9	283	467	847	287	2.2e-11	67.0
NCVOG0302-consensus	scaffold_146	28.48	165	113	5	292	454	9487	9969	2.3e-11	70.2
NCVOG0302-consensus	scaffold_2651	27.39	230	150	17	305	533	695	57	2.3e-11	66.4
NCVOG0302-consensus	scaffold_1133	25.81	248	167	17	234	471	1187	1906	5.5e-11	66.4
NCVOG0985-consensus	scaffold_88	31.35	437	255	45	79	495	12757	11525	1.8e-31	137.2
NCVOG2977-consensus	scaffold_59	29.14	151	101	6	38	185	8110	7674	2.8e-12	72.4
NCVOG2977-consensus	scaffold_778	32.20	118	75	5	70	187	750	1085	1.3e-11	67.7
NCVOG0025-consensus	scaffold_99	32.55	424	226	60	102	522	11122	12213	4.9e-29	129.1
NCVOG0025-consensus	scaffold_1020	30.39	283	177	20	239	518	1331	543	4e-23	106.8
NCVOG0025-consensus	scaffold_55	29.44	411	225	65	103	505	1347	289	5.5e-22	106.0
NCVOG0025-consensus	scaffold_35	31.02	374	199	59	102	470	5915	6865	2.6e-17	90.8
NCVOG0025-consensus	scaffold_662	24.74	392	248	47	103	491	2025	3065	5.3e-15	80.5
NCVOG0025-consensus	scaffold_3177	27.65	264	158	33	222	479	24	731	5.3e-13	71.6
NCVOG0025-consensus	scaffold_167	25.85	383	228	56	112	488	5014	6009	6.8e-13	75.1
NCVOG0025-consensus	scaffold_829	25.73	478	302	53	46	515	815	2102	2.1e-12	71.5
NCVOG0271-consensus	scaffold_978	38.53	667	355	55	6	634	2000	54	1.7e-94	345.1
NCVOG0271-consensus	scaffold_58	30.08	1077	639	114	76	1079	13721	16819	1.6e-53	211.9
NCVOG0271-consensus	scaffold_3872	56.70	194	78	6	853	1040	582	4	5.6e-52	202.0
NCVOG0271-consensus	scaffold_585	30.08	605	367	56	4	583	2206	3924	1.7e-50	199.7
NCVOG0271-consensus	scaffold_4327	49.47	190	91	5	964	1153	1	552	2.2e-42	170.0
NCVOG0271-consensus	scaffold_1885	34.26	397	227	34	594	958	1187	6	3.5e-27	120.6
NCVOG0078-consensus	scaffold_47	39.76	166	91	9	72	234	4960	5436	6.5e-19	94.9
NCVOG1061-consensus	scaffold_1476	27.98	218	141	16	35	237	843	1490	9.7e-15	77.4
NCVOG0541-consensus	scaffold_280	31.49	235	146	15	15	240	6203	6886	1.5e-23	109.1
NCVOG0531-consensus	scaffold_111	28.00	225	151	11	1	214	682	11	3.1e-12	72.9
NCVOG0241-consensus	scaffold_4163	30.82	146	96	5	147	292	150	569	1.2e-13	73.0
NCVOG0301-consensus	scaffold_85	32.28	285	175	18	264	537	9373	8543	1.6e-30	134.2
NCVOG0301-consensus	scaffold_589	32.44	225	144	8	258	477	2588	3250	1.7e-23	109.0
NCVOG0301-consensus	scaffold_315	32.19	292	182	16	259	534	1791	919	4.2e-23	108.4
NCVOG0301-consensus	scaffold_84	28.72	282	184	17	264	534	7690	6866	4e-21	103.0
NCVOG0301-consensus	scaffold_4905	30.84	214	136	12	331	534	825	193	8.1e-21	98.9
NCVOG0301-consensus	scaffold_877	30.35	257	168	11	258	508	792	40	2.5e-20	97.9
NCVOG0301-consensus	scaffold_1673	29.15	271	177	15	265	528	444	1229	5.7e-20	95.7
NCVOG0301-consensus	scaffold_28	30.79	315	175	43	265	537	1738	800	4.7e-19	96.8
NCVOG0301-consensus	scaffold_9	29.18	233	141	24	267	485	12813	12148	2.1e-18	95.2
NCVOG0301-consensus	scaffold_174	25.75	233	166	7	303	528	1425	730	6.4e-15	81.8
NCVOG0301-consensus	scaffold_1295	29.80	198	131	8	283	477	1047	472	9.9e-14	75.3
NCVOG0301-consensus	scaffold_1133	30.09	216	140	11	262	471	1277	1906	7.1e-12	69.4
NCVOG0301-consensus	scaffold_1276	26.82	220	149	12	257	470	1532	894	1.3e-11	68.3
NCVOG1121-consensus	scaffold_778	21.56	320	233	18	112	425	271	1171	4e-12	70.7
NCVOG0001-consensus	scaffold_1876	45.60	250	119	17	313	556	48	761	1.3e-44	177.6
NCVOG0001-consensus	scaffold_622	36.67	300	160	30	333	626	2012	2836	5.4e-38	157.2
NCVOG0001-consensus	scaffold_196	35.25	295	163	28	319	607	7989	7174	3.4e-36	152.6
NCVOG0001-consensus	scaffold_2	39.10	312	154	36	328	622	49262	48395	5e-35	151.3
NCVOG0001-consensus	scaffold_181	50.84	238	104	13	318	555	1745	1074	4.3e-32	139.1
NCVOG0001-consensus	scaffold_74	38.56	236	126	19	330	555	12680	13357	6.5e-31	135.8
NCVOG0001-consensus	scaffold_305	40.80	250	129	19	320	562	2404	1694	5.3e-28	124.9
NCVOG0001-consensus	scaffold_305	39.18	245	135	14	325	566	1561	863	6.7e-37	154.5
NCVOG0001-consensus	scaffold_26	34.39	346	191	36	265	600	13272	12316	1e-26	122.5
NCVOG0001-consensus	scaffold_799	38.60	228	124	16	333	555	1190	543	2.7e-24	111.4
NCVOG0001-consensus	scaffold_15	34.64	179	103	14	328	500	7674	7165	2.6e-11	71.5
NCVOG0001-consensus	scaffold_190	31.79	173	101	17	358	518	1001	501	2.8e-11	69.9
NCVOG0038-consensus	scaffold_3232	40.26	231	132	6	365	595	3	674	2.1e-37	153.7
NCVOG0038-consensus	scaffold_2715	38.73	142	83	4	832	972	834	421	2.1e-17	87.5
NCVOG0228-consensus	scaffold_18	27.67	683	374	120	312	893	6823	4835	6.2e-18	94.0
NCVOG0280-consensus	scaffold_19	21.67	969	668	91	551	1473	7210	4442	3e-12	76.0
NCVOG0280-consensus	scaffold_19	21.92	616	414	67	338	942	8904	7232	6.5e-12	74.9
NCVOG0018-consensus	scaffold_816	24.51	616	412	53	580	1171	13	1770	3e-12	72.3
NCVOG0273-consensus	scaffold_191	37.14	210	116	16	4	203	1596	2204	2e-22	105.3
