NCVOG0719-consensus	NODE_4966_length_1859_cov_6.025253	31.25	272	147	40	23	261	1768	983	2.3e-27	125.0
NCVOG0719-consensus	NODE_4966_length_1859_cov_6.025253	30.31	254	146	31	43	266	60	815	1.8e-23	112.1
NCVOG0719-consensus	NODE_10243_length_1078_cov_9.959041	27.14	269	142	54	47	261	166	965	1e-22	108.7
NCVOG0719-consensus	NODE_11571_length_964_cov_7.996618	28.70	230	133	31	38	242	16	682	2.2e-19	97.5
NCVOG0719-consensus	NODE_24671_length_460_cov_8.851175	28.48	158	85	28	27	163	447	6	2.9e-12	72.8
NCVOG1069-consensus	NODE_2504_length_2647_cov_17.091829	27.18	412	212	88	77	414	205	1395	1.3e-22	110.4
NCVOG1069-consensus	NODE_50385_length_269_cov_3.947917	46.75	77	41	0	115	191	239	12	5.4e-12	71.8
NCVOG1069-consensus	NODE_19063_length_585_cov_7.503937	46.75	77	41	0	115	191	239	12	2.4e-11	70.8
NCVOG0321-consensus	NODE_92_length_12000_cov_5.989348	35.19	162	98	7	348	506	11938	11468	5.4e-19	100.7
NCVOG0669-consensus	NODE_7282_length_1441_cov_6.366569	32.03	153	100	4	288	437	536	988	8.6e-21	103.5
NCVOG0669-consensus	NODE_15794_length_707_cov_6.080952	30.95	168	109	7	254	416	673	179	1.4e-15	85.2
NCVOG0669-consensus	NODE_33570_length_361_cov_14.000000	31.36	118	77	4	323	439	3	344	1.1e-14	81.3
NCVOG0669-consensus	NODE_1614_length_3190_cov_11.208802	21.96	428	258	76	84	439	2586	1320	2e-14	83.6
NCVOG0669-consensus	NODE_25103_length_454_cov_6.464191	32.21	149	94	7	273	416	10	447	2e-14	80.7
NCVOG0669-consensus	NODE_1368_length_3414_cov_7.066227	27.44	215	142	14	220	426	3321	2698	3.5e-14	82.8
NCVOG0669-consensus	NODE_1520_length_3265_cov_11.299561	28.18	181	123	7	269	445	662	132	1.6e-13	80.5
NCVOG0669-consensus	NODE_985_length_3877_cov_17.790263	23.43	397	243	61	104	443	3016	1847	2.2e-13	80.3
NCVOG0669-consensus	NODE_2971_length_2443_cov_6.374472	27.11	166	116	5	276	439	7	492	1.3e-12	77.2
NCVOG0669-consensus	NODE_181_length_7724_cov_5.915784	26.29	350	203	55	120	416	7175	6139	1.9e-12	78.2
NCVOG0669-consensus	NODE_39305_length_323_cov_5.357724	30.84	107	70	4	334	439	4	312	3.6e-12	72.7
NCVOG0669-consensus	NODE_7343_length_1432_cov_19.154244	24.82	427	239	82	91	439	1338	89	1e-11	73.4
NCVOG0669-consensus	NODE_849_length_4101_cov_5.073310	29.59	196	116	22	274	448	4101	3524	1.3e-11	74.6
NCVOG0669-consensus	NODE_3413_length_2277_cov_6.704545	26.38	235	144	29	254	464	1481	2167	1.8e-11	73.2
NCVOG0669-consensus	NODE_7686_length_1381_cov_6.365798	29.61	179	102	24	283	437	1082	553	3.8e-11	71.4
NCVOG0669-consensus	NODE_22938_length_490_cov_4.302663	29.82	114	76	4	327	439	2	331	9.7e-11	68.6
NCVOG0333-consensus	NODE_22370_length_501_cov_4.516509	50.00	82	36	5	599	678	260	27	1e-15	85.8
NCVOG0333-consensus	NODE_12797_length_878_cov_5.389513	44.34	106	43	16	611	709	6	293	1.2e-14	83.0
NCVOG0333-consensus	NODE_747_length_4334_cov_6.941038	47.25	91	45	3	605	695	2200	1940	1.3e-14	85.2
NCVOG0333-consensus	NODE_80722_length_194_cov_3.589744	56.92	65	25	3	614	678	194	12	1.6e-14	80.4
NCVOG0333-consensus	NODE_1026_length_3820_cov_6.224419	53.42	73	31	3	605	677	2446	2652	1e-13	82.0
NCVOG2223-consensus	NODE_1932_length_2970_cov_6.389215	27.10	465	281	58	475	886	2941	1591	5.6e-26	122.8
NCVOG2223-consensus	NODE_19458_length_573_cov_7.022177	38.57	140	81	5	732	870	12	416	2.4e-21	105.0
NCVOG2223-consensus	NODE_2434_length_2684_cov_6.583429	32.73	278	155	32	616	870	341	1140	4.6e-19	99.6
NCVOG2223-consensus	NODE_46573_length_284_cov_6.178744	53.06	49	23	0	734	782	138	281	3.7e-11	70.1
NCVOG0233-consensus	NODE_53_length_23736_cov_5.204362	36.26	935	483	113	38	866	6013	3235	1.7e-65	257.0
NCVOG0233-consensus	NODE_53_length_23736_cov_5.204362	38.33	660	331	76	36	625	1967	9	2e-28	133.8
NCVOG0233-consensus	NODE_3801_length_2153_cov_5.837669	34.86	393	214	42	500	850	497	1668	1e-60	237.6
NCVOG0233-consensus	NODE_4598_length_1936_cov_8.339968	36.43	420	193	74	398	745	1255	9	4.1e-55	218.9
NCVOG0233-consensus	NODE_45_length_29233_cov_4.639731	27.76	789	400	170	173	798	23591	21255	4.9e-42	179.3
NCVOG0233-consensus	NODE_437_length_5448_cov_5.696891	24.36	903	566	117	33	869	6	2542	1.3e-40	172.2
NCVOG0233-consensus	NODE_43_length_29494_cov_5.371214	24.36	899	578	102	28	869	7707	5155	4.7e-40	172.8
NCVOG0233-consensus	NODE_2685_length_2559_cov_4.444803	25.16	795	496	99	28	770	2336	98	1.5e-38	164.2
NCVOG0233-consensus	NODE_2943_length_2454_cov_7.614640	26.79	672	265	227	202	646	437	2449	1.9e-33	147.2
NCVOG0233-consensus	NODE_252_length_6791_cov_6.403932	35.22	230	134	15	103	321	686	12	6.7e-33	146.9
NCVOG0233-consensus	NODE_29179_length_402_cov_5.049231	49.58	119	60	0	500	618	46	399	2.9e-26	120.7
NCVOG0233-consensus	NODE_1782_length_3075_cov_6.603402	34.26	324	154	59	581	845	3002	2040	7.5e-22	109.0
NCVOG0233-consensus	NODE_45926_length_287_cov_6.023810	55.91	93	40	1	560	651	1	276	2.3e-21	104.0
NCVOG0233-consensus	NODE_4441_length_1972_cov_15.069657	30.29	208	141	4	559	762	1680	1060	1.2e-20	104.3
NCVOG0233-consensus	NODE_50404_length_269_cov_3.447917	52.81	89	41	1	559	646	269	6	1.6e-20	101.1
NCVOG0233-consensus	NODE_37650_length_333_cov_5.664062	49.51	103	52	0	505	607	25	330	2.9e-20	100.6
NCVOG0233-consensus	NODE_1924_length_2973_cov_6.887086	23.64	736	470	92	144	821	2757	655	3.6e-19	100.1
NCVOG0233-consensus	NODE_1071_length_3747_cov_6.742234	24.96	593	315	130	293	761	16	1767	5.2e-19	99.9
NCVOG0233-consensus	NODE_40384_length_317_cov_3.179167	43.00	100	57	0	130	229	314	18	5.9e-19	96.1
NCVOG0233-consensus	NODE_23898_length_473_cov_9.161616	36.51	126	79	1	605	729	452	78	2.1e-17	91.6
NCVOG0233-consensus	NODE_1057_length_3768_cov_6.528041	26.00	804	453	142	102	796	1	2280	1.4e-16	91.8
NCVOG0233-consensus	NODE_21323_length_524_cov_9.076063	40.52	116	68	1	559	673	154	498	2.9e-16	87.9
NCVOG0233-consensus	NODE_48704_length_275_cov_6.227273	41.38	87	50	1	588	673	1	258	4.4e-16	86.4
NCVOG0233-consensus	NODE_9447_length_1160_cov_10.566020	34.93	146	78	17	587	715	1047	615	5.7e-16	88.1
NCVOG0233-consensus	NODE_2925_length_2463_cov_8.598491	30.58	242	126	42	26	225	1720	2436	1.6e-15	87.7
NCVOG0233-consensus	NODE_3716_length_2182_cov_6.651781	31.23	253	132	42	17	228	1175	1923	2e-15	87.2
NCVOG0233-consensus	NODE_2662_length_2571_cov_6.522454	27.34	695	361	144	135	696	2048	4	7.2e-15	85.6
NCVOG0233-consensus	NODE_5334_length_1775_cov_14.757362	31.73	208	109	33	480	663	293	886	7.4e-15	85.0
NCVOG0233-consensus	NODE_38708_length_326_cov_15.152610	38.83	103	62	1	604	705	1	306	1e-14	82.1
NCVOG0233-consensus	NODE_31672_length_377_cov_5.380000	39.36	94	55	2	559	650	91	369	2e-14	81.3
NCVOG0233-consensus	NODE_56828_length_245_cov_21.089286	47.76	67	34	1	583	648	40	237	2.7e-13	76.9
NCVOG0233-consensus	NODE_20010_length_558_cov_9.178794	34.35	131	77	9	136	257	395	6	3.6e-12	74.4
NCVOG0233-consensus	NODE_6006_length_1646_cov_6.121096	45.35	86	46	1	505	589	1273	1527	7.5e-12	74.9
NCVOG0233-consensus	NODE_15129_length_742_cov_10.446617	34.33	134	70	18	243	369	54	419	3.7e-11	71.4
NCVOG0233-consensus	NODE_8311_length_1293_cov_10.080592	30.65	323	161	63	29	306	343	1244	9.2e-11	70.9
NCVOG0233-consensus	NODE_77249_length_200_cov_4.845528	46.15	65	35	0	590	654	4	195	9.9e-11	68.1
NCVOG0023-consensus	NODE_1325_length_3459_cov_7.208457	30.11	435	262	42	389	813	2608	1405	2.6e-49	200.4
NCVOG0023-consensus	NODE_139_length_9230_cov_5.528679	28.21	436	287	26	401	827	2543	1290	7.7e-47	193.6
NCVOG0023-consensus	NODE_196_length_7447_cov_6.083718	27.86	481	313	34	376	838	1343	2724	1.2e-40	172.7
NCVOG0023-consensus	NODE_394_length_5680_cov_5.386222	29.21	315	206	17	326	627	1415	2336	4.2e-28	130.7
NCVOG0023-consensus	NODE_8858_length_1228_cov_6.519548	34.65	202	122	10	419	613	87	680	1.8e-27	126.4
NCVOG0013-consensus	NODE_377_length_5786_cov_6.878788	29.20	274	182	12	74	342	1858	1065	1.2e-23	115.3
NCVOG0013-consensus	NODE_1530_length_3259_cov_6.039598	31.39	223	145	8	122	342	1108	461	3.1e-21	106.5
NCVOG0013-consensus	NODE_15777_length_708_cov_5.163233	33.18	223	141	8	122	342	23	670	3.7e-20	100.7
NCVOG0013-consensus	NODE_366_length_5836_cov_6.241709	30.70	215	140	9	120	331	625	6	6.6e-20	102.9
NCVOG0013-consensus	NODE_11328_length_986_cov_12.101545	30.34	267	172	14	78	342	844	83	9.3e-20	99.9
NCVOG0013-consensus	NODE_12162_length_919_cov_7.967933	36.88	160	99	2	122	279	805	329	3.4e-18	94.5
NCVOG0013-consensus	NODE_6152_length_1625_cov_7.190568	34.90	149	95	2	122	268	447	4	1.9e-16	89.6
NCVOG0013-consensus	NODE_3292_length_2322_cov_6.659688	36.08	158	99	2	120	277	1067	603	4.1e-16	89.0
NCVOG0013-consensus	NODE_5683_length_1704_cov_10.741242	32.16	227	135	19	97	308	185	846	4.5e-16	88.4
NCVOG0013-consensus	NODE_5378_length_1767_cov_6.099408	39.29	140	81	4	122	258	420	7	7.1e-16	87.8
NCVOG0013-consensus	NODE_1051_length_3776_cov_6.042985	28.28	343	222	24	48	379	1135	149	1.4e-14	84.6
NCVOG0013-consensus	NODE_12331_length_908_cov_4.638989	36.67	150	92	3	122	268	374	820	3.5e-13	77.9
NCVOG0013-consensus	NODE_15935_length_700_cov_5.444623	37.70	122	74	2	122	241	655	293	6.1e-13	76.7
NCVOG0013-consensus	NODE_4494_length_1960_cov_7.462560	33.57	143	89	6	134	274	1539	1952	1.4e-12	77.0
NCVOG0013-consensus	NODE_15958_length_699_cov_5.678457	37.97	158	95	3	111	266	593	126	1.6e-12	75.3
NCVOG0013-consensus	NODE_29407_length_400_cov_4.068111	38.02	121	73	2	150	268	377	18	1.8e-12	74.3
NCVOG0013-consensus	NODE_7909_length_1347_cov_24.988976	36.91	149	92	2	122	268	895	1338	3.7e-12	75.0
NCVOG0013-consensus	NODE_3097_length_2385_cov_7.148276	39.67	121	71	2	122	240	554	195	5.1e-12	75.4
NCVOG0013-consensus	NODE_11840_length_941_cov_15.730324	32.50	120	80	1	92	210	401	49	1.8e-11	72.2
NCVOG0013-consensus	NODE_5459_length_1749_cov_7.930024	33.73	166	108	2	117	280	1252	1746	2.2e-11	72.8
NCVOG0013-consensus	NODE_7104_length_1469_cov_7.048851	33.77	154	97	5	154	305	1467	1018	2.5e-11	72.4
NCVOG0297-consensus	NODE_6282_length_1603_cov_11.668414	28.75	320	194	34	245	538	1183	259	1.9e-15	86.1
NCVOG0663-consensus	NODE_6181_length_1621_cov_6.535622	28.69	251	138	41	372	588	1465	739	2.5e-17	92.6
NCVOG0663-consensus	NODE_413_length_5576_cov_6.869431	28.85	364	209	50	278	602	67	1122	9.3e-15	85.8
NCVOG0663-consensus	NODE_8193_length_1308_cov_9.742486	28.08	406	239	53	248	607	1	1194	1.3e-14	83.3
NCVOG0663-consensus	NODE_5160_length_1812_cov_13.668012	26.09	368	225	47	278	607	1751	678	5.4e-13	78.3
NCVOG0073-consensus	NODE_11398_length_977_cov_8.802222	42.86	329	180	8	238	566	1	960	1.3e-63	246.2
NCVOG0073-consensus	NODE_8458_length_1275_cov_7.154424	42.33	326	176	12	29	352	320	1264	1.4e-58	229.8
NCVOG0073-consensus	NODE_3394_length_2282_cov_6.241723	36.11	457	269	23	28	480	567	1875	2.8e-49	199.8
NCVOG0073-consensus	NODE_7336_length_1433_cov_12.780973	36.64	453	256	31	188	634	1433	153	1e-43	180.7
NCVOG0073-consensus	NODE_13284_length_848_cov_14.316472	43.95	223	117	8	332	554	842	201	3.3e-43	178.2
NCVOG0073-consensus	NODE_3_length_132204_cov_4.772915	28.32	459	308	21	90	531	76120	77481	1.6e-41	180.0
NCVOG0073-consensus	NODE_13873_length_816_cov_12.654939	39.05	274	106	61	20	244	30	808	4.8e-32	141.1
NCVOG0073-consensus	NODE_25161_length_453_cov_5.401596	44.23	156	80	7	49	203	452	6	1.7e-26	121.8
NCVOG0073-consensus	NODE_33418_length_362_cov_17.235088	47.97	123	61	3	365	487	362	6	2.7e-23	110.8
NCVOG0073-consensus	NODE_40134_length_318_cov_4.626556	46.15	104	54	2	387	490	314	12	2.1e-19	97.8
NCVOG0073-consensus	NODE_66402_length_221_cov_9.701389	66.23	77	16	10	162	235	215	9	4.5e-17	89.5
NCVOG0073-consensus	NODE_15445_length_726_cov_5.374422	29.41	221	142	14	421	637	7	630	1.9e-16	89.1
NCVOG0073-consensus	NODE_20715_length_539_cov_7.963203	32.52	163	106	4	248	408	524	45	4.6e-14	80.8
NCVOG0073-consensus	NODE_46085_length_287_cov_3.547619	43.62	94	50	3	473	566	287	18	3.2e-13	77.0
NCVOG0073-consensus	NODE_29196_length_402_cov_4.541538	34.33	134	84	4	421	554	7	393	4.1e-13	77.2
NCVOG0073-consensus	NODE_75841_length_203_cov_3.714286	60.00	70	21	7	154	221	197	6	6.7e-13	75.5
NCVOG0073-consensus	NODE_65985_length_222_cov_16.965517	46.75	77	37	4	147	223	4	219	3.1e-12	73.4
NCVOG0073-consensus	NODE_44831_length_292_cov_11.176744	38.54	96	55	4	465	560	284	12	9.2e-12	72.2
NCVOG0073-consensus	NODE_49690_length_271_cov_6.927835	79.07	43	9	0	163	205	120	245	2.6e-11	70.6
NCVOG0073-consensus	NODE_49791_length_271_cov_4.840206	79.07	43	9	0	163	205	120	245	2.6e-11	70.6
NCVOG0073-consensus	NODE_11340_length_982_cov_9.074033	31.58	133	84	7	28	159	385	8	3.3e-11	72.2
NCVOG2643-consensus	NODE_81_length_13625_cov_5.616475	26.74	288	174	37	5	264	9233	10066	7.4e-11	72.9
NCVOG0613-consensus	NODE_5995_length_1647_cov_6.834500	33.12	154	76	27	1	128	575	120	1.1e-15	84.8
NCVOG4523-consensus	NODE_31_length_36819_cov_5.469218	30.31	927	421	225	103	838	25695	28358	7.9e-22	112.9
NCVOG4523-consensus	NODE_21800_length_513_cov_6.387615	37.61	109	66	2	717	825	510	193	9.8e-13	76.5
NCVOG1353-consensus	NODE_14126_length_803_cov_8.451791	63.94	269	95	2	361	629	803	6	1.3e-109	398.5
NCVOG1353-consensus	NODE_15448_length_725_cov_10.021605	61.00	241	57	37	182	385	1	720	4.1e-58	227.3
NCVOG1353-consensus	NODE_64053_length_227_cov_4.493333	75.68	74	18	0	605	678	1	219	1.2e-30	134.3
NCVOG1353-consensus	NODE_63809_length_227_cov_6.173333	75.68	74	18	0	605	678	1	219	1.2e-30	134.3
NCVOG1353-consensus	NODE_55658_length_249_cov_13.261628	59.04	83	34	0	655	737	249	4	2e-26	120.5
NCVOG1353-consensus	NODE_29249_length_401_cov_6.425926	46.49	114	53	8	101	206	58	396	2.5e-26	120.9
NCVOG1353-consensus	NODE_122597_length_155_cov_5.320513	70.59	51	15	0	361	411	155	6	6.8e-19	94.8
NCVOG1353-consensus	NODE_60965_length_233_cov_11.820513	55.71	70	31	0	726	795	215	9	9.4e-19	94.9
NCVOG1353-consensus	NODE_129796_length_155_cov_4.115385	62.00	50	19	0	494	543	152	6	5.2e-16	85.2
NCVOG1353-consensus	NODE_119765_length_155_cov_5.782051	54.90	51	23	0	156	206	155	6	2.8e-15	82.8
NCVOG1353-consensus	NODE_121670_length_155_cov_5.461538	54.90	51	23	0	529	579	155	6	1.8e-11	70.1
NCVOG4045-consensus	NODE_41_length_30107_cov_5.222677	25.82	368	199	74	79	379	25126	26199	2e-15	89.8
NCVOG0243-consensus	NODE_1301_length_3485_cov_6.288732	28.10	420	238	64	26	392	1092	2315	2.5e-22	109.7
NCVOG0243-consensus	NODE_55076_length_251_cov_8.149425	47.30	74	39	0	245	318	248	30	9.4e-15	80.7
NCVOG0055-consensus	NODE_6572_length_1553_cov_7.252710	32.23	211	121	22	182	385	1448	866	3e-20	101.7
NCVOG0055-consensus	NODE_1433_length_3346_cov_6.093607	33.33	198	118	14	183	369	1	566	3.6e-17	92.6
NCVOG0055-consensus	NODE_12979_length_867_cov_7.459494	38.14	97	57	3	192	285	560	847	5.8e-12	73.3
NCVOG4105-consensus	NODE_6409_length_1584_cov_11.385534	38.61	505	236	74	7	460	149	1579	1.4e-42	177.3
NCVOG4105-consensus	NODE_20239_length_552_cov_7.951579	35.33	167	99	9	636	801	552	79	2.4e-24	115.2
NCVOG4105-consensus	NODE_54417_length_254_cov_4.451977	55.81	86	36	2	542	627	1	249	3.2e-23	110.3
NCVOG4105-consensus	NODE_55976_length_248_cov_7.883041	54.76	84	36	2	544	627	1	243	8.3e-22	105.6
NCVOG4105-consensus	NODE_57969_length_242_cov_6.096970	46.15	78	42	0	97	174	236	6	7.5e-18	92.4
NCVOG4105-consensus	NODE_120698_length_155_cov_5.615385	60.00	50	20	0	518	567	155	9	4e-14	79.4
NCVOG4105-consensus	NODE_37051_length_338_cov_3.881226	48.57	105	35	19	464	549	326	15	5.2e-13	76.8
NCVOG4105-consensus	NODE_139323_length_143_cov_11.272727	60.47	43	17	0	464	506	13	138	1.2e-12	74.4
NCVOG1045-consensus	NODE_10672_length_1040_cov_11.581516	30.92	152	99	6	406	556	445	882	6.3e-21	103.8
NCVOG1045-consensus	NODE_12447_length_900_cov_9.370595	29.15	223	137	21	351	558	7	650	1.2e-19	99.3
NCVOG0035-consensus	NODE_7237_length_1447_cov_7.043796	26.91	223	131	32	14	223	613	5	9.4e-11	71.0
NCVOG0225-consensus	NODE_17518_length_634_cov_15.405745	27.74	137	90	9	109	236	10	417	3.8e-12	73.0
NCVOG0225-consensus	NODE_596_length_4761_cov_11.532451	28.47	137	89	9	109	236	1277	1684	3.4e-11	72.7
NCVOG0225-consensus	NODE_1665_length_3153_cov_6.178153	30.10	196	121	16	80	260	1673	1100	9.2e-11	70.7
NCVOG0305-consensus	NODE_5360_length_1770_cov_9.714117	30.43	253	159	17	782	1029	938	1657	4.9e-12	76.5
NCVOG0305-consensus	NODE_48_length_27763_cov_4.744501	30.25	324	209	17	753	1064	19594	18645	1.1e-11	79.3
NCVOG0305-consensus	NODE_6594_length_1548_cov_8.308634	27.13	328	210	29	1249	1559	965	21	3.6e-11	73.4
NCVOG0248-consensus	NODE_2127_length_2851_cov_7.286950	32.82	262	142	34	42	274	774	7	1.5e-21	107.1
NCVOG0248-consensus	NODE_4808_length_1893_cov_7.347467	29.92	508	235	121	88	486	1679	213	1.4e-12	76.8
NCVOG0248-consensus	NODE_5632_length_1714_cov_7.114233	29.78	272	156	35	250	492	1698	908	9.5e-12	73.9
NCVOG0248-consensus	NODE_57003_length_245_cov_6.047619	45.07	71	38	1	405	474	227	18	1.5e-11	70.4
NCVOG0248-consensus	NODE_118804_length_155_cov_5.948718	62.00	50	19	0	415	464	1	147	2.1e-11	69.2
NCVOG0248-consensus	NODE_131710_length_155_cov_3.717949	60.87	46	18	0	416	461	13	147	3.4e-11	68.6
NCVOG0248-consensus	NODE_131487_length_155_cov_3.756410	60.87	46	18	0	416	461	13	147	3.4e-11	68.6
NCVOG0105-consensus	NODE_1320_length_3465_cov_5.871606	31.38	290	170	29	630	896	1389	2235	1.7e-31	141.5
NCVOG0105-consensus	NODE_36575_length_341_cov_5.041667	38.46	104	61	3	666	767	314	9	7.6e-18	92.8
NCVOG0105-consensus	NODE_248_length_6821_cov_10.816133	23.22	883	544	134	97	875	1363	3900	5.9e-12	77.5
NCVOG4804-consensus	NODE_12520_length_896_cov_6.505495	66.67	111	35	2	72	180	837	508	1.1e-29	131.2
NCVOG4804-consensus	NODE_6806_length_1516_cov_9.485754	63.56	118	41	2	72	187	1153	803	1.9e-29	131.2
NCVOG4804-consensus	NODE_84056_length_188_cov_4.504505	70.49	61	18	0	112	172	185	6	3.3e-16	84.1
NCVOG4804-consensus	NODE_107230_length_155_cov_10.666667	66.67	51	17	0	109	159	155	6	3.8e-12	70.4
NCVOG4804-consensus	NODE_107694_length_155_cov_10.000000	66.67	51	17	0	109	159	155	6	3.8e-12	70.4
NCVOG0282-consensus	NODE_5360_length_1770_cov_9.714117	33.59	256	151	19	325	572	926	1657	3.2e-14	82.9
NCVOG0282-consensus	NODE_17500_length_635_cov_7.200717	40.85	142	76	8	379	516	110	520	1.7e-13	79.0
NCVOG0844-consensus	NODE_1505_length_3280_cov_7.478302	30.51	272	167	22	5	263	1255	470	4.3e-24	114.9
NCVOG0844-consensus	NODE_4805_length_1894_cov_6.221244	24.33	263	179	20	5	257	21	776	3.5e-14	81.2
NCVOG0844-consensus	NODE_1475_length_3301_cov_10.827233	36.15	130	76	7	5	134	429	794	5.4e-13	78.0
NCVOG0844-consensus	NODE_19495_length_572_cov_7.155556	29.73	185	115	15	64	240	1	525	6.4e-13	75.2
NCVOG0844-consensus	NODE_30416_length_389_cov_5.250000	44.78	67	37	0	5	71	206	9	4.9e-11	68.4
NCVOG2963-consensus	NODE_1678_length_3146_cov_7.156729	28.36	335	216	24	2	322	1523	2490	6.4e-13	78.0
NCVOG4883-consensus	NODE_12516_length_896_cov_8.565324	37.85	251	135	21	211	460	890	201	2.4e-30	134.6
NCVOG4883-consensus	NODE_19939_length_560_cov_8.782609	32.29	192	114	16	48	233	17	555	6.9e-15	82.5
NCVOG0360-consensus	NODE_11029_length_1009_cov_9.159871	46.69	242	122	7	24	260	725	9	2.6e-54	213.8
NCVOG0360-consensus	NODE_85347_length_185_cov_8.092593	50.00	62	30	1	236	297	185	6	3.1e-13	74.9
NCVOG0360-consensus	NODE_88664_length_179_cov_13.882353	51.72	58	27	1	236	293	179	12	1.8e-12	72.3
NCVOG0360-consensus	NODE_121361_length_155_cov_5.512821	62.75	51	19	0	119	169	155	6	2.7e-12	71.5
NCVOG0360-consensus	NODE_122151_length_155_cov_5.384615	60.78	51	20	0	119	169	155	6	5.4e-12	70.5
NCVOG0979-consensus	NODE_3117_length_2389_cov_10.787630	47.10	310	127	37	13	285	1445	2367	2e-58	228.9
NCVOG0979-consensus	NODE_110620_length_155_cov_8.051282	60.00	50	20	0	176	225	155	9	3.9e-13	74.5
NCVOG0979-consensus	NODE_43897_length_297_cov_5.554545	48.48	99	33	18	39	119	1	292	1.7e-11	70.0
NCVOG0699-consensus	NODE_5494_length_1743_cov_8.946579	25.76	229	160	10	205	424	1291	611	5.4e-12	74.6
NCVOG2734-consensus	NODE_2304_length_2749_cov_7.766093	27.55	265	180	12	21	280	1096	326	1.9e-16	90.6
NCVOG2734-consensus	NODE_1204_length_3583_cov_7.217726	27.35	234	162	8	44	275	25	705	1.6e-15	87.9
NCVOG2734-consensus	NODE_245_length_6831_cov_7.172786	27.02	285	196	12	21	303	1342	521	2.3e-14	85.1
NCVOG2734-consensus	NODE_130_length_9687_cov_5.586056	24.86	350	239	24	43	386	8517	9507	3.4e-13	81.6
NCVOG2734-consensus	NODE_1365_length_3416_cov_5.123690	27.88	208	143	7	4	211	802	203	3.5e-13	80.1
NCVOG2734-consensus	NODE_505_length_5078_cov_5.123975	26.51	249	172	11	32	276	1009	287	2.1e-12	78.1
NCVOG2734-consensus	NODE_260_length_6721_cov_5.888922	27.93	333	218	22	41	367	1888	945	6.4e-12	76.9
NCVOG2734-consensus	NODE_11597_length_962_cov_4.916384	23.81	252	184	8	34	283	764	30	1.6e-11	72.7
NCVOG2734-consensus	NODE_10998_length_1011_cov_14.145610	27.75	191	130	8	81	269	6	557	2.7e-11	72.1
NCVOG2734-consensus	NODE_286_length_6435_cov_5.836112	25.00	364	248	25	11	367	4577	5607	3.2e-11	74.5
NCVOG0274-consensus	NODE_8407_length_1280_cov_12.885287	42.36	399	188	42	454	813	1278	94	5.3e-52	208.6
NCVOG0274-consensus	NODE_4121_length_2059_cov_10.107467	33.23	632	328	94	828	1368	2059	182	3.3e-41	173.5
NCVOG0274-consensus	NODE_12333_length_907_cov_9.157831	38.20	233	127	17	716	940	859	191	1.8e-37	159.9
NCVOG0274-consensus	NODE_12420_length_901_cov_11.381068	46.98	298	127	31	188	465	4	859	8.1e-26	121.1
NCVOG0274-consensus	NODE_23_length_48855_cov_4.711263	32.11	1473	735	265	68	1298	10876	6556	2.5e-23	118.6
NCVOG0274-consensus	NODE_39769_length_320_cov_5.625514	71.43	70	19	1	971	1039	52	258	2.7e-21	104.6
NCVOG0274-consensus	NODE_5153_length_1813_cov_8.109447	38.64	176	99	9	971	1141	127	639	2.4e-20	104.0
NCVOG0274-consensus	NODE_30854_length_384_cov_11.149837	71.19	59	17	0	307	365	179	6	4e-18	94.4
NCVOG0274-consensus	NODE_17029_length_653_cov_8.210069	32.86	213	110	33	262	443	638	9	2.4e-17	92.5
NCVOG0274-consensus	NODE_13492_length_837_cov_9.659211	30.36	280	111	84	16	216	15	832	1.5e-13	80.3
NCVOG0274-consensus	NODE_63157_length_229_cov_3.605263	53.33	75	20	15	454	513	3	224	7.9e-13	76.0
NCVOG0274-consensus	NODE_92790_length_173_cov_5.208333	82.50	40	7	0	971	1010	122	6	3.4e-12	73.5
NCVOG0274-consensus	NODE_42345_length_305_cov_7.938596	35.71	98	61	2	262	359	13	297	7.5e-12	73.2
NCVOG0274-consensus	NODE_102894_length_158_cov_8.296296	58.82	51	21	0	799	849	1	150	1.1e-11	71.7
NCVOG0074-consensus	NODE_7336_length_1433_cov_12.780973	47.36	454	225	14	167	616	1433	105	1.9e-106	388.5
NCVOG0074-consensus	NODE_11398_length_977_cov_8.802222	60.92	325	126	1	214	538	1	969	1.9e-106	388.0
NCVOG0074-consensus	NODE_8458_length_1275_cov_7.154424	59.25	319	125	5	15	329	320	1270	3.9e-98	360.7
NCVOG0074-consensus	NODE_3394_length_2282_cov_6.241723	40.49	536	296	23	14	534	567	2141	4.3e-98	361.4
NCVOG0074-consensus	NODE_13284_length_848_cov_14.316472	54.47	246	110	2	307	552	842	114	7.1e-68	259.6
NCVOG0074-consensus	NODE_13873_length_816_cov_12.654939	68.35	218	48	21	25	221	163	811	5.5e-61	236.7
NCVOG0074-consensus	NODE_3_length_132204_cov_4.772915	36.46	458	262	29	77	506	76123	77490	1.5e-48	202.7
NCVOG0074-consensus	NODE_25161_length_453_cov_5.401596	62.00	150	55	2	35	182	452	6	5.1e-45	182.8
NCVOG0074-consensus	NODE_33418_length_362_cov_17.235088	66.39	119	40	0	340	458	362	9	6.5e-38	158.8
NCVOG0074-consensus	NODE_44577_length_293_cov_13.694444	69.07	97	30	0	242	338	1	288	4.2e-32	139.2
NCVOG0074-consensus	NODE_15445_length_726_cov_5.374422	33.33	231	149	5	394	624	10	684	7.9e-30	133.0
NCVOG0074-consensus	NODE_40134_length_318_cov_4.626556	58.65	104	41	2	360	463	311	9	9.2e-28	124.9
NCVOG0074-consensus	NODE_20715_length_539_cov_7.963203	36.67	180	108	6	219	394	539	9	2.4e-26	121.0
NCVOG0074-consensus	NODE_46085_length_287_cov_3.547619	60.64	94	37	0	445	538	287	9	1.2e-25	117.8
NCVOG0074-consensus	NODE_66402_length_221_cov_9.701389	79.73	74	14	1	139	212	221	6	1.1e-24	114.2
NCVOG0074-consensus	NODE_70767_length_212_cov_7.037037	75.71	70	17	0	197	266	1	207	5.2e-24	111.9
NCVOG0074-consensus	NODE_70778_length_212_cov_6.918519	75.71	70	17	0	197	266	1	207	5.2e-24	111.9
NCVOG0074-consensus	NODE_44831_length_292_cov_11.176744	54.74	95	42	1	436	530	287	9	7.9e-23	108.4
NCVOG0074-consensus	NODE_1903_length_2988_cov_8.571281	39.63	164	96	3	477	637	2985	2497	1.7e-22	110.7
NCVOG0074-consensus	NODE_75841_length_203_cov_3.714286	76.12	67	16	0	131	197	203	6	5e-22	105.2
NCVOG0074-consensus	NODE_11340_length_982_cov_9.074033	41.41	128	73	2	14	139	385	5	7.1e-21	103.7
NCVOG0074-consensus	NODE_29196_length_402_cov_4.541538	40.00	130	77	1	394	523	10	393	1.6e-20	101.2
NCVOG0074-consensus	NODE_65985_length_222_cov_16.965517	60.81	74	28	1	126	199	4	219	6.1e-18	91.8
NCVOG0074-consensus	NODE_10365_length_1067_cov_11.842424	43.10	116	62	4	27	141	709	1044	2.1e-17	92.3
NCVOG0074-consensus	NODE_94780_length_170_cov_5.161290	71.43	56	16	0	20	75	1	165	6.8e-17	87.9
NCVOG0074-consensus	NODE_94802_length_170_cov_5.096774	71.43	56	16	0	20	75	1	165	6.8e-17	87.9
NCVOG0074-consensus	NODE_119152_length_155_cov_5.884615	81.25	48	9	0	191	238	146	6	1.6e-16	86.6
NCVOG0074-consensus	NODE_133617_length_155_cov_3.128205	81.25	48	9	0	191	238	146	6	1.6e-16	86.6
NCVOG0074-consensus	NODE_43772_length_298_cov_4.873303	41.84	98	55	2	209	304	296	6	6.6e-16	85.5
NCVOG0074-consensus	NODE_125285_length_155_cov_4.884615	76.92	52	11	1	182	233	155	6	9.8e-16	83.9
NCVOG0074-consensus	NODE_49791_length_271_cov_4.840206	83.33	48	8	0	142	189	120	260	1e-15	84.7
NCVOG0074-consensus	NODE_49690_length_271_cov_6.927835	83.33	48	8	0	142	189	120	260	1e-15	84.7
NCVOG0074-consensus	NODE_106730_length_155_cov_11.653846	70.59	51	15	0	314	364	155	6	1.1e-14	80.5
NCVOG0074-consensus	NODE_113456_length_155_cov_7.089744	70.59	51	15	0	314	364	155	6	1.1e-14	80.5
NCVOG0074-consensus	NODE_53319_length_257_cov_7.983333	44.44	81	45	0	295	375	251	12	1.3e-14	80.9
NCVOG0074-consensus	NODE_113735_length_155_cov_7.012821	72.55	51	14	0	113	163	1	150	4.5e-14	78.4
NCVOG0074-consensus	NODE_130069_length_155_cov_4.064103	72.55	51	14	0	113	163	1	150	4.5e-14	78.4
NCVOG0074-consensus	NODE_75260_length_203_cov_9.000000	54.17	72	28	5	346	417	203	6	3.4e-13	75.9
NCVOG0074-consensus	NODE_129029_length_155_cov_4.243590	68.63	51	16	0	450	500	155	6	7.6e-13	74.4
NCVOG0074-consensus	NODE_112904_length_155_cov_7.230769	69.39	49	15	0	437	485	149	6	7.6e-13	74.4
NCVOG0074-consensus	NODE_126726_length_155_cov_4.653846	62.75	51	19	0	392	442	155	6	3.8e-12	72.0
NCVOG0074-consensus	NODE_85483_length_185_cov_6.546296	54.10	61	28	0	269	329	1	180	3.8e-11	69.0
NCVOG0074-consensus	NODE_132933_length_155_cov_3.384615	60.00	55	18	4	363	417	155	6	5.2e-11	68.3
NCVOG1299-consensus	NODE_3873_length_2136_cov_7.294803	51.96	102	31	18	64	147	389	687	5e-16	86.6
NCVOG1299-consensus	NODE_128251_length_155_cov_4.384615	63.83	47	17	0	80	126	155	18	1e-13	75.2
NCVOG1299-consensus	NODE_133853_length_155_cov_3.038462	60.00	45	18	0	64	108	137	6	1.3e-11	68.2
NCVOG1299-consensus	NODE_3660_length_2199_cov_5.877474	66.67	45	15	0	102	146	510	641	2e-11	71.4
NCVOG1299-consensus	NODE_4000_length_2098_cov_7.477486	48.33	120	33	29	56	146	904	548	2.9e-11	70.8
NCVOG0542-consensus	NODE_6774_length_1520_cov_5.278586	32.12	193	102	29	5	168	1223	652	8.8e-11	69.0
NCVOG0352-consensus	NODE_25924_length_442_cov_4.000000	37.86	103	53	11	125	220	409	116	8.8e-11	67.5
NCVOG0064-consensus	NODE_13762_length_822_cov_9.194631	24.43	262	162	36	74	304	819	60	7.8e-11	69.7
NCVOG1354-consensus	NODE_17256_length_644_cov_5.798942	27.40	219	143	16	205	423	617	12	2.8e-12	74.0
NCVOG2254-consensus	NODE_7237_length_1447_cov_7.043796	33.75	160	91	15	58	206	484	20	1.9e-14	83.6
NCVOG2254-consensus	NODE_5285_length_1785_cov_8.919204	29.37	269	170	20	162	412	1784	991	5.2e-12	75.9
NCVOG4324-consensus	NODE_11468_length_971_cov_8.163311	36.29	237	143	8	378	610	971	276	8e-41	169.9
NCVOG4324-consensus	NODE_16139_length_691_cov_10.157980	31.25	224	130	24	202	402	25	686	4e-28	127.3
NCVOG4324-consensus	NODE_29443_length_399_cov_6.655280	38.58	127	73	5	302	426	372	4	1e-25	118.4
NCVOG4134-consensus	NODE_26017_length_440_cov_10.013774	33.15	181	82	39	202	381	434	9	3.7e-16	86.4
NCVOG4134-consensus	NODE_3573_length_2229_cov_8.319238	33.33	105	63	7	43	143	558	256	2.2e-11	72.8
NCVOG0244-consensus	NODE_260_length_6721_cov_5.888922	26.73	404	275	21	16	400	1852	650	5.5e-18	96.7
NCVOG0244-consensus	NODE_185_length_7602_cov_14.484651	24.27	375	273	11	31	399	2049	943	3e-11	74.5
NCVOG0034-consensus	NODE_3703_length_2186_cov_8.775723	33.13	332	171	51	121	428	2094	1185	1.6e-23	113.1
NCVOG0004-consensus	NODE_3516_length_2247_cov_7.285253	30.67	163	100	13	123	285	1280	1726	2.7e-21	106.2
NCVOG2972-consensus	NODE_5661_length_1708_cov_7.202943	27.41	270	165	31	78	324	88	864	4.9e-19	97.6
NCVOG2972-consensus	NODE_18027_length_617_cov_5.168519	28.43	204	119	27	139	324	617	36	1e-12	75.1
NCVOG0276-consensus	NODE_11866_length_940_cov_6.377752	57.46	315	72	62	39	291	939	6	1.1e-48	195.1
NCVOG0276-consensus	NODE_63842_length_227_cov_5.926667	72.22	72	20	0	202	273	227	15	2.2e-27	122.4
NCVOG0276-consensus	NODE_116435_length_155_cov_6.397436	74.51	51	13	0	170	220	1	150	6.6e-19	93.7
NCVOG0276-consensus	NODE_99316_length_163_cov_10.662791	72.55	51	14	0	293	343	1	150	9.6e-16	83.2
NCVOG0276-consensus	NODE_39608_length_321_cov_5.122951	51.40	107	24	28	88	166	321	6	1.7e-15	83.3
NCVOG0276-consensus	NODE_127800_length_155_cov_4.461538	66.67	51	17	0	267	317	1	150	1e-14	79.7
NCVOG0276-consensus	NODE_125200_length_155_cov_4.897436	66.67	51	17	0	267	317	1	150	1e-14	79.7
NCVOG0276-consensus	NODE_11550_length_965_cov_7.694820	46.23	106	29	28	15	92	318	6	3.2e-13	77.4
NCVOG2204-consensus	NODE_5725_length_1696_cov_8.510809	33.11	299	162	38	145	410	346	1224	3.7e-29	131.5
NCVOG2204-consensus	NODE_7_length_93645_cov_5.043712	39.17	240	117	29	224	437	21027	21732	7.8e-29	136.2
NCVOG2204-consensus	NODE_867_length_4064_cov_8.603461	25.72	486	281	80	28	440	2122	695	5.5e-22	108.9
NCVOG0777-consensus	NODE_59062_length_239_cov_5.567901	60.53	76	27	3	378	452	15	233	1.2e-11	72.2
NCVOG1060-consensus	NODE_25135_length_453_cov_9.263298	33.33	150	98	2	195	343	7	450	2.6e-18	93.4
NCVOG1060-consensus	NODE_80629_length_194_cov_4.324786	54.55	55	25	0	225	279	4	165	2.4e-11	69.1
NCVOG1060-consensus	NODE_76989_length_200_cov_6.333333	54.55	55	25	0	225	279	197	36	2.5e-11	69.0
NCVOG4966-consensus	NODE_1678_length_3146_cov_7.156729	36.43	258	128	36	148	383	1693	2421	1.5e-13	80.6
NCVOG4020-consensus	NODE_11983_length_932_cov_7.458480	28.08	292	172	38	212	466	13	880	6e-13	77.1
NCVOG4596-consensus	NODE_16_length_68669_cov_5.088013	30.64	235	146	17	195	426	68275	67616	7.7e-11	77.0
NCVOG0030-consensus	NODE_11197_length_994_cov_8.750273	38.33	227	129	11	266	489	837	184	8.5e-37	156.8
NCVOG0030-consensus	NODE_3151_length_2372_cov_5.466667	41.48	229	99	35	14	220	1108	466	6.4e-27	125.3
NCVOG0030-consensus	NODE_1836_length_3030_cov_7.236370	50.88	114	55	1	335	447	2890	2552	2e-25	120.7
NCVOG0030-consensus	NODE_59235_length_239_cov_3.697531	59.74	77	31	0	342	418	233	6	9.6e-23	108.1
NCVOG0030-consensus	NODE_42974_length_302_cov_5.662222	48.51	101	46	6	28	124	1	294	1.3e-19	98.1
NCVOG0030-consensus	NODE_13664_length_828_cov_7.065246	44.66	103	51	6	26	124	479	778	2e-19	98.9
NCVOG0030-consensus	NODE_180_length_7750_cov_5.888440	28.64	419	241	58	68	472	1612	491	4.1e-11	74.5
NCVOG4494-consensus	NODE_5557_length_1728_cov_6.465778	36.10	205	128	3	15	216	618	7	2.1e-19	99.3
NCVOG4494-consensus	NODE_2957_length_2448_cov_14.145086	38.83	206	119	7	33	231	1088	1702	5.7e-16	88.4
NCVOG4494-consensus	NODE_5712_length_1698_cov_8.571869	35.06	231	134	16	37	257	1294	623	1.2e-15	86.8
NCVOG4494-consensus	NODE_399_length_5654_cov_7.542406	40.58	207	113	10	36	232	2452	3069	3.1e-15	87.2
NCVOG4494-consensus	NODE_1644_length_3167_cov_7.450485	38.12	202	119	6	37	232	1234	632	1.7e-14	83.9
NCVOG4494-consensus	NODE_7945_length_1343_cov_5.349131	35.04	234	134	18	60	285	1282	614	2.7e-14	82.0
NCVOG4494-consensus	NODE_926_length_3977_cov_6.997179	33.67	199	125	7	37	228	1585	2178	1.1e-13	81.5
NCVOG4494-consensus	NODE_8688_length_1248_cov_8.095645	33.95	215	133	9	21	226	807	166	1.9e-13	79.1
NCVOG4494-consensus	NODE_1080_length_3737_cov_6.673770	32.37	278	163	25	60	322	1255	455	2.2e-13	80.4
NCVOG4494-consensus	NODE_964_length_3919_cov_8.449766	41.10	163	90	6	45	202	491	9	4.5e-13	79.5
NCVOG4494-consensus	NODE_1506_length_3279_cov_7.158963	31.56	282	167	26	21	289	1028	229	1.1e-12	78.0
NCVOG4494-consensus	NODE_3036_length_2419_cov_21.124680	37.89	227	124	17	42	251	1649	2326	1.7e-12	76.8
NCVOG4494-consensus	NODE_6630_length_1542_cov_7.171331	37.73	220	129	8	37	248	33	689	2.8e-12	75.5
NCVOG4494-consensus	NODE_23031_length_488_cov_6.909976	36.88	160	95	6	60	213	4	480	3e-12	73.7
NCVOG4494-consensus	NODE_7666_length_1383_cov_7.964012	32.66	248	148	19	37	275	667	1377	3.8e-12	74.9
NCVOG4494-consensus	NODE_14379_length_791_cov_4.152661	35.26	190	114	9	45	225	22	588	5.1e-12	73.7
NCVOG4494-consensus	NODE_1682_length_3144_cov_7.741441	36.16	177	106	7	60	229	1251	724	7.7e-12	75.1
NCVOG4494-consensus	NODE_7372_length_1428_cov_6.211695	34.93	209	127	9	43	243	799	1419	1.2e-11	73.3
NCVOG4494-consensus	NODE_11503_length_968_cov_11.001122	37.97	187	105	11	22	197	890	333	1.5e-11	72.4
NCVOG4494-consensus	NODE_12053_length_927_cov_5.888235	37.16	183	106	9	43	217	616	74	3.1e-11	71.3
NCVOG4494-consensus	NODE_1238_length_3558_cov_8.912094	36.86	236	140	9	22	248	2687	1983	4.5e-11	72.7
NCVOG4494-consensus	NODE_23262_length_484_cov_6.717445	44.12	136	70	6	50	179	481	77	5e-11	69.7
NCVOG2946-consensus	NODE_7494_length_1409_cov_8.615616	27.11	166	110	11	183	342	79	558	3.8e-11	71.7
NCVOG0077-consensus	NODE_3788_length_2157_cov_8.325481	29.48	329	165	67	447	710	1352	375	5.7e-18	95.3
NCVOG0077-consensus	NODE_19552_length_570_cov_11.318458	40.00	115	66	3	591	704	341	6	2.6e-17	91.2
NCVOG0077-consensus	NODE_16267_length_685_cov_6.759868	41.67	108	60	3	591	697	329	15	1.6e-16	88.9
NCVOG0077-consensus	NODE_128_length_9709_cov_4.726952	27.63	503	241	123	333	714	7330	8827	1.7e-15	89.3
NCVOG0077-consensus	NODE_9816_length_1118_cov_9.207493	35.82	134	77	9	568	697	797	414	2.6e-14	82.2
NCVOG0077-consensus	NODE_308_length_6298_cov_6.986980	29.12	443	203	111	337	673	2109	805	4.7e-13	80.6
NCVOG0296-consensus	NODE_11443_length_973_cov_10.850446	26.88	186	125	11	47	227	200	736	3.2e-12	74.9
NCVOG0267-consensus	NODE_2790_length_2517_cov_6.926230	31.44	194	123	10	548	737	412	972	5e-18	96.4
NCVOG0267-consensus	NODE_4882_length_1874_cov_7.431274	29.41	170	112	8	567	733	118	609	9.8e-17	91.7
NCVOG0267-consensus	NODE_4605_length_1935_cov_9.121636	30.35	369	214	43	341	675	372	1438	1.3e-16	91.3
NCVOG0267-consensus	NODE_28039_length_415_cov_5.408284	37.86	103	64	0	577	679	413	108	1.8e-16	88.6
NCVOG0267-consensus	NODE_7521_length_1405_cov_11.248494	27.12	354	192	66	414	718	1	1004	7.5e-16	88.4
NCVOG0267-consensus	NODE_21377_length_523_cov_8.508969	51.95	77	35	2	600	675	1	225	1.2e-15	86.3
NCVOG0267-consensus	NODE_8248_length_1302_cov_12.321633	26.89	264	173	20	548	796	61	834	2.7e-15	86.4
NCVOG0267-consensus	NODE_65370_length_224_cov_5.204082	45.21	73	40	0	604	676	224	9	1.7e-13	77.9
NCVOG0267-consensus	NODE_65107_length_224_cov_6.918367	45.21	73	40	0	604	676	224	9	1.7e-13	77.9
NCVOG0267-consensus	NODE_46044_length_287_cov_4.333333	44.00	75	42	0	601	675	4	225	3.4e-13	77.2
NCVOG0267-consensus	NODE_10498_length_1056_cov_6.148110	28.50	200	128	15	341	534	71	640	6.4e-13	78.2
NCVOG0267-consensus	NODE_2078_length_2877_cov_9.249286	25.23	444	263	69	282	670	2326	1042	6.7e-13	79.6
NCVOG0267-consensus	NODE_3709_length_2183_cov_11.058405	42.35	85	48	1	598	682	744	992	2.1e-12	77.6
NCVOG4357-consensus	NODE_11039_length_1008_cov_11.452202	46.67	180	92	4	302	480	303	830	8.2e-38	159.6
NCVOG4357-consensus	NODE_19617_length_569_cov_6.258130	45.93	172	88	5	302	471	43	546	1.9e-34	147.7
NCVOG4357-consensus	NODE_9636_length_1138_cov_11.452403	42.63	190	104	5	299	487	805	251	2.2e-34	148.4
NCVOG4357-consensus	NODE_5646_length_1711_cov_8.641983	33.63	452	224	76	22	410	394	1707	2.4e-34	148.9
NCVOG4357-consensus	NODE_14059_length_807_cov_5.482192	41.97	193	106	6	22	214	680	123	1.4e-33	145.3
NCVOG4357-consensus	NODE_14809_length_762_cov_13.781022	41.45	193	107	6	22	214	158	715	2.3e-33	144.5
NCVOG4357-consensus	NODE_8327_length_1290_cov_18.056059	31.54	428	220	73	25	390	1253	6	1.9e-32	142.2
NCVOG4357-consensus	NODE_1567_length_3225_cov_14.350064	34.46	531	283	65	6	480	277	1839	3.2e-29	132.8
NCVOG4357-consensus	NODE_1567_length_3225_cov_14.350064	36.67	210	126	7	6	214	2264	2872	2e-28	130.1
NCVOG4357-consensus	NODE_1379_length_3405_cov_11.953125	34.27	531	284	65	6	480	2362	800	4.4e-29	132.4
NCVOG4357-consensus	NODE_608_length_4715_cov_10.357913	32.22	537	288	76	6	478	4125	2554	1.4e-28	131.2
NCVOG4357-consensus	NODE_583_length_4796_cov_11.964611	38.57	210	122	7	6	214	3787	4395	2.2e-28	130.6
NCVOG4357-consensus	NODE_9701_length_1130_cov_12.667616	29.10	378	205	63	113	433	1127	15	7e-28	126.8
NCVOG4357-consensus	NODE_16348_length_681_cov_6.913907	38.95	190	109	7	26	214	1	549	1.4e-26	121.8
NCVOG4357-consensus	NODE_421_length_5522_cov_12.004775	37.57	181	107	6	6	186	2775	3296	1.3e-23	115.0
NCVOG4357-consensus	NODE_27209_length_425_cov_5.689655	41.67	132	77	0	6	137	10	402	1.7e-21	104.2
NCVOG4357-consensus	NODE_32807_length_367_cov_11.751724	45.45	110	57	3	296	402	332	6	5.2e-20	99.1
NCVOG4357-consensus	NODE_9439_length_1162_cov_7.696774	41.67	120	69	1	6	125	365	12	5.5e-19	97.3
NCVOG4357-consensus	NODE_4811_length_1891_cov_9.619074	43.48	115	64	1	374	487	1867	1526	1.3e-18	96.8
NCVOG4357-consensus	NODE_17864_length_623_cov_4.562271	42.37	118	68	0	6	123	268	618	4.9e-18	93.3
NCVOG4357-consensus	NODE_16401_length_678_cov_13.773710	44.66	103	56	1	386	487	2	307	2.6e-16	87.6
NCVOG4357-consensus	NODE_56826_length_245_cov_31.880952	45.12	82	41	4	307	387	7	240	2.5e-14	79.6
NCVOG4357-consensus	NODE_22195_length_505_cov_5.904206	37.40	131	67	15	240	363	386	21	2.5e-14	80.6
NCVOG4357-consensus	NODE_54175_length_254_cov_8.056497	50.00	76	38	0	374	449	245	21	3.2e-14	79.3
NCVOG4357-consensus	NODE_50104_length_269_cov_10.135417	44.58	83	42	4	308	390	31	264	2.2e-13	76.6
NCVOG4357-consensus	NODE_23329_length_483_cov_6.798030	31.52	165	101	12	105	264	482	12	7.3e-13	75.7
NCVOG4357-consensus	NODE_58976_length_239_cov_6.500000	46.15	78	42	0	18	95	1	231	2.5e-12	72.9
NCVOG4357-consensus	NODE_46643_length_284_cov_5.352657	38.78	98	54	6	63	160	278	6	3.3e-12	72.7
NCVOG4357-consensus	NODE_3461_length_2264_cov_10.453589	44.44	90	50	0	6	95	275	9	3.7e-12	75.6
NCVOG0517-consensus	NODE_1678_length_3146_cov_7.156729	32.57	261	151	25	99	334	1711	2490	1.2e-11	73.8
NCVOG0046-consensus	NODE_11846_length_941_cov_7.936343	44.57	92	47	4	6	96	662	399	4e-17	90.2
NCVOG0046-consensus	NODE_3922_length_2119_cov_6.813908	56.72	67	27	2	8	72	1972	1775	3.2e-15	85.0
NCVOG1337-consensus	NODE_7788_length_1364_cov_7.445221	30.40	250	140	34	29	249	1025	296	9.8e-23	109.1
NCVOG1337-consensus	NODE_18152_length_613_cov_6.369403	37.31	134	72	12	127	249	10	405	6.3e-20	98.6
NCVOG1337-consensus	NODE_27395_length_422_cov_7.620290	41.07	112	49	17	105	199	87	417	2e-19	96.4
NCVOG1337-consensus	NODE_10938_length_1016_cov_9.476038	30.68	264	141	42	34	262	4	769	2.4e-19	97.4
NCVOG1337-consensus	NODE_34818_length_353_cov_4.775362	34.19	117	62	15	146	249	353	12	4.9e-12	71.6
NCVOG1337-consensus	NODE_41192_length_312_cov_5.017021	36.27	102	42	23	105	183	306	6	3.7e-11	68.5
NCVOG0037-consensus	NODE_6477_length_1569_cov_9.186327	48.77	486	166	83	339	741	1566	120	8.6e-62	241.0
NCVOG0037-consensus	NODE_7031_length_1481_cov_17.718661	43.26	430	169	75	6	362	206	1476	3.9e-30	135.8
NCVOG0037-consensus	NODE_22849_length_491_cov_9.483092	43.04	158	72	18	741	880	472	6	2.1e-27	125.1
NCVOG0037-consensus	NODE_92650_length_173_cov_6.031250	66.67	57	19	0	666	722	1	168	3.5e-21	103.0
NCVOG0037-consensus	NODE_35889_length_345_cov_8.264925	42.48	113	44	21	556	647	339	6	6e-14	79.9
NCVOG0778-consensus	NODE_4795_length_1896_cov_8.611875	34.21	494	277	48	65	545	1	1370	6.1e-59	230.9
NCVOG0778-consensus	NODE_31603_length_378_cov_3.860465	46.03	126	66	2	270	393	378	4	6.8e-30	132.1
NCVOG0778-consensus	NODE_56747_length_246_cov_4.881657	49.38	81	41	0	313	393	243	4	5.8e-20	98.5
NCVOG0017-consensus	NODE_4017_length_2090_cov_7.908097	34.29	210	102	36	49	222	1454	2076	5.5e-21	104.3
NCVOG0007-consensus	NODE_14149_length_802_cov_7.624828	35.53	197	101	26	20	190	589	6	9.6e-24	112.1
NCVOG0007-consensus	NODE_17104_length_650_cov_11.125654	29.30	215	116	36	167	345	4	645	6.1e-11	69.3
NCVOG0015-consensus	NODE_11328_length_986_cov_12.101545	33.59	262	157	17	34	282	800	38	3.5e-19	97.7
NCVOG0015-consensus	NODE_366_length_5836_cov_6.241709	34.07	226	130	19	58	270	828	180	1.1e-18	98.6
NCVOG0015-consensus	NODE_3292_length_2322_cov_6.659688	28.01	332	210	29	42	355	1508	557	2.8e-18	95.9
NCVOG0015-consensus	NODE_17230_length_645_cov_4.980634	33.33	189	117	9	90	273	34	585	1.4e-17	91.8
NCVOG0015-consensus	NODE_12331_length_908_cov_4.638989	42.00	150	79	8	99	240	377	823	3.9e-17	90.8
NCVOG0015-consensus	NODE_377_length_5786_cov_6.878788	37.84	185	103	12	96	269	1391	843	7.8e-17	92.4
NCVOG0015-consensus	NODE_1051_length_3776_cov_6.042985	35.80	176	102	11	99	263	922	398	8.1e-16	88.4
NCVOG0015-consensus	NODE_1051_length_3776_cov_6.042985	32.96	179	109	11	102	269	1558	1025	2.5e-16	90.1
NCVOG0015-consensus	NODE_671_length_4522_cov_5.969854	32.45	188	115	12	92	267	3514	2954	1e-15	88.4
NCVOG0015-consensus	NODE_29407_length_400_cov_4.068111	41.22	131	69	8	85	207	391	6	7.9e-14	78.6
NCVOG0015-consensus	NODE_15777_length_708_cov_5.163233	38.73	204	113	12	78	269	72	676	1.1e-13	78.9
NCVOG0015-consensus	NODE_15935_length_700_cov_5.444623	36.88	160	90	11	85	233	693	225	1.4e-13	78.6
NCVOG0015-consensus	NODE_6152_length_1625_cov_7.190568	31.43	175	100	20	85	239	525	4	3.4e-13	78.5
NCVOG0015-consensus	NODE_7104_length_1469_cov_7.048851	34.33	134	81	7	96	222	1461	1063	3.6e-13	78.3
NCVOG0015-consensus	NODE_6536_length_1559_cov_7.612011	35.21	142	83	9	106	238	1557	1135	1.5e-12	76.3
NCVOG0015-consensus	NODE_5683_length_1704_cov_10.741242	36.93	176	94	17	89	247	340	864	2.5e-12	75.7
NCVOG0015-consensus	NODE_20467_length_546_cov_9.837953	30.51	177	113	10	58	232	516	21	1.2e-11	71.8
NCVOG0005-consensus	NODE_14975_length_752_cov_9.697778	34.54	194	106	21	62	234	1	579	2.4e-15	84.5
NCVOG0005-consensus	NODE_14565_length_779_cov_5.142450	30.97	155	96	11	215	364	749	306	3.3e-14	80.8
NCVOG0005-consensus	NODE_5544_length_1731_cov_6.106409	24.76	210	147	11	53	254	1082	1699	2.2e-13	79.2
NCVOG0005-consensus	NODE_6075_length_1636_cov_7.866581	29.12	285	180	22	62	326	632	1477	5.1e-11	71.2
NCVOG0486-consensus	NODE_17530_length_634_cov_6.543986	30.50	200	116	23	191	376	596	27	1.5e-19	97.9
NCVOG0486-consensus	NODE_22672_length_494_cov_16.050360	33.33	168	88	24	161	311	4	483	1.6e-19	97.5
NCVOG0486-consensus	NODE_106_length_10974_cov_10.838304	29.44	248	133	42	161	376	10971	10261	6.7e-18	96.6
NCVOG0744-consensus	NODE_12234_length_914_cov_9.569892	30.30	231	158	3	206	435	800	117	3.5e-29	130.9
NCVOG0744-consensus	NODE_37610_length_333_cov_13.503906	41.41	99	52	6	110	202	4	297	1.7e-16	87.3
NCVOG0284-consensus	NODE_10133_length_1088_cov_9.986152	30.36	303	164	47	41	311	4	862	3.9e-13	77.2
NCVOG0806-consensus	NODE_14796_length_763_cov_11.065598	46.56	131	68	2	121	249	368	757	2.7e-29	130.8
NCVOG0806-consensus	NODE_4755_length_1906_cov_7.311646	39.62	260	126	31	192	423	779	12	1.2e-25	120.0
NCVOG0806-consensus	NODE_2039_length_2899_cov_10.113040	50.00	170	78	7	285	447	2894	2388	1.9e-25	119.9
NCVOG0806-consensus	NODE_86306_length_184_cov_4.747664	58.62	58	24	0	226	283	3	173	6.3e-16	84.3
NCVOG0806-consensus	NODE_118549_length_155_cov_6.000000	57.14	49	21	0	235	283	1	144	8e-13	73.8
NCVOG0806-consensus	NODE_80645_length_194_cov_4.247863	57.14	49	21	0	235	283	1	144	1.1e-12	73.6
NCVOG0329-consensus	NODE_1932_length_2970_cov_6.389215	34.36	227	99	50	1158	1334	2188	1513	2.8e-19	101.1
NCVOG0329-consensus	NODE_19458_length_573_cov_7.022177	44.55	101	48	8	1207	1300	126	422	3.8e-15	85.0
NCVOG0329-consensus	NODE_7387_length_1424_cov_17.927246	34.41	311	170	34	299	591	1409	528	5e-14	82.5
NCVOG0329-consensus	NODE_4887_length_1873_cov_9.134187	40.59	170	89	12	376	539	2	490	9.9e-14	82.0
NCVOG0329-consensus	NODE_2434_length_2684_cov_6.583429	41.15	209	93	30	1119	1300	534	1146	6.3e-11	73.2
NCVOG0029-consensus	NODE_48641_length_275_cov_7.222222	52.22	90	43	0	255	344	1	267	4.8e-24	112.2
NCVOG0029-consensus	NODE_22628_length_495_cov_14.760766	53.25	77	36	0	274	350	495	268	3.1e-20	100.4
NCVOG0029-consensus	NODE_1980_length_2931_cov_20.791521	33.18	214	122	21	214	411	2894	2279	2.4e-19	100.0
NCVOG0029-consensus	NODE_3072_length_2406_cov_4.009017	31.22	426	241	52	17	395	229	1484	5.1e-19	98.6
NCVOG0029-consensus	NODE_17099_length_650_cov_14.057592	34.88	129	65	19	16	126	244	624	4.9e-15	83.5
NCVOG0029-consensus	NODE_156_length_8597_cov_8.884390	25.51	439	287	40	16	424	5032	6315	2e-13	81.9
NCVOG0029-consensus	NODE_131_length_9662_cov_4.965571	31.55	412	213	69	7	349	7235	6011	5.8e-13	80.5
NCVOG0242-consensus	NODE_9_length_81777_cov_4.661689	26.61	327	173	67	351	636	33343	34238	7.2e-12	80.3
NCVOG0326-consensus	NODE_92_length_12000_cov_5.989348	30.59	170	101	17	302	468	11932	11468	9.5e-16	89.9
NCVOG0036-consensus	NODE_670_length_4523_cov_17.105938	34.39	221	118	27	105	303	3876	4518	1.3e-21	107.5
NCVOG2216-consensus	NODE_46292_length_285_cov_11.927885	49.35	77	38	1	52	128	20	244	2.9e-12	71.8
NCVOG0222-consensus	NODE_4523_length_1952_cov_8.879467	25.90	444	315	14	60	502	1464	175	4.6e-21	105.0
NCVOG0222-consensus	NODE_339_length_6041_cov_6.047116	29.29	437	275	34	78	505	1554	322	8.4e-21	105.8
NCVOG0222-consensus	NODE_16_length_68669_cov_5.088013	27.66	488	334	19	23	497	40632	39192	9.9e-19	102.4
NCVOG0222-consensus	NODE_16_length_68669_cov_5.088013	29.66	445	301	12	72	507	37456	36134	3.6e-19	103.9
NCVOG0222-consensus	NODE_2656_length_2573_cov_9.887019	32.87	359	221	20	125	481	1534	2553	1.5e-18	97.1
NCVOG0222-consensus	NODE_3326_length_2308_cov_7.520843	29.40	381	227	42	104	478	2294	1263	2.9e-17	92.6
NCVOG0222-consensus	NODE_12994_length_866_cov_10.916350	27.34	289	209	1	104	392	866	6	2.7e-16	88.0
NCVOG0222-consensus	NODE_7861_length_1353_cov_7.919279	29.97	287	193	8	87	368	4	848	3e-15	85.2
NCVOG0222-consensus	NODE_7680_length_1381_cov_9.953221	25.53	380	271	12	55	427	1328	207	7.7e-14	80.5
NCVOG0222-consensus	NODE_4520_length_1953_cov_6.058102	25.55	411	286	20	115	517	1829	636	4.3e-13	78.5
NCVOG0222-consensus	NODE_7387_length_1424_cov_17.927246	28.85	364	252	7	104	465	343	1416	1.7e-12	76.1
NCVOG0222-consensus	NODE_10942_length_1015_cov_9.506397	27.73	339	239	6	102	439	1000	6	3.5e-11	71.3
NCVOG0222-consensus	NODE_13460_length_839_cov_7.628609	26.49	268	192	5	125	391	815	27	7.7e-11	69.8
NCVOG0014-consensus	NODE_1530_length_3259_cov_6.039598	31.51	219	150	0	121	339	1006	353	3.3e-20	102.9
NCVOG0014-consensus	NODE_15777_length_708_cov_5.163233	28.44	218	156	0	124	341	26	676	1.6e-17	91.8
NCVOG0014-consensus	NODE_11328_length_986_cov_12.101545	27.49	211	153	0	131	341	706	77	4.1e-17	91.0
NCVOG0014-consensus	NODE_366_length_5836_cov_6.241709	28.75	240	167	4	100	339	1000	296	8.3e-17	92.5
NCVOG0014-consensus	NODE_377_length_5786_cov_6.878788	27.46	284	198	8	77	355	1858	1023	1.7e-16	91.5
NCVOG0014-consensus	NODE_1051_length_3776_cov_6.042985	30.09	226	152	6	121	342	1144	476	2e-14	84.0
NCVOG0014-consensus	NODE_10735_length_1035_cov_10.775574	29.58	240	159	10	131	365	1030	333	3.3e-14	81.4
NCVOG0014-consensus	NODE_15958_length_699_cov_5.678457	36.09	133	85	0	131	263	539	144	5.1e-14	80.2
NCVOG0014-consensus	NODE_11840_length_941_cov_15.730324	28.08	203	135	11	27	224	593	10	4.9e-12	74.0
NCVOG0014-consensus	NODE_12162_length_919_cov_7.967933	26.76	213	152	4	121	329	811	178	5.6e-12	73.8
NCVOG0014-consensus	NODE_5378_length_1767_cov_6.099408	26.53	196	141	3	103	296	591	10	7e-12	74.4
NCVOG0014-consensus	NODE_5683_length_1704_cov_10.741242	32.11	190	122	7	142	329	97	648	1.1e-11	73.7
NCVOG0014-consensus	NODE_1781_length_3075_cov_6.913276	25.22	230	167	5	117	341	1707	2393	1.3e-11	74.4
NCVOG0014-consensus	NODE_5459_length_1749_cov_7.930024	26.02	196	140	5	55	245	1160	1740	2.5e-11	72.6
NCVOG0014-consensus	NODE_12331_length_908_cov_4.638989	31.58	152	103	1	191	341	362	814	3.4e-11	71.2
NCVOG0002-consensus	NODE_2101_length_2864_cov_12.008253	28.22	528	327	52	332	835	2723	1227	3.2e-37	159.9
NCVOG0002-consensus	NODE_10550_length_1051_cov_9.872690	35.37	229	141	7	332	557	928	257	9.1e-28	127.1
NCVOG0002-consensus	NODE_45176_length_290_cov_11.732394	39.47	76	46	0	679	754	239	15	2.1e-11	70.9
NCVOG0002-consensus	NODE_45297_length_290_cov_6.079812	39.47	76	46	0	679	754	52	276	2.1e-11	70.9
NCVOG4845-consensus	NODE_2052_length_2889_cov_7.378378	33.49	209	120	19	163	354	2181	2794	9.1e-16	88.3
NCVOG4845-consensus	NODE_2641_length_2580_cov_6.479824	26.24	484	272	85	163	627	1079	2321	1.6e-14	83.9
NCVOG4845-consensus	NODE_3996_length_2099_cov_6.853116	25.25	507	317	62	134	627	1476	118	1.7e-14	83.6
NCVOG4845-consensus	NODE_31048_length_383_cov_4.866013	46.99	83	43	1	228	310	97	339	5.2e-14	79.5
NCVOG4845-consensus	NODE_16948_length_656_cov_6.333333	37.91	182	90	23	133	302	146	653	1e-11	72.7
NCVOG0743-consensus	NODE_1743_length_3099_cov_6.338187	28.00	225	155	7	32	251	2342	1677	4.2e-27	125.5
NCVOG0743-consensus	NODE_1743_length_3099_cov_6.338187	27.48	222	154	7	35	251	806	150	1.8e-26	123.4
NCVOG0743-consensus	NODE_7604_length_1393_cov_6.488602	30.36	168	112	5	35	197	873	1373	3.8e-24	114.5
NCVOG2775-consensus	NODE_130_length_9687_cov_5.586056	40.38	317	186	3	98	413	7455	8396	1.7e-46	192.0
NCVOG2775-consensus	NODE_130_length_9687_cov_5.586056	37.83	341	205	7	98	435	8445	9452	1.5e-43	182.2
NCVOG2775-consensus	NODE_130_length_9687_cov_5.586056	43.65	126	71	0	201	326	7068	7442	5.5e-14	84.0
NCVOG2775-consensus	NODE_260_length_6721_cov_5.888922	40.76	368	199	19	53	419	1462	416	1e-44	185.5
NCVOG2775-consensus	NODE_260_length_6721_cov_5.888922	41.23	308	175	6	101	405	2449	1538	2.6e-38	164.3
NCVOG2775-consensus	NODE_2304_length_2749_cov_7.766093	35.81	363	215	18	53	413	2092	1055	8.9e-36	154.5
NCVOG2775-consensus	NODE_2304_length_2749_cov_7.766093	38.16	304	180	8	117	417	1051	158	3.2e-34	149.4
NCVOG2775-consensus	NODE_245_length_6831_cov_7.172786	37.46	339	208	4	92	429	1771	767	2e-34	151.4
NCVOG2775-consensus	NODE_5175_length_1810_cov_14.178304	35.59	354	206	22	53	402	1234	230	5.8e-34	147.9
NCVOG2775-consensus	NODE_5175_length_1810_cov_14.178304	35.52	183	118	0	213	395	1786	1241	1.1e-18	97.2
NCVOG2775-consensus	NODE_5727_length_1695_cov_9.414710	31.77	406	266	11	11	413	302	1492	8.5e-34	147.3
NCVOG2775-consensus	NODE_1204_length_3583_cov_7.217726	37.05	305	184	8	116	417	1	897	2.1e-33	147.1
NCVOG2775-consensus	NODE_505_length_5078_cov_5.123975	32.99	385	250	8	42	422	2106	971	6e-33	146.0
NCVOG2775-consensus	NODE_505_length_5078_cov_5.123975	41.10	219	127	2	199	415	946	293	1.5e-21	108.2
NCVOG2775-consensus	NODE_312_length_6254_cov_8.237170	36.91	363	213	16	52	413	1879	839	1.2e-32	145.4
NCVOG2775-consensus	NODE_286_length_6435_cov_5.836112	34.97	366	218	20	53	415	5089	6132	8.5e-32	142.6
NCVOG2775-consensus	NODE_286_length_6435_cov_5.836112	36.81	288	178	4	111	395	4225	5082	6.1e-27	126.4
NCVOG2775-consensus	NODE_6833_length_1512_cov_9.364460	35.79	271	172	2	117	386	992	186	3.9e-31	138.3
NCVOG2775-consensus	NODE_11597_length_962_cov_4.916384	34.11	299	187	10	109	399	896	9	3.8e-28	127.7
NCVOG2775-consensus	NODE_15992_length_697_cov_13.377419	40.55	217	128	1	170	386	683	39	3e-27	124.2
NCVOG2775-consensus	NODE_11752_length_948_cov_11.940299	35.13	316	192	13	101	407	6	938	5e-27	124.0
NCVOG2775-consensus	NODE_15594_length_718_cov_4.923557	37.55	237	146	2	166	402	12	713	8.4e-27	122.8
NCVOG2775-consensus	NODE_10_length_80548_cov_4.978502	33.82	346	221	8	100	444	39100	38087	3.6e-24	120.9
NCVOG2775-consensus	NODE_1365_length_3416_cov_5.123690	34.31	341	217	7	92	426	1180	164	8.4e-24	115.1
NCVOG2775-consensus	NODE_19225_length_580_cov_8.111332	39.15	189	115	0	201	389	6	569	2.7e-23	110.8
NCVOG2775-consensus	NODE_5513_length_1739_cov_14.540313	35.03	294	166	25	116	402	885	1709	5.2e-23	111.5
NCVOG2775-consensus	NODE_10998_length_1011_cov_14.145610	37.77	188	117	0	199	386	21	581	7.9e-23	110.1
NCVOG2775-consensus	NODE_5606_length_1719_cov_14.823386	32.15	311	186	25	98	385	793	1714	1.5e-21	106.6
NCVOG2775-consensus	NODE_206_length_7264_cov_7.720468	32.35	408	259	17	20	416	2624	1426	2.3e-21	108.1
NCVOG2775-consensus	NODE_185_length_7602_cov_14.484651	31.40	344	207	29	89	409	1933	925	2.8e-20	104.5
NCVOG2775-consensus	NODE_185_length_7602_cov_14.484651	30.03	303	185	27	100	385	2806	1939	2.8e-15	87.9
NCVOG2775-consensus	NODE_97_length_11739_cov_7.353799	31.58	361	221	26	165	513	3798	4831	3.4e-19	101.6
NCVOG2775-consensus	NODE_1509_length_3276_cov_16.554236	36.11	180	114	1	193	371	2732	3268	6.6e-19	98.8
NCVOG2775-consensus	NODE_6106_length_1631_cov_15.823681	30.56	324	200	25	86	385	588	1545	7.8e-19	97.5
NCVOG2775-consensus	NODE_5_length_112604_cov_5.019435	29.81	265	182	4	155	417	28316	27531	2.5e-16	95.3
NCVOG2775-consensus	NODE_141_length_9155_cov_7.681317	38.07	218	125	10	200	413	8151	8783	1.4e-15	89.2
NCVOG2775-consensus	NODE_9981_length_1103_cov_12.230994	35.32	269	155	19	132	383	9	806	1.1e-14	83.1
NCVOG2775-consensus	NODE_27789_length_418_cov_4.448680	38.97	136	83	0	260	395	3	407	2.2e-14	80.8
NCVOG2775-consensus	NODE_17000_length_654_cov_14.150780	38.27	162	92	8	165	321	477	4	2e-13	78.2
NCVOG2775-consensus	NODE_35432_length_348_cov_14.974170	40.91	110	65	0	277	386	10	336	6.9e-13	75.5
NCVOG2775-consensus	NODE_47268_length_281_cov_6.553922	50.57	87	43	0	298	384	266	9	2.1e-12	73.6
NCVOG2775-consensus	NODE_6433_length_1579_cov_10.911451	25.77	392	273	18	160	536	1403	240	3.6e-12	75.3
NCVOG2775-consensus	NODE_30067_length_392_cov_16.123810	36.22	127	80	1	177	303	386	12	3.6e-12	73.3
NCVOG2775-consensus	NODE_408_length_5598_cov_10.583228	29.35	276	171	24	124	389	4751	5533	9e-12	75.8
NCVOG2775-consensus	NODE_4483_length_1964_cov_7.811871	31.42	261	162	17	127	383	1123	1863	9.8e-12	74.2
NCVOG2775-consensus	NODE_15957_length_699_cov_5.729904	40.30	134	75	5	160	290	591	199	1.1e-11	72.6
NCVOG2775-consensus	NODE_4068_length_2078_cov_7.557221	36.44	118	74	1	247	364	971	1318	6.4e-11	71.6
NCVOG0893-consensus	NODE_3007_length_2432_cov_7.313376	33.92	395	238	23	106	483	433	1592	9.9e-59	231.1
NCVOG0893-consensus	NODE_8373_length_1285_cov_8.485099	31.56	320	120	99	97	321	264	1204	2.5e-23	112.6
NCVOG0893-consensus	NODE_18661_length_598_cov_4.606526	30.00	200	124	16	277	466	12	590	4.5e-19	97.3
NCVOG0893-consensus	NODE_52361_length_261_cov_5.010870	41.86	86	49	1	155	239	2	256	1.2e-15	84.8
NCVOG0893-consensus	NODE_65432_length_224_cov_4.789116	42.47	73	42	0	201	273	224	9	1.4e-12	74.3
NCVOG0729-consensus	NODE_4175_length_2043_cov_6.389624	39.54	483	194	98	5	404	645	2035	1.1e-19	100.6
NCVOG0729-consensus	NODE_28846_length_406_cov_5.395137	43.17	139	55	24	49	167	4	401	1.2e-17	91.5
NCVOG0729-consensus	NODE_60166_length_236_cov_4.779874	60.34	58	17	6	218	275	158	6	5.6e-15	81.8
NCVOG5103-consensus	NODE_9639_length_1138_cov_8.244109	51.68	149	68	4	371	517	1117	680	1.8e-25	119.9
NCVOG5103-consensus	NODE_44413_length_294_cov_7.078341	67.07	82	17	10	432	503	49	291	9.6e-20	98.9
NCVOG5103-consensus	NODE_67031_length_220_cov_10.538462	65.75	73	24	1	445	517	218	6	7.6e-18	92.2
NCVOG5103-consensus	NODE_10103_length_1091_cov_7.306706	41.91	136	66	13	398	530	1088	714	2e-16	89.8
NCVOG5103-consensus	NODE_11482_length_970_cov_7.322508	36.45	203	105	24	287	477	895	326	4.5e-12	75.1
NCVOG5103-consensus	NODE_24356_length_465_cov_8.059278	48.18	110	54	3	392	499	381	58	6.4e-11	70.3
NCVOG4874-consensus	NODE_46318_length_285_cov_8.062500	42.71	96	33	22	52	126	283	6	5.3e-11	68.3
NCVOG4874-consensus	NODE_3835_length_2146_cov_10.141614	36.01	361	135	96	41	314	2143	1105	5.5e-11	71.2
NCVOG4874-consensus	NODE_3835_length_2146_cov_10.141614	36.76	204	82	47	11	169	602	4	5.5e-11	71.2
NCVOG4001-consensus	NODE_130_length_9687_cov_5.586056	35.86	382	211	34	43	422	7578	8624	2.1e-20	105.3
NCVOG4001-consensus	NODE_130_length_9687_cov_5.586056	37.04	189	104	15	103	291	7044	7562	9.3e-21	106.5
NCVOG4001-consensus	NODE_260_length_6721_cov_5.888922	33.49	421	235	45	50	466	2423	1289	4.8e-19	100.2
NCVOG4001-consensus	NODE_260_length_6721_cov_5.888922	34.38	320	180	30	64	381	1279	407	1.8e-32	144.8
NCVOG4001-consensus	NODE_312_length_6254_cov_8.237170	33.08	393	225	38	45	434	1552	482	2.2e-17	94.6
NCVOG4001-consensus	NODE_19225_length_580_cov_8.111332	35.50	200	109	20	83	281	30	569	8.8e-17	89.2
NCVOG4001-consensus	NODE_9981_length_1103_cov_12.230994	33.05	236	136	22	45	276	159	809	9.2e-17	90.1
NCVOG4001-consensus	NODE_19285_length_578_cov_20.333333	33.15	181	107	14	117	288	10	534	5.7e-16	86.5
NCVOG4001-consensus	NODE_15594_length_718_cov_4.923557	34.85	241	136	21	80	319	27	686	2.8e-15	84.5
NCVOG4001-consensus	NODE_11752_length_948_cov_11.940299	33.44	299	168	31	69	360	102	923	8.1e-13	76.7
NCVOG4001-consensus	NODE_245_length_6831_cov_7.172786	32.78	424	236	49	50	469	1807	680	1e-12	79.3
NCVOG4001-consensus	NODE_1275_length_3507_cov_8.810496	30.92	207	125	18	57	257	1186	1767	7.3e-12	75.4
NCVOG4001-consensus	NODE_1365_length_3416_cov_5.123690	33.24	352	202	33	18	360	1224	248	1.3e-11	74.6
NCVOG4001-consensus	NODE_4483_length_1964_cov_7.811871	33.49	212	109	32	64	257	1231	1821	9.4e-11	70.9
NCVOG1136-consensus	NODE_27828_length_417_cov_7.826471	46.10	141	36	40	266	366	1	414	5e-18	92.6
NCVOG1136-consensus	NODE_86332_length_184_cov_4.485981	61.54	52	20	0	296	347	22	174	6.9e-18	90.9
NCVOG1136-consensus	NODE_16069_length_694_cov_10.270665	38.93	149	67	24	348	479	26	448	2.5e-17	91.0
NCVOG1136-consensus	NODE_10106_length_1091_cov_6.201183	47.50	200	59	46	296	451	972	386	1.1e-16	89.5
NCVOG0710-consensus	NODE_260_length_6721_cov_5.888922	29.88	241	144	25	35	264	1957	1280	9.5e-14	81.8
NCVOG0080-consensus	NODE_25745_length_445_cov_4.570652	36.69	139	73	15	162	286	445	39	6e-13	75.9
NCVOG0080-consensus	NODE_85279_length_185_cov_9.861111	54.00	50	23	0	237	286	185	39	4.3e-12	71.8
NCVOG0822-consensus	NODE_245_length_6831_cov_7.172786	32.05	443	259	42	26	464	1591	386	5.6e-20	103.2
NCVOG0822-consensus	NODE_505_length_5078_cov_5.123975	31.52	368	223	29	53	418	1507	488	3.5e-18	96.8
NCVOG0822-consensus	NODE_130_length_9687_cov_5.586056	32.10	352	210	29	20	367	7588	8561	5.2e-18	97.1
NCVOG0822-consensus	NODE_130_length_9687_cov_5.586056	31.65	278	167	23	53	329	8583	9347	2.7e-21	108.1
NCVOG0822-consensus	NODE_260_length_6721_cov_5.888922	32.57	393	226	39	22	407	1722	647	9.8e-18	95.7
NCVOG0822-consensus	NODE_260_length_6721_cov_5.888922	33.98	256	151	18	116	369	2455	1739	1.2e-21	108.6
NCVOG0822-consensus	NODE_1204_length_3583_cov_7.217726	32.59	316	182	31	56	367	94	957	3.3e-17	93.0
NCVOG0822-consensus	NODE_206_length_7264_cov_7.720468	33.54	319	186	26	54	369	2438	1554	4.9e-16	90.2
NCVOG0822-consensus	NODE_11752_length_948_cov_11.940299	28.38	303	193	24	75	374	102	944	6.1e-14	80.2
NCVOG0822-consensus	NODE_19285_length_578_cov_20.333333	30.56	180	111	14	89	259	19	540	5.6e-11	69.7
NCVOG0822-consensus	NODE_6833_length_1512_cov_9.364460	30.04	263	161	23	55	316	905	186	6.1e-11	71.0
NCVOG0822-consensus	NODE_15594_length_718_cov_4.923557	31.78	258	153	23	74	330	3	707	7.8e-11	69.5
NCVOG0059-consensus	NODE_8023_length_1331_cov_8.148325	36.97	119	71	4	232	346	247	600	2.8e-18	95.0
NCVOG1049-consensus	NODE_240_length_6897_cov_5.702493	33.88	183	111	10	6	183	1015	485	3.4e-18	96.6
NCVOG1049-consensus	NODE_45668_length_288_cov_8.819905	54.41	68	29	2	141	207	87	284	2.3e-12	72.7
NCVOG1049-consensus	NODE_5734_length_1694_cov_7.681509	26.56	241	143	34	7	227	1466	791	8.2e-11	70.1
NCVOG0219-consensus	NODE_1932_length_2970_cov_6.389215	38.86	175	85	22	553	705	2110	1591	1e-24	118.2
NCVOG0219-consensus	NODE_19458_length_573_cov_7.022177	38.57	140	81	5	551	689	12	416	1.6e-19	98.7
NCVOG0219-consensus	NODE_2434_length_2684_cov_6.583429	38.29	222	108	29	491	689	500	1140	8e-18	95.2
NCVOG4655-consensus	NODE_2994_length_2436_cov_6.135227	33.90	236	130	26	76	306	1614	2249	4.9e-12	75.0
NCVOG0901-consensus	NODE_11544_length_966_cov_6.694038	44.17	206	76	39	6	173	621	12	4.3e-22	105.9
NCVOG0901-consensus	NODE_84656_length_187_cov_4.009091	50.85	59	28	1	116	173	3	176	1.1e-11	68.9
NCVOG2980-consensus	NODE_12966_length_868_cov_7.061947	38.41	289	150	28	211	474	868	14	1.2e-30	135.5
NCVOG4462-consensus	NODE_312_length_6254_cov_8.237170	29.66	236	154	12	41	275	1354	683	2.6e-16	90.5
NCVOG4462-consensus	NODE_1365_length_3416_cov_5.123690	28.48	330	207	29	30	356	958	54	2.2e-14	83.3
NCVOG4462-consensus	NODE_2304_length_2749_cov_7.766093	30.03	293	180	25	39	329	883	77	4e-14	82.0
NCVOG4462-consensus	NODE_130_length_9687_cov_5.586056	33.48	221	137	10	53	272	7317	7949	1.6e-13	81.9
NCVOG4462-consensus	NODE_19285_length_578_cov_20.333333	31.40	172	103	15	114	271	22	531	1e-12	75.1
NCVOG4462-consensus	NODE_19225_length_580_cov_8.111332	33.51	185	115	8	83	265	36	569	2.3e-12	73.9
NCVOG0450-consensus	NODE_1094_length_3720_cov_7.332418	39.87	306	161	23	120	413	1265	384	4.1e-57	225.5
NCVOG0450-consensus	NODE_1094_length_3720_cov_7.332418	33.23	325	175	42	120	429	3323	2433	7.3e-36	154.9
NCVOG0450-consensus	NODE_24635_length_461_cov_5.036458	50.91	110	52	2	145	252	374	48	1.7e-26	120.8
NCVOG0450-consensus	NODE_2095_length_2868_cov_8.767109	45.11	235	110	19	147	369	1396	716	7.5e-22	107.9
NCVOG0450-consensus	NODE_31705_length_377_cov_4.370000	42.28	123	67	4	162	284	377	24	1.9e-21	103.7
NCVOG0450-consensus	NODE_23716_length_476_cov_12.225564	50.00	154	73	4	119	271	464	15	1.5e-20	101.0
NCVOG0450-consensus	NODE_170_length_8121_cov_5.164719	44.07	236	117	15	145	365	7032	7736	3.8e-19	100.5
NCVOG0450-consensus	NODE_32336_length_371_cov_6.431973	40.31	129	67	10	160	284	1	366	1.4e-18	94.2
NCVOG0450-consensus	NODE_56493_length_247_cov_4.952941	55.22	67	30	0	140	206	30	227	7.3e-18	91.2
NCVOG0450-consensus	NODE_2387_length_2707_cov_9.246008	48.75	80	40	1	119	198	1598	1831	2.4e-13	79.6
NCVOG0450-consensus	NODE_129584_length_155_cov_4.153846	54.00	50	23	0	320	369	1	147	1.1e-11	70.0
NCVOG0450-consensus	NODE_9332_length_1173_cov_6.184307	32.73	110	74	0	315	424	550	876	8.5e-11	70.0
NCVOG0652-consensus	NODE_3333_length_2306_cov_8.124271	35.03	197	108	20	244	421	2293	1713	3.5e-25	118.6
NCVOG0652-consensus	NODE_34424_length_355_cov_8.334532	46.27	67	35	1	110	175	355	158	9.7e-15	81.3
NCVOG0652-consensus	NODE_1853_length_3019_cov_5.767505	31.91	351	203	36	92	407	1052	6	8e-14	81.3
NCVOG0652-consensus	NODE_1853_length_3019_cov_5.767505	34.09	399	221	42	63	421	2546	1361	8e-14	81.3
NCVOG0652-consensus	NODE_686_length_4475_cov_8.738745	32.05	415	219	63	69	421	2187	949	7.7e-13	78.6
NCVOG0652-consensus	NODE_686_length_4475_cov_8.738745	34.24	406	227	40	54	421	3576	2374	8.2e-38	161.6
NCVOG0350-consensus	NODE_19121_length_584_cov_4.429980	30.82	159	99	11	25	173	95	565	1.6e-14	80.7
NCVOG0350-consensus	NODE_8635_length_1255_cov_5.701188	29.41	238	151	17	54	275	234	941	6.5e-12	73.1
NCVOG2642-consensus	NODE_36964_length_338_cov_5.961686	38.20	89	54	1	72	160	28	288	5e-13	74.4
NCVOG2642-consensus	NODE_22739_length_494_cov_4.606715	39.02	82	49	1	79	160	10	249	6.9e-12	71.2
NCVOG2642-consensus	NODE_3037_length_2419_cov_7.859095	33.96	159	83	22	23	160	557	1023	1.8e-11	72.2
NCVOG0835-consensus	NODE_5596_length_1721_cov_10.422141	40.13	152	88	3	112	261	1278	829	4.4e-23	110.6
NCVOG0835-consensus	NODE_18749_length_595_cov_4.534749	39.29	112	67	1	151	261	13	345	4e-18	92.6
NCVOG0835-consensus	NODE_59812_length_236_cov_19.691824	55.00	60	27	0	23	82	188	12	2.7e-14	78.6
NCVOG1062-consensus	NODE_6466_length_1572_cov_55.660870	30.43	138	93	3	156	291	1557	1150	4.2e-12	74.8
NCVOG4522-consensus	NODE_3648_length_2202_cov_8.556706	47.33	131	50	19	333	444	1	390	1e-23	113.8
NCVOG1352-consensus	NODE_12507_length_897_cov_5.795122	38.68	106	61	4	6	107	681	367	5.8e-12	72.5
NCVOG1352-consensus	NODE_3395_length_2281_cov_7.080762	39.42	104	61	2	6	107	1531	1223	3e-11	71.5
NCVOG5117-consensus	NODE_8618_length_1257_cov_8.743220	39.81	211	117	10	790	999	1149	547	2.2e-16	90.5
NCVOG5117-consensus	NODE_11482_length_970_cov_7.322508	38.54	192	106	12	806	993	345	889	4.1e-11	72.7
NCVOG4122-consensus	NODE_10438_length_1061_cov_6.273374	30.88	204	132	9	110	305	1047	442	3.3e-15	84.5
NCVOG4122-consensus	NODE_9762_length_1124_cov_8.524355	31.83	289	179	18	98	370	1053	196	5.3e-15	84.0
NCVOG4122-consensus	NODE_260_length_6721_cov_5.888922	28.77	431	267	40	81	471	2074	785	1.5e-14	85.0
NCVOG4122-consensus	NODE_1204_length_3583_cov_7.217726	32.00	350	204	34	89	404	58	1100	4.9e-14	82.4
NCVOG4122-consensus	NODE_5494_length_1743_cov_8.946579	24.83	290	205	13	132	410	1471	611	9.2e-13	77.1
NCVOG4122-consensus	NODE_14644_length_773_cov_10.086207	32.56	172	107	9	120	283	1	510	1.3e-12	75.5
NCVOG4122-consensus	NODE_20165_length_554_cov_7.283019	34.12	170	102	10	122	282	25	528	5.7e-12	72.8
NCVOG4122-consensus	NODE_505_length_5078_cov_5.123975	30.84	428	254	42	86	471	1840	560	6.1e-12	75.9
NCVOG4122-consensus	NODE_185_length_7602_cov_14.484651	29.02	286	178	25	85	349	1626	784	8.8e-12	76.0
NCVOG4122-consensus	NODE_130_length_9687_cov_5.586056	31.98	419	245	40	89	467	7266	8519	1.1e-11	76.0
NCVOG4122-consensus	NODE_130_length_9687_cov_5.586056	33.33	288	163	29	212	470	8565	9425	6.7e-12	76.7
NCVOG4122-consensus	NODE_6923_length_1497_cov_8.611972	24.68	393	263	33	91	463	1239	109	1.2e-11	73.3
NCVOG4122-consensus	NODE_2578_length_2609_cov_7.530806	32.24	214	127	18	82	278	1969	2604	2.2e-11	73.1
NCVOG4122-consensus	NODE_1758_length_3087_cov_7.229568	30.80	289	182	18	89	370	2772	1946	5e-11	72.2
NCVOG4122-consensus	NODE_2304_length_2749_cov_7.766093	31.72	413	240	42	89	460	1294	62	8.2e-11	71.3
NCVOG4122-consensus	NODE_5727_length_1695_cov_9.414710	28.85	305	187	30	73	347	411	1318	1e-10	70.3
NCVOG4022-consensus	NODE_16581_length_671_cov_4.909091	29.00	200	99	43	100	256	10	606	4.3e-11	69.7
NCVOG0312-consensus	NODE_143_length_9060_cov_28.696761	22.06	621	426	58	222	814	5017	3252	8.4e-14	84.0
NCVOG0312-consensus	NODE_2700_length_2550_cov_6.471896	23.24	512	353	40	340	826	1860	373	1.7e-11	74.5
NCVOG0312-consensus	NODE_4181_length_2042_cov_6.624936	21.63	490	330	54	342	798	290	1693	8.5e-11	71.8
NCVOG0032-consensus	NODE_3506_length_2249_cov_8.971915	27.63	655	339	135	308	830	96	2038	3.1e-20	103.3
NCVOG0032-consensus	NODE_2761_length_2525_cov_9.058415	26.06	568	250	170	419	820	1	1685	2.6e-19	100.3
NCVOG0032-consensus	NODE_2826_length_2506_cov_8.578427	30.47	361	201	50	493	820	2257	1231	5.9e-19	99.1
NCVOG0032-consensus	NODE_82_length_13501_cov_5.578516	29.45	618	319	117	307	842	1395	3136	2.4e-17	96.2
NCVOG0032-consensus	NODE_19703_length_567_cov_3.987755	46.00	100	54	0	721	820	522	226	1.2e-16	89.3
NCVOG0032-consensus	NODE_7566_length_1398_cov_9.919758	28.35	462	227	104	448	811	35	1393	2.3e-16	89.7
NCVOG0032-consensus	NODE_7536_length_1403_cov_8.317496	28.82	451	260	61	409	849	1220	36	1.9e-14	83.3
NCVOG0032-consensus	NODE_8838_length_1231_cov_5.695841	40.80	125	73	1	691	814	382	753	1.6e-13	80.1
NCVOG0032-consensus	NODE_34775_length_353_cov_5.398551	39.66	116	60	10	675	782	10	348	1.7e-12	74.8
NCVOG0032-consensus	NODE_8326_length_1291_cov_6.650741	32.99	291	150	45	248	517	478	1275	3.2e-12	75.8
NCVOG0032-consensus	NODE_26507_length_434_cov_8.372549	42.20	109	63	0	720	828	7	330	3.9e-12	73.9
NCVOG0032-consensus	NODE_54222_length_254_cov_6.966102	50.77	65	32	0	756	820	254	63	1.2e-11	71.6
NCVOG0302-consensus	NODE_6282_length_1603_cov_11.668414	28.49	358	220	36	210	535	1315	259	2.5e-23	112.3
NCVOG0302-consensus	NODE_11443_length_973_cov_10.850446	29.29	239	153	16	251	479	47	742	3.5e-15	84.5
NCVOG0302-consensus	NODE_10_length_80548_cov_4.978502	29.82	171	118	2	3	173	16444	16947	1.1e-13	86.0
NCVOG0302-consensus	NODE_6265_length_1606_cov_14.253761	33.12	160	96	11	373	528	908	453	2.5e-13	79.1
NCVOG0025-consensus	NODE_5792_length_1685_cov_6.000622	29.45	309	187	31	224	521	338	1197	1.3e-23	113.3
NCVOG0025-consensus	NODE_5093_length_1829_cov_8.369292	35.83	187	100	20	351	522	1	543	8.7e-22	107.3
NCVOG0025-consensus	NODE_8348_length_1288_cov_8.087531	28.33	420	227	74	113	493	1159	12	3.8e-18	94.7
NCVOG0025-consensus	NODE_18093_length_614_cov_15.469274	33.33	132	81	7	384	515	1	372	2.4e-15	84.4
NCVOG0025-consensus	NODE_2108_length_2862_cov_8.072531	23.51	519	341	56	40	521	2024	544	1.3e-14	84.1
NCVOG0025-consensus	NODE_5082_length_1833_cov_8.595103	33.57	143	82	13	355	486	1746	1327	3.5e-14	82.1
NCVOG0025-consensus	NODE_6015_length_1644_cov_10.903638	26.80	403	233	62	101	481	43	1124	4.5e-14	81.6
NCVOG0025-consensus	NODE_397_length_5657_cov_6.869713	26.54	407	257	42	113	508	4588	3468	2e-12	77.9
NCVOG0025-consensus	NODE_39_length_30775_cov_5.113884	25.91	220	148	15	310	522	30500	29868	2.6e-12	79.9
NCVOG0025-consensus	NODE_7917_length_1346_cov_12.702916	25.06	439	246	83	116	487	84	1341	8.3e-12	73.7
NCVOG0025-consensus	NODE_142412_length_135_cov_10.827586	56.82	44	19	0	438	481	1	129	1e-11	70.1
NCVOG0025-consensus	NODE_9430_length_1163_cov_7.703499	39.47	76	46	0	413	488	974	750	1.5e-11	72.6
NCVOG0025-consensus	NODE_74081_length_206_cov_5.186047	39.39	66	40	0	422	487	200	6	2.5e-11	69.4
NCVOG0025-consensus	NODE_9955_length_1106_cov_7.117590	25.13	191	134	9	302	487	10	567	7.7e-11	70.2
NCVOG0271-consensus	NODE_6228_length_1614_cov_5.980481	42.67	532	234	71	685	1157	1	1549	1.7e-83	313.4
NCVOG0271-consensus	NODE_7115_length_1467_cov_9.302878	42.71	288	136	29	895	1153	152	1012	4.9e-63	245.2
NCVOG0271-consensus	NODE_1458_length_3318_cov_8.630052	45.44	669	264	101	580	1148	3312	1318	6.9e-63	245.9
NCVOG0271-consensus	NODE_44717_length_293_cov_5.472222	48.42	95	49	0	943	1037	4	285	2.6e-23	110.9
NCVOG0271-consensus	NODE_101057_length_161_cov_5.226190	82.69	52	9	0	1022	1073	161	9	4.5e-23	109.3
NCVOG0271-consensus	NODE_80170_length_194_cov_7.401709	59.38	64	26	0	456	519	194	6	1e-19	98.4
NCVOG0271-consensus	NODE_80619_length_194_cov_4.367521	59.38	64	26	0	456	519	194	6	1e-19	98.4
NCVOG0271-consensus	NODE_96880_length_167_cov_4.333333	67.27	55	18	0	1014	1068	167	6	1.6e-18	94.2
NCVOG0271-consensus	NODE_78918_length_197_cov_4.691667	56.14	57	25	0	902	958	25	192	1.4e-16	88.0
NCVOG0271-consensus	NODE_4292_length_2015_cov_8.659959	31.80	456	230	81	32	415	1376	39	1.2e-15	88.2
NCVOG0271-consensus	NODE_30338_length_390_cov_3.833866	50.86	116	41	16	866	965	348	6	1.3e-15	85.8
NCVOG0271-consensus	NODE_16945_length_656_cov_6.891192	34.25	219	120	24	514	709	656	6	1.3e-15	86.5
NCVOG0271-consensus	NODE_66903_length_221_cov_4.138889	48.61	72	37	0	466	537	1	213	2.9e-14	80.5
NCVOG0271-consensus	NODE_66897_length_221_cov_4.208333	48.61	72	37	0	466	537	1	213	2.9e-14	80.5
NCVOG0271-consensus	NODE_55951_length_248_cov_8.654971	40.24	82	49	0	495	576	248	6	1.1e-13	78.7
NCVOG0271-consensus	NODE_46823_length_283_cov_6.305825	54.84	93	24	18	1051	1125	281	6	3.7e-13	77.2
NCVOG0271-consensus	NODE_65528_length_224_cov_4.061224	42.62	61	35	0	355	415	7	186	2e-11	71.1
NCVOG0078-consensus	NODE_9532_length_1147_cov_6.511173	50.00	124	60	2	87	208	212	580	2.4e-18	94.2
NCVOG1061-consensus	NODE_5400_length_1763_cov_9.285884	26.92	156	94	20	111	249	1086	633	5.3e-11	70.5
NCVOG0061-consensus	NODE_7474_length_1412_cov_7.452434	31.83	311	169	43	281	553	1369	455	1.1e-27	126.6
NCVOG0061-consensus	NODE_1818_length_3043_cov_8.317937	24.40	455	303	41	135	558	3019	1688	8e-11	71.7
NCVOG0451-consensus	NODE_10438_length_1061_cov_6.273374	33.91	233	140	14	134	355	1050	366	1.6e-17	92.0
NCVOG0451-consensus	NODE_5612_length_1718_cov_10.349787	29.91	224	146	11	193	409	4	660	1.7e-16	89.3
NCVOG0451-consensus	NODE_5563_length_1727_cov_8.293939	44.35	124	68	1	135	257	1115	747	2.8e-16	88.6
NCVOG0451-consensus	NODE_11258_length_989_cov_8.799342	31.19	295	177	26	135	407	75	944	1.1e-14	82.5
NCVOG0451-consensus	NODE_5293_length_1784_cov_7.843585	33.87	248	152	12	104	340	910	1645	2.4e-14	82.2
NCVOG0451-consensus	NODE_8408_length_1280_cov_9.020781	30.25	281	184	12	69	340	1051	225	3.2e-14	81.3
NCVOG0451-consensus	NODE_1556_length_3240_cov_14.805564	35.62	160	99	4	127	282	3138	2662	4.7e-14	82.1
NCVOG0451-consensus	NODE_14644_length_773_cov_10.086207	36.84	171	102	6	175	340	1	507	1.6e-12	75.0
NCVOG0451-consensus	NODE_30366_length_389_cov_8.301282	37.30	126	76	3	169	291	4	378	2.8e-12	73.2
NCVOG0451-consensus	NODE_2948_length_2453_cov_5.854798	27.89	251	168	13	144	385	1501	764	4.7e-12	75.1
NCVOG0451-consensus	NODE_2666_length_2567_cov_7.258233	28.24	262	171	17	151	402	58	819	5.1e-12	75.0
NCVOG0451-consensus	NODE_3359_length_2298_cov_6.916292	32.75	171	110	5	135	300	539	34	9.8e-12	73.9
NCVOG0451-consensus	NODE_263_length_6668_cov_7.693066	34.85	264	165	7	118	375	1785	1000	1.5e-11	74.9
NCVOG0451-consensus	NODE_14686_length_771_cov_4.972622	46.39	97	51	1	162	257	1	288	2e-11	71.3
NCVOG0451-consensus	NODE_20165_length_554_cov_7.283019	30.59	170	113	5	177	341	25	531	3.8e-11	69.9
NCVOG0451-consensus	NODE_10399_length_1064_cov_6.618034	31.71	164	108	4	121	280	520	1008	4.8e-11	70.5
NCVOG0451-consensus	NODE_6900_length_1500_cov_8.865777	36.49	148	83	11	147	283	171	611	6.1e-11	70.7
NCVOG0451-consensus	NODE_8088_length_1323_cov_8.121990	33.50	200	118	15	185	372	232	819	8.2e-11	70.1
NCVOG0967-consensus	NODE_16_length_68669_cov_5.088013	16.73	759	610	22	41	795	41015	38796	3.2e-11	78.3
NCVOG0531-consensus	NODE_31_length_36819_cov_5.469218	32.66	199	126	8	1	191	35877	35284	6.2e-21	108.6
NCVOG4121-consensus	NODE_2304_length_2749_cov_7.766093	29.74	195	110	27	104	276	1990	1424	2.8e-11	72.2
NCVOG0301-consensus	NODE_6282_length_1603_cov_11.668414	30.65	310	180	35	256	535	1168	259	3.6e-21	105.2
NCVOG0301-consensus	NODE_11443_length_973_cov_10.850446	31.40	207	129	13	309	506	227	832	1.8e-16	88.9
NCVOG0301-consensus	NODE_6265_length_1606_cov_14.253761	35.77	137	80	8	377	508	899	501	3.2e-13	78.7
NCVOG0301-consensus	NODE_1828_length_3036_cov_9.256168	29.46	241	153	17	258	490	2590	1898	7.3e-13	78.5
NCVOG0301-consensus	NODE_19711_length_566_cov_9.834356	32.67	150	89	12	326	467	118	552	1e-11	72.3
NCVOG0301-consensus	NODE_5360_length_1770_cov_9.714117	26.56	241	156	21	264	495	935	1618	7.5e-11	71.0
NCVOG0001-consensus	NODE_5548_length_1730_cov_7.390200	41.40	186	84	25	394	554	16	570	9.9e-28	127.3
NCVOG0001-consensus	NODE_12246_length_913_cov_17.034689	39.11	202	105	18	328	522	806	237	2.1e-21	105.3
NCVOG0001-consensus	NODE_13452_length_839_cov_9.153543	41.82	165	81	15	446	603	7	474	3.4e-21	104.5
NCVOG0001-consensus	NODE_21817_length_513_cov_4.701835	41.10	146	61	25	434	554	507	75	4.3e-19	96.8
NCVOG0001-consensus	NODE_3599_length_2222_cov_7.590210	33.81	278	143	41	333	573	932	120	2.7e-18	96.3
NCVOG0001-consensus	NODE_4987_length_1854_cov_7.474395	39.84	128	75	2	441	566	1	381	6.4e-18	94.8
NCVOG0001-consensus	NODE_200_length_7385_cov_5.202518	40.63	315	128	59	287	555	4340	5234	1.1e-17	96.0
NCVOG0001-consensus	NODE_34422_length_355_cov_8.946043	43.31	127	59	13	392	514	355	5	1.8e-16	87.6
NCVOG0001-consensus	NODE_57978_length_242_cov_6.042424	53.95	76	35	0	446	521	236	12	1.2e-15	84.2
NCVOG0001-consensus	NODE_13514_length_836_cov_9.750988	38.10	210	114	16	363	570	803	219	2.1e-14	82.0
NCVOG0001-consensus	NODE_27328_length_423_cov_6.075145	38.16	152	81	13	405	554	1	420	5.8e-14	79.5
NCVOG0001-consensus	NODE_29813_length_395_cov_9.088050	43.62	94	46	7	331	420	109	378	1.1e-13	78.4
NCVOG0001-consensus	NODE_47221_length_281_cov_7.725490	47.44	78	39	2	450	525	239	9	7.1e-12	72.0
NCVOG0001-consensus	NODE_47449_length_281_cov_4.039216	47.44	78	39	2	450	525	239	9	7.1e-12	72.0
NCVOG0001-consensus	NODE_10139_length_1088_cov_5.523244	29.35	184	110	20	392	566	1058	543	9.3e-12	73.5
NCVOG0001-consensus	NODE_2218_length_2798_cov_7.621463	32.16	199	116	19	364	550	894	326	1.6e-11	74.1
NCVOG0001-consensus	NODE_28_length_41314_cov_4.889565	32.77	357	178	62	328	625	3107	4153	6e-11	76.1
NCVOG0001-consensus	NODE_11369_length_979_cov_11.097561	32.05	234	127	32	390	600	976	309	6.7e-11	70.5
NCVOG0001-consensus	NODE_52664_length_260_cov_5.016393	42.05	88	44	7	331	414	4	255	9.7e-11	68.1
NCVOG1197-consensus	NODE_6124_length_1629_cov_12.699742	28.20	305	217	2	56	358	216	1127	1.1e-22	110.2
NCVOG1197-consensus	NODE_726_length_4389_cov_7.108302	24.58	297	217	7	55	346	1395	514	1.1e-14	85.0
NCVOG1197-consensus	NODE_2419_length_2691_cov_6.929610	23.96	409	290	21	97	491	797	1995	4.2e-14	82.4
NCVOG1197-consensus	NODE_2930_length_2460_cov_6.710449	25.07	351	245	18	97	431	989	2032	5.3e-14	81.9
NCVOG1197-consensus	NODE_5350_length_1772_cov_12.477876	25.09	279	209	0	67	345	295	1128	3.2e-13	78.9
NCVOG1197-consensus	NODE_9238_length_1182_cov_6.483258	23.00	287	215	6	55	336	313	1167	1.6e-12	75.9
NCVOG1197-consensus	NODE_353_length_5946_cov_6.505367	27.19	228	156	10	166	389	1466	2128	1.8e-11	74.8
NCVOG4518-consensus	NODE_15252_length_736_cov_5.582701	45.54	101	50	5	50	150	332	616	1.9e-17	91.7
NCVOG2058-consensus	NODE_5612_length_1718_cov_10.349787	31.20	234	146	15	131	352	4	693	2.9e-19	98.5
NCVOG2058-consensus	NODE_10438_length_1061_cov_6.273374	32.44	225	144	8	163	379	1047	380	4e-19	97.3
NCVOG2058-consensus	NODE_263_length_6668_cov_7.693066	37.99	229	135	7	89	310	1683	1000	3.3e-18	96.9
NCVOG2058-consensus	NODE_603_length_4734_cov_10.415074	32.00	200	127	9	90	281	526	1119	2.7e-17	93.4
NCVOG2058-consensus	NODE_130_length_9687_cov_5.586056	37.90	314	168	27	95	381	7107	8045	5.8e-17	93.3
NCVOG2058-consensus	NODE_130_length_9687_cov_5.586056	30.86	350	214	28	56	377	8376	9422	1.2e-23	115.5
NCVOG2058-consensus	NODE_20165_length_554_cov_7.283019	36.99	173	104	5	172	339	16	531	4.6e-16	86.2
NCVOG2058-consensus	NODE_3359_length_2298_cov_6.916292	40.67	150	85	4	103	248	539	93	1e-15	87.1
NCVOG2058-consensus	NODE_260_length_6721_cov_5.888922	36.59	317	174	27	92	381	1525	578	7.3e-14	82.5
NCVOG2058-consensus	NODE_260_length_6721_cov_5.888922	30.85	295	179	25	112	381	2449	1568	1.3e-16	91.6
NCVOG2058-consensus	NODE_5563_length_1727_cov_8.293939	33.66	202	120	14	141	339	1187	618	7.3e-14	80.5
NCVOG2058-consensus	NODE_5727_length_1695_cov_9.414710	31.80	261	154	24	112	349	458	1234	1.2e-13	79.8
NCVOG2058-consensus	NODE_2666_length_2567_cov_7.258233	33.17	199	120	13	149	337	58	642	1.6e-13	80.0
NCVOG2058-consensus	NODE_14644_length_773_cov_10.086207	37.21	172	102	6	203	369	1	510	2.4e-13	77.6
NCVOG2058-consensus	NODE_2304_length_2749_cov_7.766093	34.07	317	182	27	92	381	1165	218	8.6e-13	77.7
NCVOG2058-consensus	NODE_2304_length_2749_cov_7.766093	26.90	342	216	34	75	382	2322	1304	1.4e-16	90.3
NCVOG2058-consensus	NODE_1204_length_3583_cov_7.217726	30.65	310	188	27	64	348	7	927	1.5e-12	77.2
NCVOG2058-consensus	NODE_1556_length_3240_cov_14.805564	32.56	172	112	4	171	338	3180	2668	3.2e-12	76.0
NCVOG2058-consensus	NODE_11258_length_989_cov_8.799342	28.42	278	173	26	89	341	30	857	8.3e-12	72.9
NCVOG2058-consensus	NODE_8088_length_1323_cov_8.121990	29.77	215	138	13	93	294	232	869	9.2e-12	73.2
NCVOG2058-consensus	NODE_15594_length_718_cov_4.923557	27.95	229	147	18	142	352	12	695	1.7e-11	71.4
NCVOG2058-consensus	NODE_6900_length_1500_cov_8.865777	32.21	208	120	21	144	330	51	671	3.2e-11	71.6
NCVOG2058-consensus	NODE_7290_length_1440_cov_6.991930	29.82	285	190	10	122	398	1404	559	4.2e-11	71.1
NCVOG2058-consensus	NODE_2948_length_2453_cov_5.854798	24.33	300	207	20	89	380	1477	617	4.8e-11	71.7
NCVOG2058-consensus	NODE_245_length_6831_cov_7.172786	33.44	302	175	26	92	367	1516	614	4.8e-11	73.2
NCVOG2058-consensus	NODE_5337_length_1773_cov_6.912250	29.79	282	172	26	91	346	1	843	7e-11	70.7
NCVOG0066-consensus	NODE_2102_length_2864_cov_6.247578	34.98	263	142	29	150	386	2082	2856	2.3e-25	120.0
NCVOG0066-consensus	NODE_37858_length_332_cov_4.937255	42.55	94	54	0	211	304	19	297	3.7e-11	69.7
NCVOG0066-consensus	NODE_37915_length_332_cov_3.701961	42.55	94	54	0	211	304	19	297	3.7e-11	69.7
NCVOG0038-consensus	NODE_2002_length_2918_cov_8.054558	32.61	371	221	29	348	703	258	1313	2.2e-32	144.2
NCVOG0038-consensus	NODE_13838_length_818_cov_12.271255	40.09	222	82	51	548	728	715	91	1.3e-22	110.0
NCVOG0038-consensus	NODE_6683_length_1533_cov_11.046703	34.52	504	215	115	476	880	9	1455	1.4e-17	94.2
NCVOG0038-consensus	NODE_8472_length_1273_cov_11.390468	34.70	415	177	94	548	880	1246	57	1.1e-13	81.0
NCVOG0228-consensus	NODE_7832_length_1357_cov_6.280469	31.02	374	205	53	593	921	1357	269	4.4e-30	135.3
NCVOG0228-consensus	NODE_7907_length_1348_cov_5.287962	27.95	347	213	37	299	618	1013	6	4.1e-17	92.2
NCVOG0228-consensus	NODE_43662_length_299_cov_3.851351	37.00	100	62	1	459	558	1	294	8.9e-14	78.9
NCVOG0228-consensus	NODE_9330_length_1173_cov_6.792883	42.86	98	41	15	811	893	1119	829	5.7e-12	74.9
NCVOG1128-consensus	NODE_4291_length_2015_cov_9.385965	25.15	171	116	12	155	315	720	1223	1.3e-12	76.6
NCVOG1128-consensus	NODE_8824_length_1232_cov_8.416450	29.57	186	105	26	153	321	347	874	5.8e-12	73.7
NCVOG1128-consensus	NODE_2831_length_2502_cov_13.165361	23.49	166	117	10	155	312	536	1024	2.1e-11	72.9
NCVOG0280-consensus	NODE_1722_length_3113_cov_8.525033	21.52	1069	754	85	394	1418	13	3093	4.8e-24	117.4
NCVOG0280-consensus	NODE_1092_length_3723_cov_7.481624	23.67	1073	712	107	564	1577	3422	363	2.7e-20	105.2
NCVOG0280-consensus	NODE_1615_length_3190_cov_7.331513	20.92	975	671	100	497	1416	389	3171	1e-15	89.7
NCVOG0280-consensus	NODE_2833_length_2501_cov_7.831271	23.24	555	383	43	723	1251	1683	79	1.1e-14	86.0
NCVOG0280-consensus	NODE_143_length_9060_cov_28.696761	20.78	1545	1090	134	286	1753	8013	3587	1.1e-13	84.6
NCVOG0280-consensus	NODE_812_length_4189_cov_8.215224	19.80	1384	1008	102	400	1740	4091	142	1.1e-11	76.8
NCVOG0218-consensus	NODE_561_length_4880_cov_6.155528	30.87	677	336	132	331	903	2928	4845	2.2e-16	91.9
NCVOG0218-consensus	NODE_8618_length_1257_cov_8.743220	50.72	207	87	15	597	790	557	1168	7.1e-13	78.3
NCVOG0218-consensus	NODE_10103_length_1091_cov_7.306706	56.25	144	51	12	608	748	1091	690	7.5e-11	71.4
NCVOG0308-consensus	NODE_1615_length_3190_cov_7.331513	22.05	635	443	52	226	851	1075	2835	9.1e-14	82.5
NCVOG0018-consensus	NODE_16_length_68669_cov_5.088013	20.63	1144	843	65	51	1171	40139	36851	2.9e-18	102.0
NCVOG0018-consensus	NODE_7387_length_1424_cov_17.927246	21.73	405	309	8	642	1043	220	1416	1.2e-11	74.4
NCVOG4344-consensus	NODE_130_length_9687_cov_5.586056	33.15	365	229	15	14	378	7467	8513	4.6e-25	120.6
NCVOG4344-consensus	NODE_130_length_9687_cov_5.586056	30.86	350	224	18	35	382	8517	9511	7.2e-26	123.2
NCVOG4344-consensus	NODE_15992_length_697_cov_13.377419	32.84	201	127	8	127	327	665	90	1.1e-17	92.3
NCVOG4344-consensus	NODE_6833_length_1512_cov_9.364460	32.63	331	204	19	4	332	1156	222	1.7e-17	92.7
NCVOG4344-consensus	NODE_206_length_7264_cov_7.720468	30.95	336	215	17	14	345	2564	1605	1.3e-16	92.1
NCVOG4344-consensus	NODE_10_length_80548_cov_4.978502	34.59	318	189	19	15	330	39091	38198	7.4e-16	93.0
NCVOG4344-consensus	NODE_5727_length_1695_cov_9.414710	30.61	294	191	13	24	317	689	1528	4.4e-15	84.9
NCVOG4344-consensus	NODE_312_length_6254_cov_8.237170	30.72	306	195	17	22	325	1549	680	2.1e-14	84.5
NCVOG4344-consensus	NODE_260_length_6721_cov_5.888922	33.63	339	212	13	2	340	1591	617	2.4e-14	84.5
NCVOG4344-consensus	NODE_9981_length_1103_cov_12.230994	29.58	284	166	34	79	343	9	812	1.9e-12	75.5
NCVOG4344-consensus	NODE_505_length_5078_cov_5.123975	30.49	328	216	12	15	342	1330	386	4.7e-12	76.4
NCVOG4344-consensus	NODE_505_length_5078_cov_5.123975	29.60	277	181	14	15	291	2122	1337	1.5e-14	84.7
NCVOG4344-consensus	NODE_2304_length_2749_cov_7.766093	34.33	335	204	16	23	355	970	15	4.7e-12	75.5
NCVOG4344-consensus	NODE_245_length_6831_cov_7.172786	31.50	327	208	16	14	340	1741	812	3.9e-11	73.8
NCVOG4344-consensus	NODE_1204_length_3583_cov_7.217726	32.84	341	214	15	16	355	67	1040	5.7e-11	72.3
NCVOG0670-consensus	NODE_21_length_50739_cov_4.937034	21.93	488	329	52	15	472	16209	17603	1.4e-16	95.2
NCVOG0670-consensus	NODE_1520_length_3265_cov_11.299561	26.49	185	125	11	276	454	662	126	5.5e-12	76.0
NCVOG0670-consensus	NODE_3413_length_2277_cov_6.704545	23.47	311	209	29	125	422	1087	1966	3e-11	73.0
NCVOG4116-consensus	NODE_408_length_5598_cov_10.583228	25.56	266	176	22	136	381	4742	5530	2.4e-11	74.0
NCVOG4116-consensus	NODE_13778_length_821_cov_11.750000	27.27	253	166	18	170	407	28	764	4.8e-11	70.3
NCVOG0316-consensus	NODE_9997_length_1101_cov_11.467773	23.21	293	216	9	33	320	1000	137	3.7e-16	87.3
NCVOG0316-consensus	NODE_5709_length_1699_cov_6.556104	23.19	263	195	7	40	297	1238	459	5.7e-15	84.0
NCVOG0316-consensus	NODE_1207_length_3584_cov_6.525520	24.54	273	194	12	52	320	3164	2373	4e-14	82.2
NCVOG0316-consensus	NODE_358_length_5908_cov_19.801235	25.08	319	224	15	7	322	3403	4320	6e-14	82.4
NCVOG0316-consensus	NODE_6395_length_1586_cov_10.040424	26.67	210	148	6	92	298	1585	972	4.2e-13	77.7
NCVOG0316-consensus	NODE_9914_length_1110_cov_5.741530	30.20	202	132	9	119	317	1079	495	3.2e-12	74.2
NCVOG0316-consensus	NODE_3522_length_2245_cov_6.630074	29.17	216	145	8	91	298	2005	1361	1.7e-11	72.8
NCVOG4170-consensus	NODE_7352_length_1431_cov_8.570901	34.18	196	118	11	146	336	1419	861	4.2e-21	104.1
NCVOG4170-consensus	NODE_23707_length_477_cov_4.082500	50.81	124	41	20	217	322	372	12	7.9e-15	81.7
NCVOG4170-consensus	NODE_7203_length_1453_cov_7.843750	33.70	365	131	111	55	313	378	1448	1.5e-13	79.1
NCVOG1006-consensus	NODE_4973_length_1856_cov_6.883080	30.61	196	114	22	3	181	1625	1056	1e-14	82.3
NCVOG0370-consensus	NODE_4953_length_1862_cov_6.208964	35.26	190	93	30	23	211	1508	1029	5.8e-14	80.1
NCVOG1044-consensus	NODE_976_length_3901_cov_5.758630	21.84	293	211	18	166	451	1591	749	4.1e-19	99.4
NCVOG1044-consensus	NODE_9759_length_1124_cov_9.642789	24.78	226	159	11	177	397	1124	468	4.4e-16	87.6
NCVOG1044-consensus	NODE_391_length_5696_cov_6.980424	19.86	287	214	16	168	448	1409	582	8.4e-15	85.6
NCVOG1044-consensus	NODE_193_length_7459_cov_5.387700	22.33	300	215	18	168	460	6319	7182	1.1e-14	85.6
NCVOG1044-consensus	NODE_290_length_6408_cov_6.326963	23.91	276	192	18	171	439	4818	5609	8.4e-14	82.5
NCVOG0720-consensus	NODE_451_length_5368_cov_12.822340	36.36	154	81	17	21	166	997	566	4.2e-15	85.1
NCVOG0044-consensus	NODE_26711_length_431_cov_16.887006	38.26	115	62	9	343	455	425	105	4.6e-14	80.5
NCVOG0044-consensus	NODE_26912_length_429_cov_3.767045	36.84	114	63	9	343	454	7	324	3.8e-13	77.5
NCVOG0044-consensus	NODE_17543_length_633_cov_9.133094	42.11	95	54	1	332	426	555	277	1.2e-12	76.4
NCVOG0044-consensus	NODE_617_length_4676_cov_24.791259	34.96	123	75	5	331	453	3573	3923	2.2e-11	75.0
