NCVOG1069-consensus	NODE_396_length_22366_cov_11.380457	28.64	405	200	89	92	423	2789	3952	1.4e-13	80.8
NCVOG0669-consensus	NODE_662_length_10417_cov_10.473308	22.81	456	294	58	37	443	4725	3388	2.3e-14	82.4
NCVOG0669-consensus	NODE_859_length_6596_cov_10.796901	23.22	379	244	47	108	443	5821	4704	1.1e-13	79.4
NCVOG0669-consensus	NODE_480_length_17184_cov_9.944993	24.15	443	271	65	81	464	12558	11255	2.4e-13	79.7
NCVOG0669-consensus	NODE_3113_length_575_cov_11.006024	31.58	152	102	2	249	398	467	15	1.8e-12	71.9
NCVOG0669-consensus	NODE_63_length_107771_cov_10.384237	28.71	202	131	13	271	462	38650	38057	2.1e-11	76.0
NCVOG2223-consensus	NODE_59_length_110319_cov_10.292057	41.51	212	112	12	667	870	69120	69740	1e-27	131.1
NCVOG2223-consensus	NODE_229_length_40440_cov_19.975720	45.11	133	69	4	724	854	23098	22713	9.9e-25	119.7
NCVOG0233-consensus	NODE_89_length_88728_cov_10.274210	36.79	878	463	92	36	827	35147	37759	6.6e-57	227.7
NCVOG0233-consensus	NODE_12_length_228999_cov_10.451735	36.45	878	466	92	36	827	17542	14930	9.2e-57	228.0
NCVOG0233-consensus	NODE_4_length_300360_cov_10.369305	34.11	897	430	161	31	768	117002	114323	2.6e-42	180.0
NCVOG0233-consensus	NODE_100_length_81875_cov_10.225922	32.34	909	434	181	27	757	25344	28056	3.3e-40	172.1
NCVOG0233-consensus	NODE_194_length_49506_cov_19.566489	35.11	356	168	63	499	791	40693	41755	2.7e-38	165.1
NCVOG0233-consensus	NODE_21_length_179218_cov_10.362898	27.56	878	478	158	135	867	88831	86254	2.1e-37	163.7
NCVOG0233-consensus	NODE_443_length_19266_cov_11.649487	29.36	797	324	239	238	795	2255	4640	2.5e-37	160.4
NCVOG0233-consensus	NODE_443_length_19266_cov_11.649487	25.81	829	338	277	208	759	7100	9583	9.1e-36	155.3
NCVOG0233-consensus	NODE_198_length_48706_cov_10.478439	28.24	740	393	138	135	738	21228	23438	3.6e-37	161.3
NCVOG0233-consensus	NODE_50_length_120078_cov_10.104574	24.19	897	563	117	28	861	18769	16254	2e-33	150.1
NCVOG0233-consensus	NODE_77_length_93169_cov_10.281120	24.97	893	560	110	28	861	57384	59898	3.3e-33	149.1
NCVOG0233-consensus	NODE_77_length_93169_cov_10.281120	24.33	892	566	109	28	859	53617	56134	2.3e-33	149.6
NCVOG0233-consensus	NODE_77_length_93169_cov_10.281120	24.67	896	564	111	29	864	46611	44100	3.8e-32	145.5
NCVOG0233-consensus	NODE_67_length_103705_cov_9.957029	26.84	760	388	168	135	729	78384	76141	3.3e-19	102.7
NCVOG0233-consensus	NODE_5361_length_346_cov_8.315985	45.63	103	56	0	508	610	311	6	1e-18	92.8
NCVOG0233-consensus	NODE_140_length_64938_cov_10.101078	27.83	690	376	122	136	714	48459	46428	3.1e-15	88.8
NCVOG0233-consensus	NODE_14_length_215383_cov_10.225293	26.32	703	322	196	150	666	70556	68487	1e-14	88.3
NCVOG0023-consensus	NODE_132_length_68038_cov_10.312267	28.38	451	278	45	392	817	65527	64242	5e-33	148.0
NCVOG0023-consensus	NODE_132_length_68038_cov_10.312267	27.86	420	265	38	399	808	61699	60531	5e-33	148.0
NCVOG0023-consensus	NODE_132_length_68038_cov_10.312267	29.25	424	263	37	382	788	52521	53729	8e-31	140.6
NCVOG0023-consensus	NODE_281_length_32886_cov_18.626932	28.12	448	293	29	313	744	7317	8612	4.5e-26	123.8
NCVOG0023-consensus	NODE_281_length_32886_cov_18.626932	32.72	324	187	31	383	680	31109	32054	4.5e-26	123.8
NCVOG0023-consensus	NODE_453_length_18673_cov_19.573457	34.62	130	82	3	476	604	12784	13164	5.7e-11	72.8
NCVOG0013-consensus	NODE_623_length_11368_cov_9.943229	31.58	228	145	11	122	345	1013	358	2.7e-15	85.9
NCVOG0013-consensus	NODE_1550_length_2002_cov_9.181818	27.11	273	187	12	73	341	1208	1999	1.6e-13	77.5
NCVOG0013-consensus	NODE_623_length_11368_cov_9.943229	30.23	215	141	9	134	345	3399	4022	1.7e-13	79.9
NCVOG0013-consensus	NODE_6_length_272458_cov_10.351801	33.71	175	114	2	122	294	54508	55029	3.4e-13	82.7
NCVOG0013-consensus	NODE_588_length_12557_cov_11.147837	28.95	228	153	9	121	345	10048	9386	1.2e-12	77.2
NCVOG0013-consensus	NODE_136_length_65705_cov_10.348393	30.13	229	149	11	122	345	32019	31354	4.4e-12	77.8
NCVOG0013-consensus	NODE_136_length_65705_cov_10.348393	24.28	313	220	17	42	346	28804	27900	4.4e-12	77.8
NCVOG0663-consensus	NODE_1882_length_1233_cov_12.509516	28.53	312	172	51	335	607	1209	313	6.9e-13	74.8
NCVOG0073-consensus	NODE_363_length_24967_cov_10.689474	37.98	674	344	74	20	640	15034	13085	3.3e-100	369.8
NCVOG0073-consensus	NODE_111_length_78209_cov_10.110646	38.93	637	345	44	30	640	38318	40169	5.8e-55	221.2
NCVOG0073-consensus	NODE_2532_length_725_cov_10.626543	44.87	234	126	3	283	516	31	720	1.4e-45	183.3
NCVOG0073-consensus	NODE_90_length_88532_cov_10.378170	44.74	228	115	11	30	257	87759	88406	6.2e-42	178.1
NCVOG0073-consensus	NODE_32_length_150483_cov_10.614882	34.48	670	381	58	33	676	97509	99417	1.8e-40	174.0
NCVOG0073-consensus	NODE_191_length_49596_cov_10.104932	24.48	678	469	43	76	730	20098	18136	9.4e-39	166.7
NCVOG0073-consensus	NODE_168_length_55141_cov_10.371229	26.71	483	334	20	89	554	36595	38029	3.2e-38	165.0
NCVOG0073-consensus	NODE_3818_length_470_cov_9.651399	58.33	120	46	4	138	257	470	126	1.4e-28	126.1
NCVOG0073-consensus	NODE_232_length_40362_cov_10.576159	25.30	415	246	64	53	408	20502	21722	9.4e-15	86.7
NCVOG0073-consensus	NODE_48_length_122477_cov_9.909338	26.55	403	247	49	53	408	90476	91673	2.2e-13	83.7
NCVOG0073-consensus	NODE_94_length_85897_cov_10.117513	36.73	147	89	4	283	429	31	456	4e-13	82.3
NCVOG4533-consensus	NODE_667_length_10347_cov_10.163291	41.61	137	68	12	142	273	6726	7112	4.1e-12	74.8
NCVOG4533-consensus	NODE_209_length_45646_cov_10.022077	42.86	133	61	15	144	273	23256	22897	7e-12	76.2
NCVOG4523-consensus	NODE_442_length_19509_cov_9.724887	30.89	926	447	193	59	843	9024	6422	5.8e-29	133.0
NCVOG1353-consensus	NODE_274_length_33731_cov_19.063380	51.62	709	312	31	7	685	19627	21735	1.4e-152	544.0
NCVOG1353-consensus	NODE_906_length_6051_cov_22.401071	50.86	464	207	21	4	450	4678	6046	2.7e-85	318.0
NCVOG1353-consensus	NODE_311_length_29530_cov_10.917835	54.80	812	245	122	101	793	26053	23648	8.6e-52	209.0
NCVOG1353-consensus	NODE_374_length_24000_cov_10.921958	54.57	810	245	123	101	790	21461	19052	6.7e-51	205.7
NCVOG1353-consensus	NODE_753_length_8284_cov_19.090898	50.23	215	102	5	592	801	3	642	8.3e-50	200.6
NCVOG1353-consensus	NODE_4768_length_384_cov_36.498371	54.26	129	53	6	489	611	384	7	1.3e-26	119.1
NCVOG1353-consensus	NODE_4474_length_407_cov_19.981818	47.41	135	59	12	119	241	1	402	3.9e-20	97.7
NCVOG1353-consensus	NODE_8723_length_219_cov_14.211268	50.70	71	35	0	377	447	6	215	3.4e-13	73.7
NCVOG1353-consensus	NODE_10525_length_184_cov_39.196262	62.71	59	22	0	428	486	3	176	1.5e-12	71.3
NCVOG4445-consensus	NODE_304_length_29776_cov_10.421125	29.68	219	146	8	169	382	8681	8037	2.4e-14	83.6
NCVOG4445-consensus	NODE_141_length_64431_cov_11.587143	30.18	285	179	20	110	384	14620	15441	9e-14	82.8
NCVOG4445-consensus	NODE_652_length_10651_cov_10.698411	30.31	254	161	16	96	335	8929	8177	6.3e-12	74.1
NCVOG4445-consensus	NODE_317_length_28949_cov_10.058292	36.93	176	101	10	183	350	28932	28414	1.7e-11	74.1
NCVOG1423-consensus	NODE_132_length_68038_cov_10.312267	22.73	374	266	23	117	480	4172	3099	2.5e-16	91.7
NCVOG0243-consensus	NODE_14_length_215383_cov_10.225293	31.37	357	216	29	55	394	96281	95250	4.7e-18	98.3
NCVOG0055-consensus	NODE_45_length_125793_cov_10.443253	29.14	326	207	24	103	415	72069	73006	5.5e-28	131.1
NCVOG0055-consensus	NODE_229_length_40440_cov_19.975720	31.22	221	143	9	177	393	29981	29347	2.5e-24	117.4
NCVOG4105-consensus	NODE_18_length_188020_cov_10.094108	35.10	1131	546	188	7	972	12785	16081	8.3e-21	108.9
NCVOG0305-consensus	NODE_80_length_92256_cov_10.059970	37.70	244	130	22	1303	1527	50658	49939	1.1e-20	108.3
NCVOG0305-consensus	NODE_145_length_63318_cov_10.527411	34.33	201	124	8	1330	1527	38280	38864	5.9e-20	105.3
NCVOG0305-consensus	NODE_31_length_150569_cov_10.607527	30.84	308	185	28	1225	1527	120637	121480	1.4e-19	105.3
NCVOG0305-consensus	NODE_23_length_167141_cov_10.395817	29.64	253	162	16	1314	1556	116954	117691	2.1e-16	94.7
NCVOG0305-consensus	NODE_556_length_13970_cov_10.955517	29.18	329	155	78	784	1039	7457	6491	1.1e-12	79.0
NCVOG0305-consensus	NODE_56_length_113125_cov_10.148096	28.05	353	189	65	770	1062	57143	58175	3.4e-12	80.4
NCVOG0305-consensus	NODE_189_length_49699_cov_10.071781	34.62	182	97	22	1309	1478	32279	32791	3e-11	76.0
NCVOG0305-consensus	NODE_1182_length_3718_cov_11.062895	35.29	102	66	0	820	921	3411	3713	3.8e-11	72.0
NCVOG4804-consensus	NODE_3906_length_461_cov_11.351562	56.64	143	54	8	44	186	28	429	3.8e-30	129.1
NCVOG4804-consensus	NODE_32_length_150483_cov_10.614882	52.53	158	67	8	23	180	26173	25727	7.7e-29	133.1
NCVOG4804-consensus	NODE_542_length_14835_cov_10.631590	56.64	143	54	8	44	186	654	253	1.2e-28	129.2
NCVOG4804-consensus	NODE_11165_length_173_cov_19.020833	70.91	55	16	0	126	180	173	12	4.5e-13	71.0
NCVOG4804-consensus	NODE_176_length_52799_cov_10.470126	48.80	166	54	31	44	186	17565	18033	2.7e-12	76.6
NCVOG0282-consensus	NODE_23_length_167141_cov_10.395817	32.30	257	154	20	325	572	116942	117676	1.9e-14	87.4
NCVOG0282-consensus	NODE_145_length_63318_cov_10.527411	32.19	292	167	31	340	609	38271	39110	4.1e-13	81.7
NCVOG0282-consensus	NODE_31_length_150569_cov_10.607527	32.31	260	147	29	343	581	120890	121634	1.5e-12	81.1
NCVOG0249-consensus	NODE_281_length_32886_cov_18.626932	37.36	91	56	1	173	263	22312	22046	4.7e-12	76.1
NCVOG4883-consensus	NODE_245_length_38329_cov_10.442853	30.70	456	255	61	33	460	15584	14321	5.3e-29	132.9
NCVOG4883-consensus	NODE_154_length_59021_cov_10.279503	30.41	490	280	61	2	460	50593	51965	8.1e-29	132.9
NCVOG0360-consensus	NODE_213_length_45078_cov_10.697918	44.58	323	170	9	2	319	25642	24689	1e-57	228.0
NCVOG0360-consensus	NODE_22_length_172235_cov_10.087053	45.85	301	156	7	24	319	157118	156225	4.2e-57	224.9
NCVOG0979-consensus	NODE_133_length_66837_cov_10.437283	42.82	383	151	68	14	328	62442	63585	1.7e-43	181.5
NCVOG4274-consensus	NODE_244_length_38518_cov_10.680289	24.52	518	373	18	309	815	38269	36750	2e-14	85.3
NCVOG4274-consensus	NODE_618_length_11490_cov_9.934986	23.78	513	366	25	309	810	2896	4389	7.6e-12	75.0
NCVOG4274-consensus	NODE_214_length_44982_cov_10.342701	23.79	496	358	20	312	802	8932	10365	6.2e-11	73.9
NCVOG0274-consensus	NODE_27_length_157457_cov_10.408419	36.66	1473	712	221	93	1358	133633	129268	2.9e-57	230.4
NCVOG0274-consensus	NODE_276_length_33593_cov_10.312448	30.95	1480	705	317	182	1351	24137	28502	2.3e-48	198.6
NCVOG0274-consensus	NODE_59_length_110319_cov_10.292057	30.72	1084	496	255	198	1040	92570	89372	2.5e-16	93.9
NCVOG0074-consensus	NODE_363_length_24967_cov_10.689474	62.23	638	216	25	25	637	14895	12989	4.1e-182	641.4
NCVOG0074-consensus	NODE_111_length_78209_cov_10.110646	57.81	621	235	27	16	610	38318	40172	3.5e-94	350.9
NCVOG0074-consensus	NODE_32_length_150483_cov_10.614882	46.50	615	291	38	27	616	97533	99333	3.6e-77	295.3
NCVOG0074-consensus	NODE_90_length_88532_cov_10.378170	66.09	233	78	1	16	248	87759	88451	3.8e-73	281.2
NCVOG0074-consensus	NODE_2532_length_725_cov_10.626543	61.18	237	92	0	251	487	10	717	2.4e-70	265.0
NCVOG0074-consensus	NODE_621_length_11382_cov_10.608669	47.62	399	165	44	12	383	655	1767	5e-50	201.4
NCVOG0074-consensus	NODE_168_length_55141_cov_10.371229	34.02	532	291	60	34	506	36383	37968	2e-45	188.4
NCVOG0074-consensus	NODE_191_length_49596_cov_10.104932	33.59	518	309	35	21	506	20218	18677	1.2e-44	185.7
NCVOG0074-consensus	NODE_3818_length_470_cov_9.651399	75.61	123	29	1	117	239	470	108	3.1e-41	167.6
NCVOG0074-consensus	NODE_94_length_85897_cov_10.117513	58.65	133	55	0	251	383	10	405	1.1e-30	140.2
NCVOG0074-consensus	NODE_232_length_40362_cov_10.576159	32.68	410	208	68	39	380	20502	21722	2.5e-24	117.9
NCVOG0074-consensus	NODE_48_length_122477_cov_9.909338	32.86	423	221	63	39	400	90476	91733	2.9e-24	119.3
NCVOG0074-consensus	NODE_174_length_53565_cov_9.835907	42.65	136	76	2	477	610	1	405	5.3e-18	97.3
NCVOG0074-consensus	NODE_5121_length_360_cov_9.692580	72.73	55	15	0	16	70	167	6	7.8e-15	79.5
NCVOG1299-consensus	NODE_331_length_27980_cov_10.610422	46.98	149	43	36	34	146	20189	19746	2.8e-19	98.5
NCVOG1299-consensus	NODE_331_length_27980_cov_10.610422	46.96	115	49	12	43	145	19100	18759	1.9e-15	85.8
NCVOG1299-consensus	NODE_97_length_83934_cov_10.418522	43.14	153	48	39	34	150	28847	28401	1.9e-13	80.8
NCVOG1196-consensus	NODE_86_length_90120_cov_10.420266	27.14	398	259	31	135	532	44450	43353	1.4e-13	84.2
NCVOG4324-consensus	NODE_109_length_78929_cov_10.225803	27.35	585	318	107	121	610	73310	75021	7.7e-14	84.0
NCVOG4134-consensus	NODE_352_length_25680_cov_9.744210	32.86	493	234	97	23	458	9249	7898	8.2e-11	71.9
NCVOG0034-consensus	NODE_27_length_157457_cov_10.408419	33.65	318	165	46	122	417	44472	43596	2.5e-14	86.0
NCVOG0214-consensus	NODE_95_length_85007_cov_10.556635	28.61	402	263	24	135	516	19533	20705	2e-19	103.0
NCVOG0214-consensus	NODE_112_length_77303_cov_10.193921	28.38	377	235	35	216	569	17064	15977	7.9e-18	97.5
NCVOG0214-consensus	NODE_40_length_136352_cov_9.975711	39.75	161	90	7	373	530	42564	43027	2.7e-15	89.9
NCVOG0214-consensus	NODE_71_length_96818_cov_10.170724	33.50	206	133	4	305	507	67600	68211	8.6e-15	87.8
NCVOG0214-consensus	NODE_381_length_23632_cov_19.494969	34.13	208	126	11	338	541	15991	15398	1.4e-14	85.0
NCVOG0214-consensus	NODE_86_length_90120_cov_10.420266	32.19	233	135	23	279	508	44079	43452	6e-13	81.5
NCVOG0214-consensus	NODE_469_length_17829_cov_9.648490	29.33	341	193	48	249	579	13993	14894	1.4e-12	78.0
NCVOG0214-consensus	NODE_179_length_52265_cov_17.700199	34.94	166	101	7	356	515	49438	49929	2.7e-11	75.3
NCVOG0214-consensus	NODE_13_length_226474_cov_10.917941	23.95	451	308	35	89	519	80365	81661	4.3e-11	76.1
NCVOG0214-consensus	NODE_13_length_226474_cov_10.917941	28.83	274	175	20	259	514	78639	79447	3.1e-12	79.9
NCVOG0004-consensus	NODE_15_length_211878_cov_10.410550	35.14	148	86	10	153	300	79821	80231	1.2e-13	84.3
NCVOG2972-consensus	NODE_82_length_91857_cov_10.511664	26.10	341	215	37	33	344	66553	65558	3.9e-13	81.2
NCVOG0276-consensus	NODE_194_length_49506_cov_19.566489	57.22	353	86	65	57	344	4951	3904	2.8e-57	226.8
NCVOG2204-consensus	NODE_62_length_107979_cov_10.418194	39.91	223	127	7	221	437	1021	359	2.4e-36	158.7
NCVOG2204-consensus	NODE_903_length_6088_cov_10.627183	34.73	239	139	17	205	427	5053	5763	8.5e-27	122.8
NCVOG2204-consensus	NODE_20_length_184094_cov_10.233647	28.42	285	138	66	218	437	173554	172706	6e-15	86.0
NCVOG0777-consensus	NODE_828_length_6981_cov_10.109357	23.08	741	492	78	91	796	5238	3154	6.7e-18	95.2
NCVOG0777-consensus	NODE_34_length_145928_cov_10.146033	24.80	746	488	73	2	732	38932	40972	1.1e-16	95.6
NCVOG0777-consensus	NODE_440_length_19667_cov_10.629658	28.09	502	305	56	149	612	9291	7851	5.3e-16	90.4
NCVOG0777-consensus	NODE_654_length_10580_cov_9.671808	29.23	349	186	61	78	418	6323	7205	2.1e-13	80.9
NCVOG1060-consensus	NODE_425_length_20728_cov_11.001501	27.00	400	214	78	47	372	15648	16822	3.5e-12	76.0
NCVOG0030-consensus	NODE_3_length_313823_cov_10.340992	33.78	524	240	107	35	472	41784	40287	2.8e-27	129.8
NCVOG0030-consensus	NODE_7_length_272092_cov_10.370333	33.57	569	202	176	26	432	46065	47720	1.5e-13	84.3
NCVOG4494-consensus	NODE_88_length_89526_cov_10.440061	36.57	309	169	27	21	313	3412	2522	2.1e-21	109.0
NCVOG4494-consensus	NODE_1887_length_1226_cov_23.820714	39.50	281	146	24	21	291	839	42	1.1e-19	97.1
NCVOG4494-consensus	NODE_1284_length_3112_cov_11.510708	38.94	208	117	10	21	218	397	1017	4.3e-19	96.5
NCVOG4494-consensus	NODE_1225_length_3466_cov_10.637946	42.56	195	101	11	35	218	1919	2500	1.2e-18	95.1
NCVOG4494-consensus	NODE_194_length_49506_cov_19.566489	39.34	244	129	19	45	279	29629	30327	8.1e-18	96.3
NCVOG4494-consensus	NODE_466_length_18084_cov_21.077803	33.22	301	176	25	37	313	10049	10945	4.2e-17	92.4
NCVOG4494-consensus	NODE_1634_length_1793_cov_27.560023	32.84	201	124	11	26	219	817	230	1e-16	87.8
NCVOG4494-consensus	NODE_633_length_11118_cov_10.962866	32.26	341	198	33	25	343	7928	6942	1.2e-16	90.3
NCVOG4494-consensus	NODE_3197_length_558_cov_12.424116	42.16	185	99	8	47	223	555	4	1.6e-16	85.5
NCVOG4494-consensus	NODE_2039_length_1025_cov_18.468354	35.64	188	115	6	37	218	799	239	3.7e-16	85.1
NCVOG4494-consensus	NODE_1943_length_1147_cov_12.558879	40.70	199	108	10	24	212	646	53	4.2e-16	85.1
NCVOG4494-consensus	NODE_1392_length_2639_cov_11.675644	39.52	210	119	8	30	231	2240	1614	6.7e-16	85.7
NCVOG4494-consensus	NODE_1122_length_4089_cov_13.993519	40.28	216	121	8	11	218	1583	2227	8.6e-16	85.9
NCVOG4494-consensus	NODE_1122_length_4089_cov_13.993519	33.18	220	137	10	8	219	778	1428	5.7e-15	83.2
NCVOG4494-consensus	NODE_1133_length_4028_cov_11.028347	35.02	277	157	23	50	313	1445	648	1e-15	85.7
NCVOG4494-consensus	NODE_1133_length_4028_cov_11.028347	35.71	182	110	7	44	218	2207	1665	8.5e-12	72.6
NCVOG4494-consensus	NODE_902_length_6091_cov_11.502494	37.36	273	156	15	50	313	2707	1910	1.1e-15	86.2
NCVOG4494-consensus	NODE_902_length_6091_cov_11.502494	37.50	168	96	9	37	195	3427	2927	6.4e-13	77.0
NCVOG4494-consensus	NODE_948_length_5590_cov_10.142935	34.83	267	147	27	45	295	1595	2359	1.4e-15	85.7
NCVOG4494-consensus	NODE_948_length_5590_cov_10.142935	31.68	303	187	20	33	319	604	1495	3.5e-14	81.0
NCVOG4494-consensus	NODE_2_length_366517_cov_10.458935	32.58	221	124	25	18	213	54308	54965	1.5e-15	90.3
NCVOG4494-consensus	NODE_225_length_41125_cov_10.283254	34.55	301	173	24	37	313	1607	2506	1.9e-15	88.1
NCVOG4494-consensus	NODE_1111_length_4143_cov_10.185440	31.70	306	180	29	47	324	2581	1672	2.2e-15	84.6
NCVOG4494-consensus	NODE_656_length_10560_cov_11.259086	29.18	449	282	36	23	452	9049	10341	2.7e-15	85.7
NCVOG4494-consensus	NODE_1652_length_1749_cov_12.101077	34.16	281	161	24	23	293	535	1328	2.9e-15	83.0
NCVOG4494-consensus	NODE_1143_length_3943_cov_10.918003	37.38	206	120	9	21	218	25	636	3.1e-15	84.0
NCVOG4494-consensus	NODE_162_length_57080_cov_10.234181	34.03	288	185	5	37	322	24235	23384	3.2e-15	87.9
NCVOG4494-consensus	NODE_1415_length_2530_cov_12.538524	32.64	242	149	14	21	255	1378	2077	4.2e-15	82.9
NCVOG4494-consensus	NODE_1749_length_1528_cov_16.554101	41.14	158	87	6	44	195	4	474	4.4e-15	82.1
NCVOG4494-consensus	NODE_1993_length_1087_cov_17.775248	40.61	165	91	7	45	202	591	1082	4.6e-15	81.6
NCVOG4494-consensus	NODE_4179_length_433_cov_17.353933	41.55	142	78	5	37	173	3	425	6.3e-15	79.8
NCVOG4494-consensus	NODE_1139_length_3999_cov_11.627741	37.34	158	95	4	60	213	2969	3439	6.7e-15	82.9
NCVOG4494-consensus	NODE_1171_length_3761_cov_11.345548	34.94	352	173	56	21	326	3301	2281	1.1e-14	82.1
NCVOG4494-consensus	NODE_1081_length_4343_cov_10.363572	38.16	207	113	15	21	218	1754	2353	3.3e-14	80.8
NCVOG4494-consensus	NODE_62_length_107979_cov_10.418194	31.37	322	191	30	15	316	34324	35256	4.7e-14	84.9
NCVOG4494-consensus	NODE_855_length_6629_cov_10.086386	35.92	206	124	8	19	216	5620	6230	5e-14	80.8
NCVOG4494-consensus	NODE_1336_length_2918_cov_12.554030	45.45	176	89	7	50	218	915	1439	6.8e-14	79.1
NCVOG4494-consensus	NODE_1336_length_2918_cov_12.554030	35.11	188	116	6	37	218	159	719	6.8e-14	79.1
NCVOG4494-consensus	NODE_266_length_34575_cov_10.214766	31.17	247	160	10	22	262	30524	31245	6.9e-14	82.7
NCVOG4494-consensus	NODE_1188_length_3693_cov_17.069137	33.33	291	166	28	41	313	3280	2441	7.1e-14	79.4
NCVOG4494-consensus	NODE_709_length_9196_cov_10.660489	33.70	184	118	4	37	216	1753	1205	1e-13	80.2
NCVOG4494-consensus	NODE_1836_length_1313_cov_14.353560	33.65	208	127	11	19	219	1292	688	1.4e-13	77.0
NCVOG4494-consensus	NODE_1836_length_1313_cov_14.353560	40.00	155	87	6	47	195	471	10	1.4e-13	77.0
NCVOG4494-consensus	NODE_1024_length_4862_cov_12.206270	35.99	289	155	30	40	313	1980	2796	1.4e-13	78.9
NCVOG4494-consensus	NODE_130_length_69786_cov_10.145161	33.82	204	127	8	36	231	65062	65664	2e-13	82.2
NCVOG4494-consensus	NODE_1002_length_5056_cov_12.053625	32.86	210	135	6	28	231	2068	1442	7.7e-13	76.4
NCVOG4494-consensus	NODE_2382_length_777_cov_13.215714	34.58	240	137	20	69	291	717	12	1.3e-12	73.0
NCVOG4494-consensus	NODE_808_length_7268_cov_11.038103	34.77	279	168	14	25	293	5218	4397	1.6e-12	75.9
NCVOG4494-consensus	NODE_808_length_7268_cov_11.038103	41.01	139	77	5	37	170	5742	5329	1.2e-13	79.7
NCVOG4494-consensus	NODE_808_length_7268_cov_11.038103	37.69	199	116	8	25	215	2736	2143	1.6e-12	75.9
NCVOG4494-consensus	NODE_808_length_7268_cov_11.038103	32.09	215	135	11	16	219	3502	2861	8.7e-12	73.4
NCVOG4494-consensus	NODE_487_length_16761_cov_10.154040	34.85	264	152	20	46	301	15569	14817	1.7e-12	77.0
NCVOG4494-consensus	NODE_64_length_106356_cov_10.425964	33.70	184	117	5	37	216	11107	11652	2e-12	79.5
NCVOG4494-consensus	NODE_287_length_32001_cov_20.864992	34.29	280	167	17	45	313	29429	30247	2.3e-12	77.5
NCVOG4494-consensus	NODE_922_length_5879_cov_11.541020	39.42	208	116	10	21	218	1874	1254	2.3e-12	75.1
NCVOG4494-consensus	NODE_922_length_5879_cov_11.541020	34.74	190	117	7	37	219	2558	1992	2.2e-15	85.1
NCVOG4494-consensus	NODE_922_length_5879_cov_11.541020	39.60	202	113	9	25	218	4317	3722	2.3e-12	75.1
NCVOG4494-consensus	NODE_3285_length_543_cov_7.952790	36.31	179	107	7	21	193	540	10	3.3e-12	71.1
NCVOG4494-consensus	NODE_623_length_11368_cov_9.943229	31.94	263	165	14	16	268	5982	6743	4.4e-12	75.1
NCVOG4494-consensus	NODE_172_length_54200_cov_20.287770	34.59	292	164	27	14	293	26824	27649	4.6e-12	77.3
NCVOG4494-consensus	NODE_668_length_10267_cov_11.065260	41.11	180	99	7	47	219	9205	9741	4.8e-12	74.8
NCVOG4494-consensus	NODE_28_length_156772_cov_10.063333	32.70	211	132	10	37	237	60371	61000	5.9e-12	78.4
NCVOG4494-consensus	NODE_51_length_118373_cov_10.193870	37.95	195	114	7	45	232	83500	84081	6.8e-12	77.8
NCVOG4494-consensus	NODE_455_length_18611_cov_21.465091	31.89	185	122	4	36	216	15878	15327	7.2e-12	75.1
NCVOG4494-consensus	NODE_78_length_92572_cov_10.793329	30.00	220	148	6	19	232	26307	25651	9.4e-12	77.0
NCVOG4494-consensus	NODE_539_length_14927_cov_11.109091	41.67	180	98	7	47	219	3276	2740	1e-11	74.3
NCVOG4494-consensus	NODE_1937_length_1156_cov_30.188137	35.43	175	106	7	21	188	834	313	1.1e-11	70.5
NCVOG4494-consensus	NODE_1213_length_3561_cov_9.778416	28.83	222	150	8	1	216	2534	1878	1.1e-11	72.1
NCVOG4494-consensus	NODE_1291_length_3089_cov_10.978088	33.45	293	175	20	37	313	2041	2904	1.1e-11	71.8
NCVOG4494-consensus	NODE_915_length_5982_cov_12.859441	31.52	184	121	5	37	216	930	1475	1.5e-11	72.4
NCVOG4494-consensus	NODE_4441_length_409_cov_23.370482	40.30	134	75	5	45	173	2	400	2.3e-11	67.9
NCVOG4494-consensus	NODE_114_length_76865_cov_10.279992	33.71	175	111	5	36	205	4454	4971	2.9e-11	75.1
NCVOG4494-consensus	NODE_1472_length_2267_cov_23.528767	40.39	203	90	31	47	218	1347	1952	6.6e-11	68.8
NCVOG4494-consensus	NODE_1472_length_2267_cov_23.528767	31.69	243	145	21	58	295	600	1277	5.8e-12	72.4
NCVOG4494-consensus	NODE_3984_length_453_cov_27.656915	35.21	142	87	5	37	173	435	13	8.1e-11	66.2
NCVOG4494-consensus	NODE_4670_length_392_cov_10.692063	40.77	130	72	5	38	162	392	6	8.3e-11	66.0
NCVOG4494-consensus	NODE_113_length_77276_cov_10.368463	37.78	180	101	11	27	195	22721	22185	9.1e-11	73.5
NCVOG0267-consensus	NODE_364_length_24909_cov_10.423566	27.17	438	240	79	415	793	24834	23588	9.9e-14	82.8
NCVOG0267-consensus	NODE_579_length_13078_cov_11.376433	27.13	457	253	80	326	718	3801	2486	6.9e-12	75.8
NCVOG4357-consensus	NODE_260_length_36473_cov_10.011595	32.11	517	271	80	24	471	32025	30511	4.5e-29	133.1
NCVOG4357-consensus	NODE_246_length_38169_cov_21.235299	31.08	518	273	84	25	469	22052	23569	2.4e-27	127.5
NCVOG0046-consensus	NODE_446_length_18914_cov_11.123905	60.32	63	23	2	10	72	3897	4076	2.2e-11	72.8
NCVOG0046-consensus	NODE_234_length_40068_cov_10.457128	60.32	63	23	2	10	72	10521	10342	4.6e-11	72.8
NCVOG1337-consensus	NODE_751_length_8317_cov_10.986165	30.97	268	139	46	19	248	3456	4230	5.9e-14	79.9
NCVOG1337-consensus	NODE_622_length_11378_cov_11.512079	31.09	267	139	45	19	248	7935	7164	8e-14	79.9
NCVOG1337-consensus	NODE_490_length_16702_cov_10.417564	32.02	178	83	38	106	247	3723	4245	5e-12	74.5
NCVOG1337-consensus	NODE_267_length_34543_cov_14.412087	31.84	179	83	39	106	247	21499	20972	5.8e-12	75.3
NCVOG1337-consensus	NODE_321_length_28645_cov_11.018832	30.65	199	95	43	90	247	13545	14132	8.5e-12	74.5
NCVOG0037-consensus	NODE_31_length_150569_cov_10.607527	39.88	1156	410	285	129	1000	131361	127928	1.6e-43	184.3
NCVOG0778-consensus	NODE_133_length_66837_cov_10.437283	34.85	505	290	39	7	504	51557	52972	2.5e-52	211.5
NCVOG0017-consensus	NODE_2253_length_846_cov_9.778934	24.38	283	176	38	90	334	846	9	1.1e-12	72.8
NCVOG1115-consensus	NODE_17_length_197072_cov_10.381720	52.60	173	80	2	243	414	1539	2051	3.6e-48	198.4
NCVOG1115-consensus	NODE_374_length_24000_cov_10.921958	50.87	173	83	2	243	414	3378	3890	6.4e-46	188.3
NCVOG0015-consensus	NODE_211_length_45452_cov_10.779063	31.47	232	143	16	57	273	30161	30846	3.9e-14	83.8
NCVOG0897-consensus	NODE_117_length_76335_cov_10.447743	32.86	283	136	54	20	250	41995	42832	1.7e-17	94.9
NCVOG0284-consensus	NODE_1787_length_1433_cov_21.683628	32.21	208	105	36	132	306	1430	821	1.2e-12	73.3
NCVOG0284-consensus	NODE_474_length_17528_cov_11.217351	30.24	334	179	54	19	306	3421	4393	1.8e-11	73.0
NCVOG0806-consensus	NODE_1432_length_2468_cov_18.559180	47.61	355	150	36	124	443	1252	198	1.2e-40	167.6
NCVOG0806-consensus	NODE_535_length_15096_cov_10.484187	34.01	394	212	48	98	447	3704	4866	2.4e-29	132.6
NCVOG0806-consensus	NODE_362_length_25048_cov_10.310240	32.91	395	216	49	98	447	15721	14554	8.5e-29	131.5
NCVOG0806-consensus	NODE_9307_length_207_cov_9.892308	52.38	63	30	0	286	348	207	22	6.2e-12	68.6
NCVOG0329-consensus	NODE_59_length_110319_cov_10.292057	45.98	174	84	10	1132	1298	69231	69740	5.1e-29	136.0
NCVOG0329-consensus	NODE_229_length_40440_cov_19.975720	34.10	217	131	12	1122	1329	23206	22572	3.2e-24	118.6
NCVOG0029-consensus	NODE_110_length_78909_cov_10.376192	35.25	366	165	72	60	358	72859	71780	8.2e-19	100.3
NCVOG0029-consensus	NODE_781_length_7877_cov_10.045385	30.03	383	190	78	45	350	3285	2147	1.1e-17	93.2
NCVOG0029-consensus	NODE_1617_length_1831_cov_19.397948	28.28	343	225	21	19	346	1100	97	8.7e-16	84.8
NCVOG0029-consensus	NODE_83_length_91403_cov_10.227307	27.99	536	234	152	42	425	50249	51841	2.1e-11	75.9
NCVOG1064-consensus	NODE_279_length_33336_cov_10.055534	30.06	163	77	37	3	128	6752	7235	2.1e-15	86.1
NCVOG1064-consensus	NODE_568_length_13623_cov_10.015134	34.68	124	66	15	6	114	2759	3125	6.9e-15	83.1
NCVOG4154-consensus	NODE_8_length_243513_cov_10.297969	33.18	223	129	20	71	287	174903	175526	7.5e-13	79.9
NCVOG4154-consensus	NODE_228_length_40537_cov_10.008181	25.61	246	180	3	46	288	27634	28368	5.6e-12	75.8
NCVOG0036-consensus	NODE_4_length_300360_cov_10.369305	37.14	175	104	6	104	272	262281	262802	2.7e-15	88.8
NCVOG0314-consensus	NODE_23_length_167141_cov_10.395817	42.50	80	45	1	26	104	59835	60071	4.7e-15	86.4
NCVOG0314-consensus	NODE_6_length_272458_cov_10.351801	41.25	80	46	1	26	104	234881	235117	2.5e-14	83.7
NCVOG0222-consensus	NODE_22_length_172235_cov_10.087053	30.97	452	291	21	72	511	167627	166306	3.6e-29	132.9
NCVOG0222-consensus	NODE_22_length_172235_cov_10.087053	26.87	387	265	18	47	428	166302	165190	1.5e-15	87.6
NCVOG0222-consensus	NODE_213_length_45078_cov_10.697918	32.21	444	284	17	57	490	36143	34836	8.5e-29	132.6
NCVOG0222-consensus	NODE_213_length_45078_cov_10.697918	24.73	376	273	10	83	455	34818	33717	1.5e-16	91.9
NCVOG0222-consensus	NODE_1022_length_4882_cov_10.856400	29.84	439	290	18	72	498	4825	3530	2.8e-28	127.7
NCVOG0222-consensus	NODE_410_length_21618_cov_11.347013	32.02	406	261	15	87	492	7876	9045	6.9e-28	128.5
NCVOG0222-consensus	NODE_954_length_5561_cov_20.362691	25.20	496	356	15	23	508	2854	4321	4e-25	117.4
NCVOG0222-consensus	NODE_954_length_5561_cov_20.362691	24.35	423	310	10	72	490	1586	2833	1.3e-17	92.4
NCVOG0222-consensus	NODE_618_length_11490_cov_9.934986	20.51	434	344	1	72	504	2968	4266	2.7e-21	105.7
NCVOG0222-consensus	NODE_618_length_11490_cov_9.934986	21.97	437	331	10	70	496	1477	2784	9.9e-17	90.5
NCVOG0222-consensus	NODE_214_length_44982_cov_10.342701	22.35	434	328	9	72	504	9433	10707	3.2e-20	104.1
NCVOG0222-consensus	NODE_214_length_44982_cov_10.342701	25.73	482	340	18	25	504	3363	4755	3.2e-20	104.1
NCVOG0222-consensus	NODE_214_length_44982_cov_10.342701	20.30	404	316	6	102	505	10711	11901	1.6e-14	85.1
NCVOG0222-consensus	NODE_214_length_44982_cov_10.342701	21.61	398	299	13	84	473	8254	9429	2.4e-14	84.6
NCVOG0222-consensus	NODE_244_length_38518_cov_10.680289	22.22	450	347	3	70	518	38002	36662	4e-20	103.6
NCVOG0222-consensus	NODE_244_length_38518_cov_10.680289	27.13	376	262	12	77	450	9667	8573	4e-20	103.6
NCVOG0222-consensus	NODE_30_length_151558_cov_10.123936	24.55	440	312	20	73	504	6713	5433	9.9e-19	100.9
NCVOG0222-consensus	NODE_55_length_114615_cov_10.315729	25.99	327	231	11	113	439	40283	39339	2.8e-18	99.0
NCVOG0222-consensus	NODE_18_length_188020_cov_10.094108	27.51	458	306	26	74	512	122504	123853	6.5e-18	98.2
NCVOG0222-consensus	NODE_16_length_208731_cov_10.388859	25.92	436	306	17	78	501	140952	142241	4.3e-17	95.5
NCVOG0222-consensus	NODE_47_length_123042_cov_19.979482	26.51	464	307	34	63	503	90304	88953	1.5e-15	90.0
NCVOG0222-consensus	NODE_282_length_32482_cov_10.398241	32.08	240	158	5	88	326	710	6	3.5e-13	80.2
NCVOG0222-consensus	NODE_257_length_37089_cov_10.459770	26.96	471	302	42	68	507	29150	30516	4.8e-13	80.0
NCVOG0014-consensus	NODE_136_length_65705_cov_10.348393	30.23	215	147	3	128	339	28553	27912	3.2e-15	88.1
NCVOG0014-consensus	NODE_136_length_65705_cov_10.348393	29.77	215	148	3	128	339	31896	31255	9.8e-15	86.5
NCVOG0014-consensus	NODE_211_length_45452_cov_10.779063	25.66	339	224	28	131	463	30313	31254	1.7e-14	85.1
NCVOG0014-consensus	NODE_6_length_272458_cov_10.351801	31.54	260	145	33	115	341	54461	55229	3.7e-13	82.4
NCVOG0014-consensus	NODE_623_length_11368_cov_9.943229	25.82	275	201	3	68	339	3192	4013	1.8e-12	76.4
NCVOG0014-consensus	NODE_134_length_66794_cov_10.118246	26.98	215	154	3	128	339	61087	61728	2.2e-11	75.4
NCVOG0002-consensus	NODE_74_length_96045_cov_10.389119	27.05	791	489	88	91	840	63235	61011	9.2e-27	127.6
NCVOG0002-consensus	NODE_267_length_34543_cov_14.412087	26.80	388	240	44	468	835	34540	33452	1.7e-13	82.1
NCVOG0002-consensus	NODE_4595_length_398_cov_24.006231	30.88	136	90	4	394	529	398	6	1.5e-11	69.2
NCVOG1194-consensus	NODE_7040_length_266_cov_8.444444	48.00	50	26	0	62	111	9	155	7.4e-19	91.6
NCVOG1194-consensus	NODE_329_length_28102_cov_10.063087	49.18	61	26	5	63	118	23184	23005	2.9e-16	89.8
NCVOG1194-consensus	NODE_440_length_19667_cov_10.629658	50.00	54	27	0	62	115	9273	9115	3.5e-14	82.3
NCVOG1194-consensus	NODE_145_length_63318_cov_10.527411	29.37	126	83	6	1	120	37279	36905	1.3e-12	78.8
NCVOG1194-consensus	NODE_1017_length_4933_cov_8.602759	54.00	50	22	1	62	110	4928	4784	4e-12	73.5
NCVOG1194-consensus	NODE_452_length_18747_cov_10.712748	45.59	68	32	5	61	123	12714	12514	1.5e-11	73.5
NCVOG1194-consensus	NODE_828_length_6981_cov_10.109357	42.86	56	31	1	57	111	4349	4185	7.5e-11	69.7
NCVOG1194-consensus	NODE_828_length_6981_cov_10.109357	47.46	59	29	2	62	118	4028	3855	1.4e-12	75.5
NCVOG1194-consensus	NODE_828_length_6981_cov_10.109357	39.74	78	45	2	39	114	4624	4398	7.5e-11	69.7
NCVOG2775-consensus	NODE_717_length_8985_cov_11.386843	37.87	235	125	21	182	396	5344	4646	2.2e-23	112.5
NCVOG2775-consensus	NODE_800_length_7456_cov_12.368478	37.45	235	126	21	182	396	3904	4602	3.2e-23	111.7
NCVOG2775-consensus	NODE_207_length_45852_cov_10.097389	31.52	349	197	42	88	396	3452	2419	1.8e-16	91.9
NCVOG0288-consensus	NODE_132_length_68038_cov_10.312267	25.00	208	145	11	269	471	4578	5180	9.3e-12	76.9
NCVOG0893-consensus	NODE_889_length_6247_cov_10.289465	30.15	471	253	76	50	448	687	2078	5.2e-14	81.2
NCVOG0893-consensus	NODE_413_length_21471_cov_10.605918	29.48	485	261	81	37	448	20185	18770	4.6e-13	79.9
NCVOG0275-consensus	NODE_329_length_28102_cov_10.063087	28.07	171	119	4	1	170	26133	26633	7.4e-11	70.9
NCVOG0729-consensus	NODE_1307_length_3031_cov_9.620176	32.31	520	188	164	2	372	1515	6	3.1e-15	83.7
NCVOG0729-consensus	NODE_704_length_9336_cov_11.383843	31.47	626	243	186	2	459	5512	7324	9.5e-15	83.7
NCVOG5103-consensus	NODE_68_length_99162_cov_10.191656	34.18	237	136	20	306	524	58876	58181	2.1e-26	126.8
NCVOG5103-consensus	NODE_49_length_120287_cov_10.652616	50.00	90	44	1	427	516	75528	75791	6.9e-19	102.1
NCVOG5103-consensus	NODE_329_length_28102_cov_10.063087	68.35	79	22	3	427	502	23259	23026	3.8e-17	94.2
NCVOG5103-consensus	NODE_50_length_120078_cov_10.104574	45.33	214	89	28	319	504	49536	50166	4.3e-17	96.1
NCVOG5103-consensus	NODE_245_length_38329_cov_10.442853	28.71	209	130	19	290	498	28337	28903	4.3e-13	81.2
NCVOG5103-consensus	NODE_145_length_63318_cov_10.527411	41.32	121	64	7	317	432	37060	36707	2.6e-12	79.3
NCVOG5103-consensus	NODE_908_length_6039_cov_8.917310	36.06	208	123	10	310	509	3789	4397	1.3e-11	73.6
NCVOG4874-consensus	NODE_133_length_66837_cov_10.437283	42.55	376	180	36	13	368	58699	57627	4.1e-74	283.2
NCVOG4874-consensus	NODE_66_length_104715_cov_10.224746	36.30	427	176	96	12	354	58200	59431	9.9e-34	149.7
NCVOG4874-consensus	NODE_133_length_66837_cov_10.437283	33.33	429	150	136	15	311	53303	54572	5.1e-13	80.3
NCVOG4874-consensus	NODE_283_length_32270_cov_10.507533	32.62	423	158	127	12	312	1820	576	6.8e-12	75.5
NCVOG0605-consensus	NODE_226_length_41063_cov_10.492192	33.55	301	184	16	194	487	8697	9567	1.3e-25	121.8
NCVOG0605-consensus	NODE_34_length_145928_cov_10.146033	26.64	443	283	42	77	488	38930	40214	2.8e-14	86.0
NCVOG0605-consensus	NODE_954_length_5561_cov_20.362691	27.27	374	223	49	146	484	1602	2670	3.3e-14	81.1
NCVOG0605-consensus	NODE_421_length_20968_cov_10.362692	29.14	350	230	18	142	486	18998	20003	1e-13	81.3
NCVOG0605-consensus	NODE_244_length_38518_cov_10.680289	28.67	286	179	25	221	492	38513	37692	3.1e-12	77.3
NCVOG4498-consensus	NODE_161_length_57362_cov_10.264607	29.31	505	312	45	33	504	4121	2656	7.1e-13	80.3
NCVOG4498-consensus	NODE_38_length_138666_cov_10.212095	28.87	291	196	11	34	320	90158	89310	3.7e-12	79.2
NCVOG1139-consensus	NODE_244_length_38518_cov_10.680289	29.55	308	183	34	46	333	36878	37754	4.6e-11	72.9
NCVOG0219-consensus	NODE_59_length_110319_cov_10.292057	37.40	254	138	21	454	689	68995	69740	2.1e-28	133.1
NCVOG0219-consensus	NODE_229_length_40440_cov_19.975720	37.85	177	106	4	543	717	23098	22581	1.7e-25	122.0
NCVOG0191-consensus	NODE_667_length_10347_cov_10.163291	34.46	177	99	17	22	183	6768	7289	4.8e-13	77.0
NCVOG0191-consensus	NODE_209_length_45646_cov_10.022077	30.96	197	123	13	22	205	23301	22720	3.4e-12	76.3
NCVOG2980-consensus	NODE_3_length_313823_cov_10.340992	32.85	481	249	74	67	474	32393	33823	9.8e-21	107.4
NCVOG1298-consensus	NODE_315_length_29059_cov_10.423401	23.51	336	238	19	243	575	23983	24939	1.2e-12	78.6
NCVOG1298-consensus	NODE_315_length_29059_cov_10.423401	23.55	361	241	35	230	575	21482	22501	4e-14	83.5
NCVOG1272-consensus	NODE_136_length_65705_cov_10.348393	21.71	1700	1132	199	459	2085	18910	23614	1.5e-11	77.9
NCVOG0652-consensus	NODE_6508_length_286_cov_8.650718	41.05	95	53	3	100	193	1	276	7.1e-16	82.1
NCVOG0652-consensus	NODE_2019_length_1056_cov_11.212462	40.00	100	59	1	74	172	755	1051	7.8e-16	83.8
NCVOG0652-consensus	NODE_1130_length_4043_cov_10.740545	38.00	100	61	1	74	172	302	6	3.5e-14	80.3
NCVOG0652-consensus	NODE_2460_length_749_cov_20.084821	33.01	206	113	25	198	379	137	744	9.2e-11	66.5
NCVOG0835-consensus	NODE_112_length_77303_cov_10.193921	39.07	151	72	20	2	133	14108	14552	5.3e-13	80.0
NCVOG4522-consensus	NODE_1996_length_1085_cov_14.927579	40.85	235	88	51	262	445	883	186	1.8e-23	109.3
NCVOG4522-consensus	NODE_4501_length_405_cov_12.259146	45.83	72	39	0	262	333	218	6	6.1e-11	66.3
NCVOG4522-consensus	NODE_9705_length_200_cov_7.113821	54.10	61	28	0	346	406	185	6	6.8e-11	65.1
NCVOG0522-consensus	NODE_291_length_31707_cov_10.488239	32.18	174	109	9	76	241	30547	30032	2.7e-15	86.5
NCVOG0522-consensus	NODE_270_length_34083_cov_10.106334	29.03	186	121	11	76	253	15736	15191	1.3e-14	84.4
NCVOG5117-consensus	NODE_654_length_10580_cov_9.671808	36.95	249	138	19	740	982	7147	6443	2.6e-21	107.3
NCVOG5117-consensus	NODE_654_length_10580_cov_9.671808	40.65	214	120	7	808	1015	2901	2272	1.5e-18	98.2
NCVOG5117-consensus	NODE_908_length_6039_cov_8.917310	33.56	292	168	26	740	1029	4429	3633	2.5e-20	103.3
NCVOG5117-consensus	NODE_333_length_27886_cov_10.333058	20.87	1452	1034	115	244	1621	12000	7777	2.9e-14	85.4
NCVOG5117-consensus	NODE_226_length_41063_cov_10.492192	32.13	249	154	15	732	976	8617	9327	3.8e-14	85.5
NCVOG5117-consensus	NODE_24_length_162806_cov_9.829424	34.50	342	187	37	645	972	16905	17858	6.5e-13	83.3
NCVOG4122-consensus	NODE_141_length_64431_cov_11.587143	32.90	307	185	21	110	400	14620	15522	9.4e-14	83.0
NCVOG4122-consensus	NODE_221_length_43300_cov_10.090253	27.78	180	122	8	140	311	9594	9058	2.4e-13	81.1
NCVOG4122-consensus	NODE_419_length_21113_cov_10.028285	29.63	189	126	7	71	255	20157	19603	2.3e-11	73.5
NCVOG0032-consensus	NODE_250_length_37669_cov_9.912641	27.26	730	339	192	252	823	24894	26968	7.8e-22	110.0
NCVOG0032-consensus	NODE_1_length_402457_cov_10.250591	27.42	569	319	94	290	814	19458	21007	1.9e-19	104.0
NCVOG0032-consensus	NODE_117_length_76335_cov_10.447743	27.13	715	348	173	308	868	25164	27242	1.4e-15	90.2
NCVOG0032-consensus	NODE_79_length_92391_cov_10.337468	26.58	884	369	280	252	869	74634	72050	7.1e-13	81.5
NCVOG0032-consensus	NODE_112_length_77303_cov_10.193921	23.89	854	519	131	82	835	52878	55325	8.7e-13	81.0
NCVOG0032-consensus	NODE_118_length_75804_cov_10.064931	26.11	674	380	118	286	877	30055	31935	1.8e-12	79.9
NCVOG0032-consensus	NODE_125_length_71900_cov_10.660916	24.40	496	309	66	409	870	43133	44507	8.9e-11	74.2
NCVOG0302-consensus	NODE_15_length_211878_cov_10.410550	31.91	282	159	33	285	535	122522	121690	2.6e-21	109.6
NCVOG0302-consensus	NODE_13_length_226474_cov_10.917941	32.34	167	111	2	2	168	173687	173196	2.6e-15	88.7
NCVOG0302-consensus	NODE_11_length_231077_cov_10.016753	29.53	193	129	7	2	194	178054	178608	4e-15	88.1
NCVOG0012-consensus	NODE_8_length_243513_cov_10.297969	55.91	127	51	5	297	420	47405	47034	1.7e-11	76.8
NCVOG0012-consensus	NODE_654_length_10580_cov_9.671808	38.26	264	137	26	263	501	6581	7356	3.6e-11	71.9
NCVOG0012-consensus	NODE_5484_length_338_cov_6.655172	58.04	112	37	10	306	414	16	327	9.5e-11	65.5
NCVOG0012-consensus	NODE_908_length_6039_cov_8.917310	49.68	157	70	9	306	461	2	443	9.9e-11	69.6
NCVOG0012-consensus	NODE_908_length_6039_cov_8.917310	30.25	400	223	56	74	429	3286	4432	4e-11	70.9
NCVOG0868-consensus	NODE_158_length_57803_cov_10.306737	54.65	86	37	2	137	222	20844	21092	4e-13	80.5
NCVOG0868-consensus	NODE_24_length_162806_cov_9.829424	48.98	98	49	1	158	254	17704	17418	1e-11	77.1
NCVOG0868-consensus	NODE_817_length_7098_cov_10.680672	58.82	68	28	0	168	235	1	201	1.7e-11	72.0
NCVOG0868-consensus	NODE_440_length_19667_cov_10.629658	56.58	76	29	4	153	225	9267	9046	6.1e-11	71.6
NCVOG2950-consensus	NODE_3096_length_579_cov_8.139442	35.48	124	75	5	54	174	30	392	2.1e-16	83.6
NCVOG2950-consensus	NODE_1768_length_1466_cov_20.091433	35.00	120	72	6	58	174	1465	1118	6.6e-12	70.0
NCVOG0996-consensus	NODE_1022_length_4882_cov_10.856400	21.96	337	245	18	154	489	4714	3762	1.7e-12	75.2
NCVOG0996-consensus	NODE_421_length_20968_cov_10.362692	20.70	343	259	13	153	492	18669	19664	2.2e-11	73.6
NCVOG0025-consensus	NODE_3_length_313823_cov_10.340992	26.09	460	287	53	91	521	147222	145928	2.2e-19	103.1
NCVOG0025-consensus	NODE_578_length_13105_cov_10.290912	24.31	436	293	37	100	521	1049	2280	3.4e-19	98.9
NCVOG0025-consensus	NODE_240_length_39291_cov_10.399373	26.06	426	277	38	112	521	38060	36866	6.5e-18	96.3
NCVOG0025-consensus	NODE_144_length_63811_cov_9.851743	24.74	489	314	54	39	486	17086	18502	8e-16	90.0
NCVOG0025-consensus	NODE_184_length_51166_cov_10.186792	28.98	421	226	73	138	522	13876	15016	6.1e-15	86.8
NCVOG0025-consensus	NODE_6_length_272458_cov_10.351801	27.07	351	231	25	177	522	105088	104109	3e-13	82.7
NCVOG0025-consensus	NODE_400_length_22095_cov_9.679081	28.95	190	127	8	302	485	9358	9918	9e-13	78.3
NCVOG0025-consensus	NODE_175_length_52930_cov_10.063781	26.59	440	237	86	132	522	14819	13626	1.5e-12	78.9
NCVOG0025-consensus	NODE_75_length_94214_cov_10.626905	29.05	420	217	81	136	501	58988	60159	8e-12	77.3
NCVOG0025-consensus	NODE_56_length_113125_cov_10.148096	25.23	444	289	43	105	522	64751	66020	9.6e-12	77.3
NCVOG0025-consensus	NODE_64_length_106356_cov_10.425964	23.93	489	315	57	77	522	34789	36198	1.6e-11	76.5
NCVOG0025-consensus	NODE_1949_length_1140_cov_12.550329	37.63	93	56	2	403	493	491	216	2.3e-11	69.4
NCVOG0025-consensus	NODE_203_length_47354_cov_10.471974	25.85	441	293	34	105	522	31713	32989	3.9e-11	74.0
NCVOG0025-consensus	NODE_44_length_130395_cov_10.268697	24.54	432	293	33	105	514	81580	82839	7.3e-11	74.6
NCVOG0271-consensus	NODE_22_length_172235_cov_10.087053	35.34	1112	574	145	179	1157	66432	63144	3.3e-64	253.2
NCVOG0271-consensus	NODE_924_length_5858_cov_20.206885	46.60	397	147	65	805	1136	7	1186	6.4e-51	204.3
NCVOG0271-consensus	NODE_498_length_16509_cov_10.949976	42.21	1156	469	199	179	1144	8675	12100	6.7e-50	202.4
NCVOG0271-consensus	NODE_2618_length_693_cov_22.019481	42.36	229	109	23	391	596	1	682	2.1e-34	146.4
NCVOG0271-consensus	NODE_65_length_105802_cov_10.223996	27.33	1233	694	202	102	1153	55464	59070	2.2e-15	90.4
NCVOG0271-consensus	NODE_826_length_7013_cov_20.167964	32.21	447	201	102	39	394	5705	7005	7e-13	78.2
NCVOG0078-consensus	NODE_2945_length_612_cov_10.654206	50.45	111	55	0	67	177	350	21	2e-22	104.2
NCVOG0078-consensus	NODE_542_length_14835_cov_10.631590	48.03	127	64	2	73	197	878	1255	4.3e-21	104.3
NCVOG0078-consensus	NODE_32_length_150483_cov_10.614882	47.10	138	65	8	68	197	26298	26704	7.5e-18	96.9
NCVOG0078-consensus	NODE_10787_length_179_cov_19.980392	60.71	56	22	0	102	157	4	168	1.6e-12	69.5
NCVOG4568-consensus	NODE_22_length_172235_cov_10.087053	46.07	178	95	1	305	482	167489	166962	1.8e-13	80.6
NCVOG4568-consensus	NODE_213_length_45078_cov_10.697918	42.70	178	102	0	305	482	36020	35490	1.2e-12	78.9
NCVOG4568-consensus	NODE_1022_length_4882_cov_10.856400	35.91	181	116	0	305	485	4582	4043	6.1e-12	73.3
NCVOG4568-consensus	NODE_8_length_243513_cov_10.297969	46.96	247	113	18	257	486	175618	174890	8e-11	73.9
NCVOG4511-consensus	NODE_44_length_130395_cov_10.268697	30.17	348	202	41	3	324	9601	10592	9.8e-11	74.5
NCVOG0451-consensus	NODE_41_length_133303_cov_10.300062	31.25	256	166	10	161	411	20137	20886	1.4e-22	113.2
NCVOG0451-consensus	NODE_304_length_29776_cov_10.421125	35.64	202	121	9	144	339	8630	8037	6.6e-18	95.5
NCVOG0451-consensus	NODE_419_length_21113_cov_10.028285	27.83	212	148	5	136	342	20136	19504	4.9e-15	85.5
NCVOG0451-consensus	NODE_831_length_6926_cov_10.898671	26.03	219	156	6	126	338	1048	1697	3.7e-12	74.3
NCVOG0451-consensus	NODE_288_length_31969_cov_10.402138	25.80	283	190	20	132	402	28974	28153	5.4e-12	76.0
NCVOG0451-consensus	NODE_221_length_43300_cov_10.090253	33.52	182	116	5	195	373	9594	9058	1.1e-11	75.4
NCVOG0451-consensus	NODE_4_length_300360_cov_10.369305	31.44	229	140	17	133	351	192263	191601	7.6e-11	74.4
NCVOG0967-consensus	NODE_213_length_45078_cov_10.697918	21.77	496	373	15	420	914	35933	34491	1.1e-11	76.6
NCVOG4241-consensus	NODE_63_length_107771_cov_10.384237	44.32	88	49	0	14	101	75901	76161	2.3e-15	87.7
NCVOG4241-consensus	NODE_908_length_6039_cov_8.917310	31.82	154	94	11	2	154	3804	4232	3.7e-12	72.9
NCVOG4907-consensus	NODE_44_length_130395_cov_10.268697	23.43	461	316	37	258	700	8983	10305	6.1e-11	75.3
NCVOG0301-consensus	NODE_15_length_211878_cov_10.410550	34.50	229	140	10	272	494	122558	121891	1.7e-20	106.8
NCVOG0021-consensus	NODE_478_length_17280_cov_11.641574	33.42	383	236	19	182	555	5225	4110	1.7e-28	131.2
NCVOG0021-consensus	NODE_478_length_17280_cov_11.641574	30.77	390	253	17	193	576	9244	8111	1.5e-17	94.8
NCVOG0021-consensus	NODE_315_length_29059_cov_10.423401	33.10	435	274	17	181	603	23952	25238	4.4e-28	130.5
NCVOG0021-consensus	NODE_315_length_29059_cov_10.423401	33.10	429	263	24	145	564	21460	22698	3.3e-28	131.0
NCVOG0021-consensus	NODE_449_length_18830_cov_9.963313	32.60	319	196	19	175	484	11882	10959	2.1e-19	101.1
NCVOG0021-consensus	NODE_449_length_18830_cov_9.963313	30.43	391	251	21	182	565	7946	6819	6.3e-20	102.8
NCVOG0021-consensus	NODE_226_length_41063_cov_10.492192	29.04	458	278	47	172	622	8629	9879	5.8e-15	87.5
NCVOG0021-consensus	NODE_908_length_6039_cov_8.917310	31.04	335	213	18	329	658	4531	3573	3.8e-14	82.0
NCVOG0021-consensus	NODE_654_length_10580_cov_9.671808	32.87	286	170	22	356	637	7225	6425	5.6e-13	78.9
NCVOG2860-consensus	NODE_41_length_133303_cov_10.300062	31.11	180	117	7	162	334	20242	20778	2.8e-11	75.5
NCVOG0001-consensus	NODE_74_length_96045_cov_10.389119	41.45	275	119	42	313	556	92692	91904	5.2e-34	151.3
NCVOG0001-consensus	NODE_330_length_28002_cov_10.167198	39.45	256	109	46	365	580	13098	13842	1.5e-30	138.0
NCVOG0001-consensus	NODE_200_length_48599_cov_10.458596	40.49	247	106	41	369	580	4433	5152	2.7e-30	138.0
NCVOG0001-consensus	NODE_395_length_22496_cov_10.643115	36.68	259	133	31	331	566	17533	18278	1.6e-24	117.6
NCVOG0001-consensus	NODE_395_length_22496_cov_10.643115	31.99	372	203	50	216	549	16171	17239	1.2e-26	124.7
NCVOG0001-consensus	NODE_74_length_96045_cov_10.389119	38.36	292	133	47	351	606	56971	57798	6.1e-13	81.3
NCVOG0001-consensus	NODE_19_length_185577_cov_10.349520	35.29	221	105	38	332	526	157102	157725	3.2e-12	77.5
NCVOG0001-consensus	NODE_1090_length_4275_cov_16.781324	35.85	212	87	49	339	504	2835	3456	5.3e-12	73.7
NCVOG0001-consensus	NODE_57_length_111058_cov_10.466440	35.71	196	92	34	381	556	16165	15627	5.5e-12	78.3
NCVOG0001-consensus	NODE_9_length_242331_cov_10.678090	32.33	300	128	75	328	555	755	1634	8.6e-11	74.8
NCVOG2058-consensus	NODE_41_length_133303_cov_10.300062	34.45	238	150	6	105	336	20155	20865	4e-21	108.3
NCVOG2058-consensus	NODE_141_length_64431_cov_11.587143	35.07	288	172	15	91	367	14674	15522	5.8e-20	103.4
NCVOG2058-consensus	NODE_419_length_21113_cov_10.028285	37.65	162	97	4	91	248	20085	19603	1.2e-17	94.1
NCVOG2058-consensus	NODE_304_length_29776_cov_10.421125	33.33	216	135	9	158	367	8672	8037	4.6e-15	86.0
NCVOG2058-consensus	NODE_221_length_43300_cov_10.090253	33.89	180	115	4	133	308	9594	9058	5.2e-14	83.0
NCVOG2058-consensus	NODE_124_length_72455_cov_10.413150	27.34	278	180	22	9	269	65965	65154	1.3e-13	82.5
NCVOG2058-consensus	NODE_143_length_63905_cov_10.330889	28.81	236	154	14	143	368	25638	24950	4.8e-12	77.1
NCVOG2058-consensus	NODE_652_length_10651_cov_10.698411	26.56	256	166	22	31	269	8908	8159	2.4e-11	72.2
NCVOG0066-consensus	NODE_132_length_68038_cov_10.312267	28.04	321	203	28	118	425	44552	45466	2e-18	98.9
NCVOG0066-consensus	NODE_143_length_63905_cov_10.330889	31.44	388	176	90	125	442	51341	50251	8.5e-14	83.5
NCVOG0038-consensus	NODE_14_length_215383_cov_10.225293	30.37	1011	419	285	237	974	191852	194809	2.2e-22	112.9
NCVOG0228-consensus	NODE_415_length_21372_cov_21.059732	26.55	840	496	121	154	906	3882	6276	6.4e-41	172.6
NCVOG0228-consensus	NODE_129_length_70318_cov_10.764152	26.25	819	501	103	163	906	11538	13895	8.2e-41	174.0
NCVOG0228-consensus	NODE_754_length_8283_cov_12.464051	25.37	867	487	160	155	893	4914	7409	4.4e-13	78.8
NCVOG0228-consensus	NODE_294_length_31402_cov_10.958978	27.35	680	360	134	327	893	23364	25331	1.2e-12	79.3
NCVOG0280-consensus	NODE_216_length_44279_cov_10.455862	19.33	1485	1091	107	297	1705	21047	25405	2.8e-33	149.2
NCVOG0280-consensus	NODE_184_length_51166_cov_10.186792	20.84	1219	864	101	446	1635	40931	37500	1.3e-13	84.2
NCVOG0280-consensus	NODE_452_length_18747_cov_10.712748	22.30	1076	728	108	282	1304	4444	7489	2.6e-13	81.7
NCVOG0280-consensus	NODE_340_length_27165_cov_10.432738	22.86	1041	693	110	324	1301	13093	10129	3.7e-13	81.7
NCVOG0280-consensus	NODE_227_length_40779_cov_10.185445	22.60	1363	892	163	289	1587	4601	8373	8.1e-13	81.2
NCVOG0280-consensus	NODE_54_length_115001_cov_10.083945	21.23	994	711	72	739	1692	90510	93384	2.3e-12	81.2
NCVOG0218-consensus	NODE_828_length_6981_cov_10.109357	35.30	626	307	98	350	900	5408	3603	1.8e-34	149.8
NCVOG0218-consensus	NODE_908_length_6039_cov_8.917310	58.42	279	87	29	616	890	3777	4535	2.7e-34	149.1
NCVOG0218-consensus	NODE_654_length_10580_cov_9.671808	54.61	293	96	37	618	902	6492	7280	3.2e-32	143.0
NCVOG0218-consensus	NODE_654_length_10580_cov_9.671808	32.16	681	379	83	345	962	1223	3182	8e-24	115.1
NCVOG0218-consensus	NODE_440_length_19667_cov_10.629658	31.53	666	411	45	250	883	10681	8740	5.6e-26	123.1
NCVOG0218-consensus	NODE_2_length_366517_cov_10.458935	33.39	560	288	85	420	908	139425	141051	4.1e-22	113.2
NCVOG0218-consensus	NODE_315_length_29059_cov_10.423401	38.00	521	251	72	477	946	25224	23746	8.6e-22	109.8
NCVOG0218-consensus	NODE_315_length_29059_cov_10.423401	36.76	389	219	27	538	903	22612	21465	2.4e-14	85.1
NCVOG0218-consensus	NODE_24_length_162806_cov_9.829424	35.21	497	282	40	448	907	18485	17021	6e-21	109.4
NCVOG0218-consensus	NODE_478_length_17280_cov_11.641574	39.63	381	208	22	536	901	4114	5232	1.3e-19	101.9
NCVOG0218-consensus	NODE_478_length_17280_cov_11.641574	36.22	392	214	36	533	900	8173	9295	2.6e-14	84.2
NCVOG0218-consensus	NODE_306_length_29676_cov_10.831008	32.22	537	314	50	384	902	26387	24898	8.6e-19	99.9
NCVOG0218-consensus	NODE_214_length_44982_cov_10.342701	32.19	668	317	136	333	893	8787	10696	1e-17	96.9
NCVOG0218-consensus	NODE_226_length_41063_cov_10.492192	39.30	430	218	43	494	888	9854	8592	4.7e-17	94.6
NCVOG0218-consensus	NODE_618_length_11490_cov_9.934986	34.02	635	300	119	354	894	2303	4129	4.1e-16	89.6
NCVOG0218-consensus	NODE_410_length_21618_cov_11.347013	30.77	364	226	26	545	888	7970	9040	2.4e-15	88.0
NCVOG0218-consensus	NODE_794_length_7634_cov_9.720392	41.64	269	129	28	647	897	3	776	2.9e-15	86.2
NCVOG0218-consensus	NODE_244_length_38518_cov_10.680289	30.83	678	320	149	348	891	38517	36532	1.7e-14	86.0
NCVOG0218-consensus	NODE_8_length_243513_cov_10.297969	41.96	255	131	17	608	853	47531	46796	1.9e-14	87.7
NCVOG0218-consensus	NODE_183_length_51216_cov_10.245801	39.02	328	171	29	601	899	51206	50248	2.3e-14	86.0
NCVOG0218-consensus	NODE_253_length_37406_cov_10.057810	47.11	242	99	29	620	835	36683	37370	2.4e-14	85.4
NCVOG0218-consensus	NODE_449_length_18830_cov_9.963313	37.72	403	189	62	467	838	6859	7965	2.8e-14	84.2
NCVOG0218-consensus	NODE_97_length_83934_cov_10.418522	29.71	653	369	90	352	932	23041	24920	1.6e-13	83.9
NCVOG0218-consensus	NODE_5484_length_338_cov_6.655172	61.74	115	35	9	628	741	16	333	1.7e-13	75.8
NCVOG0218-consensus	NODE_89_length_88728_cov_10.274210	30.00	650	365	90	385	962	54785	52925	7.7e-13	81.7
NCVOG0218-consensus	NODE_331_length_27980_cov_10.610422	30.02	653	346	111	350	892	11600	13540	2.6e-12	78.3
NCVOG0218-consensus	NODE_172_length_54200_cov_20.287770	35.42	288	167	19	657	934	20491	21316	1.5e-11	76.7
NCVOG0218-consensus	NODE_16_length_208731_cov_10.388859	30.96	659	342	113	360	909	139785	141734	1.5e-11	78.2
NCVOG0218-consensus	NODE_110_length_78909_cov_10.376192	28.81	472	304	32	433	885	18840	20213	1.6e-11	77.2
NCVOG0218-consensus	NODE_954_length_5561_cov_20.362691	30.11	558	316	74	356	861	2754	4352	2.6e-11	72.6
NCVOG0218-consensus	NODE_1303_length_3048_cov_10.433524	29.20	452	276	44	492	910	38	1327	7.6e-11	70.2
NCVOG0018-consensus	NODE_618_length_11490_cov_9.934986	21.13	1150	848	59	19	1145	1558	4896	1e-33	148.2
NCVOG0018-consensus	NODE_954_length_5561_cov_20.362691	21.22	985	734	42	141	1100	1532	4432	5.1e-23	111.6
NCVOG0018-consensus	NODE_132_length_68038_cov_10.312267	24.63	1023	653	118	46	1025	16748	13908	1.3e-20	107.2
NCVOG0018-consensus	NODE_161_length_57362_cov_10.264607	25.88	622	417	44	408	1012	2521	4302	7e-20	104.5
NCVOG0018-consensus	NODE_213_length_45078_cov_10.697918	21.53	813	573	65	235	1023	36601	34293	2.7e-17	95.6
NCVOG0018-consensus	NODE_22_length_172235_cov_10.087053	20.16	630	471	32	348	973	167687	165885	2.9e-17	94.5
NCVOG0018-consensus	NODE_333_length_27886_cov_10.333058	21.74	929	657	70	224	1136	10425	7806	1.3e-15	89.3
NCVOG0018-consensus	NODE_333_length_27886_cov_10.333058	26.43	507	346	27	523	1024	11934	10483	3e-17	94.8
NCVOG0018-consensus	NODE_244_length_38518_cov_10.680289	23.67	566	400	32	480	1040	38500	36887	6e-13	80.9
NCVOG0018-consensus	NODE_257_length_37089_cov_10.459770	22.83	806	571	51	270	1053	22928	25245	1e-12	80.1
NCVOG0018-consensus	NODE_410_length_21618_cov_11.347013	18.87	657	505	28	336	975	7098	9030	2.1e-11	75.0
NCVOG0018-consensus	NODE_47_length_123042_cov_19.979482	20.57	841	598	70	187	1010	90936	88592	6.8e-11	75.8
NCVOG4344-consensus	NODE_48_length_122477_cov_9.909338	29.39	313	198	23	45	345	31566	32466	3.1e-11	75.7
NCVOG0226-consensus	NODE_245_length_38329_cov_10.442853	34.97	143	86	7	13	153	28509	28915	4e-13	80.1
NCVOG0226-consensus	NODE_828_length_6981_cov_10.109357	39.04	146	78	11	11	154	4784	4381	6.3e-12	73.7
NCVOG0226-consensus	NODE_440_length_19667_cov_10.629658	35.25	139	82	8	19	149	9318	8905	1e-11	74.5
NCVOG0226-consensus	NODE_24_length_162806_cov_9.829424	38.17	131	80	1	28	157	17731	17342	2.2e-11	76.4
NCVOG0226-consensus	NODE_158_length_57803_cov_10.306737	38.76	129	65	14	31	155	20937	21290	3.3e-11	74.4
NCVOG0226-consensus	NODE_817_length_7098_cov_10.680672	34.13	126	74	9	31	148	13	384	7.1e-11	70.3
NCVOG4170-consensus	NODE_213_length_45078_cov_10.697918	36.64	363	155	75	45	332	43568	42487	4.6e-18	96.4
NCVOG4170-consensus	NODE_4342_length_418_cov_7.052786	53.41	88	40	1	127	213	28	284	4.4e-17	86.4
NCVOG4587-consensus	NODE_667_length_10347_cov_10.163291	49.37	79	36	4	57	131	6870	7103	1e-12	76.2
