NCVOG0719-consensus	scaffold_46	31.03	232	160	0	47	278	48639	49331	2.1e-28	127.7
NCVOG0719-consensus	scaffold_297	29.69	229	146	15	38	256	26267	26935	7.3e-18	91.3
NCVOG1069-consensus	scaffold_62	27.47	415	223	78	76	423	9660	10860	1.5e-11	72.2
NCVOG0669-consensus	scaffold_32	27.97	236	158	12	234	464	110229	109546	2e-18	95.5
NCVOG0669-consensus	scaffold_36	25.00	380	237	48	108	443	57729	58849	9.3e-15	83.3
NCVOG0669-consensus	scaffold_36	24.57	411	258	52	77	439	53810	52593	2.4e-14	81.9
NCVOG0669-consensus	scaffold_1074	26.79	392	231	56	101	437	2173	3340	6.1e-14	76.2
NCVOG0669-consensus	scaffold_1027	26.79	392	231	56	101	437	4393	5560	7e-14	76.2
NCVOG0669-consensus	scaffold_54	23.08	377	245	45	108	443	27483	28596	2.2e-13	78.4
NCVOG0669-consensus	scaffold_942	36.63	101	62	2	338	438	6233	5940	1.7e-12	71.8
NCVOG0669-consensus	scaffold_214	24.32	259	167	29	228	460	20497	21261	3.4e-11	70.2
NCVOG0669-consensus	scaffold_398	35.42	96	60	2	343	438	26898	27176	4.4e-11	69.2
NCVOG0669-consensus	scaffold_902	26.23	244	141	39	229	439	6053	6763	4.7e-11	67.2
NCVOG0669-consensus	scaffold_326	23.02	430	301	30	34	448	7539	8780	5.3e-11	69.2
NCVOG0669-consensus	scaffold_214	25.97	231	163	8	238	464	10719	10046	6e-11	69.4
NCVOG0333-consensus	scaffold_42	47.25	91	45	3	605	695	69207	68947	9.9e-12	73.7
NCVOG0333-consensus	scaffold_11	47.25	91	45	3	605	695	82857	83117	1.5e-11	73.7
NCVOG0333-consensus	scaffold_107	50.62	81	35	5	599	677	39791	40021	4.2e-11	71.0
NCVOG0333-consensus	scaffold_17	50.62	81	35	5	599	677	121745	121975	9.4e-11	71.0
NCVOG0333-consensus	scaffold_17	45.74	94	48	3	584	677	117707	117438	9.4e-11	71.0
NCVOG2223-consensus	scaffold_261	35.74	249	121	39	700	910	37006	36272	4.7e-25	117.0
NCVOG2223-consensus	scaffold_190	38.24	204	98	28	689	871	21367	21952	3.9e-17	91.0
NCVOG0233-consensus	scaffold_120	36.89	938	474	118	38	865	1903	4685	3.5e-60	234.2
NCVOG0233-consensus	scaffold_124	36.89	938	474	118	38	865	58039	60821	5.1e-60	233.7
NCVOG0233-consensus	scaffold_4	26.29	913	410	263	201	850	87911	90644	7.4e-53	211.2
NCVOG0233-consensus	scaffold_4	27.44	798	342	237	231	791	66243	68629	4.4e-38	162.1
NCVOG0233-consensus	scaffold_4	26.68	817	336	263	206	759	92172	94617	2.4e-37	159.6
NCVOG0233-consensus	scaffold_4	29.58	213	110	40	36	208	87250	87881	3.4e-12	76.1
NCVOG0233-consensus	scaffold_327	31.03	896	394	224	33	706	7708	10384	2.3e-42	174.3
NCVOG0233-consensus	scaffold_815	28.02	810	444	139	135	814	3944	1553	1e-39	163.7
NCVOG0233-consensus	scaffold_143	28.65	754	383	155	135	738	187	2422	1.9e-36	155.3
NCVOG0233-consensus	scaffold_257	27.56	751	390	154	135	738	32747	30519	3.5e-36	153.9
NCVOG0233-consensus	scaffold_158	23.61	915	575	124	28	862	49251	46654	3.7e-27	124.4
NCVOG0233-consensus	scaffold_123	23.65	905	577	114	28	862	22745	20174	2e-24	115.4
NCVOG0233-consensus	scaffold_224	25.95	790	462	123	94	761	4092	1731	2.4e-22	108.1
NCVOG0233-consensus	scaffold_94	32.61	276	136	50	452	679	427	1245	4.6e-19	97.8
NCVOG0233-consensus	scaffold_494	28.02	653	349	121	133	669	16851	14923	1e-18	95.1
NCVOG0233-consensus	scaffold_37	29.26	646	339	118	136	676	57808	59701	1.7e-16	89.9
NCVOG0233-consensus	scaffold_197	26.93	698	332	178	137	666	12451	14503	2.3e-15	85.0
NCVOG0233-consensus	scaffold_241	27.49	684	374	122	122	694	33326	31317	3.6e-15	84.2
NCVOG0663-consensus	scaffold_854	24.47	568	318	111	138	607	6132	7793	1e-13	76.7
NCVOG0073-consensus	scaffold_1148	38.26	677	341	77	20	640	2507	4467	1e-103	375.2
NCVOG0073-consensus	scaffold_932	37.72	631	353	40	28	640	3203	1380	1e-89	329.4
NCVOG0073-consensus	scaffold_1412	43.34	563	273	46	30	566	1643	18	4.2e-61	232.9
NCVOG0073-consensus	scaffold_286	34.94	664	375	57	33	671	14384	16276	3.4e-55	217.1
NCVOG0073-consensus	scaffold_422	28.13	519	347	26	33	531	11242	9711	4.9e-42	172.9
NCVOG0073-consensus	scaffold_300	28.13	519	347	26	33	531	30094	28563	3.6e-41	170.5
NCVOG0073-consensus	scaffold_582	27.03	407	239	58	53	408	1457	2649	1.8e-16	87.5
NCVOG0073-consensus	scaffold_456	27.36	402	243	49	53	408	16325	17510	6.1e-16	86.1
NCVOG1068-consensus	scaffold_281	36.60	194	59	64	85	214	10257	9679	4.4e-11	68.6
NCVOG1068-consensus	scaffold_436	43.44	122	43	26	102	197	12084	11724	5.3e-11	67.8
NCVOG4523-consensus	scaffold_82	33.94	872	414	162	59	823	62217	59786	3.5e-35	151.7
NCVOG1353-consensus	scaffold_643	55.01	809	267	97	79	793	12731	15141	4.2e-50	198.7
NCVOG1353-consensus	scaffold_81	54.49	813	269	101	79	793	6270	8686	9e-50	199.8
NCVOG4045-consensus	scaffold_1	23.59	390	217	81	70	380	166611	167763	1e-12	76.3
NCVOG0243-consensus	scaffold_700	30.94	404	240	39	24	399	5043	3868	2.9e-26	118.3
NCVOG0055-consensus	scaffold_310	36.09	169	95	13	226	389	23581	23114	1.4e-19	97.7
NCVOG0055-consensus	scaffold_189	29.58	311	175	44	114	392	3953	4842	5.7e-19	96.0
NCVOG0055-consensus	scaffold_406	33.14	175	108	9	191	356	14830	15351	1.5e-11	70.5
NCVOG4105-consensus	scaffold_1335	33.65	1067	538	170	145	1075	3140	63	1.9e-29	128.1
NCVOG4105-consensus	scaffold_1243	34.22	1201	581	209	14	1038	3658	180	2.3e-20	98.3
NCVOG0305-consensus	scaffold_328	31.29	294	190	12	769	1054	19922	20784	1e-28	129.7
NCVOG0305-consensus	scaffold_949	28.41	345	208	39	769	1076	6045	5028	1.5e-22	106.9
NCVOG0305-consensus	scaffold_1384	34.71	170	107	4	820	987	224	724	5.4e-21	100.5
NCVOG0305-consensus	scaffold_114	30.69	303	173	37	1296	1564	40834	39940	1.5e-19	100.2
NCVOG0305-consensus	scaffold_13	33.60	247	147	17	1334	1571	53222	52509	1.1e-18	98.5
NCVOG0305-consensus	scaffold_173	26.60	391	240	47	657	1029	31492	30412	2.5e-18	95.8
NCVOG0305-consensus	scaffold_164	31.20	234	137	24	1306	1518	34656	35345	4.4e-13	78.5
NCVOG0305-consensus	scaffold_1427	30.46	151	96	9	1377	1519	2482	2036	4.8e-13	73.9
NCVOG0305-consensus	scaffold_316	28.69	366	188	73	784	1083	32274	31209	5.1e-13	77.7
NCVOG0305-consensus	scaffold_90	32.09	268	152	30	782	1029	49710	48942	2e-11	73.3
NCVOG0305-consensus	scaffold_226	33.69	187	99	25	1304	1478	25822	26340	4e-11	71.7
NCVOG0305-consensus	scaffold_4	29.55	291	160	45	762	1016	33789	32949	5e-11	73.0
NCVOG0305-consensus	scaffold_318	30.42	286	166	33	1247	1507	14714	13884	8.1e-11	70.3
NCVOG0105-consensus	scaffold_166	29.97	287	170	31	588	846	30381	29541	3e-11	71.7
NCVOG4804-consensus	scaffold_371	57.66	137	49	9	44	180	31926	31546	7.7e-29	127.0
NCVOG4804-consensus	scaffold_631	57.14	140	51	9	41	180	16858	16469	1.1e-28	125.6
NCVOG4804-consensus	scaffold_522	54.79	146	57	9	41	186	3	410	1.7e-28	125.4
NCVOG4804-consensus	scaffold_276	57.14	140	51	9	41	180	27935	28324	2.5e-28	125.7
NCVOG4804-consensus	scaffold_95	40.11	177	98	8	10	186	34318	34821	7.3e-28	124.9
NCVOG4804-consensus	scaffold_95	50.00	124	53	9	41	164	33929	34270	1.6e-20	100.5
NCVOG4804-consensus	scaffold_67	57.25	138	50	9	43	180	43288	43671	8.5e-28	124.9
NCVOG4804-consensus	scaffold_681	50.86	116	48	9	41	156	322	5	2.7e-18	90.9
NCVOG4804-consensus	scaffold_58	44.97	169	53	40	44	180	41823	41348	3.4e-11	69.9
NCVOG0282-consensus	scaffold_173	27.44	430	284	28	155	572	31642	30412	1.4e-20	102.4
NCVOG0282-consensus	scaffold_318	28.94	311	207	14	237	541	14737	13836	2.8e-18	94.3
NCVOG0282-consensus	scaffold_13	31.85	248	158	11	351	594	53222	52503	3.7e-18	95.9
NCVOG0282-consensus	scaffold_213	32.22	239	138	24	360	581	38389	37697	3.9e-15	84.2
NCVOG0282-consensus	scaffold_603	31.00	200	126	12	330	522	1297	1878	2.5e-14	80.1
NCVOG0282-consensus	scaffold_293	25.53	564	307	113	110	582	28112	26494	2.2e-12	74.7
NCVOG0282-consensus	scaffold_4	31.41	312	160	54	327	588	33729	32815	4.7e-11	72.3
NCVOG0282-consensus	scaffold_9	25.59	512	313	68	39	495	44867	43386	8.2e-11	71.5
NCVOG4883-consensus	scaffold_387	30.48	479	271	62	11	462	6421	5095	2.4e-30	133.2
NCVOG4019-consensus	scaffold_24	30.77	247	146	25	8	243	118256	117561	1.5e-15	85.2
NCVOG0360-consensus	scaffold_843	45.82	275	142	7	24	293	8938	9753	1.5e-53	208.1
NCVOG0979-consensus	scaffold_91	47.43	331	139	35	33	328	61600	60613	3.6e-47	189.9
NCVOG0979-consensus	scaffold_116	44.47	371	151	55	13	328	3778	4881	1.2e-46	188.0
NCVOG0979-consensus	scaffold_147	44.47	371	151	55	13	328	37833	38936	2.3e-46	187.0
NCVOG4274-consensus	scaffold_100	21.37	688	507	34	135	810	49295	47313	7.9e-12	73.7
NCVOG0274-consensus	scaffold_450	37.15	1475	701	226	93	1357	21270	25637	3.5e-59	230.4
NCVOG0274-consensus	scaffold_302	31.74	1462	710	288	182	1364	7520	11847	4.5e-48	194.0
NCVOG0274-consensus	scaffold_114	31.08	1097	507	249	206	1064	57967	61201	1.7e-17	93.1
NCVOG0074-consensus	scaffold_1148	61.35	639	221	26	25	637	2651	4560	1.4e-183	640.0
NCVOG0074-consensus	scaffold_1412	61.71	551	186	25	12	538	1655	9	1.3e-94	343.6
NCVOG0074-consensus	scaffold_932	53.46	621	260	29	14	613	3203	1368	1.4e-84	311.8
NCVOG0074-consensus	scaffold_286	46.58	614	291	37	27	616	14408	16207	1.5e-79	297.5
NCVOG0074-consensus	scaffold_422	33.92	513	284	55	48	506	11232	9702	1.9e-47	190.3
NCVOG0074-consensus	scaffold_300	34.31	513	282	55	48	506	30084	28554	2.6e-47	190.3
NCVOG0074-consensus	scaffold_582	32.50	400	212	58	39	380	1457	2649	6.2e-24	111.7
NCVOG0074-consensus	scaffold_456	32.68	407	214	60	34	380	16301	17510	6.9e-24	111.9
NCVOG1299-consensus	scaffold_829	60.78	102	29	11	56	146	5043	5345	1.2e-22	104.4
NCVOG1299-consensus	scaffold_860	38.31	154	57	38	7	122	4609	5067	5.5e-12	68.9
NCVOG4324-consensus	scaffold_370	29.05	568	293	110	121	586	20664	19006	4e-12	73.2
NCVOG4134-consensus	scaffold_740	33.83	467	220	89	41	458	1034	2307	1.8e-11	69.1
NCVOG0034-consensus	scaffold_20	33.23	331	185	36	116	429	123701	124629	1.6e-16	89.3
NCVOG0304-consensus	scaffold_226	30.19	212	134	14	15	218	25711	26323	2.5e-12	74.0
NCVOG0304-consensus	scaffold_603	37.50	128	73	7	83	205	1363	1737	5.4e-12	71.6
NCVOG0304-consensus	scaffold_111	30.13	229	142	18	2	221	43390	42734	1e-11	72.4
NCVOG0214-consensus	scaffold_389	32.37	278	168	20	285	549	18120	17327	1.7e-14	81.3
NCVOG0214-consensus	scaffold_104	32.50	280	163	26	282	546	23860	23065	8e-14	80.2
NCVOG0214-consensus	scaffold_97	44.34	106	59	0	374	479	5900	6214	8.2e-14	80.2
NCVOG0214-consensus	scaffold_83	28.16	348	215	35	111	450	40727	39776	1.1e-13	79.9
NCVOG0214-consensus	scaffold_706	23.91	506	359	26	75	569	3116	1653	2.3e-13	76.4
NCVOG0214-consensus	scaffold_461	30.31	287	179	21	268	550	20734	21526	4.3e-13	76.4
NCVOG0214-consensus	scaffold_194	31.38	188	123	6	358	544	8282	8827	8e-12	73.1
NCVOG0214-consensus	scaffold_207	33.99	153	96	5	361	513	15764	15324	6.2e-11	70.1
NCVOG0214-consensus	scaffold_660	25.47	424	260	56	123	522	15002	13838	8.8e-11	68.0
NCVOG0214-consensus	scaffold_1635	28.80	184	127	4	368	551	150	686	9.7e-11	64.7
NCVOG0004-consensus	scaffold_1080	29.36	235	155	11	48	281	1866	2533	3.9e-18	90.5
NCVOG0276-consensus	scaffold_4	55.88	374	87	78	48	343	9530	10644	6.6e-57	223.3
NCVOG2204-consensus	scaffold_167	42.05	195	108	5	247	437	30505	29927	1e-37	158.4
NCVOG2204-consensus	scaffold_317	34.67	225	129	18	205	413	30380	31045	1.4e-24	114.2
NCVOG2204-consensus	scaffold_2	30.05	183	99	29	287	441	205603	206141	2.2e-11	71.6
NCVOG0777-consensus	scaffold_4	42.86	119	55	13	188	304	79108	78794	1.7e-18	97.7
NCVOG0777-consensus	scaffold_555	36.31	157	96	4	155	311	193	648	1.7e-15	85.0
NCVOG0777-consensus	scaffold_555	32.69	260	164	11	207	464	764	15	6.8e-13	76.3
NCVOG0777-consensus	scaffold_195	37.85	177	76	34	148	303	24473	24953	2.4e-12	75.8
NCVOG1060-consensus	scaffold_404	31.12	347	199	40	20	334	26849	25836	4.3e-22	105.5
NCVOG1060-consensus	scaffold_121	28.29	449	260	62	17	413	22511	21202	1e-20	102.0
NCVOG4966-consensus	scaffold_899	6.68	449	406	13	48	485	3481	4812	1.5e-18	92.2
NCVOG0185-consensus	scaffold_1587	28.38	229	126	38	1	226	887	317	2.7e-14	75.0
NCVOG0185-consensus	scaffold_533	30.24	205	131	12	32	233	20724	21298	5.3e-14	77.5
NCVOG0185-consensus	scaffold_669	36.04	111	71	0	32	142	3410	3081	8.8e-12	69.6
NCVOG3000-consensus	scaffold_461	30.99	142	67	31	75	211	21516	21176	1.7e-12	72.7
NCVOG3000-consensus	scaffold_505	27.81	151	90	19	63	205	15378	14962	6.8e-11	67.2
NCVOG3000-consensus	scaffold_280	25.48	208	130	25	15	206	5046	5631	9.6e-11	67.5
NCVOG0030-consensus	scaffold_137	34.56	463	213	90	76	472	33934	35247	3.1e-29	131.2
NCVOG0030-consensus	scaffold_11	31.67	480	183	145	84	432	25528	24142	5.8e-19	98.4
NCVOG4494-consensus	scaffold_20	35.58	326	178	32	23	316	56285	55311	1.5e-22	109.6
NCVOG4494-consensus	scaffold_933	30.26	304	182	30	39	313	3854	4759	1e-18	92.7
NCVOG4494-consensus	scaffold_247	34.40	343	192	33	21	330	37279	38304	1.1e-18	95.2
NCVOG4494-consensus	scaffold_153	38.24	204	120	6	24	221	26850	27458	5.1e-18	93.3
NCVOG4494-consensus	scaffold_929	38.01	221	126	11	19	228	5434	6091	2.5e-17	88.1
NCVOG4494-consensus	scaffold_312	41.27	189	98	13	27	204	2216	2773	3.1e-16	86.8
NCVOG4494-consensus	scaffold_431	33.55	310	180	26	40	323	7059	6133	2.2e-15	83.5
NCVOG4494-consensus	scaffold_210	36.52	230	135	11	36	256	4640	5320	3.8e-15	83.5
NCVOG4494-consensus	scaffold_841	36.96	230	134	11	36	256	5508	4828	4.2e-15	81.0
NCVOG4494-consensus	scaffold_76	36.41	217	122	16	27	232	30226	29594	1.8e-14	81.9
NCVOG4494-consensus	scaffold_968	35.43	175	106	7	51	218	5027	4506	2.8e-13	74.5
NCVOG4494-consensus	scaffold_64	30.23	258	162	18	2	250	54184	54915	5e-13	77.3
NCVOG4494-consensus	scaffold_927	38.95	172	97	8	20	184	7160	6651	6.5e-13	73.4
NCVOG4494-consensus	scaffold_54	34.97	163	99	7	37	192	18072	17587	9.4e-13	76.5
NCVOG4494-consensus	scaffold_72	36.97	238	139	11	28	256	28035	27331	6.4e-12	73.5
NCVOG4494-consensus	scaffold_72	35.14	222	129	15	21	232	24640	23993	6.4e-12	73.5
NCVOG4494-consensus	scaffold_72	34.11	214	127	14	23	225	64327	63698	7.7e-12	73.2
NCVOG4494-consensus	scaffold_516	35.15	202	122	9	27	219	10574	9972	8.4e-12	71.3
NCVOG4494-consensus	scaffold_190	41.10	163	88	8	15	170	46264	45782	8.9e-12	72.4
NCVOG4494-consensus	scaffold_496	34.11	302	166	33	7	292	17284	16435	1.3e-11	70.7
NCVOG4494-consensus	scaffold_2071	39.85	133	74	6	37	163	942	547	1.6e-11	65.9
NCVOG4494-consensus	scaffold_333	35.04	254	144	21	21	264	1233	1958	2.8e-11	70.2
NCVOG4494-consensus	scaffold_70	36.17	188	114	6	37	218	64953	65513	3.6e-11	71.0
NCVOG4494-consensus	scaffold_136	35.04	254	144	21	21	264	8308	7583	4.7e-11	70.2
NCVOG4494-consensus	scaffold_15	34.78	253	149	16	70	313	14058	14780	8e-11	70.8
NCVOG0077-consensus	scaffold_38	32.62	233	144	13	333	559	40801	41475	2.8e-23	112.2
NCVOG0077-consensus	scaffold_38	36.97	165	94	10	552	712	42018	42489	2.4e-12	75.9
NCVOG0077-consensus	scaffold_46	32.62	233	144	13	333	559	65667	64993	2.9e-23	111.9
NCVOG0077-consensus	scaffold_46	40.14	147	78	10	567	709	64411	63994	3.2e-13	78.6
NCVOG0296-consensus	scaffold_318	26.02	246	169	13	10	247	14486	13767	2.3e-13	77.5
NCVOG0267-consensus	scaffold_1310	30.34	435	234	69	336	722	2009	781	2.6e-17	88.0
NCVOG0267-consensus	scaffold_1196	26.13	555	317	93	305	793	1716	3288	2e-14	78.8
NCVOG0267-consensus	scaffold_1436	28.65	178	120	7	598	774	2448	1940	1.9e-13	74.7
NCVOG0267-consensus	scaffold_150	26.98	493	271	89	297	718	28494	29903	9.5e-12	73.6
NCVOG4357-consensus	scaffold_415	32.10	539	274	92	2	458	3512	1929	8e-27	121.5
NCVOG4357-consensus	scaffold_33	32.78	543	274	91	2	466	25981	24399	3.8e-26	121.2
NCVOG4357-consensus	scaffold_351	32.29	545	263	106	6	466	12787	14352	4.3e-26	119.3
NCVOG4357-consensus	scaffold_186	32.34	538	274	90	2	458	25156	23573	9.4e-26	118.8
NCVOG4357-consensus	scaffold_6	33.64	547	251	112	2	454	1776	3355	1.1e-25	120.2
NCVOG0517-consensus	scaffold_375	21.20	250	185	12	102	343	13995	14723	6e-12	71.7
NCVOG0046-consensus	scaffold_234	61.54	65	23	2	10	72	43574	43383	8e-13	75.0
NCVOG0046-consensus	scaffold_54	61.54	65	23	2	10	72	63351	63160	1.9e-12	74.7
NCVOG1337-consensus	scaffold_212	32.50	200	100	35	93	258	24570	25163	1e-13	77.8
NCVOG1337-consensus	scaffold_74	33.17	199	99	34	93	258	48361	47775	6e-13	75.9
NCVOG0037-consensus	scaffold_26	41.70	1156	424	250	97	1004	115984	112550	6.3e-45	184.8
NCVOG0778-consensus	scaffold_475	33.72	522	306	40	4	517	855	2321	1.9e-44	180.0
NCVOG0778-consensus	scaffold_170	32.88	520	309	40	4	515	21111	22571	3.4e-44	180.3
NCVOG0007-consensus	scaffold_163	32.58	353	196	42	48	358	29023	27968	2e-24	114.0
NCVOG0284-consensus	scaffold_574	29.84	315	180	41	27	311	11434	10526	2.4e-12	72.2
NCVOG0806-consensus	scaffold_789	32.81	445	218	81	68	447	9916	8641	4.6e-30	130.7
NCVOG0329-consensus	scaffold_261	44.64	168	69	24	1142	1285	36982	36484	3.2e-20	101.5
NCVOG0329-consensus	scaffold_190	41.38	203	87	32	1123	1298	21361	21949	2.4e-14	82.3
NCVOG0329-consensus	scaffold_1909	26.27	354	233	28	304	643	107	1123	1.1e-12	71.5
NCVOG0029-consensus	scaffold_1053	30.81	422	219	73	38	389	2752	4001	1.5e-19	95.1
NCVOG0029-consensus	scaffold_92	34.54	359	164	71	64	352	30342	31402	8.6e-19	96.2
NCVOG0029-consensus	scaffold_116	28.88	367	189	72	56	352	2549	1464	3.5e-14	80.8
NCVOG4154-consensus	scaffold_923	42.68	157	69	21	124	259	6404	5939	6.2e-13	72.8
NCVOG1066-consensus	scaffold_87	31.23	365	197	54	7	322	31461	32535	2.2e-19	97.5
NCVOG0036-consensus	scaffold_27	33.78	225	120	29	102	302	41666	42320	1.9e-16	88.6
NCVOG2216-consensus	scaffold_300	52.11	71	33	1	58	128	23528	23734	3.9e-12	71.9
NCVOG2216-consensus	scaffold_422	50.70	71	34	1	58	128	1886	2092	1.3e-11	69.7
NCVOG4561-consensus	scaffold_555	29.20	226	148	12	55	277	656	15	4.4e-11	68.6
NCVOG0314-consensus	scaffold_407	37.86	103	59	5	7	104	12521	12216	7.2e-12	69.6
NCVOG0222-consensus	scaffold_706	33.94	436	276	12	66	497	3521	2241	9.5e-37	153.5
NCVOG0222-consensus	scaffold_122	30.51	495	304	40	11	495	24104	25485	2.8e-27	124.2
NCVOG0222-consensus	scaffold_115	26.00	450	325	8	72	518	50115	51446	3.9e-26	120.4
NCVOG0222-consensus	scaffold_100	22.12	434	335	3	72	504	50054	48762	1.8e-24	115.0
NCVOG0222-consensus	scaffold_100	23.95	501	356	25	24	504	48705	47223	1.5e-24	115.2
NCVOG0222-consensus	scaffold_100	27.88	452	299	27	72	511	56098	54791	1.1e-22	109.0
NCVOG0222-consensus	scaffold_100	22.45	392	289	15	121	505	57951	56807	1e-12	75.9
NCVOG0222-consensus	scaffold_8	29.47	431	285	19	72	488	186026	184752	2.7e-24	113.6
NCVOG0222-consensus	scaffold_8	25.68	331	222	24	125	437	184739	183772	3.2e-12	73.5
NCVOG0222-consensus	scaffold_8	25.13	398	283	15	125	518	139889	138732	1.9e-16	89.5
NCVOG0222-consensus	scaffold_90	28.57	350	230	20	89	430	1009	5	3.2e-15	84.3
NCVOG0222-consensus	scaffold_443	25.60	332	231	16	174	504	10	957	9.6e-11	68.0
NCVOG0014-consensus	scaffold_371	30.66	212	143	4	131	340	18343	17717	1.2e-19	97.9
NCVOG0014-consensus	scaffold_24	24.62	325	234	11	9	325	9933	8975	7.6e-13	77.3
NCVOG0002-consensus	scaffold_166	29.74	548	335	50	303	838	45141	43615	3.7e-36	154.2
NCVOG0002-consensus	scaffold_212	27.99	518	322	51	332	826	16314	14848	4.5e-35	150.4
NCVOG0002-consensus	scaffold_45	28.22	528	327	52	332	835	71782	73278	9e-35	150.4
NCVOG0002-consensus	scaffold_74	28.19	518	321	51	332	826	60436	61902	4.7e-34	147.7
NCVOG1194-consensus	scaffold_669	55.10	49	22	0	63	111	3332	3189	2.6e-13	75.2
NCVOG0780-consensus	scaffold_107	25.99	227	155	13	159	379	36512	37168	7.7e-11	69.2
NCVOG0780-consensus	scaffold_107	34.65	127	75	8	157	282	35618	35974	7.7e-11	69.2
NCVOG4845-consensus	scaffold_159	28.42	651	356	110	3	627	25993	27670	8.5e-16	86.2
NCVOG4845-consensus	scaffold_645	32.95	258	152	21	102	353	2478	1753	2.8e-14	79.4
NCVOG4845-consensus	scaffold_75	33.60	247	143	21	113	353	51189	50497	1.3e-13	79.4
NCVOG4845-consensus	scaffold_276	35.62	160	92	11	159	309	10100	10566	5.4e-13	76.4
NCVOG0743-consensus	scaffold_1857	30.52	213	141	7	37	243	62	690	2.1e-23	105.5
NCVOG2775-consensus	scaffold_497	34.48	232	144	8	207	430	11311	10619	7.5e-26	118.2
NCVOG2775-consensus	scaffold_5	37.20	250	146	11	173	415	155917	156651	9.7e-23	109.3
NCVOG2775-consensus	scaffold_6	27.78	324	213	21	156	466	61949	62893	3e-19	99.0
NCVOG2775-consensus	scaffold_393	32.98	285	146	45	127	370	26721	25890	5.5e-18	92.4
NCVOG2775-consensus	scaffold_228	32.97	276	168	17	173	435	25408	26206	5.1e-15	83.2
NCVOG2775-consensus	scaffold_666	29.31	348	180	66	108	403	12827	11833	8.3e-13	74.2
NCVOG2775-consensus	scaffold_929	33.33	141	93	1	204	343	4427	4846	1.5e-11	69.1
NCVOG0893-consensus	scaffold_208	32.97	364	192	52	137	448	27974	29060	5e-14	80.4
NCVOG0729-consensus	scaffold_1118	36.76	574	237	126	2	463	2544	878	2.8e-15	80.8
NCVOG5103-consensus	scaffold_669	34.65	228	75	74	307	534	3428	2970	2.3e-24	113.5
NCVOG5103-consensus	scaffold_1587	28.64	199	131	11	307	500	1181	610	1e-15	81.8
NCVOG5103-consensus	scaffold_533	30.33	122	83	2	436	555	20724	21086	6.9e-12	72.5
NCVOG5103-consensus	scaffold_1870	27.22	158	112	3	355	509	856	1326	1e-11	68.0
NCVOG4874-consensus	scaffold_116	36.71	425	176	93	11	358	25742	24527	2.6e-22	107.2
NCVOG4874-consensus	scaffold_116	34.22	374	155	91	31	331	27440	26398	2.2e-18	94.2
NCVOG4605-consensus	scaffold_15	27.37	380	231	45	77	429	43343	42261	8.4e-15	84.5
NCVOG4605-consensus	scaffold_660	27.92	437	266	49	212	626	15202	13986	5e-12	72.0
NCVOG4605-consensus	scaffold_207	25.71	564	347	72	75	604	16341	14787	2.3e-11	71.5
NCVOG4001-consensus	scaffold_666	29.68	310	169	49	90	360	12629	11737	7.8e-12	71.0
NCVOG4001-consensus	scaffold_224	24.65	426	265	56	20	414	27476	28669	3.4e-11	70.5
NCVOG1136-consensus	scaffold_13	43.22	354	112	89	193	459	138256	139298	1.6e-15	86.3
NCVOG1139-consensus	scaffold_100	31.90	279	147	43	22	289	49227	49940	5.2e-12	73.0
NCVOG0219-consensus	scaffold_261	36.14	249	120	39	519	729	37006	36272	4.4e-25	116.8
NCVOG0219-consensus	scaffold_190	38.73	204	97	28	508	690	21367	21952	5.4e-17	90.2
NCVOG1009-consensus	scaffold_669	29.32	249	161	15	136	370	3052	3788	6.3e-12	71.0
NCVOG1009-consensus	scaffold_1621	28.16	348	220	30	25	355	279	1278	1.3e-11	67.0
NCVOG2980-consensus	scaffold_783	35.13	464	243	58	65	474	9010	7638	3.8e-24	111.2
NCVOG2980-consensus	scaffold_275	25.21	484	290	72	25	472	26436	27772	3e-16	86.8
NCVOG2980-consensus	scaffold_699	23.22	366	238	43	123	466	7632	8659	2.7e-12	72.1
NCVOG0652-consensus	scaffold_328	39.30	369	208	16	68	421	15567	14467	7.1e-40	164.9
NCVOG0652-consensus	scaffold_222	39.02	369	209	16	68	421	40526	41626	2.9e-39	163.3
NCVOG0835-consensus	scaffold_59	28.23	294	130	81	57	270	60613	59744	3.8e-12	73.5
NCVOG0835-consensus	scaffold_150	34.71	170	90	21	121	270	10416	9913	6.5e-12	72.1
NCVOG0835-consensus	scaffold_433	34.12	170	91	21	121	270	10523	11026	2.1e-11	69.3
NCVOG4522-consensus	scaffold_328	33.94	277	86	97	261	440	25712	26535	2.2e-21	103.6
NCVOG4522-consensus	scaffold_222	50.00	108	52	2	333	440	22229	21915	2.8e-21	103.6
NCVOG4522-consensus	scaffold_135	43.40	212	95	25	258	444	11299	10667	7.7e-17	89.2
NCVOG0522-consensus	scaffold_68	33.03	221	120	28	38	241	59469	58845	6.8e-13	76.1
NCVOG5117-consensus	scaffold_555	40.50	242	116	28	728	965	674	24	2.4e-32	141.1
NCVOG5117-consensus	scaffold_669	37.95	224	119	20	807	1020	2944	3582	2.2e-25	117.5
NCVOG5117-consensus	scaffold_639	32.31	260	144	32	730	977	1616	900	1.1e-16	88.8
NCVOG5117-consensus	scaffold_1621	29.25	318	186	39	651	964	291	1136	9.2e-16	82.6
NCVOG5117-consensus	scaffold_817	45.26	137	48	27	850	986	1	327	2e-15	83.9
NCVOG5117-consensus	scaffold_255	27.62	391	239	44	638	1014	20536	21603	1.8e-14	82.8
NCVOG5117-consensus	scaffold_89	29.05	241	150	21	722	951	48672	47983	2e-13	80.1
NCVOG5117-consensus	scaffold_372	32.15	311	146	65	727	989	19567	20427	1.7e-11	72.5
NCVOG5117-consensus	scaffold_897	35.58	163	82	23	807	962	2689	3126	3e-11	69.8
NCVOG5117-consensus	scaffold_245	28.01	307	188	33	728	1015	12564	13435	6e-11	71.1
NCVOG1120-consensus	scaffold_461	23.53	340	227	33	312	632	20748	21722	8e-11	68.5
NCVOG0032-consensus	scaffold_653	26.49	770	333	233	253	830	11952	9775	3.5e-20	99.4
NCVOG0032-consensus	scaffold_898	26.40	731	359	179	312	871	3799	5948	5.5e-19	94.5
NCVOG0032-consensus	scaffold_357	27.05	684	431	68	220	860	19961	21924	7.4e-16	86.1
NCVOG0032-consensus	scaffold_41	26.21	660	358	129	222	814	30476	32258	3.3e-15	85.6
NCVOG0032-consensus	scaffold_105	24.82	955	487	231	35	784	63122	60363	2.2e-12	75.5
NCVOG0032-consensus	scaffold_279	24.43	483	322	43	409	873	25368	24014	3.5e-12	74.2
NCVOG0032-consensus	scaffold_363	27.58	388	195	86	264	573	46	1182	8.5e-11	69.3
NCVOG0302-consensus	scaffold_318	32.04	309	177	33	258	535	14495	13580	4.2e-26	119.6
NCVOG0302-consensus	scaffold_65	31.58	171	115	2	3	173	71950	71447	1.9e-16	88.7
NCVOG0302-consensus	scaffold_244	27.51	349	186	67	248	535	10302	9281	8.6e-13	75.6
NCVOG0302-consensus	scaffold_173	27.16	232	151	18	259	481	31152	30487	6.5e-11	69.7
NCVOG0302-consensus	scaffold_162	32.63	190	104	24	308	477	12150	11596	6.8e-11	69.7
NCVOG0012-consensus	scaffold_669	32.70	367	190	57	63	414	4035	3078	7.5e-39	160.5
NCVOG0012-consensus	scaffold_555	45.63	206	90	22	302	486	19	622	1.1e-35	150.5
NCVOG0012-consensus	scaffold_817	60.22	93	31	6	305	397	263	6	6.8e-29	126.9
NCVOG0012-consensus	scaffold_817	32.63	190	91	37	263	417	8171	7611	3.2e-13	74.8
NCVOG0012-consensus	scaffold_1870	32.55	212	124	19	218	414	706	1326	5.8e-25	110.9
NCVOG0012-consensus	scaffold_195	34.32	271	152	26	236	481	24407	25197	2.9e-21	103.9
NCVOG0012-consensus	scaffold_195	27.13	328	216	23	83	402	39298	40221	9.8e-19	95.5
NCVOG0012-consensus	scaffold_255	33.08	260	147	27	260	500	21655	20911	9e-21	102.0
NCVOG0012-consensus	scaffold_1	51.61	93	39	6	309	400	118857	119117	3.1e-20	102.0
NCVOG0012-consensus	scaffold_227	37.13	167	88	17	305	460	21004	20529	1.6e-19	97.9
NCVOG0012-consensus	scaffold_4	50.00	104	46	6	311	409	79101	78800	2.5e-19	99.0
NCVOG0012-consensus	scaffold_149	39.05	169	81	22	296	442	45093	45592	3.6e-19	97.1
NCVOG0012-consensus	scaffold_1676	43.80	121	55	13	306	413	1723	1364	3.9e-19	91.9
NCVOG0012-consensus	scaffold_897	35.61	205	112	20	278	474	3200	2629	7.5e-19	93.3
NCVOG0012-consensus	scaffold_15	38.46	182	84	28	255	432	80906	80440	7.7e-19	97.4
NCVOG0012-consensus	scaffold_327	42.98	114	52	13	318	419	20275	20610	8.4e-19	95.2
NCVOG0012-consensus	scaffold_1351	40.87	115	62	6	305	413	1288	947	1.5e-18	90.8
NCVOG0012-consensus	scaffold_124	28.57	343	174	71	91	412	16713	17574	2.5e-18	94.4
NCVOG0012-consensus	scaffold_443	41.88	160	73	20	303	444	14	480	1.1e-17	91.1
NCVOG0012-consensus	scaffold_443	36.71	158	88	12	310	456	488	949	1.1e-13	77.8
NCVOG0012-consensus	scaffold_960	46.24	93	47	3	304	395	4700	4969	2.3e-17	88.1
NCVOG0012-consensus	scaffold_145	46.09	128	60	9	287	411	5564	5204	4e-17	90.3
NCVOG0012-consensus	scaffold_28	40.34	119	59	12	302	416	106245	105916	4.6e-17	91.1
NCVOG0012-consensus	scaffold_131	43.55	124	58	12	302	414	42166	41807	6.1e-17	89.8
NCVOG0012-consensus	scaffold_435	35.90	156	86	14	243	395	18626	19057	1e-16	87.8
NCVOG0012-consensus	scaffold_533	42.28	149	75	11	289	431	20635	21057	1.4e-16	87.0
NCVOG0012-consensus	scaffold_85	40.61	197	97	20	308	493	42815	43357	1.8e-16	88.4
NCVOG0012-consensus	scaffold_720	45.74	129	61	9	310	434	10331	9967	1.9e-16	85.9
NCVOG0012-consensus	scaffold_336	38.13	139	77	9	297	428	7719	7312	2.8e-16	86.8
NCVOG0012-consensus	scaffold_1587	26.83	205	137	13	218	420	1076	502	4.6e-16	81.9
NCVOG0012-consensus	scaffold_952	35.96	228	133	13	260	477	5461	6104	8.2e-16	82.9
NCVOG0012-consensus	scaffold_94	37.44	211	92	40	270	442	13275	13892	9.7e-16	86.0
NCVOG0012-consensus	scaffold_284	39.57	139	68	16	304	431	33980	33586	9.8e-16	85.1
NCVOG0012-consensus	scaffold_291	29.18	353	210	40	88	417	18021	17037	2e-15	84.1
NCVOG0012-consensus	scaffold_694	38.81	134	77	5	297	427	2720	2330	2.8e-15	82.1
NCVOG0012-consensus	scaffold_153	48.35	91	39	8	315	402	50026	49772	2.9e-15	84.1
NCVOG0012-consensus	scaffold_47	34.30	207	125	11	302	501	49458	48861	7.2e-15	83.5
NCVOG0012-consensus	scaffold_201	36.54	156	85	14	261	406	18688	18242	1.2e-14	81.9
NCVOG0012-consensus	scaffold_1658	33.53	167	96	15	284	436	281	771	1.2e-14	77.0
NCVOG0012-consensus	scaffold_282	34.34	198	109	21	305	493	16695	16149	1.4e-14	81.3
NCVOG0012-consensus	scaffold_750	44.44	126	49	21	300	408	10106	10468	1.9e-14	79.2
NCVOG0012-consensus	scaffold_290	49.01	151	37	40	302	412	31489	31050	2.8e-14	80.3
NCVOG0012-consensus	scaffold_1588	37.25	102	53	11	313	413	1546	1818	2.8e-14	75.9
NCVOG0012-consensus	scaffold_639	37.41	147	71	21	295	420	862	1299	3.1e-14	78.9
NCVOG0012-consensus	scaffold_542	41.22	131	70	7	297	424	2835	3212	3.2e-14	79.2
NCVOG0012-consensus	scaffold_42	48.00	75	33	6	306	377	70681	70469	4.1e-14	81.1
NCVOG0012-consensus	scaffold_1284	43.55	124	57	13	309	420	3344	2983	6.5e-14	75.6
NCVOG0012-consensus	scaffold_1284	35.11	131	76	9	307	430	2001	1618	2.2e-15	80.5
NCVOG0012-consensus	scaffold_1288	41.09	129	70	6	307	429	1057	1424	7.7e-14	75.4
NCVOG0012-consensus	scaffold_1309	35.66	143	79	13	297	431	949	539	8.7e-14	75.1
NCVOG0012-consensus	scaffold_442	36.43	129	75	7	313	435	19202	18826	1.1e-13	77.8
NCVOG0012-consensus	scaffold_101	24.80	371	224	55	84	417	7399	6354	1.2e-13	78.9
NCVOG0012-consensus	scaffold_1675	30.14	209	128	18	264	459	1002	400	1.4e-13	73.5
NCVOG0012-consensus	scaffold_1790	30.96	239	138	27	208	428	828	1502	1.5e-13	73.2
NCVOG0012-consensus	scaffold_100	40.50	121	56	16	311	415	14897	14538	2.7e-13	77.8
NCVOG0012-consensus	scaffold_100	24.23	359	237	35	84	426	49174	48176	3.7e-12	74.0
NCVOG0012-consensus	scaffold_1045	29.17	192	122	14	263	451	590	1125	2.7e-13	74.3
NCVOG0012-consensus	scaffold_1045	26.36	239	143	33	189	414	5153	5802	1.8e-13	74.8
NCVOG0012-consensus	scaffold_191	38.58	127	56	22	306	415	9857	10219	4.2e-13	76.7
NCVOG0012-consensus	scaffold_10	27.27	330	193	47	91	412	152792	153657	4.3e-13	75.6
NCVOG0012-consensus	scaffold_10	42.31	104	51	9	309	409	167996	168286	1.7e-13	77.0
NCVOG0012-consensus	scaffold_1319	33.88	242	119	41	277	480	2778	2077	4.6e-13	72.6
NCVOG0012-consensus	scaffold_379	34.86	175	94	20	313	474	30907	30411	5.6e-13	75.6
NCVOG0012-consensus	scaffold_205	27.17	449	266	61	88	494	21829	20567	6e-13	76.2
NCVOG0012-consensus	scaffold_1892	33.51	188	78	47	280	420	522	1080	6.9e-13	70.8
NCVOG0012-consensus	scaffold_954	30.84	227	120	37	282	479	1523	876	7.1e-13	73.2
NCVOG0012-consensus	scaffold_1097	40.91	110	62	3	307	416	5050	4733	7.3e-13	72.6
NCVOG0012-consensus	scaffold_714	30.47	256	156	22	262	495	2971	3719	7.5e-13	74.0
NCVOG0012-consensus	scaffold_548	36.17	141	74	16	306	438	1547	1152	7.8e-13	74.6
NCVOG0012-consensus	scaffold_155	25.30	328	217	28	106	414	52719	51780	8.2e-13	75.9
NCVOG0012-consensus	scaffold_1942	31.36	236	137	25	220	433	350	1035	9.2e-13	70.2
NCVOG0012-consensus	scaffold_15	27.35	340	210	37	87	413	109450	110376	1e-12	77.0
NCVOG0012-consensus	scaffold_83	34.02	241	124	35	208	416	41524	42228	1.1e-12	75.9
NCVOG0012-consensus	scaffold_396	40.71	113	62	5	317	426	7210	7533	1.1e-12	74.6
NCVOG0012-consensus	scaffold_703	36.36	143	76	15	292	420	6959	7375	1.1e-12	73.5
NCVOG0012-consensus	scaffold_244	36.08	158	67	34	288	414	8496	8955	1.1e-12	75.1
NCVOG0012-consensus	scaffold_243	33.50	206	108	29	255	438	39028	39619	1.1e-12	75.1
NCVOG0012-consensus	scaffold_1052	29.48	173	114	8	260	431	998	504	1.2e-12	72.1
NCVOG0012-consensus	scaffold_516	31.12	286	136	61	89	370	5156	4473	1.2e-12	74.0
NCVOG0012-consensus	scaffold_123	39.06	128	73	5	298	421	53531	53160	1.6e-12	75.1
NCVOG0012-consensus	scaffold_73	28.13	391	221	60	100	439	73306	74430	1.6e-12	75.4
NCVOG0012-consensus	scaffold_73	37.31	201	89	37	274	439	71575	72164	2.5e-17	91.4
NCVOG0012-consensus	scaffold_173	33.15	184	100	23	298	460	19296	19838	1.6e-12	74.8
NCVOG0012-consensus	scaffold_573	41.96	143	67	16	303	432	1154	1570	1.9e-12	73.2
NCVOG0012-consensus	scaffold_1071	30.36	224	142	14	203	412	1101	447	2e-12	71.3
NCVOG0012-consensus	scaffold_148	28.92	287	170	34	221	480	3586	4414	2.2e-12	74.6
NCVOG0012-consensus	scaffold_246	33.99	203	108	26	220	409	37172	36612	2.4e-12	74.0
NCVOG0012-consensus	scaffold_923	34.76	210	76	61	276	424	5587	6207	2.4e-12	71.6
NCVOG0012-consensus	scaffold_703	26.78	422	244	65	83	442	12040	10799	2.4e-12	72.4
NCVOG0012-consensus	scaffold_1983	45.78	83	42	3	337	416	397	154	2.7e-12	68.6
NCVOG0012-consensus	scaffold_245	26.81	276	117	85	260	454	13419	12607	2.9e-12	73.8
NCVOG0012-consensus	scaffold_535	26.04	361	228	39	79	416	1033	12	3e-12	72.7
NCVOG0012-consensus	scaffold_388	36.61	183	104	12	314	488	2111	2636	3.5e-12	72.9
NCVOG0012-consensus	scaffold_11	32.39	213	125	19	248	442	73032	73664	3.8e-12	75.1
NCVOG0012-consensus	scaffold_85	30.06	346	193	49	89	412	20976	20029	3.9e-12	74.0
NCVOG0012-consensus	scaffold_85	31.31	214	131	16	258	463	33835	33223	3.9e-12	74.0
NCVOG0012-consensus	scaffold_1368	39.47	114	55	14	314	413	593	255	4e-12	69.4
NCVOG0012-consensus	scaffold_388	33.20	250	125	42	280	488	3001	2278	4.2e-12	72.7
NCVOG0012-consensus	scaffold_473	39.17	120	62	11	308	416	11079	11435	4.2e-12	72.4
NCVOG0012-consensus	scaffold_25	33.18	220	123	24	219	418	54614	53974	4.5e-12	74.6
NCVOG0012-consensus	scaffold_152	40.16	122	55	18	314	428	45750	46079	4.6e-12	73.5
NCVOG0012-consensus	scaffold_1340	37.10	124	67	11	302	414	1989	2357	5.1e-12	69.1
NCVOG0012-consensus	scaffold_64	37.30	126	51	28	309	410	70337	70699	5.5e-12	73.8
NCVOG0012-consensus	scaffold_110	31.58	228	132	24	275	486	27053	27697	6.1e-12	73.2
NCVOG0012-consensus	scaffold_314	47.19	89	40	7	298	382	25857	26107	6.3e-12	72.4
NCVOG0012-consensus	scaffold_378	30.77	351	202	41	156	476	14395	15383	6.4e-12	72.1
NCVOG0012-consensus	scaffold_23	38.66	119	67	6	306	421	7157	7497	6.7e-12	74.0
NCVOG0012-consensus	scaffold_248	33.33	219	124	22	217	414	31801	31167	7.3e-12	72.4
NCVOG0012-consensus	scaffold_731	30.29	208	117	28	230	413	10234	9628	8.3e-12	70.5
NCVOG0012-consensus	scaffold_351	34.51	142	83	10	291	426	24570	24974	8.3e-12	71.8
NCVOG0012-consensus	scaffold_351	29.25	212	125	25	234	420	5102	5728	8.3e-12	71.8
NCVOG0012-consensus	scaffold_105	35.42	144	70	23	305	427	5517	5095	9.2e-12	72.7
NCVOG0012-consensus	scaffold_57	30.05	193	123	12	251	435	21239	20684	1e-11	72.9
NCVOG0012-consensus	scaffold_416	43.15	146	63	20	302	428	18071	17644	1e-11	71.3
NCVOG0012-consensus	scaffold_576	41.32	121	64	7	280	394	3153	2805	1e-11	70.8
NCVOG0012-consensus	scaffold_240	37.42	163	85	17	257	405	25549	25083	1.1e-11	71.9
NCVOG0012-consensus	scaffold_142	43.97	116	62	3	307	419	18427	18767	1.2e-11	72.1
NCVOG0012-consensus	scaffold_506	23.51	502	292	92	83	499	2103	630	1.2e-11	70.8
NCVOG0012-consensus	scaffold_339	30.14	219	136	17	289	491	14443	15079	1.2e-11	71.3
NCVOG0012-consensus	scaffold_6	50.00	80	31	9	307	384	175877	176088	1.5e-11	71.6
NCVOG0012-consensus	scaffold_2	32.70	263	145	32	223	454	236311	237081	1.5e-11	72.4
NCVOG0012-consensus	scaffold_320	52.54	59	25	3	319	374	31758	31931	1.6e-11	71.0
NCVOG0012-consensus	scaffold_174	32.62	187	116	10	315	491	49282	49823	1.9e-11	71.3
NCVOG0012-consensus	scaffold_1524	28.57	315	193	32	83	386	877	1743	2.2e-11	66.4
NCVOG0012-consensus	scaffold_430	39.09	110	56	11	295	400	26454	26153	3.1e-11	69.7
NCVOG0012-consensus	scaffold_180	28.87	142	88	13	319	448	52373	51960	3.3e-11	70.5
NCVOG0012-consensus	scaffold_1206	32.76	174	95	22	299	454	785	297	3.7e-11	66.7
NCVOG0012-consensus	scaffold_36	38.21	123	55	21	280	384	31728	32084	3.9e-11	71.3
NCVOG0012-consensus	scaffold_34	36.22	196	107	18	239	416	100462	99888	4e-11	71.3
NCVOG0012-consensus	scaffold_234	40.31	129	55	22	302	408	43087	43468	4.2e-11	70.0
NCVOG0012-consensus	scaffold_372	28.12	441	160	157	34	407	20495	19464	4.3e-11	69.4
NCVOG0012-consensus	scaffold_809	32.71	214	125	19	219	422	8931	8336	4.4e-11	67.8
NCVOG0012-consensus	scaffold_1540	46.43	84	41	4	328	410	696	931	4.6e-11	65.3
NCVOG0012-consensus	scaffold_96	27.64	275	170	29	191	436	44109	44914	5.2e-11	70.2
NCVOG0012-consensus	scaffold_7	26.62	402	213	82	85	408	52423	53603	5.3e-11	71.3
NCVOG0012-consensus	scaffold_79	27.71	314	167	60	84	367	25614	24780	5.6e-11	70.2
NCVOG0012-consensus	scaffold_78	35.95	153	68	30	305	427	48976	49427	5.6e-11	70.2
NCVOG0012-consensus	scaffold_863	31.14	228	134	23	293	501	7728	7090	5.7e-11	67.2
NCVOG0012-consensus	scaffold_466	39.17	120	60	13	302	410	10409	10759	5.9e-11	68.6
NCVOG0012-consensus	scaffold_107	37.86	140	76	11	273	407	26416	26018	5.9e-11	70.0
NCVOG0012-consensus	scaffold_32	31.40	242	122	44	221	428	15934	15244	6e-11	70.8
NCVOG0012-consensus	scaffold_998	37.34	158	68	31	302	428	71	531	7e-11	66.4
NCVOG0012-consensus	scaffold_1330	38.93	131	67	13	305	423	2945	2565	7.3e-11	65.3
NCVOG0012-consensus	scaffold_670	27.98	386	236	42	82	442	2677	1596	7.6e-11	67.5
NCVOG0012-consensus	scaffold_1465	29.63	189	121	12	221	406	1626	2162	7.8e-11	64.8
NCVOG0012-consensus	scaffold_211	38.54	96	57	2	315	408	25754	25474	7.9e-11	69.1
NCVOG0012-consensus	scaffold_504	32.29	223	128	23	290	500	10117	9501	7.9e-11	68.0
NCVOG0012-consensus	scaffold_54	40.31	129	55	22	302	408	62864	63245	8.2e-11	70.0
NCVOG0012-consensus	scaffold_1350	39.39	99	46	14	319	405	89	376	8.4e-11	65.0
NCVOG0012-consensus	scaffold_171	41.60	125	62	11	302	416	51515	51153	8.5e-11	69.1
NCVOG0012-consensus	scaffold_1154	33.33	114	74	2	305	416	3892	3558	8.7e-11	65.6
NCVOG0012-consensus	scaffold_71	36.52	178	79	34	266	414	40819	41330	8.7e-11	69.7
NCVOG0012-consensus	scaffold_293	25.24	420	280	34	90	480	34167	35382	9.1e-11	68.6
NCVOG0012-consensus	scaffold_1752	30.43	207	127	17	226	421	1241	650	9.1e-11	64.0
NCVOG0868-consensus	scaffold_1587	33.66	101	64	3	159	256	803	508	2.8e-12	68.9
NCVOG1188-consensus	scaffold_89	45.74	129	62	8	81	205	71237	70866	9.1e-14	78.6
NCVOG1188-consensus	scaffold_215	36.28	215	121	16	63	266	4541	5163	1.4e-11	70.7
NCVOG0190-consensus	scaffold_669	41.12	107	62	1	183	289	3410	3096	2.5e-15	82.4
NCVOG0190-consensus	scaffold_555	35.81	148	83	12	185	329	91	500	7e-14	78.1
NCVOG0190-consensus	scaffold_817	30.87	149	84	19	141	289	392	6	6.8e-12	70.5
NCVOG0190-consensus	scaffold_1587	33.06	124	73	10	176	291	906	544	3.7e-11	65.6
NCVOG0996-consensus	scaffold_706	19.27	493	387	11	3	491	3584	2136	1.2e-13	76.7
NCVOG0025-consensus	scaffold_88	25.83	453	288	48	91	521	16093	14820	1.1e-24	115.8
NCVOG0025-consensus	scaffold_576	23.02	430	290	41	85	486	1106	2347	5e-16	85.1
NCVOG0025-consensus	scaffold_1121	24.57	407	268	39	122	515	3995	2858	3.8e-15	80.2
NCVOG0025-consensus	scaffold_42	26.67	315	192	39	224	521	71306	72177	6.6e-15	83.8
NCVOG0025-consensus	scaffold_113	26.79	433	253	64	138	522	59585	60820	1.8e-13	78.4
NCVOG0025-consensus	scaffold_77	25.44	452	253	84	138	522	7811	6518	2.1e-13	78.4
NCVOG0025-consensus	scaffold_297	25.10	490	282	85	63	501	24352	25710	3.2e-12	73.5
NCVOG0025-consensus	scaffold_371	40.86	93	53	2	403	493	29207	28932	1.2e-11	71.3
NCVOG0025-consensus	scaffold_40	23.02	443	293	48	104	506	90594	91887	2.2e-11	72.1
NCVOG0025-consensus	scaffold_832	25.10	522	331	60	40	521	8429	9925	2.5e-11	68.6
NCVOG0271-consensus	scaffold_282	41.18	1156	487	193	179	1143	36534	39976	2.4e-50	201.4
NCVOG0271-consensus	scaffold_7	34.82	1212	606	184	103	1157	175102	171567	9.3e-34	146.3
NCVOG0271-consensus	scaffold_335	26.90	1249	708	205	92	1153	7030	10709	3.1e-26	121.1
NCVOG0078-consensus	scaffold_681	50.00	122	59	2	77	196	540	902	6.4e-18	90.0
NCVOG0078-consensus	scaffold_276	50.00	122	59	2	77	196	27717	27355	1.7e-17	90.0
NCVOG0078-consensus	scaffold_67	47.62	126	64	2	73	196	43101	42727	5.9e-17	89.2
NCVOG0078-consensus	scaffold_95	52.68	112	51	2	87	196	33671	33339	6.1e-17	89.0
NCVOG0078-consensus	scaffold_1705	52.94	102	46	2	97	196	3	305	1.5e-16	82.3
NCVOG4568-consensus	scaffold_8	38.81	201	121	2	287	485	186031	185436	3.3e-30	133.2
NCVOG4568-consensus	scaffold_8	28.54	452	284	39	51	482	185418	184137	2.5e-24	113.6
NCVOG4568-consensus	scaffold_706	28.73	442	284	31	50	482	3786	2544	1.1e-29	129.9
NCVOG4568-consensus	scaffold_706	36.88	141	87	2	311	451	2540	2127	1.4e-17	89.7
NCVOG4568-consensus	scaffold_706	24.75	501	332	45	4	476	2121	695	6.2e-17	87.6
NCVOG4568-consensus	scaffold_706	25.30	249	176	10	234	475	4532	3806	7.8e-14	77.3
NCVOG4568-consensus	scaffold_706	34.83	178	108	8	308	485	13837	13331	1.1e-12	73.5
NCVOG4568-consensus	scaffold_122	40.47	215	124	4	265	475	24512	25151	2.8e-29	130.7
NCVOG4568-consensus	scaffold_122	39.77	171	100	3	308	478	23593	24093	2e-25	118.0
NCVOG4568-consensus	scaffold_122	33.33	213	136	6	279	485	25170	25793	1.6e-17	91.7
NCVOG4568-consensus	scaffold_8	15.99	469	380	14	11	472	140772	139398	2.4e-23	112.3
NCVOG4568-consensus	scaffold_361	49.03	206	78	27	308	489	21250	21855	5.2e-23	109.0
NCVOG4568-consensus	scaffold_549	43.93	173	95	2	310	482	5473	5982	8.4e-23	107.6
NCVOG4568-consensus	scaffold_227	38.80	183	103	9	307	482	21032	20493	4.5e-21	103.0
NCVOG4568-consensus	scaffold_227	18.92	370	280	20	131	482	20488	19388	3.8e-17	90.0
NCVOG4568-consensus	scaffold_923	43.38	219	110	14	281	485	5688	6331	1.9e-20	98.4
NCVOG4568-consensus	scaffold_613	39.58	192	115	1	291	481	16086	16654	1.1e-19	97.1
NCVOG4568-consensus	scaffold_89	17.72	457	353	23	48	487	69866	71207	1.2e-19	99.0
NCVOG4568-consensus	scaffold_443	32.52	206	135	4	284	485	3	615	4.2e-19	95.7
NCVOG4568-consensus	scaffold_148	47.34	188	89	10	303	482	3661	4215	1.1e-18	95.5
NCVOG4568-consensus	scaffold_214	40.54	185	97	13	320	491	1	548	1.1e-18	95.2
NCVOG4568-consensus	scaffold_523	53.51	185	67	19	302	482	12081	12575	7e-18	91.4
NCVOG4568-consensus	scaffold_764	45.40	163	72	17	310	470	9158	8718	5.2e-17	87.6
NCVOG4568-consensus	scaffold_42	43.18	176	87	13	305	469	8972	9490	1.6e-15	85.7
NCVOG4568-consensus	scaffold_7	42.39	184	95	11	308	482	163681	164223	9.5e-15	81.9
NCVOG4568-consensus	scaffold_508	50.69	144	60	11	342	478	4859	5265	2.8e-14	79.4
NCVOG4568-consensus	scaffold_385	44.91	167	73	19	308	465	27512	27973	3.8e-14	79.4
NCVOG4568-consensus	scaffold_12	45.25	179	94	4	305	483	27786	28307	4.1e-14	81.6
NCVOG4568-consensus	scaffold_107	45.11	184	91	10	308	481	63477	64025	4.6e-14	80.3
NCVOG4568-consensus	scaffold_746	41.33	196	92	23	310	482	341	921	1.2e-13	76.4
NCVOG4568-consensus	scaffold_176	38.33	240	127	21	266	488	29401	28697	1.4e-13	78.4
NCVOG4568-consensus	scaffold_340	41.33	196	92	23	310	482	341	921	3.4e-13	76.5
NCVOG4568-consensus	scaffold_193	29.34	259	162	21	232	488	28199	28915	3.4e-13	77.0
NCVOG4568-consensus	scaffold_499	29.50	383	223	47	143	485	7618	6504	5.9e-13	75.1
NCVOG4568-consensus	scaffold_97	43.84	203	89	25	305	485	49404	48808	6.7e-13	76.5
NCVOG4568-consensus	scaffold_194	41.33	196	92	23	310	482	47196	47776	7.2e-13	75.9
NCVOG4568-consensus	scaffold_342	41.81	177	89	14	319	482	22421	22939	8.7e-13	75.1
NCVOG4568-consensus	scaffold_117	41.33	196	92	23	310	482	59418	59998	8.9e-13	75.9
NCVOG4568-consensus	scaffold_331	41.81	177	89	14	319	482	12488	13006	9e-13	75.1
NCVOG4568-consensus	scaffold_49	20.35	172	136	1	305	475	47852	48364	9e-13	76.5
NCVOG4568-consensus	scaffold_49	36.76	185	111	6	304	485	48821	49353	5.1e-13	77.3
NCVOG4568-consensus	scaffold_459	45.39	152	73	10	318	464	9494	9059	2.4e-12	73.2
NCVOG4568-consensus	scaffold_625	35.26	190	107	16	305	487	7894	8433	2.9e-12	72.4
NCVOG4568-consensus	scaffold_593	31.23	253	153	21	243	481	16956	17686	5.5e-12	71.6
NCVOG4568-consensus	scaffold_312	33.51	185	118	5	309	489	14438	14986	6.1e-12	72.4
NCVOG4568-consensus	scaffold_639	36.98	192	103	18	307	482	3860	3300	7e-12	71.0
NCVOG4568-consensus	scaffold_447	31.23	253	153	21	243	481	13305	14035	7.7e-12	71.6
NCVOG4568-consensus	scaffold_734	39.91	213	106	22	291	489	10805	10208	8e-12	70.5
NCVOG4568-consensus	scaffold_187	40.94	171	88	13	299	458	10511	11014	8.4e-12	72.4
NCVOG4568-consensus	scaffold_670	38.86	193	97	21	307	481	11777	11219	1.1e-11	70.2
NCVOG4568-consensus	scaffold_143	34.02	194	105	23	309	485	22464	21906	1.4e-11	71.9
NCVOG4568-consensus	scaffold_56	36.63	172	107	2	306	475	65889	65377	1.7e-11	72.1
NCVOG4568-consensus	scaffold_646	36.65	161	98	4	308	465	5536	6012	1.8e-11	69.7
NCVOG4568-consensus	scaffold_302	40.72	194	95	20	308	484	36443	35888	1.9e-11	70.8
NCVOG4568-consensus	scaffold_852	22.14	429	306	28	45	465	3440	4643	2.2e-11	68.6
NCVOG4568-consensus	scaffold_76	37.06	170	106	1	310	479	38997	38494	2.2e-11	71.6
NCVOG4568-consensus	scaffold_897	29.34	167	114	4	317	482	3152	2668	2.4e-11	68.3
NCVOG4568-consensus	scaffold_1078	39.36	188	106	8	288	469	1403	853	2.6e-11	67.5
NCVOG4568-consensus	scaffold_66	40.68	177	90	15	288	460	31214	31696	2.8e-11	71.3
NCVOG4568-consensus	scaffold_974	33.19	229	132	21	274	488	1687	2345	3.4e-11	67.5
NCVOG4568-consensus	scaffold_1306	38.57	140	80	6	353	486	1728	2144	3.5e-11	66.4
NCVOG4568-consensus	scaffold_395	21.34	328	233	25	173	482	24578	25537	3.9e-11	69.4
NCVOG4568-consensus	scaffold_617	22.14	429	306	28	45	465	4818	3615	4.1e-11	68.6
NCVOG4568-consensus	scaffold_142	43.06	144	82	0	339	482	53470	53042	5.2e-11	70.0
NCVOG4568-consensus	scaffold_368	38.33	180	102	9	301	475	22795	22271	6.1e-11	68.9
NCVOG4568-consensus	scaffold_1914	37.50	184	105	10	308	483	520	1056	7.2e-11	64.0
NCVOG4568-consensus	scaffold_183	26.99	478	289	60	32	482	5133	3828	8.1e-11	69.1
NCVOG4568-consensus	scaffold_135	31.91	235	149	11	243	474	41406	42079	9.5e-11	69.2
NCVOG4568-consensus	scaffold_559	33.33	177	115	3	311	486	20273	19752	9.9e-11	67.5
NCVOG0621-consensus	scaffold_43	40.52	153	89	2	13	164	49599	50051	3.1e-21	103.3
NCVOG0621-consensus	scaffold_159	37.25	153	94	2	13	164	53354	52902	8.1e-17	87.8
NCVOG4511-consensus	scaffold_215	29.02	317	195	30	3	296	3974	4900	2.7e-13	77.8
NCVOG0451-consensus	scaffold_145	31.22	221	142	10	163	379	32384	33025	1.1e-15	85.2
NCVOG0451-consensus	scaffold_383	33.77	228	140	11	184	402	20549	21221	2.3e-15	83.3
NCVOG0451-consensus	scaffold_15	35.52	183	113	5	196	375	1141	1680	1.1e-14	83.3
NCVOG0451-consensus	scaffold_594	28.98	283	193	8	129	405	10027	10866	2.8e-14	78.9
NCVOG0451-consensus	scaffold_367	28.98	283	193	8	129	405	24708	23869	4.8e-14	79.0
NCVOG0451-consensus	scaffold_10	27.22	316	213	17	98	402	161483	160557	2.9e-13	76.0
NCVOG0451-consensus	scaffold_395	25.00	252	157	32	127	375	15720	15055	8.9e-13	74.6
NCVOG0451-consensus	scaffold_39	29.18	281	161	38	140	390	94749	95558	7.9e-12	73.3
NCVOG0451-consensus	scaffold_18	27.96	279	183	18	127	394	45209	44409	2.3e-11	72.2
NCVOG0301-consensus	scaffold_318	30.83	266	173	11	256	514	14501	13719	6.9e-24	112.2
NCVOG0301-consensus	scaffold_162	31.63	196	111	23	309	485	12147	11575	2.2e-11	71.3
NCVOG0301-consensus	scaffold_611	29.36	235	132	34	274	477	11867	12555	3.9e-11	68.8
NCVOG1121-consensus	scaffold_75	24.24	528	352	48	23	522	39771	38251	3.1e-12	74.6
NCVOG1121-consensus	scaffold_375	28.90	218	137	18	327	528	13921	14557	1.2e-11	71.3
NCVOG0021-consensus	scaffold_290	32.67	202	129	7	301	497	31048	31640	2.3e-17	91.5
NCVOG0021-consensus	scaffold_639	26.63	368	225	45	479	816	1826	771	2.9e-16	86.6
NCVOG0021-consensus	scaffold_555	31.36	220	145	6	248	467	650	12	3.4e-15	83.4
NCVOG0021-consensus	scaffold_669	31.98	247	137	31	568	814	2938	3582	5.6e-12	72.3
NCVOG0021-consensus	scaffold_97	22.60	469	339	24	104	566	48374	49719	5.4e-11	71.2
NCVOG2860-consensus	scaffold_594	30.20	245	162	9	108	344	10069	10797	1.3e-13	76.5
NCVOG2860-consensus	scaffold_367	30.20	245	162	9	108	344	24666	23938	1.2e-11	70.8
NCVOG0001-consensus	scaffold_13	38.10	315	149	46	313	592	18311	19219	9.9e-35	150.5
NCVOG0001-consensus	scaffold_851	41.53	236	108	30	369	576	5912	6598	9.4e-32	136.6
NCVOG0001-consensus	scaffold_100	41.33	225	101	31	353	548	4112	3451	1.2e-31	139.1
NCVOG0001-consensus	scaffold_354	42.59	216	95	29	369	557	32595	33231	3.3e-31	136.6
NCVOG0001-consensus	scaffold_6	37.20	250	121	36	333	556	189992	190706	1.2e-25	118.7
NCVOG0001-consensus	scaffold_6	38.50	226	109	30	331	537	189014	189655	5.1e-28	126.6
NCVOG0001-consensus	scaffold_65	41.88	191	98	13	367	555	74504	73968	3e-18	94.9
NCVOG0001-consensus	scaffold_204	29.92	391	226	48	254	609	3070	4198	4.4e-17	90.2
NCVOG0001-consensus	scaffold_36	28.16	309	200	22	257	556	48164	47284	7.8e-16	87.3
NCVOG0001-consensus	scaffold_166	37.87	272	127	42	351	591	39913	40688	2.1e-15	84.8
NCVOG0001-consensus	scaffold_445	39.57	326	131	66	323	603	22143	23050	3.5e-13	76.4
NCVOG0001-consensus	scaffold_203	33.45	296	146	51	328	575	32750	31881	9e-12	72.6
NCVOG0001-consensus	scaffold_165	33.13	326	168	50	331	627	15418	14511	6.6e-11	69.9
NCVOG4616-consensus	scaffold_706	24.53	322	230	13	94	412	3311	2391	1.4e-13	76.5
NCVOG4616-consensus	scaffold_8	29.85	201	136	5	243	439	186007	185415	2.4e-11	70.5
NCVOG2058-consensus	scaffold_177	30.00	280	176	20	99	368	12113	11307	5.3e-19	96.1
NCVOG2058-consensus	scaffold_594	35.80	257	156	9	87	337	10009	10767	8.6e-19	93.9
NCVOG2058-consensus	scaffold_367	35.80	257	156	9	87	337	24726	23968	1.5e-18	93.9
NCVOG2058-consensus	scaffold_18	32.03	256	157	17	93	337	45215	44473	1.2e-14	83.1
NCVOG2058-consensus	scaffold_377	31.69	284	158	36	94	368	1630	2391	3.1e-14	79.5
NCVOG2058-consensus	scaffold_119	37.02	208	120	11	108	307	55625	56234	1.1e-13	78.7
NCVOG2058-consensus	scaffold_30	35.76	165	99	7	112	269	21921	22412	8.8e-13	76.6
NCVOG0066-consensus	scaffold_1114	37.85	288	163	16	76	356	841	8	3.5e-38	157.0
NCVOG0066-consensus	scaffold_498	35.10	359	201	32	121	452	9698	10740	1e-35	151.0
NCVOG0066-consensus	scaffold_851	32.39	318	186	29	102	396	2109	3039	3.1e-30	131.5
NCVOG0066-consensus	scaffold_22	33.33	324	189	27	125	431	36736	37652	1.6e-24	116.3
NCVOG0066-consensus	scaffold_350	29.10	409	236	54	73	453	16632	17747	2.6e-15	83.7
NCVOG0038-consensus	scaffold_462	31.15	960	379	282	255	952	12463	15253	6.7e-23	109.4
NCVOG0228-consensus	scaffold_608	29.32	590	354	63	385	921	9074	10804	1.1e-44	181.0
NCVOG0228-consensus	scaffold_1031	36.15	213	126	10	403	615	5448	6053	2.8e-23	108.3
NCVOG0228-consensus	scaffold_99	28.08	673	359	125	327	893	64428	66372	9.8e-14	80.1
NCVOG1128-consensus	scaffold_36	28.57	210	138	12	119	321	81075	81686	1.3e-14	82.5
NCVOG1128-consensus	scaffold_582	27.70	213	136	18	90	294	15719	16320	1.3e-11	70.0
NCVOG0280-consensus	scaffold_356	22.21	1405	937	156	476	1772	9847	5780	8.1e-22	106.9
NCVOG0218-consensus	scaffold_555	62.96	243	64	26	642	880	1	660	1.5e-87	324.0
NCVOG0218-consensus	scaffold_669	38.48	447	220	55	370	802	4152	2946	1.4e-60	233.9
NCVOG0218-consensus	scaffold_669	29.86	288	177	25	499	761	10124	9272	2.7e-14	80.1
NCVOG0218-consensus	scaffold_100	30.23	708	329	165	353	899	50026	47918	7.8e-49	197.0
NCVOG0218-consensus	scaffold_100	33.42	386	193	64	580	905	47896	46774	1.3e-26	123.3
NCVOG0218-consensus	scaffold_100	34.66	176	99	16	764	926	14888	14377	3.4e-15	85.3
NCVOG0218-consensus	scaffold_100	28.75	320	197	31	588	880	57756	56818	5.7e-14	81.2
NCVOG0218-consensus	scaffold_100	25.70	393	244	48	373	721	55980	54823	2e-12	76.1
NCVOG0218-consensus	scaffold_101	30.22	536	304	70	430	922	7459	5960	6.4e-45	184.0
NCVOG0218-consensus	scaffold_372	31.17	571	313	80	393	900	21102	19464	4.2e-44	180.2
NCVOG0218-consensus	scaffold_443	35.16	384	215	34	620	975	20	1146	2.7e-42	174.0
NCVOG0218-consensus	scaffold_245	35.18	415	214	55	554	921	13518	12305	3.8e-39	164.2
NCVOG0218-consensus	scaffold_639	35.36	427	237	39	543	946	826	2047	2.3e-37	156.9
NCVOG0218-consensus	scaffold_817	66.67	99	24	9	747	845	272	6	3e-37	155.8
NCVOG0218-consensus	scaffold_817	29.41	289	175	29	508	780	8421	7605	1e-14	80.9
NCVOG0218-consensus	scaffold_215	31.43	579	342	55	370	899	3447	5128	6.4e-36	153.6
NCVOG0218-consensus	scaffold_516	35.47	327	159	52	519	807	5402	4473	4.8e-34	146.3
NCVOG0218-consensus	scaffold_1034	29.71	579	349	58	376	909	3322	5004	2.6e-33	142.0
NCVOG0218-consensus	scaffold_1870	31.57	396	225	46	421	792	261	1347	3.7e-33	139.3
NCVOG0218-consensus	scaffold_195	41.15	209	102	21	664	852	24467	25077	4.8e-33	144.1
NCVOG0218-consensus	scaffold_195	27.44	481	285	64	491	917	38886	40265	9.4e-19	96.7
NCVOG0218-consensus	scaffold_897	30.02	533	303	70	370	836	4259	2682	7.1e-31	134.4
NCVOG0218-consensus	scaffold_290	43.51	262	116	32	637	869	31642	30891	1.5e-30	135.5
NCVOG0218-consensus	scaffold_290	39.44	142	74	12	676	807	38834	38422	1.3e-15	85.8
NCVOG0218-consensus	scaffold_2	31.68	322	192	28	597	891	176504	175545	1.6e-30	136.5
NCVOG0218-consensus	scaffold_264	40.51	237	122	19	657	882	28898	28233	1.1e-29	132.7
NCVOG0218-consensus	scaffold_264	28.38	451	268	55	380	803	21438	20193	8.1e-16	86.6
NCVOG0218-consensus	scaffold_194	26.63	537	342	52	434	950	8351	9852	1.5e-28	129.2
NCVOG0218-consensus	scaffold_255	42.00	200	97	19	615	797	21461	20875	2.2e-28	128.4
NCVOG0218-consensus	scaffold_273	25.68	627	393	73	377	953	29002	27198	1.4e-27	125.7
NCVOG0218-consensus	scaffold_395	23.90	502	361	21	346	827	24372	25865	2.1e-27	124.6
NCVOG0218-consensus	scaffold_769	28.71	606	369	63	360	926	3450	5162	3.1e-27	122.7
NCVOG0218-consensus	scaffold_923	43.22	199	99	14	678	867	5696	6264	2.4e-26	119.2
NCVOG0218-consensus	scaffold_1524	28.40	567	360	46	352	878	57	1730	4.2e-26	116.5
NCVOG0218-consensus	scaffold_227	42.35	170	86	12	617	780	21004	20522	6.8e-26	120.3
NCVOG0218-consensus	scaffold_882	27.85	553	358	41	355	867	8392	6774	8.6e-26	117.5
NCVOG0218-consensus	scaffold_1587	32.18	261	157	20	488	740	1259	520	1.2e-25	114.9
NCVOG0218-consensus	scaffold_152	31.49	289	188	10	662	946	45750	46587	1.2e-25	119.7
NCVOG0218-consensus	scaffold_542	38.85	260	131	28	548	793	2542	3260	2.9e-25	117.0
NCVOG0218-consensus	scaffold_542	31.96	291	170	28	579	852	9656	10468	3.9e-15	83.4
NCVOG0218-consensus	scaffold_291	36.67	210	104	29	612	798	17363	16767	2e-24	115.1
NCVOG0218-consensus	scaffold_142	28.18	479	282	62	402	826	17436	18835	3e-24	115.1
NCVOG0218-consensus	scaffold_28	38.57	210	111	18	648	848	106344	105763	3.5e-24	115.9
NCVOG0218-consensus	scaffold_416	29.54	562	325	71	366	892	913	2453	4.6e-24	113.5
NCVOG0218-consensus	scaffold_416	28.20	617	359	84	350	883	2514	4308	3.5e-14	80.7
NCVOG0218-consensus	scaffold_416	31.16	292	163	38	689	954	11351	12173	4.8e-13	76.9
NCVOG0218-consensus	scaffold_1507	29.01	593	348	73	369	903	75	1759	1.5e-23	108.1
NCVOG0218-consensus	scaffold_1621	31.23	333	198	31	493	811	1117	179	1.8e-23	107.5
NCVOG0218-consensus	scaffold_47	30.92	346	207	32	463	787	49922	48933	2.2e-23	112.9
NCVOG0218-consensus	scaffold_1119	34.23	260	124	47	632	844	4629	3859	2.3e-23	108.6
NCVOG0218-consensus	scaffold_952	39.32	234	119	23	513	738	5252	5887	5.1e-23	108.1
NCVOG0218-consensus	scaffold_14	28.90	571	356	50	353	895	150081	151688	8e-23	108.1
NCVOG0218-consensus	scaffold_244	42.71	192	95	15	648	832	8427	8967	8.1e-23	110.0
NCVOG0218-consensus	scaffold_123	25.33	458	295	47	468	881	54365	53014	9.5e-23	110.2
NCVOG0218-consensus	scaffold_10	26.78	463	308	31	523	978	152771	154068	9.6e-23	108.9
NCVOG0218-consensus	scaffold_10	43.22	118	55	12	691	800	167996	168334	1.2e-15	85.3
NCVOG0218-consensus	scaffold_1676	47.50	120	61	2	757	875	1717	1364	1.1e-22	104.8
NCVOG0218-consensus	scaffold_34	25.75	532	330	65	465	950	39032	40553	1.2e-22	110.8
NCVOG0218-consensus	scaffold_386	31.03	464	246	74	493	898	1966	654	1.7e-22	108.3
NCVOG0218-consensus	scaffold_145	32.50	280	180	9	655	927	5540	4714	2.3e-22	108.9
NCVOG0218-consensus	scaffold_1264	33.50	200	119	14	662	854	3400	2831	2.5e-22	104.8
NCVOG0218-consensus	scaffold_73	45.39	152	66	17	728	862	71701	72153	2.5e-22	109.1
NCVOG0218-consensus	scaffold_73	28.05	467	279	57	340	778	73118	74422	2.5e-22	109.1
NCVOG0218-consensus	scaffold_1360	34.52	252	149	16	569	808	2706	1978	6e-22	103.2
NCVOG0218-consensus	scaffold_177	25.17	445	282	51	364	770	21648	22940	7.7e-22	107.0
NCVOG0218-consensus	scaffold_416	38.26	264	126	37	612	842	18250	17478	1.1e-21	105.6
NCVOG0218-consensus	scaffold_816	30.25	314	196	23	651	946	7566	6661	1.2e-21	104.0
NCVOG0218-consensus	scaffold_15	29.07	430	263	42	317	716	81741	80497	1.2e-21	107.8
NCVOG0218-consensus	scaffold_336	43.36	143	69	12	664	794	7727	7306	1.3e-21	105.6
NCVOG0218-consensus	scaffold_4	56.31	103	37	8	651	747	79071	78776	1.5e-21	107.5
NCVOG0218-consensus	scaffold_131	42.96	142	68	13	628	763	42190	41795	1.6e-21	106.2
NCVOG0218-consensus	scaffold_124	29.80	349	204	41	477	787	16722	17748	2.8e-21	105.4
NCVOG0218-consensus	scaffold_191	28.76	466	287	45	405	858	9845	11132	4.9e-21	104.3
NCVOG0218-consensus	scaffold_191	30.89	259	156	23	662	902	40759	41503	2.5e-15	85.3
NCVOG0218-consensus	scaffold_191	29.84	382	232	36	576	923	8031	9139	5.4e-15	84.2
NCVOG0218-consensus	scaffold_3	28.44	422	277	25	386	789	170351	169140	5.3e-21	104.5
NCVOG0218-consensus	scaffold_3	27.21	452	282	47	410	832	210659	209361	2.4e-20	102.4
NCVOG0218-consensus	scaffold_3	33.33	318	183	29	588	882	206173	205267	2e-16	89.3
NCVOG0218-consensus	scaffold_327	41.55	142	74	9	618	758	20275	20673	6e-21	103.4
NCVOG0218-consensus	scaffold_694	28.37	504	315	46	349	809	3828	2369	6.2e-21	102.1
NCVOG0218-consensus	scaffold_187	36.07	244	137	19	653	882	18786	19483	7.2e-21	103.7
NCVOG0218-consensus	scaffold_65	27.51	458	262	70	454	850	60447	59110	7.9e-21	104.3
NCVOG0218-consensus	scaffold_1284	39.29	224	104	32	750	952	3480	2855	8.4e-21	99.7
NCVOG0218-consensus	scaffold_1284	35.98	164	101	4	671	830	2091	1607	8.4e-21	99.7
NCVOG0218-consensus	scaffold_1892	39.29	252	134	19	623	865	588	1290	9.3e-21	98.1
NCVOG0218-consensus	scaffold_670	31.12	498	297	46	386	854	3074	1671	1.7e-20	100.7
NCVOG0218-consensus	scaffold_714	29.98	547	309	74	435	919	9158	7605	1.8e-20	100.5
NCVOG0218-consensus	scaffold_535	31.18	356	211	34	435	760	1049	15	2.4e-20	100.7
NCVOG0218-consensus	scaffold_750	31.67	281	167	25	633	888	9812	10651	2.4e-20	99.9
NCVOG0218-consensus	scaffold_149	36.15	213	113	23	549	749	44945	45535	3e-20	101.8
NCVOG0218-consensus	scaffold_157	27.51	309	206	18	626	922	42151	41252	3.5e-20	101.6
NCVOG0218-consensus	scaffold_157	27.96	304	206	13	561	854	48493	47612	5.7e-14	80.9
NCVOG0218-consensus	scaffold_202	27.53	465	284	53	488	914	40463	41785	3.8e-20	101.3
NCVOG0218-consensus	scaffold_214	32.34	303	184	21	563	846	2	891	4.4e-20	101.0
NCVOG0218-consensus	scaffold_1	32.04	334	168	59	632	913	118857	119824	5.3e-20	102.4
NCVOG0218-consensus	scaffold_89	34.95	206	102	32	677	850	47975	48589	5.4e-20	101.3
NCVOG0218-consensus	scaffold_89	37.21	215	114	21	694	887	60846	61471	5.4e-16	88.0
NCVOG0218-consensus	scaffold_1340	35.39	178	106	9	708	879	1923	2444	5.7e-20	96.7
NCVOG0218-consensus	scaffold_34	36.23	207	120	12	648	849	100457	99867	5.8e-20	101.8
NCVOG0218-consensus	scaffold_34	26.83	436	281	38	426	829	32222	30958	5.6e-15	85.3
NCVOG0218-consensus	scaffold_763	29.89	562	334	60	352	871	4084	5660	7.1e-20	98.3
NCVOG0218-consensus	scaffold_1351	48.45	97	45	5	673	767	1225	947	8.2e-20	96.1
NCVOG0218-consensus	scaffold_170	29.56	548	326	60	403	897	29811	28220	8.7e-20	100.2
NCVOG0218-consensus	scaffold_863	35.68	199	107	21	628	810	7701	7129	1.7e-19	96.7
NCVOG0218-consensus	scaffold_1045	37.21	129	78	3	734	859	642	1021	2.3e-19	95.6
NCVOG0218-consensus	scaffold_1045	33.33	156	95	9	670	818	5344	5802	3e-17	88.5
NCVOG0218-consensus	scaffold_3	29.08	478	277	62	459	876	111523	110141	2.4e-19	100.2
NCVOG0218-consensus	scaffold_1020	28.79	639	389	66	317	910	5655	3855	2.9e-19	95.3
NCVOG0218-consensus	scaffold_256	29.19	346	197	48	633	941	6293	5300	3.1e-19	98.0
NCVOG0218-consensus	scaffold_680	30.62	258	164	15	676	926	1689	955	4e-19	96.1
NCVOG0218-consensus	scaffold_96	38.74	191	102	15	588	766	44309	44851	5e-19	98.0
NCVOG0218-consensus	scaffold_369	31.35	370	216	38	418	768	11202	10187	7.2e-19	96.4
NCVOG0218-consensus	scaffold_337	27.64	550	357	41	360	889	11942	10385	7.8e-19	96.4
NCVOG0218-consensus	scaffold_437	37.91	211	115	16	610	808	14622	14029	1.1e-18	95.6
NCVOG0218-consensus	scaffold_225	29.33	525	288	83	354	819	43404	44861	1.3e-18	96.1
NCVOG0218-consensus	scaffold_731	34.57	188	116	7	648	831	10074	9529	1.3e-18	94.2
NCVOG0218-consensus	scaffold_572	31.37	255	158	17	657	894	18681	17934	1.4e-18	94.8
NCVOG0218-consensus	scaffold_76	39.08	174	96	10	702	868	45513	46004	1.7e-18	96.4
NCVOG0218-consensus	scaffold_466	26.51	547	361	41	432	949	9721	11294	1.7e-18	94.8
NCVOG0218-consensus	scaffold_978	28.38	592	361	63	360	902	5540	3850	1.8e-18	92.9
NCVOG0218-consensus	scaffold_360	24.31	654	373	122	354	896	22313	20412	1.9e-18	95.0
NCVOG0218-consensus	scaffold_94	29.39	313	192	29	464	772	12981	13833	2.3e-18	95.9
NCVOG0218-consensus	scaffold_284	32.18	289	179	17	631	903	34296	33442	2.3e-18	95.0
NCVOG0218-consensus	scaffold_22	26.55	629	391	71	265	857	22686	20938	2.4e-18	96.7
NCVOG0218-consensus	scaffold_844	28.67	558	340	58	374	886	1078	2673	2.5e-18	92.9
NCVOG0218-consensus	scaffold_1751	32.17	286	174	20	582	855	1566	764	2.6e-18	90.2
NCVOG0218-consensus	scaffold_154	28.95	373	223	42	586	925	52250	53326	3.2e-18	95.0
NCVOG0218-consensus	scaffold_154	34.05	185	112	10	694	869	50866	51410	2.6e-17	92.1
NCVOG0218-consensus	scaffold_1206	35.82	282	136	45	688	952	980	260	4e-18	91.0
NCVOG0218-consensus	scaffold_213	30.89	327	198	28	502	804	13950	12995	4.9e-18	94.2
NCVOG0218-consensus	scaffold_201	31.50	200	132	5	674	871	18825	18242	5e-18	94.2
NCVOG0218-consensus	scaffold_809	31.12	376	218	41	640	991	9125	8092	5.7e-18	91.8
NCVOG0218-consensus	scaffold_50	29.54	325	195	34	532	824	73336	72387	6.4e-18	94.8
NCVOG0218-consensus	scaffold_165	30.51	236	145	19	589	809	36039	36731	6.7e-18	94.0
NCVOG0218-consensus	scaffold_1309	28.98	314	198	25	659	948	1273	364	6.8e-18	89.9
NCVOG0218-consensus	scaffold_609	31.52	330	201	25	641	946	15976	16925	8.1e-18	92.1
NCVOG0218-consensus	scaffold_105	26.15	325	211	29	463	772	5967	5044	9.7e-18	93.7
NCVOG0218-consensus	scaffold_960	49.43	87	43	1	678	763	4682	4939	1e-17	90.4
NCVOG0218-consensus	scaffold_720	29.43	384	234	37	388	741	11126	10027	1.1e-17	91.2
NCVOG0218-consensus	scaffold_573	28.17	497	285	72	356	812	1067	2436	1.1e-17	91.8
NCVOG0218-consensus	scaffold_53	28.25	669	377	103	358	932	84640	82706	1.1e-17	94.0
NCVOG0218-consensus	scaffold_53	30.45	555	309	77	350	838	88655	87077	3.6e-18	95.6
NCVOG0218-consensus	scaffold_175	37.36	174	97	12	611	773	20811	20302	1.4e-17	92.9
NCVOG0218-consensus	scaffold_57	37.84	148	78	14	700	833	21259	20823	1.5e-17	93.4
NCVOG0218-consensus	scaffold_78	30.65	199	135	3	607	803	48883	49465	1.6e-17	93.1
NCVOG0218-consensus	scaffold_78	26.76	355	217	43	486	801	45850	46887	1.6e-13	79.9
NCVOG0218-consensus	scaffold_389	33.24	373	210	39	486	839	16069	17082	1.6e-17	91.8
NCVOG0218-consensus	scaffold_378	32.49	394	224	42	595	952	14324	15442	1.7e-17	91.8
NCVOG0218-consensus	scaffold_998	36.32	223	111	31	663	858	10	651	4.1e-17	88.3
NCVOG0218-consensus	scaffold_174	36.05	233	126	23	677	887	48913	49573	5.1e-17	91.0
NCVOG0218-consensus	scaffold_1148	26.03	580	383	46	348	893	2260	3946	5.2e-17	87.4
NCVOG0218-consensus	scaffold_526	26.53	245	168	12	657	890	1098	370	5.4e-17	89.6
NCVOG0218-consensus	scaffold_31	28.93	318	186	40	582	859	41719	42663	6.4e-17	91.8
NCVOG0218-consensus	scaffold_31	33.04	224	133	17	671	881	87116	87758	2e-12	76.9
NCVOG0218-consensus	scaffold_435	49.43	87	43	1	678	763	18770	19027	6.7e-17	89.6
NCVOG0218-consensus	scaffold_496	38.10	168	89	15	596	748	762	1250	8.4e-17	89.1
NCVOG0218-consensus	scaffold_75	32.12	193	128	3	600	790	21071	21639	8.9e-17	90.7
NCVOG0218-consensus	scaffold_385	29.49	590	327	89	354	874	2670	1018	9.1e-17	89.3
NCVOG0218-consensus	scaffold_158	31.04	335	201	30	556	864	29540	30517	9.4e-17	90.2
NCVOG0218-consensus	scaffold_14	33.73	249	145	20	634	870	62607	63316	2.1e-16	90.4
NCVOG0218-consensus	scaffold_557	25.58	563	374	45	377	912	3657	2080	2.3e-16	87.4
NCVOG0218-consensus	scaffold_1052	27.58	388	228	53	454	797	1289	172	2.3e-16	85.5
NCVOG0218-consensus	scaffold_83	31.49	235	142	19	579	794	41521	42222	2.6e-16	89.1
NCVOG0218-consensus	scaffold_83	35.19	233	135	16	614	834	6188	6853	1.5e-12	76.6
NCVOG0218-consensus	scaffold_193	29.14	326	203	28	652	949	24095	25055	3.2e-16	88.3
NCVOG0218-consensus	scaffold_406	26.81	511	331	43	350	840	26395	27817	3.9e-16	87.2
NCVOG0218-consensus	scaffold_330	26.59	346	244	10	519	854	3582	2556	3.9e-16	87.4
NCVOG0218-consensus	scaffold_691	27.75	364	230	33	446	778	8175	7093	4.1e-16	86.1
NCVOG0218-consensus	scaffold_162	38.24	170	93	12	665	822	17955	18455	4.2e-16	88.0
NCVOG0218-consensus	scaffold_32	27.87	348	229	22	523	858	15927	14929	5e-16	88.8
NCVOG0218-consensus	scaffold_64	37.59	141	76	12	743	871	70277	70696	5.3e-16	88.3
NCVOG0218-consensus	scaffold_64	34.65	202	122	10	596	792	76741	77318	1.3e-14	83.7
NCVOG0218-consensus	scaffold_826	35.67	157	97	4	664	816	1067	1522	6.1e-16	85.0
NCVOG0218-consensus	scaffold_339	36.68	199	99	27	589	779	14482	15006	6.8e-16	86.6
NCVOG0218-consensus	scaffold_186	22.65	733	485	82	250	924	12861	10766	6.8e-16	87.2
NCVOG0218-consensus	scaffold_1790	36.90	187	102	16	726	902	954	1475	7e-16	82.1
NCVOG0218-consensus	scaffold_954	34.95	186	105	16	754	924	1451	906	7.7e-16	84.2
NCVOG0218-consensus	scaffold_790	28.11	498	283	75	354	789	10164	8733	8e-16	84.7
NCVOG0218-consensus	scaffold_1800	33.71	267	146	31	707	945	1479	705	8.3e-16	81.8
NCVOG0218-consensus	scaffold_1256	30.41	217	137	14	671	880	509	1119	8.5e-16	83.1
NCVOG0218-consensus	scaffold_153	43.56	101	55	2	680	780	50008	49715	9.1e-16	86.9
NCVOG0218-consensus	scaffold_1465	28.10	452	278	47	451	861	822	2150	9.1e-16	82.3
NCVOG0218-consensus	scaffold_90	27.54	236	147	24	647	859	732	31	9.5e-16	87.2
NCVOG0218-consensus	scaffold_589	33.04	224	129	21	644	846	17334	16678	9.5e-16	85.3
NCVOG0218-consensus	scaffold_422	32.80	189	115	12	680	857	14714	14154	1.4e-15	85.3
NCVOG0218-consensus	scaffold_347	31.68	303	180	27	525	809	27628	26776	1.4e-15	85.5
NCVOG0218-consensus	scaffold_609	30.40	273	177	13	556	817	15569	14778	1.6e-15	84.5
NCVOG0218-consensus	scaffold_609	26.61	387	242	42	441	808	11925	10853	2.2e-14	80.7
NCVOG0218-consensus	scaffold_266	27.70	444	280	41	462	886	3434	4670	1.7e-15	85.5
NCVOG0218-consensus	scaffold_1347	27.03	640	369	98	357	908	2640	784	2.1e-15	81.5
NCVOG0218-consensus	scaffold_1319	34.47	206	123	12	753	952	2749	2171	2.2e-15	81.5
NCVOG0218-consensus	scaffold_71	32.74	223	127	23	741	957	40954	41552	2.3e-15	86.1
NCVOG0218-consensus	scaffold_972	32.19	233	142	16	532	755	4169	3507	2.3e-15	82.6
NCVOG0218-consensus	scaffold_1361	33.91	174	97	18	597	753	1502	2015	2.5e-15	81.2
NCVOG0218-consensus	scaffold_703	32.43	185	113	12	571	749	11383	10852	2.6e-15	83.4
NCVOG0218-consensus	scaffold_600	37.91	182	91	22	572	732	17028	17555	2.8e-15	83.6
NCVOG0218-consensus	scaffold_42	31.62	234	135	25	777	989	70681	70005	2.8e-15	86.1
NCVOG0218-consensus	scaffold_42	35.20	179	109	7	661	833	72563	72045	2.8e-15	86.1
NCVOG0218-consensus	scaffold_506	36.30	146	88	5	715	857	1341	915	2.9e-15	83.9
NCVOG0218-consensus	scaffold_118	39.58	192	96	20	678	849	33158	33716	3.1e-15	85.3
NCVOG0218-consensus	scaffold_118	30.93	333	199	31	384	707	21528	22453	3.8e-15	85.0
NCVOG0218-consensus	scaffold_248	43.41	129	64	9	613	733	31523	31161	3.1e-15	84.7
NCVOG0218-consensus	scaffold_410	29.91	341	196	43	476	777	16608	15617	3.7e-15	83.9
NCVOG0218-consensus	scaffold_144	26.20	458	295	43	435	873	43748	45034	4.2e-15	84.7
NCVOG0218-consensus	scaffold_1097	43.24	111	53	10	589	696	5044	4736	4.3e-15	81.2
NCVOG0218-consensus	scaffold_79	27.71	314	195	32	431	720	25675	24765	4.5e-15	85.0
NCVOG0218-consensus	scaffold_1305	28.80	559	334	64	375	881	17	1606	4.9e-15	80.4
NCVOG0218-consensus	scaffold_533	48.18	110	51	6	658	765	20704	21012	5.8e-15	82.8
NCVOG0218-consensus	scaffold_405	30.19	371	223	36	562	901	25444	26518	6.5e-15	83.1
NCVOG0218-consensus	scaffold_21	30.84	334	195	36	655	958	70782	71728	7.9e-15	85.0
NCVOG0218-consensus	scaffold_1095	32.34	201	113	23	727	904	3844	4435	9.2e-15	80.1
NCVOG0218-consensus	scaffold_205	32.34	235	133	26	727	941	21237	20566	9.2e-15	83.4
NCVOG0218-consensus	scaffold_205	30.42	549	291	91	413	890	3955	2418	1.9e-14	82.3
NCVOG0218-consensus	scaffold_6	30.42	240	151	16	456	679	175381	176085	9.2e-15	83.4
NCVOG0218-consensus	scaffold_16	25.94	320	210	27	711	1008	18919	19838	1.1e-14	84.7
NCVOG0218-consensus	scaffold_2	35.59	222	114	29	561	769	236384	236982	1.1e-14	83.9
NCVOG0218-consensus	scaffold_2	29.07	258	167	16	593	836	190802	191560	3.7e-15	85.6
NCVOG0218-consensus	scaffold_2	28.57	280	181	19	632	894	182021	182851	5.1e-14	81.8
NCVOG0218-consensus	scaffold_617	27.55	646	374	94	357	921	16210	14343	1.2e-14	81.5
NCVOG0218-consensus	scaffold_617	26.42	386	255	29	468	832	8973	7857	2.4e-12	73.9
NCVOG0218-consensus	scaffold_298	32.05	234	147	12	648	871	25146	25838	1.2e-14	82.6
NCVOG0218-consensus	scaffold_28	28.38	437	263	50	375	785	23783	25012	1.3e-14	84.2
NCVOG0218-consensus	scaffold_28	30.30	264	157	27	491	738	32148	32901	3.2e-14	82.8
NCVOG0218-consensus	scaffold_73	24.72	441	292	40	341	744	23504	22200	1.4e-14	83.4
NCVOG0218-consensus	scaffold_13	42.96	135	67	10	622	749	57727	58111	1.6e-14	84.2
NCVOG0218-consensus	scaffold_396	30.99	284	181	15	674	945	6870	7693	1.7e-14	81.7
NCVOG0218-consensus	scaffold_280	31.18	263	147	34	512	744	34412	35167	1.9e-14	82.0
NCVOG0218-consensus	scaffold_226	29.37	269	167	23	495	760	25417	24674	2.2e-14	82.0
NCVOG0218-consensus	scaffold_19	33.43	341	185	42	575	876	24259	23277	2.2e-14	83.7
NCVOG0218-consensus	scaffold_730	31.28	243	148	19	568	798	7107	6415	2.3e-14	80.1
NCVOG0218-consensus	scaffold_271	40.32	124	69	5	708	827	24958	25317	2.4e-14	81.8
NCVOG0218-consensus	scaffold_937	29.77	571	337	64	350	871	373	1999	2.4e-14	79.3
NCVOG0218-consensus	scaffold_572	31.02	332	195	34	478	788	5245	6176	2.4e-14	80.7
NCVOG0218-consensus	scaffold_189	27.74	685	386	109	359	950	3607	1628	2.9e-14	81.8
NCVOG0218-consensus	scaffold_312	31.19	218	129	21	600	806	33147	32527	3.1e-14	81.2
NCVOG0218-consensus	scaffold_30	22.56	665	443	72	156	771	106393	104497	3.1e-14	82.8
NCVOG0218-consensus	scaffold_230	25.85	410	265	39	382	768	10751	11901	3.2e-14	81.5
NCVOG0218-consensus	scaffold_7	25.08	662	367	129	369	905	51695	53615	3.3e-14	83.1
NCVOG0218-consensus	scaffold_143	30.28	218	128	24	541	734	57928	58570	3.4e-14	81.8
NCVOG0218-consensus	scaffold_879	31.13	604	344	72	350	912	8965	7290	4.1e-14	78.8
NCVOG0218-consensus	scaffold_1084	27.59	348	230	22	597	930	1054	60	4.2e-14	78.0
NCVOG0218-consensus	scaffold_1007	31.20	500	247	97	492	912	403	1801	4.2e-14	78.2
NCVOG0218-consensus	scaffold_1658	27.74	274	187	11	570	834	205	1009	4.3e-14	76.4
NCVOG0218-consensus	scaffold_1588	33.12	160	97	10	520	676	1367	1818	4.7e-14	76.3
NCVOG0218-consensus	scaffold_353	34.55	165	103	5	721	881	2598	2120	4.9e-14	80.4
NCVOG0218-consensus	scaffold_35	30.09	319	201	22	592	888	92309	93252	5.3e-14	82.0
NCVOG0218-consensus	scaffold_1914	39.62	159	87	9	631	781	817	1269	5.4e-14	75.6
NCVOG0218-consensus	scaffold_228	27.43	401	267	24	448	833	26823	25675	5.6e-14	80.7
NCVOG0218-consensus	scaffold_7	32.02	228	133	22	452	673	91631	91003	5.9e-14	82.3
NCVOG0218-consensus	scaffold_15	30.88	434	221	79	354	750	109450	110590	5.9e-14	82.3
NCVOG0218-consensus	scaffold_21	34.69	196	111	17	630	812	12771	12209	6.3e-14	82.0
NCVOG0218-consensus	scaffold_1230	32.84	201	123	12	668	857	2896	2306	6.7e-14	76.9
NCVOG0218-consensus	scaffold_1675	37.68	138	80	6	717	850	947	553	7.3e-14	75.5
NCVOG0218-consensus	scaffold_560	25.30	423	288	28	437	832	8432	7176	7.6e-14	79.0
NCVOG0218-consensus	scaffold_36	55.71	70	27	4	662	729	31881	32081	7.7e-14	81.5
NCVOG0218-consensus	scaffold_85	29.70	266	167	20	622	869	20525	19747	8.8e-14	80.7
NCVOG0218-consensus	scaffold_85	31.63	215	137	10	673	881	33973	33352	2.8e-14	82.3
NCVOG0218-consensus	scaffold_918	34.76	164	97	10	742	895	985	507	9.4e-14	77.4
NCVOG0218-consensus	scaffold_842	33.57	140	89	4	695	830	3663	3247	9.4e-14	77.7
NCVOG0218-consensus	scaffold_32	29.51	288	180	23	428	705	16912	17729	9.6e-14	81.2
NCVOG0218-consensus	scaffold_234	37.98	129	73	7	706	827	43087	43468	9.8e-14	79.9
NCVOG0218-consensus	scaffold_66	28.78	410	252	40	447	821	27756	26571	1e-13	80.7
NCVOG0218-consensus	scaffold_129	30.36	224	137	19	631	835	9915	10577	1.3e-13	79.9
NCVOG0218-consensus	scaffold_325	27.66	564	365	43	350	881	21969	23592	1.3e-13	79.0
NCVOG0218-consensus	scaffold_970	25.79	252	175	12	664	913	2034	2756	1.4e-13	76.6
NCVOG0218-consensus	scaffold_548	38.30	141	81	6	759	894	1628	1212	1.7e-13	78.0
NCVOG0218-consensus	scaffold_320	28.93	591	318	102	377	898	7534	5912	1.7e-13	78.8
NCVOG0218-consensus	scaffold_379	31.35	252	151	22	470	711	31234	30518	1.7e-13	78.5
NCVOG0218-consensus	scaffold_414	38.46	156	77	19	590	728	17845	18285	1.9e-13	78.2
NCVOG0218-consensus	scaffold_54	38.76	129	74	5	615	738	62864	63245	1.9e-13	79.9
NCVOG0218-consensus	scaffold_385	32.34	303	181	24	618	899	27513	28403	2e-13	78.2
NCVOG0218-consensus	scaffold_541	34.27	178	107	10	606	773	16987	16471	2e-13	77.7
NCVOG0218-consensus	scaffold_217	31.75	252	158	14	764	1007	44415	45121	2.2e-13	78.8
NCVOG0218-consensus	scaffold_697	34.67	199	115	15	615	798	14154	13567	2.4e-13	76.9
NCVOG0218-consensus	scaffold_105	34.84	155	90	11	662	806	34014	34468	2.5e-13	79.0
NCVOG0218-consensus	scaffold_824	26.52	445	265	62	405	792	9641	8347	2.5e-13	76.3
NCVOG0218-consensus	scaffold_1733	30.73	205	125	17	736	927	1442	863	2.6e-13	73.6
NCVOG0218-consensus	scaffold_388	41.98	162	65	29	734	871	2924	2485	2.9e-13	77.7
NCVOG0218-consensus	scaffold_110	35.22	230	134	15	652	866	37236	37894	2.9e-13	78.8
NCVOG0218-consensus	scaffold_110	27.10	428	251	61	362	738	26255	27487	1.5e-15	86.4
NCVOG0218-consensus	scaffold_243	38.30	141	81	6	759	894	39143	39559	2.9e-13	78.2
NCVOG0218-consensus	scaffold_45	24.65	499	331	45	534	998	37916	36464	3e-13	79.3
NCVOG0218-consensus	scaffold_1301	41.42	169	85	14	712	868	2464	1999	3.2e-13	74.4
NCVOG0218-consensus	scaffold_1439	36.49	148	80	14	592	733	2369	1961	3.9e-13	73.6
NCVOG0218-consensus	scaffold_1942	38.33	180	100	11	744	912	492	998	4e-13	72.6
NCVOG0218-consensus	scaffold_172	27.62	478	293	53	347	795	8680	10006	4.2e-13	78.0
NCVOG0218-consensus	scaffold_90	35.68	227	129	17	608	818	9701	10353	4.7e-13	78.2
NCVOG0218-consensus	scaffold_130	30.54	203	137	4	684	883	33821	33225	4.9e-13	78.0
NCVOG0218-consensus	scaffold_246	44.79	96	48	5	691	786	36957	36688	5.1e-13	77.4
NCVOG0218-consensus	scaffold_1768	35.33	184	99	20	749	912	974	1500	5.2e-13	72.6
NCVOG0218-consensus	scaffold_17	32.76	351	195	41	633	952	134098	135079	5.5e-13	79.0
NCVOG0218-consensus	scaffold_17	26.99	326	213	25	642	952	135729	136651	7e-14	82.0
NCVOG0218-consensus	scaffold_955	26.95	308	209	16	596	889	3258	2352	5.5e-13	74.7
NCVOG0218-consensus	scaffold_212	27.91	559	336	67	369	863	23	1651	5.7e-13	77.4
NCVOG0218-consensus	scaffold_208	33.61	241	132	28	545	757	12231	11522	5.7e-13	77.4
NCVOG0218-consensus	scaffold_49	25.74	272	184	18	552	805	47619	48421	6.1e-13	78.2
NCVOG0218-consensus	scaffold_550	24.57	639	393	89	319	891	5325	7133	6.2e-13	76.1
NCVOG0218-consensus	scaffold_168	29.22	397	245	36	530	896	24997	23856	6.3e-13	77.4
NCVOG0218-consensus	scaffold_71	33.69	187	112	12	564	740	25885	25348	6.3e-13	78.0
NCVOG0218-consensus	scaffold_613	26.35	573	352	70	359	868	16083	17755	6.4e-13	75.8
NCVOG0218-consensus	scaffold_279	30.11	445	252	59	430	823	13381	14664	6.8e-13	76.9
NCVOG0218-consensus	scaffold_880	44.55	101	48	8	760	852	2394	2101	6.9e-13	74.7
NCVOG0218-consensus	scaffold_140	30.99	242	147	20	680	914	2170	2839	6.9e-13	77.4
NCVOG0218-consensus	scaffold_703	34.25	181	99	20	641	804	6867	7391	7.3e-13	75.2
NCVOG0218-consensus	scaffold_1471	42.96	142	69	12	669	802	1330	1722	7.9e-13	72.5
NCVOG0218-consensus	scaffold_147	33.33	252	134	34	541	767	56159	55436	8.1e-13	77.1
NCVOG0218-consensus	scaffold_1368	40.17	117	64	6	699	811	593	252	8.3e-13	72.8
NCVOG0218-consensus	scaffold_1170	25.41	551	343	68	405	903	1568	3135	8.7e-13	73.3
NCVOG0218-consensus	scaffold_324	39.74	156	73	21	595	734	24302	24739	8.9e-13	76.3
NCVOG0218-consensus	scaffold_324	30.05	426	253	45	503	888	22134	23367	7.4e-13	76.6
NCVOG0218-consensus	scaffold_388	38.79	116	63	8	676	783	2111	2449	8.9e-13	76.1
NCVOG0218-consensus	scaffold_219	34.85	198	110	19	601	783	14609	15165	9.8e-13	76.6
NCVOG0218-consensus	scaffold_316	31.30	393	222	48	369	728	18721	19799	1.1e-12	76.1
NCVOG0218-consensus	scaffold_316	31.55	206	130	11	592	788	15373	15981	1.7e-13	78.8
NCVOG0218-consensus	scaffold_314	27.64	351	209	45	354	669	25102	26107	1.1e-12	76.1
NCVOG0218-consensus	scaffold_453	30.50	200	131	8	714	909	10491	9915	1.1e-12	75.5
NCVOG0218-consensus	scaffold_603	35.43	175	99	14	653	813	15157	14658	1.1e-12	75.0
NCVOG0218-consensus	scaffold_23	26.18	531	343	49	304	809	95864	94373	1.4e-12	77.4
NCVOG0218-consensus	scaffold_506	35.43	175	99	14	653	813	18023	18522	1.4e-12	75.0
NCVOG0218-consensus	scaffold_488	23.96	576	382	56	304	827	232	1940	1.5e-12	75.0
NCVOG0218-consensus	scaffold_111	29.28	263	157	29	531	774	43663	44412	1.6e-12	76.3
NCVOG0218-consensus	scaffold_1154	31.01	158	100	9	644	794	3892	3434	1.6e-12	72.5
NCVOG0218-consensus	scaffold_173	25.66	725	457	82	232	886	22042	24123	1.6e-12	76.1
NCVOG0218-consensus	scaffold_173	30.54	239	148	18	491	716	19024	19706	1.6e-12	76.1
NCVOG0218-consensus	scaffold_690	33.60	247	150	14	630	866	1830	2531	1.6e-12	74.2
NCVOG0218-consensus	scaffold_369	36.60	153	79	18	659	797	19466	19897	1.7e-12	75.2
NCVOG0218-consensus	scaffold_1195	31.90	210	133	10	586	786	2979	2370	2.1e-12	72.0
NCVOG0218-consensus	scaffold_1164	25.30	411	264	43	377	762	4473	3308	2.3e-12	72.0
NCVOG0218-consensus	scaffold_457	28.61	374	235	32	408	768	6281	5244	2.4e-12	74.4
NCVOG0218-consensus	scaffold_1132	34.97	183	107	12	617	789	4721	4194	2.4e-12	72.0
NCVOG0218-consensus	scaffold_305	46.09	115	52	10	664	773	15396	15714	2.4e-12	75.0
NCVOG0218-consensus	scaffold_224	33.90	177	102	15	787	952	33279	33782	2.4e-12	75.2
NCVOG0218-consensus	scaffold_152	30.00	170	100	19	563	717	57495	57005	2.5e-12	75.5
NCVOG0218-consensus	scaffold_1190	34.97	183	107	12	617	789	2728	2201	2.6e-12	71.7
NCVOG0218-consensus	scaffold_320	48.78	82	38	4	655	734	31758	31992	2.8e-12	74.7
NCVOG0218-consensus	scaffold_1235	27.13	387	241	41	594	945	2607	3708	2.9e-12	71.4
NCVOG0218-consensus	scaffold_1467	30.37	461	265	56	374	779	2243	907	3e-12	70.6
NCVOG0218-consensus	scaffold_92	38.82	170	83	21	669	817	49562	50058	3e-12	75.5
NCVOG0218-consensus	scaffold_886	30.62	209	135	10	567	771	2098	1505	3e-12	72.5
NCVOG0218-consensus	scaffold_795	25.00	516	326	61	272	735	2611	1132	3.1e-12	72.8
NCVOG0218-consensus	scaffold_850	31.02	216	143	6	592	803	5825	5189	3.3e-12	72.5
NCVOG0218-consensus	scaffold_114	33.33	210	115	25	649	834	22204	22809	3.3e-12	75.2
NCVOG0218-consensus	scaffold_46	27.97	379	240	33	442	791	33550	34659	4.2e-12	75.5
NCVOG0218-consensus	scaffold_6	32.84	271	158	24	642	895	171130	170366	4.5e-12	74.4
NCVOG0218-consensus	scaffold_134	31.69	183	119	6	613	789	39296	38751	4.6e-12	74.7
NCVOG0218-consensus	scaffold_1136	25.36	548	347	62	405	903	3135	4702	5e-12	70.9
NCVOG0218-consensus	scaffold_519	28.57	322	207	23	465	766	2771	3706	5.2e-12	73.1
NCVOG0218-consensus	scaffold_281	32.53	166	105	7	759	918	35474	34989	5.4e-12	73.9
NCVOG0218-consensus	scaffold_1540	46.43	84	42	3	655	735	707	951	5.5e-12	69.6
NCVOG0218-consensus	scaffold_85	44.27	131	63	10	620	741	42776	43152	5.5e-12	74.7
NCVOG0218-consensus	scaffold_192	24.44	401	265	38	549	918	31443	30275	5.6e-12	74.2
NCVOG0218-consensus	scaffold_243	32.67	202	126	10	356	552	4263	3680	5.9e-12	73.9
NCVOG0218-consensus	scaffold_1110	28.67	429	268	38	424	821	4522	3296	6.4e-12	70.6
NCVOG0218-consensus	scaffold_6	36.67	180	95	19	663	828	37560	37055	6.5e-12	75.5
NCVOG0218-consensus	scaffold_7	29.44	248	165	10	592	833	178577	177849	6.7e-12	73.6
NCVOG0218-consensus	scaffold_616	32.28	189	115	13	650	825	4862	4309	7.3e-12	72.3
NCVOG0218-consensus	scaffold_1207	25.89	367	212	60	687	1003	2725	3776	7.8e-12	70.1
NCVOG0218-consensus	scaffold_57	42.33	189	91	18	590	760	36528	37067	8e-12	74.4
NCVOG0218-consensus	scaffold_345	28.06	360	210	49	567	879	32909	33947	8e-12	73.1
NCVOG0218-consensus	scaffold_1000	30.12	259	161	20	712	952	3362	2613	8.3e-12	70.6
NCVOG0218-consensus	scaffold_559	35.67	157	93	8	617	767	6348	6789	8.4e-12	72.3
NCVOG0218-consensus	scaffold_68	28.29	410	255	39	472	843	46115	44914	9e-12	74.2
NCVOG0218-consensus	scaffold_473	38.14	118	69	4	761	875	11079	11426	1e-11	72.3
NCVOG0218-consensus	scaffold_430	34.13	252	138	28	568	795	26492	25762	1.1e-11	72.3
NCVOG0218-consensus	scaffold_211	28.33	353	217	36	431	754	37886	36876	1.2e-11	73.1
NCVOG0218-consensus	scaffold_1288	32.95	173	106	10	550	713	892	1404	1.2e-11	69.3
NCVOG0218-consensus	scaffold_1683	34.38	160	96	9	654	805	1646	1185	1.2e-11	68.2
NCVOG0218-consensus	scaffold_1082	36.90	187	94	24	548	715	4863	4331	1.2e-11	69.8
NCVOG0218-consensus	scaffold_714	37.50	152	79	16	683	818	2981	3421	1.2e-11	71.2
NCVOG0218-consensus	scaffold_775	30.42	263	171	12	598	853	7240	6494	1.2e-11	70.9
NCVOG0218-consensus	scaffold_923	41.60	125	59	14	777	894	5279	4941	1.2e-11	70.4
NCVOG0218-consensus	scaffold_242	28.24	301	196	20	481	769	9166	8319	1.3e-11	72.8
NCVOG0218-consensus	scaffold_527	25.77	555	334	78	386	876	7693	6098	1.3e-11	71.7
NCVOG0218-consensus	scaffold_527	28.10	242	158	16	548	779	5557	4865	2e-12	74.4
NCVOG0218-consensus	scaffold_368	33.70	181	105	15	648	813	31620	32147	1.3e-11	72.3
NCVOG0218-consensus	scaffold_1031	36.90	187	94	24	548	715	4157	3625	1.4e-11	69.8
NCVOG0218-consensus	scaffold_631	29.44	248	147	28	654	874	5698	6425	1.5e-11	71.2
NCVOG0218-consensus	scaffold_240	30.28	469	255	72	483	904	39348	40644	1.5e-11	72.5
NCVOG0218-consensus	scaffold_240	35.59	177	101	13	608	778	9871	10365	1e-11	73.1
NCVOG0218-consensus	scaffold_314	45.78	83	40	5	590	670	9428	9200	1.5e-11	72.3
NCVOG0218-consensus	scaffold_31	35.71	168	96	12	649	806	99274	98790	1.6e-11	73.9
NCVOG0218-consensus	scaffold_800	27.41	332	220	21	460	779	89	1040	1.7e-11	70.4
NCVOG0218-consensus	scaffold_564	28.12	320	209	21	525	826	11785	10866	1.7e-11	71.2
NCVOG0218-consensus	scaffold_564	33.10	145	92	5	727	866	7813	7392	1.7e-11	71.2
NCVOG0218-consensus	scaffold_442	32.59	224	132	19	730	941	19202	18569	2e-11	71.4
NCVOG0218-consensus	scaffold_442	36.44	225	121	22	632	836	15797	15166	1.3e-11	72.0
NCVOG0218-consensus	scaffold_489	30.74	270	157	30	669	909	11027	11806	2.1e-11	71.2
NCVOG0218-consensus	scaffold_822	33.33	168	99	13	687	845	7771	7289	2.3e-11	69.8
NCVOG0218-consensus	scaffold_796	26.03	315	189	44	367	649	5	906	2.4e-11	69.8
NCVOG0218-consensus	scaffold_424	33.97	156	90	13	731	873	12727	12263	2.5e-11	71.2
NCVOG0218-consensus	scaffold_582	27.60	337	211	33	676	994	13186	14134	2.5e-11	70.6
NCVOG0218-consensus	scaffold_1350	39.66	116	55	15	693	797	89	411	2.5e-11	67.9
NCVOG0218-consensus	scaffold_775	34.53	139	89	2	697	834	1950	2360	2.6e-11	69.8
NCVOG0218-consensus	scaffold_122	34.64	153	86	14	755	893	44723	45174	2.6e-11	72.3
NCVOG0218-consensus	scaffold_1330	33.54	161	95	12	638	786	3059	2590	2.7e-11	67.9
NCVOG0218-consensus	scaffold_1325	30.84	214	126	22	568	759	333	959	2.7e-11	67.9
NCVOG0218-consensus	scaffold_448	31.16	276	158	32	512	759	10420	11212	2.8e-11	70.9
NCVOG0218-consensus	scaffold_1736	30.21	384	204	64	591	911	4	1125	2.8e-11	66.9
NCVOG0218-consensus	scaffold_148	28.29	350	219	32	617	943	3329	4332	2.9e-11	72.0
NCVOG0218-consensus	scaffold_871	31.28	195	119	15	352	537	5005	4442	3e-11	69.3
NCVOG0218-consensus	scaffold_107	45.26	95	45	7	705	796	26287	26018	3.2e-11	72.0
NCVOG0218-consensus	scaffold_754	25.93	536	337	60	355	844	6260	4730	3.3e-11	69.5
NCVOG0218-consensus	scaffold_679	32.02	203	120	18	666	850	8662	8065	3.3e-11	69.8
NCVOG0218-consensus	scaffold_351	30.10	206	138	6	655	857	5227	5830	3.6e-11	70.9
NCVOG0218-consensus	scaffold_351	32.92	161	88	20	719	864	24625	25085	3.6e-11	70.9
NCVOG0218-consensus	scaffold_137	35.36	181	107	10	640	810	39587	40100	3.6e-11	71.7
NCVOG0218-consensus	scaffold_719	47.73	88	37	9	644	723	7190	7435	3.6e-11	69.5
NCVOG0218-consensus	scaffold_133	29.13	206	137	9	679	875	22435	21827	3.7e-11	71.7
NCVOG0218-consensus	scaffold_709	28.33	293	189	21	616	891	6575	7428	3.7e-11	69.5
NCVOG0218-consensus	scaffold_764	33.85	195	113	16	679	857	9307	8732	3.8e-11	69.3
NCVOG0218-consensus	scaffold_171	35.33	167	99	9	763	922	37249	37730	3.9e-11	71.4
NCVOG0218-consensus	scaffold_1489	37.79	262	126	37	443	683	1059	373	3.9e-11	66.9
NCVOG0218-consensus	scaffold_542	37.18	156	88	10	652	797	3740	3286	3.9e-11	70.1
NCVOG0218-consensus	scaffold_621	40.15	132	72	7	737	864	16715	16336	3.9e-11	69.8
NCVOG0218-consensus	scaffold_1048	36.70	109	60	9	714	816	1623	1311	4.9e-11	67.9
NCVOG0218-consensus	scaffold_811	41.75	103	55	5	636	733	4219	3914	5e-11	68.7
NCVOG0218-consensus	scaffold_287	37.99	179	92	19	589	758	4264	4743	5e-11	70.6
NCVOG0218-consensus	scaffold_592	26.71	337	215	32	598	910	14438	13475	5.1e-11	69.5
NCVOG0218-consensus	scaffold_276	29.13	309	195	24	559	850	12001	12881	5.2e-11	70.6
NCVOG0218-consensus	scaffold_403	30.38	260	161	20	712	953	7123	7875	5.5e-11	70.1
NCVOG0218-consensus	scaffold_118	30.00	330	194	37	369	687	32229	31325	5.5e-11	71.2
NCVOG0218-consensus	scaffold_474	27.98	218	152	5	721	933	5116	5760	5.6e-11	69.8
NCVOG0218-consensus	scaffold_474	37.99	179	98	13	723	891	8201	8703	2.3e-12	74.4
NCVOG0218-consensus	scaffold_846	29.46	645	357	98	348	908	3333	5180	5.6e-11	68.5
NCVOG0218-consensus	scaffold_244	31.88	229	147	9	669	891	14355	13693	5.6e-11	70.6
NCVOG0218-consensus	scaffold_1492	42.53	87	46	4	744	827	1023	773	5.7e-11	66.3
NCVOG0218-consensus	scaffold_1596	28.00	400	240	48	519	871	1194	21	5.8e-11	66.0
NCVOG0218-consensus	scaffold_145	50.65	77	30	8	638	706	8739	8966	6.2e-11	70.9
NCVOG0218-consensus	scaffold_504	33.71	178	109	9	690	861	10045	9540	6.2e-11	69.5
NCVOG0218-consensus	scaffold_426	36.94	157	88	11	667	815	20571	21013	6.3e-11	69.8
NCVOG0218-consensus	scaffold_183	25.81	616	354	103	364	901	17848	16117	6.6e-11	70.6
NCVOG0218-consensus	scaffold_180	32.64	144	91	6	736	875	270	688	6.7e-11	70.6
NCVOG0218-consensus	scaffold_917	33.33	132	81	7	581	709	2483	2105	6.8e-11	67.9
NCVOG0218-consensus	scaffold_1983	38.89	108	63	3	674	779	400	85	7.3e-11	65.0
NCVOG0218-consensus	scaffold_88	27.76	245	161	16	712	949	20486	19794	7.5e-11	70.9
NCVOG0218-consensus	scaffold_348	31.92	213	130	15	604	809	23445	22840	7.6e-11	69.8
NCVOG0218-consensus	scaffold_625	30.27	185	113	16	536	713	7603	8125	8.3e-11	68.7
NCVOG0218-consensus	scaffold_447	31.25	240	147	18	727	952	19941	19257	8.7e-11	69.3
NCVOG0218-consensus	scaffold_1580	29.30	273	173	20	521	785	138	907	8.7e-11	65.5
NCVOG0218-consensus	scaffold_25	36.79	193	105	17	761	941	54365	53819	8.9e-11	71.5
NCVOG0218-consensus	scaffold_793	25.58	430	281	39	375	783	389	1599	9.2e-11	67.9
NCVOG0018-consensus	scaffold_100	19.96	927	717	25	136	1049	50678	47937	1.5e-24	116.5
NCVOG0018-consensus	scaffold_115	21.54	599	454	16	563	1158	49758	51512	8.6e-15	83.9
NCVOG0018-consensus	scaffold_395	22.87	682	469	57	399	1037	26317	24317	1.8e-14	81.7
NCVOG0018-consensus	scaffold_122	21.28	766	570	33	382	1140	23334	25530	1.4e-13	79.8
NCVOG0018-consensus	scaffold_1280	22.68	657	445	63	360	999	12	1837	4.1e-12	70.9
NCVOG0316-consensus	scaffold_45	23.26	288	208	13	30	312	40651	41487	1.5e-12	75.3
NCVOG4170-consensus	scaffold_70	37.74	371	152	79	52	345	7006	5911	1e-11	72.3
NCVOG4170-consensus	scaffold_115	34.65	254	120	46	129	345	35353	34634	6.5e-11	69.3
NCVOG1044-consensus	scaffold_479	30.22	139	94	3	259	394	19286	18873	3.1e-11	69.4
