NCVOG0719-consensus	scaffold_29	27.65	217	130	27	72	261	342818	342171	5.9e-21	100.0
NCVOG4812-consensus	scaffold_4	33.57	280	155	31	53	319	1293155	1292377	2.7e-16	85.4
NCVOG0269-consensus	scaffold_56	19.97	581	465	0	308	888	2754	1015	2e-25	112.3
NCVOG0269-consensus	scaffold_56	23.97	317	241	0	308	624	984	37	1.3e-16	83.0
NCVOG1069-consensus	scaffold_8	24.73	283	189	24	7	271	909116	908293	1.1e-19	95.4
NCVOG1046-consensus	scaffold_56	23.50	366	280	0	8	373	1880	786	5.7e-21	95.2
NCVOG1046-consensus	scaffold_56	24.47	282	213	0	8	289	2823	1981	8.1e-19	88.0
NCVOG1046-consensus	scaffold_56	30.06	173	121	0	8	180	553	38	4e-18	85.7
NCVOG1046-consensus	scaffold_7	24.14	377	244	42	22	374	672001	670934	5.8e-11	67.6
NCVOG2772-consensus	scaffold_56	30.13	395	276	0	70	464	2797	1616	8e-30	124.9
NCVOG2772-consensus	scaffold_56	29.11	395	280	0	70	464	1542	361	2.8e-29	123.1
NCVOG2772-consensus	scaffold_3	29.89	261	156	27	72	319	545071	545802	4.2e-12	71.7
NCVOG0321-consensus	scaffold_12	33.78	225	137	12	291	503	356447	355780	8.3e-24	110.7
NCVOG0321-consensus	scaffold_5	25.41	488	298	66	46	504	115746	114409	8.6e-22	104.0
NCVOG0321-consensus	scaffold_56	23.39	436	334	0	13	448	2394	1090	2.2e-18	87.0
NCVOG0321-consensus	scaffold_25	58.33	48	20	0	453	500	402190	402050	4.2e-12	71.8
NCVOG0669-consensus	scaffold_21	28.57	168	119	1	276	443	20202	20699	3.5e-13	75.3
NCVOG0333-consensus	scaffold_31	51.85	81	36	3	605	685	302696	302466	7.4e-11	66.5
NCVOG2223-consensus	scaffold_2	52.70	74	32	3	747	819	677789	677577	1.1e-11	71.3
NCVOG0233-consensus	scaffold_11	35.63	898	469	109	54	847	615636	618311	3.7e-63	242.2
NCVOG0233-consensus	scaffold_22	38.80	786	383	98	104	795	30525	32867	6.4e-47	188.3
NCVOG0233-consensus	scaffold_1	25.26	875	542	112	18	850	1621326	1623719	1.6e-45	183.6
NCVOG0233-consensus	scaffold_33	27.99	793	385	186	131	738	272389	274759	4.6e-33	142.3
NCVOG0233-consensus	scaffold_24	27.61	844	426	185	101	776	105164	107633	9e-30	131.3
NCVOG0233-consensus	scaffold_14	27.17	817	486	109	29	760	295638	298003	1.3e-28	127.5
NCVOG0233-consensus	scaffold_11	27.46	834	445	160	92	784	159516	161957	9.4e-24	111.3
NCVOG0233-consensus	scaffold_31	27.16	740	384	155	136	729	28004	30185	5.1e-22	105.6
NCVOG0233-consensus	scaffold_12	26.71	805	477	113	33	745	613513	615855	1.1e-21	104.5
NCVOG0233-consensus	scaffold_7	25.10	741	446	109	135	796	279556	277429	3.4e-21	102.8
NCVOG0233-consensus	scaffold_1	26.45	688	347	159	137	674	1414598	1416621	2.2e-19	96.8
NCVOG0233-consensus	scaffold_30	23.45	371	254	30	322	686	369803	368778	2.5e-17	89.4
NCVOG0233-consensus	scaffold_8	23.60	678	334	184	154	658	333688	335675	2.4e-15	83.4
NCVOG0233-consensus	scaffold_4	23.87	708	446	93	47	729	1447638	1449550	9.1e-15	81.5
NCVOG0233-consensus	scaffold_22	28.88	187	125	8	580	765	220255	219723	6.1e-14	78.7
NCVOG0023-consensus	scaffold_2	29.43	513	325	37	354	846	2124064	2125548	1.4e-49	195.8
NCVOG0023-consensus	scaffold_1	31.56	450	280	28	372	810	1833432	1834727	6e-46	185.0
NCVOG0023-consensus	scaffold_3	31.13	469	291	32	372	828	196939	198282	1.5e-45	183.7
NCVOG0023-consensus	scaffold_2	29.51	471	290	42	321	774	2095562	2094236	1.1e-39	162.9
NCVOG0023-consensus	scaffold_49	30.21	513	299	59	368	836	126700	128180	1.2e-36	154.0
NCVOG0023-consensus	scaffold_25	29.32	498	310	42	329	799	430449	431894	2.6e-35	149.7
NCVOG0023-consensus	scaffold_44	28.90	429	282	23	383	806	181750	180521	5.3e-35	146.7
NCVOG0023-consensus	scaffold_8	28.90	429	282	23	383	806	149768	148539	4.2e-34	145.7
NCVOG0023-consensus	scaffold_14	28.77	431	282	25	383	806	774699	773470	4e-32	137.0
NCVOG0023-consensus	scaffold_37	28.10	395	261	23	421	805	16592	17728	2.6e-29	129.8
NCVOG0023-consensus	scaffold_2	28.14	366	251	12	395	756	1666592	1667650	1.9e-27	123.6
NCVOG0023-consensus	scaffold_1	22.13	845	582	76	67	850	145335	142849	1.2e-26	120.9
NCVOG0023-consensus	scaffold_1	25.73	307	215	13	486	782	147319	146411	9.2e-16	84.8
NCVOG0023-consensus	scaffold_13	22.22	846	581	77	67	850	586645	589134	3.8e-26	119.3
NCVOG0023-consensus	scaffold_3	24.53	477	341	19	386	850	1758941	1760347	1.7e-25	117.1
NCVOG0023-consensus	scaffold_3	31.40	258	161	16	494	744	1513049	1512308	5.2e-25	115.5
NCVOG0023-consensus	scaffold_3	24.95	469	334	18	386	840	1730262	1728875	7.4e-25	114.9
NCVOG0023-consensus	scaffold_3	25.81	310	217	13	486	785	1733329	1732412	1.1e-15	84.5
NCVOG0023-consensus	scaffold_14	39.20	125	75	1	586	709	760660	761027	3.2e-19	94.2
NCVOG1013-consensus	scaffold_13	35.18	415	202	67	233	596	675490	674309	1.7e-21	103.5
NCVOG1013-consensus	scaffold_23	33.63	333	165	56	265	569	366326	365419	2.1e-16	86.6
NCVOG1013-consensus	scaffold_40	32.09	187	111	16	320	492	246831	246280	2.3e-11	69.2
NCVOG1013-consensus	scaffold_16	32.09	187	111	16	320	492	11712	11161	3.5e-11	69.2
NCVOG4292-consensus	scaffold_56	36.23	138	88	0	285	422	2076	1666	1.1e-11	64.4
NCVOG5073-consensus	scaffold_56	30.91	317	219	0	301	617	2076	1129	8.7e-23	101.9
NCVOG5073-consensus	scaffold_56	30.60	317	220	0	301	617	1022	75	4.8e-22	99.4
NCVOG5073-consensus	scaffold_56	31.23	253	174	0	301	553	2853	2098	5e-18	86.1
NCVOG0297-consensus	scaffold_1	45.00	80	38	6	376	453	629230	629006	5.9e-12	71.5
NCVOG0297-consensus	scaffold_8	29.53	149	99	6	4	148	524092	523657	6.5e-11	68.0
NCVOG0663-consensus	scaffold_6	25.99	554	353	57	101	598	161661	163314	9.2e-15	81.0
NCVOG0663-consensus	scaffold_9	22.70	652	432	72	5	594	388060	386138	1.9e-12	73.3
NCVOG0073-consensus	scaffold_5	41.42	618	342	20	16	631	244862	246658	3.5e-61	235.8
NCVOG0073-consensus	scaffold_3	40.99	605	332	25	40	640	709837	708089	2.9e-60	232.7
NCVOG0073-consensus	scaffold_10	41.36	619	336	27	29	644	14885	16666	1.7e-57	223.5
NCVOG0073-consensus	scaffold_43	41.56	616	335	25	28	640	46121	47899	3.9e-44	179.1
NCVOG0073-consensus	scaffold_41	33.21	780	445	76	16	749	163386	165630	8.3e-28	124.3
NCVOG0073-consensus	scaffold_17	29.75	363	236	19	53	408	110969	109920	1.8e-24	113.8
NCVOG0073-consensus	scaffold_1	29.48	363	237	19	53	408	824863	825912	1.5e-23	110.7
NCVOG0073-consensus	scaffold_34	25.77	551	359	50	15	522	185556	187182	8.2e-23	108.3
NCVOG0073-consensus	scaffold_21	28.64	632	385	66	33	626	34211	36019	2.8e-17	89.9
NCVOG0898-consensus	scaffold_37	24.60	504	340	40	217	694	132449	133901	1.5e-12	74.1
NCVOG0679-consensus	scaffold_56	25.64	273	203	0	3	275	2801	1986	5.8e-16	78.1
NCVOG0679-consensus	scaffold_56	25.27	273	204	0	3	275	1792	977	3.6e-16	78.8
NCVOG0679-consensus	scaffold_56	24.91	273	205	0	3	275	973	158	3.4e-15	75.6
NCVOG0679-consensus	scaffold_13	32.92	243	133	30	46	280	629299	628646	1.3e-13	76.0
NCVOG0268-consensus	scaffold_56	19.10	288	233	0	299	586	2833	1973	7e-13	69.0
NCVOG2643-consensus	scaffold_2	26.79	280	175	30	4	262	1612576	1613385	7.8e-20	96.6
NCVOG2643-consensus	scaffold_25	27.14	280	174	30	4	262	78176	78985	3.6e-16	84.4
NCVOG2643-consensus	scaffold_2	28.10	210	134	17	67	262	391500	390883	1.4e-12	72.5
NCVOG1364-consensus	scaffold_56	19.12	455	368	0	4	458	2652	1291	6.6e-12	65.4
NCVOG4533-consensus	scaffold_1	36.93	176	105	6	122	293	927199	926697	3.5e-11	68.6
NCVOG4523-consensus	scaffold_6	30.55	851	360	231	167	823	1116412	1113998	1.6e-11	70.0
NCVOG4523-consensus	scaffold_16	29.99	847	368	225	167	823	557616	560032	3.3e-11	70.0
NCVOG1353-consensus	scaffold_8	58.47	756	225	89	92	760	228007	225759	9.1e-96	350.4
NCVOG4445-consensus	scaffold_13	29.80	245	158	14	90	328	408060	407353	7.7e-20	97.2
NCVOG4045-consensus	scaffold_6	22.59	332	175	82	79	338	899785	898823	1.7e-13	76.1
NCVOG0243-consensus	scaffold_17	28.02	439	229	87	25	388	76084	77361	1.7e-14	79.4
NCVOG0055-consensus	scaffold_4	34.57	188	115	8	193	372	659901	659341	1.7e-22	106.1
NCVOG0055-consensus	scaffold_5	33.01	306	171	34	113	385	1070222	1071123	2.4e-12	72.4
NCVOG0435-consensus	scaffold_20	42.86	119	67	1	89	207	304413	304763	3.5e-20	97.4
NCVOG4105-consensus	scaffold_15	37.24	1093	582	104	14	1035	297006	293836	2.8e-127	455.6
NCVOG4105-consensus	scaffold_12	23.85	931	541	168	11	868	442129	439629	3.4e-17	89.9
NCVOG1045-consensus	scaffold_8	28.92	166	112	6	387	551	583213	583692	2.7e-17	89.3
NCVOG1045-consensus	scaffold_22	33.51	373	183	65	30	350	332509	333585	2.6e-12	72.7
NCVOG1045-consensus	scaffold_22	28.36	201	129	15	341	530	333891	334478	1.5e-19	96.8
NCVOG0305-consensus	scaffold_5	32.93	249	155	12	1314	1556	603098	603823	1.6e-21	104.7
NCVOG0305-consensus	scaffold_34	33.47	248	146	19	1311	1552	178849	179550	6.5e-20	99.4
NCVOG0305-consensus	scaffold_4	34.27	248	144	19	1320	1556	868803	869515	4e-19	96.8
NCVOG0305-consensus	scaffold_17	32.35	306	185	22	770	1059	440766	441660	4.7e-19	96.6
NCVOG0305-consensus	scaffold_5	29.86	211	146	2	817	1027	964741	965364	1.6e-18	94.8
NCVOG0305-consensus	scaffold_15	29.92	254	164	14	783	1034	368249	367527	3.4e-18	93.7
NCVOG0305-consensus	scaffold_18	30.62	258	161	18	1311	1553	44037	43276	4.6e-17	89.9
NCVOG0305-consensus	scaffold_5	33.73	169	104	8	1355	1521	832995	832510	5.3e-15	83.1
NCVOG0305-consensus	scaffold_16	34.85	198	123	6	1332	1527	633337	632759	1.7e-14	80.7
NCVOG0305-consensus	scaffold_3	26.20	355	230	32	1210	1549	634006	635016	2.8e-14	80.7
NCVOG0305-consensus	scaffold_5	29.70	303	167	46	1307	1571	1106812	1107693	3.9e-14	80.2
NCVOG0305-consensus	scaffold_1	31.58	209	127	16	1362	1557	58010	57396	7e-13	76.1
NCVOG0305-consensus	scaffold_8	27.27	286	150	58	1017	1249	799929	799090	3.2e-12	73.8
NCVOG0305-consensus	scaffold_1	24.73	372	237	43	761	1100	269199	268128	2e-11	71.2
NCVOG0305-consensus	scaffold_4	34.73	167	101	8	777	937	873436	872945	3.7e-11	70.3
NCVOG0305-consensus	scaffold_35	30.11	269	148	40	1309	1539	70671	69878	5.9e-11	69.7
NCVOG0305-consensus	scaffold_3	32.20	205	124	15	1310	1506	1302572	1303156	9.4e-11	69.0
NCVOG0248-consensus	scaffold_7	29.53	535	295	82	1	490	288845	287355	2.4e-32	139.1
NCVOG0248-consensus	scaffold_31	26.67	510	231	143	128	500	184667	186159	2.5e-15	82.6
NCVOG0105-consensus	scaffold_47	22.64	901	595	102	23	896	107493	109967	1.5e-19	97.6
NCVOG0105-consensus	scaffold_3	21.43	798	548	79	149	888	46382	44061	7.3e-19	95.3
NCVOG4804-consensus	scaffold_18	53.28	137	48	16	42	178	475424	475783	1e-25	115.7
NCVOG4804-consensus	scaffold_10	73.24	71	19	0	107	177	531531	531322	5.4e-20	96.7
NCVOG4804-consensus	scaffold_2	73.24	71	19	0	107	177	44630	44839	6.4e-20	96.5
NCVOG0282-consensus	scaffold_15	27.56	450	291	35	174	609	368706	367431	1.7e-21	103.8
NCVOG0282-consensus	scaffold_34	33.59	262	153	21	325	582	178846	179577	1.5e-18	94.0
NCVOG0282-consensus	scaffold_3	24.83	584	375	64	100	642	633576	635243	7.4e-16	85.1
NCVOG0282-consensus	scaffold_1	24.48	580	354	84	197	706	58648	56962	1.4e-15	84.2
NCVOG0282-consensus	scaffold_4	29.16	463	271	57	167	592	868247	869560	3e-15	83.1
NCVOG0282-consensus	scaffold_16	34.80	204	114	19	332	526	633400	632822	1.6e-14	80.0
NCVOG0282-consensus	scaffold_5	24.23	487	314	55	179	626	1106377	1107774	4.2e-13	75.9
NCVOG0282-consensus	scaffold_12	28.71	303	184	32	294	575	313121	313993	1.1e-12	74.6
NCVOG0282-consensus	scaffold_4	28.88	329	205	29	181	494	873847	872922	1.7e-12	73.9
NCVOG0282-consensus	scaffold_16	25.81	430	210	109	322	649	475023	473764	2.7e-11	69.9
NCVOG0282-consensus	scaffold_24	24.41	426	288	34	289	699	345696	344481	2.7e-11	69.9
NCVOG0282-consensus	scaffold_33	29.95	207	121	24	380	582	104563	105120	4.3e-11	69.3
NCVOG0282-consensus	scaffold_3	28.99	414	237	57	331	703	1302590	1303756	9.3e-11	68.1
NCVOG0844-consensus	scaffold_26	30.64	235	134	29	4	214	26226	26912	9.3e-13	73.1
NCVOG2963-consensus	scaffold_56	26.73	318	233	0	5	322	1857	907	5.8e-25	108.2
NCVOG2963-consensus	scaffold_56	27.01	311	227	0	12	322	2867	1938	5.8e-25	108.2
NCVOG2963-consensus	scaffold_56	27.43	226	164	0	97	322	904	230	3.1e-23	102.5
NCVOG2963-consensus	scaffold_2	30.34	234	144	19	99	314	566714	567409	1.9e-14	79.0
NCVOG2963-consensus	scaffold_3	35.00	200	96	34	122	316	639877	640386	8.5e-13	73.5
NCVOG2963-consensus	scaffold_4	22.46	236	174	9	86	314	1077853	1078539	2.3e-11	68.7
NCVOG2963-consensus	scaffold_3	27.66	235	157	13	94	322	545062	545742	3.3e-11	68.2
NCVOG2963-consensus	scaffold_16	31.55	187	113	15	122	294	74812	75362	6.3e-11	67.3
NCVOG4883-consensus	scaffold_10	28.69	474	272	66	36	460	392821	394182	2.6e-26	118.9
NCVOG2979-consensus	scaffold_11	35.04	137	88	1	106	242	142659	142255	1.2e-20	99.2
NCVOG0360-consensus	scaffold_2	43.77	297	160	7	24	315	207069	207950	9.6e-60	229.4
NCVOG0979-consensus	scaffold_11	52.19	297	139	3	33	328	502269	503150	1.6e-72	272.1
NCVOG2943-consensus	scaffold_56	30.83	133	92	0	32	164	1660	1265	5.7e-11	60.8
NCVOG0274-consensus	scaffold_7	39.98	1308	645	140	177	1367	534860	531009	9.8e-58	224.9
NCVOG0274-consensus	scaffold_18	29.02	1461	728	309	167	1344	351690	355979	1.8e-32	141.0
NCVOG0274-consensus	scaffold_39	30.24	1174	447	372	304	1106	24561	21072	4e-14	80.1
NCVOG0074-consensus	scaffold_5	64.20	634	225	2	5	637	244871	246766	4.8e-188	656.6
NCVOG0074-consensus	scaffold_3	66.04	586	199	0	25	610	709840	708086	5.4e-182	636.5
NCVOG0074-consensus	scaffold_43	59.11	604	235	12	14	612	46121	47908	5e-165	580.2
NCVOG0074-consensus	scaffold_10	54.40	614	273	7	15	623	14885	16717	8.7e-153	539.5
NCVOG0074-consensus	scaffold_41	44.38	658	310	56	2	616	163377	165306	1.4e-90	332.2
NCVOG0074-consensus	scaffold_21	34.06	646	373	53	12	616	34190	36088	1e-64	247.0
NCVOG0074-consensus	scaffold_1	37.17	374	220	15	39	400	824863	825972	3.3e-46	185.5
NCVOG0074-consensus	scaffold_34	30.83	545	318	59	12	503	185598	187209	8.3e-38	157.6
NCVOG0074-consensus	scaffold_17	37.50	368	213	17	39	394	110969	109884	1.3e-29	130.4
NCVOG0074-consensus	scaffold_38	28.14	430	236	73	45	404	174877	176148	8e-25	114.2
NCVOG1299-consensus	scaffold_1	54.84	93	31	11	44	125	1127768	1128043	6.4e-17	86.1
NCVOG1299-consensus	scaffold_23	39.11	179	68	41	4	142	474682	474156	9.9e-13	71.1
NCVOG1196-consensus	scaffold_56	23.28	915	702	0	165	1079	2808	67	1e-79	291.9
NCVOG1196-consensus	scaffold_16	24.50	800	508	96	297	1088	106082	108212	3.9e-37	156.2
NCVOG1196-consensus	scaffold_51	26.04	695	447	67	232	899	41853	43810	4.3e-31	135.3
NCVOG1196-consensus	scaffold_51	26.20	645	435	41	286	906	39909	41785	4.8e-32	138.5
NCVOG1196-consensus	scaffold_14	20.15	546	381	55	295	832	148542	147049	4.5e-21	102.8
NCVOG1196-consensus	scaffold_3	22.53	546	374	49	315	848	685301	686824	2.3e-19	97.1
NCVOG1196-consensus	scaffold_4	26.92	442	285	38	338	761	1077556	1078810	2.3e-19	97.1
NCVOG1196-consensus	scaffold_4	23.70	616	418	52	242	820	1146680	1144891	3.7e-14	79.8
NCVOG1196-consensus	scaffold_4	22.59	394	276	29	278	660	537229	536105	1.3e-13	78.0
NCVOG1196-consensus	scaffold_34	22.47	396	285	22	323	714	7993	6863	8.1e-12	72.0
NCVOG1196-consensus	scaffold_34	27.78	270	170	25	407	664	113851	113084	8.9e-13	75.2
NCVOG1196-consensus	scaffold_7	26.09	345	232	23	337	672	187931	186942	4.5e-11	69.6
NCVOG1196-consensus	scaffold_1	23.56	191	141	5	326	515	1475456	1474903	5.7e-11	69.2
NCVOG1164-consensus	scaffold_38	35.09	114	65	9	98	208	169397	169079	9.6e-11	66.5
NCVOG0064-consensus	scaffold_4	25.00	364	237	36	23	362	1144986	1143934	5.7e-11	68.0
NCVOG4414-consensus	scaffold_13	27.00	200	139	7	19	216	408231	407650	1.7e-14	79.0
NCVOG4324-consensus	scaffold_3	32.02	506	284	60	109	587	1071944	1073359	8.1e-22	104.4
NCVOG4134-consensus	scaffold_28	33.20	509	266	74	5	458	324045	325505	2.9e-30	131.7
NCVOG1424-consensus	scaffold_56	22.41	406	315	0	2	407	1983	769	3.4e-13	69.5
NCVOG0334-consensus	scaffold_12	40.13	309	168	17	4	306	452072	452962	7.4e-51	200.0
NCVOG0034-consensus	scaffold_16	36.69	278	139	37	160	417	306616	307391	6.2e-14	77.7
NCVOG0304-consensus	scaffold_34	37.25	153	86	10	56	202	178846	179289	9.5e-20	97.2
NCVOG0304-consensus	scaffold_16	32.41	145	93	5	43	183	475053	474625	8.2e-16	84.1
NCVOG0304-consensus	scaffold_4	31.25	176	108	13	50	219	873448	872945	3.1e-15	82.2
NCVOG0304-consensus	scaffold_15	31.17	154	98	8	49	200	368285	367845	1.9e-13	76.2
NCVOG0304-consensus	scaffold_1	33.76	157	95	9	55	208	58165	57720	2.3e-12	72.7
NCVOG0304-consensus	scaffold_4	30.39	181	102	24	41	201	868655	869182	2.7e-12	72.4
NCVOG0304-consensus	scaffold_8	43.21	81	44	2	124	204	691993	691760	2.2e-11	69.4
NCVOG0304-consensus	scaffold_10	30.08	123	85	1	53	175	160606	160244	2.2e-11	69.4
NCVOG0304-consensus	scaffold_24	31.65	158	96	12	49	201	345612	345163	2.6e-11	69.2
NCVOG0304-consensus	scaffold_15	32.00	150	89	13	62	204	32199	32627	3.2e-11	68.9
NCVOG0304-consensus	scaffold_3	31.71	164	97	15	54	210	1302566	1303030	4.6e-11	68.3
NCVOG0214-consensus	scaffold_24	36.84	266	149	19	271	525	373632	374396	1.1e-18	94.3
NCVOG0214-consensus	scaffold_3	29.48	363	237	19	280	629	1539139	1538080	5.5e-18	92.0
NCVOG0214-consensus	scaffold_51	24.60	744	484	77	8	728	39697	41753	6.1e-14	77.8
NCVOG0214-consensus	scaffold_46	26.85	432	269	47	140	551	41937	43130	5.2e-13	75.5
NCVOG0214-consensus	scaffold_7	27.62	543	344	49	120	634	803569	805121	1.2e-12	74.3
NCVOG0214-consensus	scaffold_7	37.09	151	91	4	335	484	806173	806613	1.2e-12	74.3
NCVOG0214-consensus	scaffold_8	31.09	238	153	11	363	590	853816	853115	9.1e-11	68.0
NCVOG0276-consensus	scaffold_16	68.91	312	92	5	51	357	627226	628154	3.2e-115	413.2
NCVOG0276-consensus	scaffold_9	61.89	370	90	51	39	357	242671	241571	5.9e-70	263.5
NCVOG0689-consensus	scaffold_56	24.56	338	254	1	157	493	2235	1229	4.2e-23	102.6
NCVOG0689-consensus	scaffold_56	22.26	337	262	0	157	493	1100	93	1.6e-20	94.0
NCVOG0689-consensus	scaffold_22	31.90	116	72	7	53	167	35286	35610	6.2e-11	67.9
NCVOG4882-consensus	scaffold_12	31.93	357	221	22	385	724	723921	724973	3.1e-26	119.7
NCVOG4882-consensus	scaffold_16	29.57	301	181	31	21	305	188287	189129	4.5e-13	76.0
NCVOG2204-consensus	scaffold_6	29.96	464	229	96	73	442	336902	338280	1.1e-24	113.4
NCVOG0777-consensus	scaffold_37	29.34	351	218	30	141	473	86231	87226	1.6e-12	74.7
NCVOG0777-consensus	scaffold_2	32.65	291	145	51	161	445	1335112	1334378	6.3e-11	69.5
NCVOG1360-consensus	scaffold_56	25.79	411	305	0	2	412	2205	976	1.5e-25	110.5
NCVOG1360-consensus	scaffold_56	26.77	310	227	0	2	311	971	45	2.9e-22	99.6
NCVOG1360-consensus	scaffold_56	28.06	196	141	0	3	198	2865	2281	7.1e-16	78.4
NCVOG4966-consensus	scaffold_56	29.84	429	301	0	49	477	2158	875	1.4e-36	147.4
NCVOG4966-consensus	scaffold_56	32.67	300	192	10	91	390	870	4	3.9e-30	126.0
NCVOG4966-consensus	scaffold_56	37.07	232	146	0	161	392	2867	2175	2.2e-29	123.5
NCVOG4966-consensus	scaffold_51	24.21	347	247	16	142	481	40160	41170	1.9e-16	85.4
NCVOG4966-consensus	scaffold_4	30.73	218	142	9	169	382	1077712	1078343	6.5e-13	74.5
NCVOG4966-consensus	scaffold_3	28.14	231	149	17	169	390	544994	545655	1.3e-12	73.5
NCVOG4966-consensus	scaffold_3	28.21	195	134	6	209	402	639868	640434	1.8e-12	73.0
NCVOG4966-consensus	scaffold_14	25.52	286	186	27	142	409	147984	147157	2.6e-12	72.5
NCVOG0185-consensus	scaffold_1	36.89	122	74	3	32	151	871341	871696	1.1e-12	72.7
NCVOG0030-consensus	scaffold_6	33.70	543	243	117	45	490	529633	531190	1.1e-28	127.5
NCVOG0030-consensus	scaffold_1	36.71	237	141	9	267	501	1117184	1116498	7.9e-28	124.7
NCVOG0030-consensus	scaffold_9	25.81	523	304	84	43	517	56841	55392	9e-16	84.6
NCVOG0030-consensus	scaffold_19	34.65	127	71	12	343	469	70387	70046	4.7e-11	68.9
NCVOG0030-consensus	scaffold_37	26.39	466	264	79	42	475	241819	243072	5.3e-11	68.7
NCVOG4494-consensus	scaffold_2	35.78	204	127	4	15	215	149859	149258	6.3e-21	101.2
NCVOG4494-consensus	scaffold_19	35.43	175	111	2	39	211	359286	359807	6.7e-20	97.8
NCVOG4494-consensus	scaffold_4	38.64	176	101	7	10	179	544366	544887	2e-18	92.9
NCVOG4494-consensus	scaffold_12	43.22	118	67	0	55	172	39632	39282	8.1e-17	87.5
NCVOG4494-consensus	scaffold_21	35.25	139	85	5	53	186	221757	221344	1.4e-13	76.8
NCVOG4494-consensus	scaffold_8	32.95	176	116	2	7	181	871320	871837	2.4e-12	72.7
NCVOG4494-consensus	scaffold_10	31.52	184	119	7	30	206	183215	182667	2.9e-12	72.4
NCVOG4494-consensus	scaffold_2	40.94	127	72	3	24	147	1443396	1443773	4.8e-12	71.7
NCVOG5094-consensus	scaffold_56	38.00	250	155	0	68	317	2330	1584	6.1e-33	134.7
NCVOG5094-consensus	scaffold_56	38.82	237	145	0	68	304	1557	850	7.4e-33	134.4
NCVOG5094-consensus	scaffold_56	38.82	237	145	0	68	304	738	31	4.2e-32	131.9
NCVOG5094-consensus	scaffold_56	44.07	177	99	0	121	297	2865	2338	3.5e-29	122.2
NCVOG5094-consensus	scaffold_51	25.27	273	187	17	61	317	40464	41272	2.9e-11	67.6
NCVOG5094-consensus	scaffold_3	31.37	255	156	19	67	309	544892	545628	4.1e-11	67.9
NCVOG4707-consensus	scaffold_6	34.87	195	97	30	208	389	1052167	1051645	6.2e-11	66.5
NCVOG0277-consensus	scaffold_9	28.12	320	196	34	60	362	242522	241619	1.2e-16	86.4
NCVOG0077-consensus	scaffold_22	34.06	461	271	33	270	714	118466	119784	1.3e-44	180.3
NCVOG0077-consensus	scaffold_11	30.05	426	221	77	333	698	561116	559893	7.7e-22	104.7
NCVOG0077-consensus	scaffold_12	30.39	408	221	63	335	693	186722	185550	3.5e-21	102.5
NCVOG0077-consensus	scaffold_2	29.97	317	206	16	276	585	1302736	1301824	5.3e-19	95.3
NCVOG0077-consensus	scaffold_7	35.04	254	135	30	333	562	956306	957046	1e-18	94.0
NCVOG0077-consensus	scaffold_28	28.75	400	245	40	339	713	151408	150257	4.7e-18	92.1
NCVOG0077-consensus	scaffold_29	27.66	376	182	90	426	713	390990	389880	7.3e-17	87.8
NCVOG0077-consensus	scaffold_29	28.57	273	167	28	335	587	394002	393213	8.3e-14	77.6
NCVOG0077-consensus	scaffold_16	25.29	431	242	80	336	713	289101	290305	2.4e-14	79.8
NCVOG0077-consensus	scaffold_7	28.42	475	224	116	341	704	308422	309818	1.8e-13	76.9
NCVOG0077-consensus	scaffold_12	32.26	217	111	36	462	644	647664	647023	8.1e-13	74.7
NCVOG0077-consensus	scaffold_6	30.86	418	231	58	329	707	87440	88629	4.3e-12	72.3
NCVOG0077-consensus	scaffold_3	28.10	331	177	61	313	586	952187	953162	7.1e-12	71.6
NCVOG0077-consensus	scaffold_18	25.06	407	263	42	332	710	23233	24408	1e-11	71.1
NCVOG0077-consensus	scaffold_39	27.90	423	214	91	333	672	129655	128418	1e-11	71.1
NCVOG0077-consensus	scaffold_11	36.70	109	67	2	489	595	584633	584956	2.3e-11	69.9
NCVOG0077-consensus	scaffold_52	29.96	247	126	47	343	551	40771	41481	2.6e-11	68.7
NCVOG0196-consensus	scaffold_35	32.26	155	97	8	361	509	310896	310451	4.1e-12	68.7
NCVOG0647-consensus	scaffold_56	23.64	220	168	0	3	222	1990	1334	2.8e-16	78.8
NCVOG0647-consensus	scaffold_56	23.64	220	168	0	3	222	2785	2129	5.2e-16	77.9
NCVOG0647-consensus	scaffold_56	22.73	220	170	0	3	222	1295	639	1.8e-15	76.1
NCVOG0267-consensus	scaffold_41	31.86	408	236	42	320	718	112454	111333	1.9e-26	120.7
NCVOG0267-consensus	scaffold_5	26.04	503	325	47	291	781	958763	957363	9.2e-26	118.4
NCVOG0267-consensus	scaffold_2	25.36	414	270	39	337	737	340428	339268	1.1e-25	118.1
NCVOG0267-consensus	scaffold_45	28.88	412	259	34	328	733	73289	74437	3.1e-24	113.3
NCVOG0267-consensus	scaffold_27	30.07	419	253	40	327	737	194923	193766	2.7e-18	93.6
NCVOG0267-consensus	scaffold_4	24.84	455	256	86	326	700	215598	216939	2.1e-15	84.0
NCVOG0267-consensus	scaffold_5	26.08	487	246	114	326	718	938269	939658	7e-14	78.9
NCVOG0267-consensus	scaffold_3	24.37	357	206	64	418	720	1466953	1467988	2e-13	77.4
NCVOG0267-consensus	scaffold_2	26.74	359	229	34	332	665	1502127	1501081	6.6e-11	69.0
NCVOG0517-consensus	scaffold_56	23.58	246	188	0	99	344	1825	1091	6.4e-17	81.6
NCVOG0517-consensus	scaffold_56	22.52	262	203	0	83	344	2841	2059	6.4e-17	81.6
NCVOG0517-consensus	scaffold_56	23.43	239	183	0	106	344	1082	369	1.6e-16	80.3
NCVOG0517-consensus	scaffold_2	27.91	258	172	14	99	343	566732	567499	1.5e-13	76.1
NCVOG0046-consensus	scaffold_28	51.11	90	41	3	8	94	387563	387829	3e-15	81.3
NCVOG0046-consensus	scaffold_2	58.21	67	26	2	8	72	1563012	1563209	3.2e-15	81.5
NCVOG0046-consensus	scaffold_12	41.18	85	44	6	3	81	167826	167575	7.5e-12	70.3
NCVOG0046-consensus	scaffold_22	41.67	84	45	4	6	85	62350	62598	1.3e-11	69.5
NCVOG0046-consensus	scaffold_12	44.29	70	35	4	8	73	627788	627582	4.6e-11	67.7
NCVOG0046-consensus	scaffold_8	36.63	101	56	8	6	103	232915	232631	7.9e-11	66.9
NCVOG0037-consensus	scaffold_16	44.22	1108	458	160	93	1042	302628	299322	7.3e-86	318.0
NCVOG0037-consensus	scaffold_16	60.61	66	24	2	6	71	303006	302818	5.8e-15	82.4
NCVOG0037-consensus	scaffold_6	45.97	1105	467	130	48	1024	593376	596669	9.2e-66	251.2
NCVOG0037-consensus	scaffold_56	27.31	260	187	2	824	1083	2329	1559	6.9e-12	66.5
NCVOG0007-consensus	scaffold_15	28.78	410	196	96	20	333	474642	475864	2.4e-26	118.7
NCVOG4159-consensus	scaffold_20	39.16	263	149	11	6	257	132010	131229	3.2e-41	167.6
NCVOG4159-consensus	scaffold_3	39.85	266	149	11	6	260	1506598	1505808	3.4e-36	150.9
NCVOG4159-consensus	scaffold_4	30.80	250	144	29	24	256	1293116	1292410	1.9e-16	85.3
NCVOG1115-consensus	scaffold_15	42.86	245	113	27	192	409	29656	28927	1.6e-38	159.3
NCVOG0005-consensus	scaffold_12	25.64	234	162	12	105	332	644251	644931	6.7e-13	74.4
NCVOG0486-consensus	scaffold_28	31.14	289	177	22	104	377	242946	243788	1.5e-22	106.2
NCVOG0486-consensus	scaffold_6	27.71	350	208	45	51	365	879260	880276	1.4e-14	79.7
NCVOG0744-consensus	scaffold_25	29.60	500	237	115	43	434	277514	276039	2.3e-16	86.1
NCVOG0284-consensus	scaffold_33	30.81	172	110	9	114	283	104578	105069	4.6e-11	67.8
NCVOG0284-consensus	scaffold_2	28.20	344	173	74	36	311	1207066	1206066	8.1e-11	67.0
NCVOG0806-consensus	scaffold_32	28.71	418	217	81	74	421	174120	172907	9e-24	110.4
NCVOG0806-consensus	scaffold_4	35.95	459	156	138	126	447	36176	37536	2.9e-21	102.1
NCVOG0806-consensus	scaffold_8	26.56	369	207	64	140	447	680968	679874	8.7e-20	97.2
NCVOG0806-consensus	scaffold_3	28.12	313	181	44	178	447	1025779	1026709	7.7e-17	87.4
NCVOG0329-consensus	scaffold_2	52.50	80	33	5	1173	1247	677813	677577	2.4e-14	80.7
NCVOG0329-consensus	scaffold_38	41.05	95	49	7	1157	1251	83289	83549	1.8e-13	77.8
NCVOG0329-consensus	scaffold_13	35.34	116	67	8	1116	1230	189100	189423	8.3e-12	72.3
NCVOG0029-consensus	scaffold_15	30.84	428	216	80	2	349	542511	543785	9.8e-23	107.3
NCVOG2295-consensus	scaffold_56	29.84	248	174	0	3	250	1983	1243	1.4e-13	70.0
NCVOG2295-consensus	scaffold_56	33.16	193	129	0	58	250	2727	2152	1.4e-13	70.0
NCVOG0076-consensus	scaffold_19	34.55	220	126	18	395	608	291923	291305	2.4e-13	76.4
NCVOG4566-consensus	scaffold_1	20.41	627	464	35	16	611	614322	612457	3.3e-18	93.1
NCVOG1066-consensus	scaffold_53	26.89	331	188	54	2	325	11511	10669	4.5e-15	78.7
NCVOG1066-consensus	scaffold_13	26.89	331	188	54	2	325	566400	565558	2.3e-14	78.7
NCVOG1066-consensus	scaffold_12	26.59	331	189	54	2	325	770165	771007	2.6e-14	77.0
NCVOG1066-consensus	scaffold_20	26.59	331	189	54	2	325	559784	560626	6.2e-14	77.0
NCVOG1154-consensus	scaffold_56	30.65	261	181	0	90	350	2451	1672	2e-20	93.2
NCVOG1154-consensus	scaffold_56	29.89	261	183	0	90	350	1644	865	3.2e-20	92.6
NCVOG1154-consensus	scaffold_56	30.00	260	182	0	91	350	862	86	6e-20	91.7
NCVOG1154-consensus	scaffold_56	36.03	136	87	0	90	225	2864	2460	7.7e-15	74.7
NCVOG4416-consensus	scaffold_13	35.64	101	64	1	153	253	407955	407659	3.3e-15	81.3
NCVOG1326-consensus	scaffold_5	54.00	100	45	1	46	144	675383	675089	1.1e-20	98.6
NCVOG1326-consensus	scaffold_38	37.14	175	65	45	13	142	128217	127700	6.6e-16	82.7
NCVOG0326-consensus	scaffold_12	28.44	225	143	18	268	474	356424	355753	5.4e-17	88.0
NCVOG0326-consensus	scaffold_5	22.77	426	295	34	66	461	115668	114424	2.9e-11	69.0
NCVOG0036-consensus	scaffold_37	46.09	115	61	1	104	217	112148	112489	6.9e-18	90.5
NCVOG0314-consensus	scaffold_10	42.31	78	44	1	21	97	465633	465403	9.1e-14	75.1
NCVOG0222-consensus	scaffold_1	23.67	490	350	24	23	504	614511	613093	1.1e-25	117.0
NCVOG0222-consensus	scaffold_1	23.26	460	331	22	65	506	565779	564415	9.6e-23	107.2
NCVOG0222-consensus	scaffold_9	26.18	424	285	28	76	499	44505	45689	2.8e-17	89.1
NCVOG0222-consensus	scaffold_1	27.51	349	241	12	83	422	1143594	1142560	1.8e-13	76.4
NCVOG0222-consensus	scaffold_23	22.81	434	320	15	72	501	260024	258759	4.5e-13	75.1
NCVOG0222-consensus	scaffold_23	23.58	318	229	14	150	455	260999	260055	1e-13	77.2
NCVOG0222-consensus	scaffold_24	20.50	439	326	23	69	494	232902	234185	2.3e-12	72.7
NCVOG0222-consensus	scaffold_6	24.94	433	304	21	78	501	374804	376061	2.8e-12	72.5
NCVOG0222-consensus	scaffold_29	20.98	429	321	18	72	496	304754	303513	1.6e-11	69.6
NCVOG0112-consensus	scaffold_56	34.68	124	81	0	291	414	1933	1565	4.7e-12	65.7
NCVOG0002-consensus	scaffold_10	30.38	497	311	35	332	818	422460	423872	1.5e-41	170.4
NCVOG0002-consensus	scaffold_17	32.92	486	288	38	332	801	19013	20397	7.2e-38	158.2
NCVOG0002-consensus	scaffold_14	32.56	86	58	0	679	764	229548	229294	1.3e-12	74.3
NCVOG0002-consensus	scaffold_13	31.67	120	75	7	679	791	80389	80745	1.6e-12	74.0
NCVOG4845-consensus	scaffold_16	28.80	552	314	79	99	636	672526	673971	1.5e-15	83.0
NCVOG4845-consensus	scaffold_4	26.50	517	297	83	134	627	160180	161523	9.3e-12	71.0
NCVOG2775-consensus	scaffold_26	35.47	265	167	4	153	416	280677	279895	8.7e-34	144.1
NCVOG2775-consensus	scaffold_15	35.54	287	177	8	131	413	306865	306024	3.4e-24	112.2
NCVOG2775-consensus	scaffold_3	37.14	245	139	15	177	407	113013	113741	4.8e-22	105.1
NCVOG2775-consensus	scaffold_3	30.67	313	202	15	98	397	110340	111261	4.8e-22	105.1
NCVOG2775-consensus	scaffold_33	32.41	216	135	11	201	406	88047	87406	4.7e-20	98.5
NCVOG2775-consensus	scaffold_17	30.00	220	141	13	201	410	442032	442679	4.6e-15	81.9
NCVOG2775-consensus	scaffold_2	33.09	275	157	27	139	408	747791	748544	3.8e-13	75.5
NCVOG2775-consensus	scaffold_34	26.90	342	195	55	119	436	264346	265269	6.4e-12	71.4
NCVOG2775-consensus	scaffold_22	24.87	386	234	56	58	400	410934	409819	1.3e-11	70.4
NCVOG2775-consensus	scaffold_38	27.54	236	147	24	166	379	180807	181505	3.2e-11	68.9
NCVOG2775-consensus	scaffold_4	40.00	80	48	0	222	301	375240	375004	5.4e-11	68.4
NCVOG1361-consensus	scaffold_56	27.40	427	308	2	104	530	2454	1183	7.2e-15	75.4
NCVOG1361-consensus	scaffold_56	27.92	308	222	0	223	530	989	69	1.9e-13	70.7
NCVOG0934-consensus	scaffold_56	33.60	125	83	0	19	143	1614	1243	1.7e-12	65.6
NCVOG3063-consensus	scaffold_18	22.58	279	206	10	7	279	124151	124972	1.6e-11	69.3
NCVOG0275-consensus	scaffold_19	30.85	188	96	34	7	160	261336	261896	1.8e-12	71.7
NCVOG1075-consensus	scaffold_56	24.44	315	238	0	22	336	1894	953	9.9e-15	74.7
NCVOG1075-consensus	scaffold_56	23.49	315	241	0	22	336	2866	1925	3.1e-14	73.1
NCVOG5369-consensus	scaffold_16	38.89	90	52	3	90	179	144219	144476	1e-12	72.4
NCVOG0729-consensus	scaffold_25	31.57	586	204	197	5	408	181920	180219	4.2e-18	91.9
NCVOG5103-consensus	scaffold_2	33.72	261	146	27	273	512	1015344	1016105	1.4e-19	97.7
NCVOG5103-consensus	scaffold_20	35.58	267	147	25	273	531	274596	273852	3.9e-17	89.6
NCVOG5103-consensus	scaffold_10	29.01	262	153	33	284	514	56417	55645	1.7e-11	70.9
NCVOG5103-consensus	scaffold_5	48.44	64	30	3	442	502	1130456	1130268	2.3e-11	70.5
NCVOG4874-consensus	scaffold_21	38.92	406	180	68	12	365	426619	425459	8e-16	83.8
NCVOG4874-consensus	scaffold_12	36.98	430	185	86	7	365	702597	701356	8.6e-13	73.7
NCVOG4605-consensus	scaffold_21	29.67	418	245	49	35	427	539989	541161	5.7e-16	84.8
NCVOG4605-consensus	scaffold_3	29.06	406	231	57	196	546	1539442	1538238	3.9e-13	75.8
NCVOG4605-consensus	scaffold_24	28.92	408	265	25	144	533	373458	374651	2.9e-12	72.9
NCVOG4605-consensus	scaffold_7	26.69	577	361	62	32	559	803527	805201	4.7e-12	72.2
NCVOG4605-consensus	scaffold_7	25.56	532	345	51	23	513	805414	806970	4.7e-12	72.2
NCVOG4423-consensus	scaffold_13	36.81	144	91	0	82	225	407967	407539	4.6e-22	103.8
NCVOG4001-consensus	scaffold_3	31.33	249	124	47	83	293	113007	113723	4.8e-19	95.1
NCVOG4001-consensus	scaffold_3	30.29	307	184	30	67	362	110436	111288	1.3e-17	90.4
NCVOG4001-consensus	scaffold_26	26.44	329	212	30	70	392	280767	279856	3.1e-11	69.2
NCVOG0605-consensus	scaffold_47	38.35	133	66	16	244	370	95460	95095	2.5e-14	79.2
NCVOG5439-consensus	scaffold_56	21.43	168	132	0	5	172	1230	1730	1.4e-12	66.2
NCVOG1136-consensus	scaffold_1	47.77	314	134	30	194	479	900945	900013	6.6e-45	180.7
NCVOG1136-consensus	scaffold_48	44.00	200	95	17	200	385	46748	47327	2.7e-31	135.5
NCVOG0070-consensus	scaffold_56	26.32	342	252	0	3	344	2391	1369	4.1e-20	92.3
NCVOG0070-consensus	scaffold_56	25.73	342	254	0	3	344	1118	96	1.9e-19	90.1
NCVOG0070-consensus	scaffold_56	32.58	132	89	0	3	134	2819	2427	2.9e-15	76.2
NCVOG0059-consensus	scaffold_6	29.89	271	175	15	145	408	958856	958079	4.5e-21	101.5
NCVOG0059-consensus	scaffold_10	30.05	193	127	8	173	361	633779	633216	2.6e-17	89.0
NCVOG0504-consensus	scaffold_56	27.08	240	175	0	360	599	2499	1783	3.4e-16	80.2
NCVOG0504-consensus	scaffold_56	26.19	210	155	0	360	569	1584	958	6.9e-16	79.2
NCVOG0504-consensus	scaffold_56	26.25	240	177	0	360	599	794	78	1.4e-15	78.1
NCVOG1049-consensus	scaffold_4	27.36	329	211	28	4	326	1513879	1514796	1.3e-15	82.9
NCVOG1049-consensus	scaffold_10	26.52	362	207	59	4	313	592238	593295	2.1e-14	78.9
NCVOG1049-consensus	scaffold_2	32.45	188	111	16	7	184	430081	429539	4.6e-13	74.4
NCVOG1049-consensus	scaffold_18	27.06	255	148	38	6	224	518040	517293	3.3e-12	71.5
NCVOG4419-consensus	scaffold_13	26.20	229	161	8	183	404	407973	407293	6.7e-16	84.2
NCVOG1339-consensus	scaffold_2	33.33	219	132	14	46	259	1569365	1568739	4.8e-19	94.3
NCVOG1339-consensus	scaffold_23	28.85	253	156	24	22	261	128141	127419	1e-15	83.2
NCVOG1339-consensus	scaffold_19	25.86	290	190	25	14	289	35286	34453	2.2e-14	78.8
NCVOG0219-consensus	scaffold_2	52.70	74	32	3	566	638	677789	677577	1.2e-11	70.9
NCVOG4655-consensus	scaffold_2	25.55	274	182	22	76	343	566750	567514	1.8e-11	69.4
NCVOG4655-consensus	scaffold_45	24.92	297	192	31	43	324	105512	106347	9.4e-11	67.0
NCVOG0901-consensus	scaffold_14	45.66	173	67	27	32	177	531165	531678	3.1e-24	110.7
NCVOG0901-consensus	scaffold_11	46.24	173	66	27	32	177	598425	597912	3.6e-24	110.5
NCVOG2980-consensus	scaffold_43	24.84	483	322	41	22	473	133833	135236	7.7e-19	94.1
NCVOG1298-consensus	scaffold_56	19.68	493	396	0	83	575	2650	1175	3.1e-29	123.3
NCVOG1298-consensus	scaffold_56	20.71	309	245	0	262	570	1172	249	1.1e-22	101.5
NCVOG1298-consensus	scaffold_51	27.19	342	234	15	240	575	42266	43261	2.7e-23	108.5
NCVOG1298-consensus	scaffold_51	30.77	351	208	35	247	571	40925	41947	1.6e-15	82.7
NCVOG1298-consensus	scaffold_16	26.84	421	276	32	133	538	106044	107252	1.2e-15	83.9
NCVOG1298-consensus	scaffold_14	22.69	542	361	58	65	590	148502	147010	6.7e-14	78.1
NCVOG1298-consensus	scaffold_4	24.47	421	290	28	177	575	1077531	1078768	2.3e-12	73.0
NCVOG0657-consensus	scaffold_56	23.65	351	268	0	1	351	2596	1547	6.6e-16	78.2
NCVOG0657-consensus	scaffold_56	22.92	349	269	0	3	351	1539	496	9.5e-16	77.7
NCVOG0657-consensus	scaffold_17	30.63	111	76	1	236	345	475861	476186	5.8e-11	67.5
NCVOG1272-consensus	scaffold_56	20.22	732	584	0	1413	2144	2836	644	8.1e-46	180.2
NCVOG1272-consensus	scaffold_51	21.69	1494	1021	149	681	2101	39617	43849	2e-34	147.3
NCVOG5162-consensus	scaffold_56	32.58	89	60	0	2	90	1391	1654	3.9e-19	87.0
NCVOG5162-consensus	scaffold_56	30.34	89	62	0	2	90	2542	2805	1.1e-18	85.6
NCVOG5162-consensus	scaffold_7	29.11	79	55	1	8	85	1021519	1021748	9.2e-11	64.7
NCVOG0450-consensus	scaffold_52	36.94	268	139	30	131	379	50849	50090	3.7e-23	107.3
NCVOG0450-consensus	scaffold_40	45.11	184	91	10	210	383	246771	246223	1.1e-15	82.9
NCVOG0450-consensus	scaffold_16	45.11	184	91	10	210	383	11652	11104	1.7e-15	82.9
NCVOG0450-consensus	scaffold_13	28.57	301	199	16	85	378	675388	674516	2.9e-14	78.8
NCVOG0450-consensus	scaffold_21	35.54	166	101	6	138	299	559603	559119	5.3e-14	77.5
NCVOG0450-consensus	scaffold_4	40.43	141	73	11	145	281	653022	653404	6.6e-13	74.3
NCVOG0652-consensus	scaffold_8	34.54	359	206	29	91	422	700277	701344	2.6e-25	115.5
NCVOG0652-consensus	scaffold_3	30.47	430	226	73	53	413	790004	788736	1.8e-21	102.7
NCVOG0652-consensus	scaffold_4	26.41	337	203	45	122	416	18112	17126	1.7e-17	89.5
NCVOG0652-consensus	scaffold_37	26.79	433	259	58	30	406	91359	92644	2.4e-14	79.0
NCVOG0652-consensus	scaffold_1	31.31	214	136	11	92	296	1643427	1642795	3.7e-12	71.8
NCVOG0350-consensus	scaffold_52	32.95	258	155	18	31	284	48882	48154	1.7e-30	131.1
NCVOG4522-consensus	scaffold_15	42.27	220	85	42	261	438	45537	44883	1.6e-19	96.3
NCVOG4522-consensus	scaffold_32	31.85	157	95	12	27	182	234333	233899	6.2e-11	67.8
NCVOG1352-consensus	scaffold_4	39.13	115	68	2	59	173	363970	363635	4.4e-17	87.3
NCVOG1352-consensus	scaffold_2	29.49	217	130	23	10	209	702109	701484	1.5e-16	85.5
NCVOG0522-consensus	scaffold_28	35.76	165	92	14	85	241	106103	106576	1.7e-12	72.5
NCVOG5117-consensus	scaffold_6	31.58	285	158	37	668	950	290023	289277	1.3e-19	98.5
NCVOG5117-consensus	scaffold_32	36.65	221	99	41	778	965	134374	135009	3.7e-16	87.0
NCVOG5117-consensus	scaffold_32	35.23	193	111	14	784	973	120104	119562	4.4e-16	86.8
NCVOG5117-consensus	scaffold_2	24.96	681	460	51	360	1014	1333313	1335251	8.6e-16	85.8
NCVOG5117-consensus	scaffold_14	24.92	598	400	49	822	1385	192741	191020	6.3e-15	83.0
NCVOG5117-consensus	scaffold_1	36.36	198	108	18	788	982	1255217	1255758	7.4e-15	82.7
NCVOG5117-consensus	scaffold_37	26.47	408	235	65	585	986	87241	86198	1e-14	82.3
NCVOG5117-consensus	scaffold_18	31.93	238	140	22	748	965	388986	389690	1.2e-14	82.0
NCVOG5117-consensus	scaffold_32	32.89	225	118	33	740	950	334891	334277	1.5e-14	79.9
NCVOG5117-consensus	scaffold_35	42.62	122	66	4	846	965	46527	46179	1.7e-14	81.5
NCVOG5117-consensus	scaffold_8	39.38	160	75	22	788	940	836550	836975	2.8e-14	80.8
NCVOG5117-consensus	scaffold_18	40.00	145	55	32	820	959	86933	86583	7.7e-13	76.0
NCVOG5117-consensus	scaffold_13	34.10	173	105	9	822	988	536957	537453	3.5e-11	70.5
NCVOG5117-consensus	scaffold_15	46.08	102	41	14	856	951	451031	450753	8.1e-11	69.3
NCVOG0052-consensus	scaffold_6	38.54	96	56	3	36	131	498727	498452	2.8e-14	77.9
NCVOG4122-consensus	scaffold_13	34.77	256	156	11	190	440	408021	407277	1.3e-30	133.2
NCVOG4122-consensus	scaffold_13	28.49	351	222	29	118	466	675430	674462	1.1e-16	87.0
NCVOG4122-consensus	scaffold_20	28.17	284	180	24	118	395	134211	135005	1.8e-16	86.3
NCVOG4122-consensus	scaffold_26	27.04	233	149	21	70	281	280596	279901	1.6e-12	73.1
NCVOG4122-consensus	scaffold_16	37.17	113	67	4	148	257	451845	452177	1.5e-11	69.9
NCVOG4022-consensus	scaffold_1	37.89	95	59	0	93	187	1051247	1050966	4.4e-13	74.5
NCVOG4022-consensus	scaffold_1	29.25	212	123	27	72	256	685899	686525	1e-12	73.3
NCVOG1200-consensus	scaffold_10	32.23	121	81	1	173	292	814189	813830	2.6e-14	78.7
NCVOG1200-consensus	scaffold_2	32.48	117	78	1	175	290	2148050	2147703	4.9e-14	77.6
NCVOG1200-consensus	scaffold_49	24.78	226	167	3	173	396	133391	132722	1.3e-13	77.4
NCVOG1200-consensus	scaffold_26	31.36	118	80	1	171	288	447336	446989	2.5e-13	76.6
NCVOG1200-consensus	scaffold_48	35.19	108	69	1	181	287	146004	145684	3.5e-13	76.1
NCVOG1200-consensus	scaffold_12	30.71	127	86	2	173	297	799333	798960	3.1e-12	71.4
NCVOG1200-consensus	scaffold_23	30.77	117	78	3	173	288	521653	521312	1.9e-11	69.3
NCVOG1200-consensus	scaffold_36	31.62	136	78	15	181	301	305938	305536	6.1e-11	64.9
NCVOG0232-consensus	scaffold_49	26.58	301	196	25	2	289	115682	114819	1.4e-19	95.8
NCVOG0312-consensus	scaffold_56	22.24	535	414	2	259	793	2802	1207	4e-23	103.6
NCVOG0312-consensus	scaffold_56	22.92	384	296	0	410	793	1196	48	1.5e-20	95.1
NCVOG0312-consensus	scaffold_13	21.48	717	494	69	118	806	53528	55552	1.1e-12	74.6
NCVOG0032-consensus	scaffold_1	27.95	694	325	175	310	856	1002638	1000648	9.2e-21	101.4
NCVOG0032-consensus	scaffold_4	26.88	532	294	95	312	814	1504819	1506209	1.8e-18	93.8
NCVOG0032-consensus	scaffold_39	26.58	711	361	161	190	877	119818	118109	1.7e-17	90.5
NCVOG0032-consensus	scaffold_30	27.64	597	311	121	286	871	178369	179822	7.3e-17	88.5
NCVOG0032-consensus	scaffold_34	29.78	403	233	50	236	613	155133	154007	3.6e-16	86.1
NCVOG0032-consensus	scaffold_34	36.04	197	109	17	685	880	152198	151663	3.3e-17	89.6
NCVOG0032-consensus	scaffold_4	22.28	763	486	107	126	835	573119	571014	6.5e-15	82.0
NCVOG0032-consensus	scaffold_2	37.01	154	95	2	693	846	130977	131429	7.6e-15	81.8
NCVOG0032-consensus	scaffold_10	26.07	652	360	122	251	814	261759	263585	1.7e-14	80.6
NCVOG0032-consensus	scaffold_15	26.24	667	306	186	268	781	391336	389438	8.3e-11	68.3
NCVOG0032-consensus	scaffold_25	27.82	744	334	203	284	844	388752	386592	9.8e-11	68.1
NCVOG0302-consensus	scaffold_8	30.00	200	138	2	2	201	524097	523507	6.1e-18	91.4
NCVOG0302-consensus	scaffold_5	25.83	271	183	18	263	521	603092	603883	2.5e-15	82.7
NCVOG0302-consensus	scaffold_16	26.15	348	175	82	263	534	475008	473988	6.8e-15	81.2
NCVOG0302-consensus	scaffold_34	28.45	239	150	21	225	455	178759	179433	9.5e-15	80.7
NCVOG0302-consensus	scaffold_4	32.70	159	96	11	351	498	1187175	1186702	1.1e-14	80.5
NCVOG0302-consensus	scaffold_6	27.59	319	154	77	232	477	932937	933876	2.3e-13	76.1
NCVOG0302-consensus	scaffold_15	28.78	205	132	14	280	480	368201	367620	5.3e-13	74.9
NCVOG0302-consensus	scaffold_18	24.91	281	193	18	177	443	44295	43468	6.3e-13	74.7
NCVOG0302-consensus	scaffold_2	29.89	271	134	56	265	479	984845	984042	1e-12	74.0
NCVOG0302-consensus	scaffold_1	45.68	81	39	5	367	447	629230	629006	1.2e-12	73.7
NCVOG0302-consensus	scaffold_48	28.96	183	103	27	322	477	36393	36938	3.9e-12	72.0
NCVOG0302-consensus	scaffold_5	28.26	184	122	10	265	443	1106833	1107366	2.1e-11	69.6
NCVOG0302-consensus	scaffold_16	26.90	197	130	14	285	473	633331	632762	2.1e-11	68.9
NCVOG0302-consensus	scaffold_1	37.27	110	67	2	347	454	57905	57579	4.1e-11	68.7
NCVOG0022-consensus	scaffold_7	34.67	323	172	39	140	460	669038	669888	3.4e-18	91.9
NCVOG0012-consensus	scaffold_8	36.52	345	177	42	91	408	588184	587226	1.1e-16	87.0
NCVOG0012-consensus	scaffold_8	34.73	406	210	55	59	414	837751	836582	7.1e-16	84.4
NCVOG0012-consensus	scaffold_32	57.69	130	45	10	302	427	119605	119969	1.3e-15	83.5
NCVOG0012-consensus	scaffold_32	36.18	351	169	55	86	399	55041	56006	1.9e-15	82.9
NCVOG0012-consensus	scaffold_13	42.86	238	109	27	200	416	537642	536956	1.4e-15	83.4
NCVOG0012-consensus	scaffold_6	50.70	142	41	29	302	414	289413	289835	1.5e-15	83.2
NCVOG0012-consensus	scaffold_32	50.35	143	53	18	309	434	135005	134591	2.8e-15	82.4
NCVOG0012-consensus	scaffold_37	39.51	205	94	30	250	430	86190	86781	5e-15	81.5
NCVOG0012-consensus	scaffold_9	33.81	352	181	52	103	427	339293	338332	8.2e-15	80.8
NCVOG0012-consensus	scaffold_1	51.43	140	53	15	289	416	1773682	1774089	1.5e-14	80.0
NCVOG0012-consensus	scaffold_15	41.35	208	103	19	204	402	450463	451035	1.6e-14	79.8
NCVOG0012-consensus	scaffold_2	41.43	210	106	17	204	407	2054768	2054189	3.2e-14	78.9
NCVOG0012-consensus	scaffold_15	54.84	124	41	15	311	423	447011	446655	4.7e-14	78.3
NCVOG0012-consensus	scaffold_13	55.28	123	42	13	311	423	590160	590516	5.2e-14	78.2
NCVOG0012-consensus	scaffold_12	51.45	138	49	18	302	423	20058	19660	5.8e-14	78.0
NCVOG0012-consensus	scaffold_35	35.90	351	182	43	62	392	229826	228890	8.5e-14	77.4
NCVOG0012-consensus	scaffold_35	55.93	118	44	8	310	423	233719	233381	6.4e-14	77.9
NCVOG0012-consensus	scaffold_2	57.63	118	41	9	311	423	2058694	2059032	1.1e-13	77.0
NCVOG0012-consensus	scaffold_8	46.20	158	72	13	275	423	841242	841696	1.9e-13	76.3
NCVOG0012-consensus	scaffold_12	44.52	146	56	25	302	430	289682	289276	4.5e-13	75.0
NCVOG0012-consensus	scaffold_41	40.53	190	92	21	258	429	216416	215863	5.3e-13	74.2
NCVOG0012-consensus	scaffold_9	59.85	137	41	14	289	414	260548	260152	6e-13	74.6
NCVOG0012-consensus	scaffold_28	59.46	111	36	9	311	414	26653	26330	1.3e-12	73.5
NCVOG0012-consensus	scaffold_3	59.60	99	33	7	311	405	463363	463087	2e-12	72.9
NCVOG0012-consensus	scaffold_18	41.57	178	90	14	264	428	86487	87012	2.4e-12	72.6
NCVOG0012-consensus	scaffold_33	35.29	374	197	45	85	424	29418	28371	2.9e-12	72.4
NCVOG0012-consensus	scaffold_18	47.11	121	55	9	289	408	425467	425798	3.2e-12	72.2
NCVOG0012-consensus	scaffold_20	30.38	395	210	65	85	423	255608	256744	3.9e-12	71.9
NCVOG0012-consensus	scaffold_43	28.86	350	215	34	85	422	173889	172923	6.8e-12	69.5
NCVOG0012-consensus	scaffold_2	41.98	131	58	18	302	415	1335091	1334705	7e-12	71.1
NCVOG0012-consensus	scaffold_32	42.01	169	49	49	300	421	334398	334895	9.3e-12	68.8
NCVOG0012-consensus	scaffold_14	50.85	118	46	12	303	412	128971	129299	1e-11	70.5
NCVOG0012-consensus	scaffold_25	46.27	134	56	16	302	425	37072	36696	1.1e-11	70.4
NCVOG0012-consensus	scaffold_31	44.72	161	67	22	297	436	106205	105729	1.4e-11	70.1
NCVOG0012-consensus	scaffold_2	40.88	159	78	16	290	437	1820463	1820917	1.4e-11	70.1
NCVOG0012-consensus	scaffold_35	32.52	369	161	88	83	421	45674	46589	1.7e-11	69.8
NCVOG0012-consensus	scaffold_7	32.69	364	202	43	85	417	272333	271313	2.3e-11	69.4
NCVOG0012-consensus	scaffold_6	31.53	333	191	37	93	413	848376	847468	2.5e-11	69.3
NCVOG0012-consensus	scaffold_13	32.77	238	138	22	189	416	643296	642636	2.5e-11	69.3
NCVOG0012-consensus	scaffold_2	29.69	320	183	42	89	385	100400	99503	3e-11	69.0
NCVOG0012-consensus	scaffold_5	41.07	168	48	51	294	414	135100	135588	3.3e-11	68.8
NCVOG0012-consensus	scaffold_45	29.90	388	222	50	68	413	174452	173336	4.6e-11	66.3
NCVOG0012-consensus	scaffold_39	33.22	301	165	36	99	373	28290	27449	5.4e-11	68.1
NCVOG0012-consensus	scaffold_11	33.24	349	172	61	90	420	277888	276988	6.6e-11	67.9
NCVOG0012-consensus	scaffold_2	28.72	390	210	68	94	435	908685	909787	6.6e-11	67.9
NCVOG0012-consensus	scaffold_20	35.71	182	90	27	302	456	221537	221001	7.3e-11	67.7
NCVOG0012-consensus	scaffold_2	30.30	406	223	60	76	425	91623	92801	7.3e-11	67.7
NCVOG0012-consensus	scaffold_19	26.70	427	257	56	50	435	124240	123026	7.3e-11	67.7
NCVOG0012-consensus	scaffold_47	32.09	296	149	52	203	459	32002	32847	8.9e-11	67.4
NCVOG0603-consensus	scaffold_15	29.15	470	255	78	15	422	322682	324036	6.3e-19	94.3
NCVOG1127-consensus	scaffold_5	26.35	296	188	30	82	347	677208	676328	1.4e-18	93.6
NCVOG0868-consensus	scaffold_1	52.31	65	31	0	158	222	871413	871604	2.8e-12	72.0
NCVOG0868-consensus	scaffold_5	34.06	138	84	7	133	265	135262	135666	4.3e-11	68.1
NCVOG1155-consensus	scaffold_56	18.61	505	410	1	7	510	2796	1289	7.9e-11	62.5
NCVOG1155-consensus	scaffold_56	17.80	427	351	0	80	506	1284	7	6.1e-11	62.9
NCVOG2900-consensus	scaffold_13	30.64	173	120	0	7	179	407874	407359	1.6e-18	91.9
NCVOG0190-consensus	scaffold_32	38.81	134	71	11	185	314	119644	120017	2.1e-12	72.9
NCVOG0190-consensus	scaffold_1	41.96	112	58	7	183	290	1773721	1774038	1.2e-11	70.4
NCVOG0190-consensus	scaffold_8	38.10	126	72	6	167	290	837035	836675	1.3e-11	70.2
NCVOG0190-consensus	scaffold_45	34.36	195	101	27	165	348	173659	173132	2e-11	67.6
NCVOG0190-consensus	scaffold_6	39.10	133	58	23	178	292	289443	289823	2.7e-11	69.2
NCVOG0190-consensus	scaffold_9	30.22	182	121	6	182	359	338762	338232	3.1e-11	69.0
NCVOG0190-consensus	scaffold_20	36.59	123	70	8	143	262	221669	221319	4.1e-11	68.6
NCVOG0025-consensus	scaffold_3	26.84	395	249	40	111	486	1107535	1108639	9.7e-18	90.6
NCVOG0025-consensus	scaffold_14	28.97	428	231	73	113	521	338282	339400	5.6e-17	88.1
NCVOG0025-consensus	scaffold_22	26.68	431	271	45	104	501	184467	183220	6.5e-17	87.9
NCVOG0025-consensus	scaffold_18	24.34	493	319	54	37	501	37064	38449	1.8e-15	83.0
NCVOG0025-consensus	scaffold_4	27.44	390	230	53	131	505	1459124	1460168	4.8e-15	81.7
NCVOG0025-consensus	scaffold_6	24.94	393	266	29	104	491	603099	604202	3.2e-14	78.9
NCVOG0025-consensus	scaffold_28	26.80	444	258	67	91	521	141048	139882	4.4e-14	78.5
NCVOG0025-consensus	scaffold_5	26.36	387	237	48	113	491	1173852	1174889	7.1e-14	77.8
NCVOG0025-consensus	scaffold_4	23.28	524	307	95	53	503	1072989	1074487	1.1e-13	77.1
NCVOG0025-consensus	scaffold_4	23.61	415	275	42	112	516	235222	236367	1.1e-13	77.1
NCVOG0025-consensus	scaffold_12	28.31	431	243	66	103	500	423123	424303	4.8e-13	75.0
NCVOG0025-consensus	scaffold_22	24.08	382	233	57	111	487	347343	348329	1.1e-12	73.9
NCVOG0025-consensus	scaffold_21	24.35	382	242	47	112	481	517960	516935	1.3e-12	73.2
NCVOG0025-consensus	scaffold_41	25.43	409	252	53	104	508	61780	62856	4.4e-12	71.8
NCVOG0271-consensus	scaffold_29	41.06	1208	508	204	145	1153	50577	46978	2e-100	366.5
NCVOG0271-consensus	scaffold_18	28.26	1182	711	137	77	1153	320737	324179	8.1e-51	201.7
NCVOG0271-consensus	scaffold_7	34.43	1214	621	175	80	1153	407323	410846	7e-37	155.4
NCVOG0278-consensus	scaffold_56	32.11	190	129	0	46	235	2786	2220	6.6e-14	71.0
NCVOG0278-consensus	scaffold_56	32.63	190	128	0	46	235	2128	1562	6.6e-14	71.0
NCVOG0278-consensus	scaffold_56	31.05	190	131	0	46	235	1539	973	9.6e-14	70.5
NCVOG0278-consensus	scaffold_56	31.58	190	130	0	46	235	647	81	9.6e-14	70.5
NCVOG0078-consensus	scaffold_18	54.67	75	32	2	126	198	474496	474275	3.7e-13	74.3
NCVOG0078-consensus	scaffold_3	44.57	92	49	2	97	187	1364093	1363824	1.4e-11	69.1
NCVOG4568-consensus	scaffold_56	26.76	299	219	0	3	301	1936	1043	3.1e-15	76.5
NCVOG4568-consensus	scaffold_56	26.42	299	220	0	3	301	2840	1947	3.8e-15	76.2
NCVOG4568-consensus	scaffold_1	31.10	328	201	25	172	482	614098	613144	1.5e-12	73.3
NCVOG4568-consensus	scaffold_37	26.36	497	316	50	19	482	59642	61072	3.3e-11	68.8
NCVOG0451-consensus	scaffold_13	36.29	259	157	8	111	361	408081	407312	1.6e-38	159.3
NCVOG0451-consensus	scaffold_16	35.85	106	65	3	207	309	451854	452168	2.3e-11	69.1
NCVOG0451-consensus	scaffold_3	29.65	226	133	26	123	339	1507724	1508347	7.8e-11	67.3
NCVOG0541-consensus	scaffold_3	29.06	265	149	39	15	245	860302	859526	1.9e-12	72.2
NCVOG4431-consensus	scaffold_56	30.94	265	183	0	11	275	1702	911	9.5e-27	114.0
NCVOG4431-consensus	scaffold_56	31.32	265	182	0	11	275	2817	2026	1.4e-26	113.4
NCVOG4431-consensus	scaffold_56	30.94	265	183	0	11	275	829	38	2.4e-26	112.6
NCVOG4431-consensus	scaffold_2	24.20	281	205	8	4	283	566684	567502	6.1e-15	80.4
NCVOG4431-consensus	scaffold_13	35.54	166	98	9	11	172	629080	628601	4.6e-14	77.5
NCVOG0967-consensus	scaffold_47	21.81	871	585	96	55	862	21120	23630	9.4e-12	71.6
NCVOG4421-consensus	scaffold_13	33.33	135	79	11	40	166	407847	407455	1e-12	72.3
NCVOG1351-consensus	scaffold_6	31.40	414	228	56	45	408	1024495	1023287	1.3e-19	96.9
NCVOG0531-consensus	scaffold_41	23.21	237	149	33	8	211	75316	74611	4.1e-14	78.3
NCVOG4141-consensus	scaffold_56	23.49	281	215	0	2	282	1785	946	6.2e-12	64.9
NCVOG4111-consensus	scaffold_13	28.22	163	113	4	117	276	408021	407539	1.8e-18	92.4
NCVOG0680-consensus	scaffold_56	33.13	163	109	0	36	198	2220	1735	1.9e-15	75.9
NCVOG0680-consensus	scaffold_56	32.52	163	110	0	36	198	569	84	2.6e-15	75.4
NCVOG0680-consensus	scaffold_56	32.52	163	110	0	36	198	1262	777	3.7e-15	74.9
NCVOG0680-consensus	scaffold_56	33.55	152	101	0	47	198	1728	1276	2e-14	72.5
NCVOG0680-consensus	scaffold_56	31.90	163	111	0	36	198	2857	2372	2.4e-14	72.2
NCVOG0031-consensus	scaffold_56	24.92	313	235	0	822	1134	2313	1378	1.6e-13	72.1
NCVOG0301-consensus	scaffold_16	27.48	302	141	78	264	492	475005	474120	6e-14	78.1
NCVOG0301-consensus	scaffold_1	34.01	147	86	11	315	454	58004	57579	1.7e-11	70.0
NCVOG0301-consensus	scaffold_6	25.78	353	185	77	250	529	932991	934032	7.6e-11	67.8
NCVOG0301-consensus	scaffold_16	29.53	193	122	14	285	471	633331	632780	8.3e-11	67.0
NCVOG1121-consensus	scaffold_56	23.48	443	339	0	86	528	2736	1411	4.8e-21	95.9
NCVOG1121-consensus	scaffold_56	25.13	382	286	0	147	528	1403	261	5.7e-19	89.0
NCVOG0021-consensus	scaffold_1	52.26	155	67	7	186	333	927236	926797	9.4e-29	128.1
NCVOG0021-consensus	scaffold_3	58.06	93	37	2	214	306	167507	167776	6.2e-22	105.5
NCVOG0021-consensus	scaffold_10	54.37	103	44	3	178	278	229256	229558	4.7e-21	102.6
NCVOG0021-consensus	scaffold_14	47.10	138	62	11	162	297	181280	180897	5.6e-20	99.0
NCVOG0021-consensus	scaffold_5	55.95	84	34	3	221	303	36565	36325	9.8e-17	88.2
NCVOG0021-consensus	scaffold_9	43.67	158	76	13	241	392	424915	425344	7.4e-16	85.3
NCVOG0021-consensus	scaffold_17	36.11	216	124	14	218	425	305180	305788	1.6e-15	84.2
NCVOG0021-consensus	scaffold_51	50.42	119	46	13	218	331	53530	53841	6.1e-15	81.5
NCVOG0021-consensus	scaffold_4	59.46	74	27	3	214	287	1544579	1544370	2.3e-14	80.4
NCVOG0021-consensus	scaffold_15	55.88	68	30	0	227	294	292769	292569	2.6e-14	80.2
NCVOG0021-consensus	scaffold_22	36.16	224	124	19	178	390	12686	12070	3.6e-14	79.7
NCVOG0021-consensus	scaffold_26	61.90	63	22	2	214	276	331076	331255	3.2e-13	76.6
NCVOG0021-consensus	scaffold_1	34.54	194	112	15	218	398	3162	3720	8.1e-13	75.2
NCVOG0021-consensus	scaffold_10	48.28	87	41	4	79	163	20741	20498	1.1e-11	71.4
NCVOG0021-consensus	scaffold_39	42.22	135	62	16	186	318	261036	260681	1.9e-11	70.3
NCVOG0021-consensus	scaffold_50	42.22	135	62	16	186	318	116577	116222	2e-11	70.3
NCVOG0021-consensus	scaffold_21	33.03	218	130	16	74	281	509504	508890	2.9e-11	69.6
NCVOG0021-consensus	scaffold_17	59.65	57	21	2	214	270	590531	590692	6.3e-11	68.9
NCVOG0021-consensus	scaffold_20	56.76	74	26	6	437	510	92351	92551	8.6e-11	68.5
NCVOG2860-consensus	scaffold_13	30.22	225	154	3	126	347	408009	407338	2.2e-13	75.7
NCVOG0001-consensus	scaffold_26	42.86	294	146	22	313	600	290573	291403	1.7e-36	153.1
NCVOG0001-consensus	scaffold_5	37.82	275	151	20	298	566	1208298	1207519	2.4e-31	133.5
NCVOG0001-consensus	scaffold_5	38.01	271	122	46	320	555	1209230	1208458	1.2e-14	78.1
NCVOG0001-consensus	scaffold_11	38.98	236	125	19	328	555	376097	375426	4.8e-28	125.1
NCVOG0001-consensus	scaffold_1	37.50	288	155	25	329	602	1984674	1985497	5.5e-28	124.9
NCVOG0001-consensus	scaffold_1	38.86	211	105	24	363	555	1983933	1984544	3.8e-22	105.5
NCVOG0001-consensus	scaffold_2	36.52	282	134	45	333	577	163190	162378	8.1e-21	101.1
NCVOG0001-consensus	scaffold_2	36.21	232	108	40	329	531	177263	176608	3e-14	79.3
NCVOG0001-consensus	scaffold_44	36.60	265	153	15	304	564	44404	43646	2.6e-19	96.1
NCVOG0001-consensus	scaffold_2	36.36	275	111	64	363	579	1806859	1807658	2e-14	79.9
NCVOG0001-consensus	scaffold_24	47.20	214	80	33	363	555	414667	415267	1.7e-12	73.5
NCVOG0001-consensus	scaffold_13	32.48	311	149	61	340	600	244427	245319	2.2e-12	73.1
NCVOG0001-consensus	scaffold_10	33.21	271	117	64	370	595	595014	594262	4.7e-11	68.7
NCVOG2608-consensus	scaffold_56	30.56	216	150	0	2	217	1854	1210	1.9e-11	62.8
NCVOG4518-consensus	scaffold_10	32.09	589	263	137	18	543	259470	257937	1.7e-17	89.9
NCVOG2058-consensus	scaffold_13	42.35	255	140	7	93	346	408021	407280	3.3e-50	198.1
NCVOG2058-consensus	scaffold_3	32.69	208	112	28	171	367	1507778	1508347	2e-13	75.9
NCVOG2058-consensus	scaffold_16	24.43	262	177	21	112	370	451449	452177	3.6e-13	75.1
NCVOG2058-consensus	scaffold_13	27.79	331	206	33	55	371	675487	674555	9.4e-13	73.7
NCVOG2058-consensus	scaffold_40	24.09	220	153	14	175	386	246765	246127	2.5e-11	68.3
NCVOG2058-consensus	scaffold_16	24.09	220	153	14	175	386	11646	11008	3.8e-11	68.3
NCVOG2058-consensus	scaffold_19	39.83	118	56	15	140	254	59454	59146	5.6e-11	67.8
NCVOG2058-consensus	scaffold_26	31.86	204	121	18	122	307	280509	279901	6.8e-11	67.5
NCVOG0066-consensus	scaffold_21	32.95	349	188	46	106	410	357488	356451	6e-21	101.5
NCVOG0038-consensus	scaffold_5	34.03	770	333	175	215	827	745801	748031	2.2e-20	100.5
NCVOG0038-consensus	scaffold_5	31.72	331	145	81	715	972	747693	748648	1.3e-17	91.2
NCVOG0038-consensus	scaffold_56	22.55	470	364	0	612	1081	2193	787	1.3e-13	72.3
NCVOG0228-consensus	scaffold_3	28.37	645	352	110	366	921	905285	907141	2.1e-24	113.6
NCVOG0228-consensus	scaffold_3	28.24	641	319	141	403	922	1246998	1245155	2.8e-16	86.6
NCVOG1128-consensus	scaffold_17	31.58	133	85	6	102	229	472964	472576	2.4e-12	72.3
NCVOG1128-consensus	scaffold_24	32.38	105	66	5	129	229	454820	454512	4.8e-11	66.8
NCVOG0280-consensus	scaffold_13	23.29	1447	934	176	438	1772	53279	57418	4.8e-22	106.7
NCVOG0280-consensus	scaffold_1	20.28	1514	1064	143	233	1699	1592205	1587965	8.3e-16	86.0
NCVOG0280-consensus	scaffold_56	13.90	921	793	0	651	1571	2865	106	7.2e-11	63.9
NCVOG0218-consensus	scaffold_37	34.32	507	273	60	326	796	85424	86847	9.1e-27	121.7
NCVOG0218-consensus	scaffold_32	42.12	349	169	33	595	919	135104	134108	1.7e-26	120.8
NCVOG0218-consensus	scaffold_6	51.42	212	86	17	598	793	289238	289853	3.9e-26	119.6
NCVOG0218-consensus	scaffold_32	35.77	383	170	76	583	892	334178	335308	8.3e-26	116.7
NCVOG0218-consensus	scaffold_8	60.42	192	49	27	661	844	836986	836497	5.1e-24	112.6
NCVOG0218-consensus	scaffold_2	33.62	470	262	50	474	903	1335707	1334345	1.5e-23	111.0
NCVOG0218-consensus	scaffold_2	27.21	555	356	48	359	875	1329969	1328352	1.1e-16	88.2
NCVOG0218-consensus	scaffold_11	32.24	580	331	62	357	889	278713	277034	1.5e-22	107.7
NCVOG0218-consensus	scaffold_46	31.70	552	309	68	444	945	22615	24199	2.7e-22	106.9
NCVOG0218-consensus	scaffold_1	30.22	589	357	54	350	916	646680	645031	4.2e-22	106.2
NCVOG0218-consensus	scaffold_1	34.71	533	285	63	413	891	614303	612745	3.2e-20	100.0
NCVOG0218-consensus	scaffold_5	32.25	583	314	81	362	886	133963	135609	2e-21	103.9
NCVOG0218-consensus	scaffold_5	33.12	317	189	23	650	950	98493	99397	1.1e-13	78.2
NCVOG0218-consensus	scaffold_25	29.10	701	421	76	351	985	183181	185210	9.6e-21	101.7
NCVOG0218-consensus	scaffold_48	29.32	457	291	32	487	923	74644	75959	1e-20	101.6
NCVOG0218-consensus	scaffold_16	30.20	659	371	89	351	950	539634	537773	1.5e-20	101.0
NCVOG0218-consensus	scaffold_18	39.93	298	152	27	563	836	389877	389000	1.5e-20	101.0
NCVOG0218-consensus	scaffold_18	32.75	342	201	29	578	891	431185	430184	3.7e-15	83.1
NCVOG0218-consensus	scaffold_2	32.54	544	302	65	356	853	91257	92822	2e-20	100.6
NCVOG0218-consensus	scaffold_29	39.23	362	177	43	599	923	37673	38701	2e-20	100.6
NCVOG0218-consensus	scaffold_12	32.04	593	352	51	352	918	290823	289177	3.5e-20	99.8
NCVOG0218-consensus	scaffold_1	44.29	219	110	12	700	910	1773697	1774328	2.2e-19	97.2
NCVOG0218-consensus	scaffold_9	38.78	312	150	41	492	781	260949	260090	2.6e-19	96.9
NCVOG0218-consensus	scaffold_9	35.03	314	144	60	595	852	249988	249082	9.5e-18	91.7
NCVOG0218-consensus	scaffold_6	28.80	743	439	90	261	924	1051324	1049192	4.5e-19	95.1
NCVOG0218-consensus	scaffold_18	30.20	543	332	47	401	915	289886	291436	1e-18	94.9
NCVOG0218-consensus	scaffold_3	31.40	449	255	53	444	867	1333962	1332735	1.1e-18	94.8
NCVOG0218-consensus	scaffold_15	32.29	607	321	90	374	891	361015	362799	1.3e-18	94.7
NCVOG0218-consensus	scaffold_10	31.49	489	289	46	389	839	57052	55623	2.6e-18	93.6
NCVOG0218-consensus	scaffold_10	28.14	590	370	54	350	901	70205	68493	5.4e-16	85.9
NCVOG0218-consensus	scaffold_35	39.51	324	150	46	431	734	45686	46568	3.4e-18	93.2
NCVOG0218-consensus	scaffold_10	30.94	459	283	34	417	869	64638	65923	6.5e-18	92.3
NCVOG0218-consensus	scaffold_11	36.04	283	160	21	641	906	360017	360836	1.1e-17	91.5
NCVOG0218-consensus	scaffold_32	62.77	137	41	10	632	765	119551	119933	1.5e-17	91.1
NCVOG0218-consensus	scaffold_13	41.19	318	154	33	499	798	537800	536919	1.6e-17	91.0
NCVOG0218-consensus	scaffold_6	27.97	547	352	42	347	870	111840	113408	1.8e-17	90.8
NCVOG0218-consensus	scaffold_51	31.15	504	273	74	360	820	29550	30935	2e-17	89.9
NCVOG0218-consensus	scaffold_2	36.71	237	141	9	666	901	1334241	1334924	3.4e-17	89.9
NCVOG0218-consensus	scaffold_18	35.63	334	181	34	606	909	86046	87018	4.9e-17	89.4
NCVOG0218-consensus	scaffold_15	29.09	605	376	53	350	904	677507	679275	9.3e-17	87.9
NCVOG0218-consensus	scaffold_3	31.65	575	337	56	380	925	223022	221422	1e-16	88.3
NCVOG0218-consensus	scaffold_3	29.41	646	385	71	353	945	211291	209447	1e-16	88.3
NCVOG0218-consensus	scaffold_12	55.97	159	55	15	656	808	20061	19621	1.2e-16	88.0
NCVOG0218-consensus	scaffold_21	30.33	511	268	88	364	823	501407	502811	1.3e-16	87.5
NCVOG0218-consensus	scaffold_47	41.94	248	121	23	632	861	32050	32775	1.5e-16	87.8
NCVOG0218-consensus	scaffold_37	30.07	542	315	64	363	881	134529	133030	1.6e-16	87.6
NCVOG0218-consensus	scaffold_1	34.93	375	171	73	608	909	1068619	1067510	4.9e-16	86.0
NCVOG0218-consensus	scaffold_3	31.31	329	202	24	503	820	548469	549413	7.8e-16	85.4
NCVOG0218-consensus	scaffold_20	30.57	579	342	60	338	882	255528	257149	8.5e-16	85.3
NCVOG0218-consensus	scaffold_36	26.96	664	406	79	352	950	252473	254379	1.1e-15	84.9
NCVOG0218-consensus	scaffold_17	42.58	209	99	21	637	828	310421	311030	1.1e-15	84.9
NCVOG0218-consensus	scaffold_25	34.80	319	187	21	641	950	37347	36446	1.2e-15	84.7
NCVOG0218-consensus	scaffold_25	40.18	224	119	15	642	857	6194	5553	1.1e-13	78.2
NCVOG0218-consensus	scaffold_25	30.73	423	245	48	456	831	124117	125363	1.2e-15	84.7
NCVOG0218-consensus	scaffold_11	30.16	451	279	36	432	871	35150	33890	1.2e-15	84.7
NCVOG0218-consensus	scaffold_18	27.49	593	343	87	339	854	106645	104918	1.8e-15	84.2
NCVOG0218-consensus	scaffold_18	29.67	391	223	52	574	918	64405	63264	4.9e-16	86.0
NCVOG0218-consensus	scaffold_9	50.28	177	71	17	646	807	338849	338352	1.9e-15	84.1
NCVOG0218-consensus	scaffold_8	30.43	608	348	75	356	890	592081	590303	1.9e-15	84.1
NCVOG0218-consensus	scaffold_8	60.53	114	38	7	630	742	587543	587223	1.9e-15	84.1
NCVOG0218-consensus	scaffold_51	29.19	620	358	81	354	899	33418	31619	2.6e-15	82.9
NCVOG0218-consensus	scaffold_41	30.37	382	229	37	364	723	216991	215908	2.7e-15	83.0
NCVOG0218-consensus	scaffold_19	31.26	419	235	53	398	777	124152	122963	3.7e-15	83.1
NCVOG0218-consensus	scaffold_36	28.67	694	411	84	348	972	172301	170306	4.1e-15	83.0
NCVOG0218-consensus	scaffold_27	30.27	641	354	93	350	901	422552	424421	5e-15	82.5
NCVOG0218-consensus	scaffold_2	30.03	606	353	71	354	898	310271	312013	5.4e-15	82.6
NCVOG0218-consensus	scaffold_2	28.39	620	364	80	349	922	307570	309288	1.5e-13	77.8
NCVOG0218-consensus	scaffold_1	30.76	608	347	74	354	898	1207862	1209607	5.9e-15	82.5
NCVOG0218-consensus	scaffold_1	30.95	656	363	90	350	926	1300008	1301893	1.8e-15	84.2
NCVOG0218-consensus	scaffold_7	46.01	163	71	17	727	876	37117	37586	7.7e-15	82.1
NCVOG0218-consensus	scaffold_29	37.58	298	160	26	545	823	305543	306406	7.8e-15	81.7
NCVOG0218-consensus	scaffold_27	31.29	556	314	68	358	869	172530	174100	8.5e-15	81.9
NCVOG0218-consensus	scaffold_39	28.63	517	342	27	388	890	143535	142051	1.1e-14	81.5
NCVOG0218-consensus	scaffold_1	33.33	342	186	42	645	952	70489	69515	1.3e-14	81.3
NCVOG0218-consensus	scaffold_17	28.06	695	375	125	304	882	573300	571276	1.5e-14	81.1
NCVOG0218-consensus	scaffold_22	28.96	549	309	81	488	976	41188	42748	1.5e-14	81.1
NCVOG0218-consensus	scaffold_5	31.55	374	209	47	557	891	337271	338353	1.8e-14	80.9
NCVOG0218-consensus	scaffold_4	28.52	610	350	86	358	886	102902	101113	2.1e-14	80.6
NCVOG0218-consensus	scaffold_8	27.65	698	357	148	350	902	779757	781826	2.3e-14	80.5
NCVOG0218-consensus	scaffold_8	50.00	134	59	8	768	901	841361	841735	2.3e-14	80.5
NCVOG0218-consensus	scaffold_24	26.01	469	315	32	491	935	317053	318432	3.1e-14	80.1
NCVOG0218-consensus	scaffold_19	31.37	628	354	77	331	916	493684	495401	3.2e-14	79.8
NCVOG0218-consensus	scaffold_19	42.48	153	82	6	683	835	512982	513419	1.7e-14	80.7
NCVOG0218-consensus	scaffold_19	32.82	393	166	98	604	898	471992	473147	1.9e-14	80.6
NCVOG0218-consensus	scaffold_16	28.54	452	277	46	378	792	632473	631162	3.6e-14	79.2
NCVOG0218-consensus	scaffold_43	30.18	666	382	83	366	960	51196	53110	4e-14	79.7
NCVOG0218-consensus	scaffold_2	30.49	656	382	74	273	871	1014493	1016386	4.4e-14	79.6
NCVOG0218-consensus	scaffold_2	28.92	491	294	55	413	855	908626	910060	7.1e-15	82.2
NCVOG0218-consensus	scaffold_2	27.35	607	386	55	379	949	968503	970245	3.4e-14	79.9
NCVOG0218-consensus	scaffold_27	30.34	590	307	104	430	927	22756	24460	6.4e-14	79.0
NCVOG0218-consensus	scaffold_26	38.62	189	110	6	635	820	219969	219419	7e-14	78.9
NCVOG0218-consensus	scaffold_48	28.42	570	360	48	350	887	123829	122213	7.7e-14	78.8
NCVOG0218-consensus	scaffold_23	26.38	508	329	45	342	817	289415	290886	8.4e-14	78.6
NCVOG0218-consensus	scaffold_2	30.76	569	311	83	353	871	101093	99503	8.4e-14	78.6
NCVOG0218-consensus	scaffold_15	46.38	138	65	9	768	901	447011	446616	1e-13	78.4
NCVOG0218-consensus	scaffold_7	32.60	362	214	30	417	763	272337	271322	1.2e-13	78.1
NCVOG0218-consensus	scaffold_7	33.10	287	169	23	673	952	199905	199112	1.8e-13	77.6
NCVOG0218-consensus	scaffold_13	48.20	139	61	11	768	901	590160	590555	1.3e-13	78.0
NCVOG0218-consensus	scaffold_44	34.03	288	164	26	582	847	152591	153427	1.4e-13	76.0
NCVOG0218-consensus	scaffold_15	61.68	107	33	8	654	756	450734	451035	1.6e-13	77.7
NCVOG0218-consensus	scaffold_7	31.41	382	213	49	426	784	225967	227015	1.8e-13	77.6
NCVOG0218-consensus	scaffold_12	29.37	630	351	94	362	921	698831	700593	2.1e-13	77.3
NCVOG0218-consensus	scaffold_18	35.74	333	157	57	611	890	425514	426465	2.8e-13	76.9
NCVOG0218-consensus	scaffold_9	35.74	249	144	16	597	832	532630	533358	3.1e-13	76.8
NCVOG0218-consensus	scaffold_22	32.70	419	231	51	354	740	518519	519689	3.3e-13	75.8
NCVOG0218-consensus	scaffold_12	29.60	642	341	111	355	892	286661	288532	3.3e-13	76.6
NCVOG0218-consensus	scaffold_3	29.93	548	338	46	355	857	353002	354593	3.7e-13	76.5
NCVOG0218-consensus	scaffold_1	30.70	443	267	40	363	784	360220	358986	3.7e-13	76.5
NCVOG0218-consensus	scaffold_9	26.75	729	432	102	360	990	735429	737562	3.7e-13	76.5
NCVOG0218-consensus	scaffold_21	31.61	329	203	22	582	890	72076	73049	4e-13	76.4
NCVOG0218-consensus	scaffold_33	32.43	404	225	48	359	727	29588	28445	5.3e-13	76.0
NCVOG0218-consensus	scaffold_2	63.83	94	23	11	622	714	2054487	2054239	7e-13	75.6
NCVOG0218-consensus	scaffold_2	31.86	565	331	54	353	881	1952826	1954419	7.7e-13	75.4
NCVOG0218-consensus	scaffold_2	48.39	124	60	4	768	887	2058694	2059062	7.7e-13	75.4
NCVOG0218-consensus	scaffold_22	30.37	349	215	28	531	855	502070	501051	8.3e-13	74.5
NCVOG0218-consensus	scaffold_45	42.22	180	92	12	588	755	173793	173269	1e-12	72.9
NCVOG0218-consensus	scaffold_2	38.74	222	120	16	723	933	195752	195125	1.1e-12	74.9
NCVOG0218-consensus	scaffold_2	35.03	294	173	18	517	795	162102	161259	3.1e-13	76.8
NCVOG0218-consensus	scaffold_43	45.31	128	66	4	701	828	173306	172938	1.1e-12	73.3
NCVOG0218-consensus	scaffold_3	25.00	540	351	54	319	822	1215643	1217191	1.3e-12	74.6
NCVOG0218-consensus	scaffold_1	29.69	586	356	56	357	898	1185139	1186821	1.5e-12	74.5
NCVOG0218-consensus	scaffold_1	27.05	695	343	164	361	905	699753	701786	1.6e-12	74.4
NCVOG0218-consensus	scaffold_1	47.86	140	65	8	662	794	714869	715270	1.6e-12	74.4
NCVOG0218-consensus	scaffold_49	31.42	401	229	46	530	889	98919	97755	1.6e-12	74.2
NCVOG0218-consensus	scaffold_9	34.96	226	126	21	647	859	406749	407389	1.7e-12	74.2
NCVOG0218-consensus	scaffold_14	33.97	312	164	42	545	840	647562	646720	1.7e-12	74.2
NCVOG0218-consensus	scaffold_28	30.12	425	267	30	383	790	241306	240114	1.7e-12	74.2
NCVOG0218-consensus	scaffold_15	31.30	623	333	95	363	895	8009	6241	1.9e-12	74.1
NCVOG0218-consensus	scaffold_30	41.30	230	109	26	675	878	27390	28060	2.1e-12	74.0
NCVOG0218-consensus	scaffold_30	34.46	386	221	32	516	873	69531	70637	7.7e-13	75.4
NCVOG0218-consensus	scaffold_6	30.23	440	276	31	386	802	684803	686067	2.1e-12	74.0
NCVOG0218-consensus	scaffold_30	28.78	622	344	99	358	895	310179	311950	2.2e-12	73.3
NCVOG0218-consensus	scaffold_44	27.83	600	365	68	352	903	101248	99538	2.3e-12	73.9
NCVOG0218-consensus	scaffold_40	31.03	477	274	55	378	824	71178	72490	2.5e-12	73.7
NCVOG0218-consensus	scaffold_3	28.32	452	260	64	506	900	29877	28550	2.5e-12	73.7
NCVOG0218-consensus	scaffold_35	35.19	287	156	30	492	762	234155	233342	2.5e-12	73.7
NCVOG0218-consensus	scaffold_35	71.60	81	15	8	663	742	229110	228892	1.2e-12	74.8
NCVOG0218-consensus	scaffold_10	26.98	619	383	69	354	911	236900	235089	2.8e-12	73.6
NCVOG0218-consensus	scaffold_6	28.18	582	337	81	346	858	858892	860570	3.3e-12	73.3
NCVOG0218-consensus	scaffold_40	25.81	620	371	89	354	893	58008	56205	3.6e-12	73.2
NCVOG0218-consensus	scaffold_14	30.02	433	268	35	352	762	279810	278576	3.6e-12	73.2
NCVOG0218-consensus	scaffold_14	26.03	703	350	170	354	897	178757	176717	7e-13	75.6
NCVOG0218-consensus	scaffold_11	38.38	198	106	16	677	858	80485	81065	4.4e-12	72.9
NCVOG0218-consensus	scaffold_50	32.02	684	351	114	350	927	20249	18287	5.1e-12	72.4
NCVOG0218-consensus	scaffold_28	34.32	271	149	29	482	738	27032	26276	5.3e-12	72.7
NCVOG0218-consensus	scaffold_5	34.98	263	148	23	592	832	1181769	1181005	6.9e-12	72.3
NCVOG0218-consensus	scaffold_5	57.78	90	31	7	704	793	1130477	1130232	3.3e-12	73.3
NCVOG0218-consensus	scaffold_4	28.21	553	337	60	402	908	159776	161377	6.9e-12	72.3
NCVOG0218-consensus	scaffold_4	27.87	470	270	69	350	788	155289	156571	1.7e-12	74.2
NCVOG0218-consensus	scaffold_23	28.75	574	340	69	376	886	453542	455226	8.5e-12	70.9
NCVOG0218-consensus	scaffold_4	39.38	320	155	39	657	949	1060342	1061214	9.1e-12	71.9
NCVOG0218-consensus	scaffold_15	28.80	625	367	78	350	911	605500	603706	1.3e-11	70.8
NCVOG0218-consensus	scaffold_36	28.79	528	323	53	389	884	103864	102357	1.4e-11	71.2
NCVOG0218-consensus	scaffold_31	30.12	644	365	85	335	911	37535	35705	1.4e-11	71.2
NCVOG0218-consensus	scaffold_31	27.51	607	378	62	350	904	107579	105804	2.1e-12	74.0
NCVOG0218-consensus	scaffold_28	26.10	521	346	39	354	859	337278	335817	1.6e-11	70.7
NCVOG0218-consensus	scaffold_28	47.71	153	68	12	677	819	399476	399049	1.6e-11	70.7
NCVOG0218-consensus	scaffold_6	35.61	278	148	31	650	897	843576	842767	1.9e-11	70.8
NCVOG0218-consensus	scaffold_6	42.76	152	81	6	769	917	847831	847396	1.9e-11	70.8
NCVOG0218-consensus	scaffold_7	32.69	309	154	54	582	841	939753	940647	2.3e-11	70.3
NCVOG0218-consensus	scaffold_36	29.73	444	253	59	460	851	129553	130836	2.5e-11	70.4
NCVOG0218-consensus	scaffold_36	53.06	98	42	4	745	842	60860	61138	3.3e-12	73.3
NCVOG0218-consensus	scaffold_36	32.60	408	221	54	380	740	45162	46331	5.3e-12	72.7
NCVOG0218-consensus	scaffold_1	25.77	652	380	104	343	902	1257193	1255299	2.5e-11	70.4
NCVOG0218-consensus	scaffold_14	25.81	616	380	77	341	893	377132	378908	2.5e-11	70.4
NCVOG0218-consensus	scaffold_4	29.84	496	294	54	338	792	1271414	1272843	2.5e-11	70.4
NCVOG0218-consensus	scaffold_6	37.04	216	123	13	581	789	425532	424920	2.8e-11	70.3
NCVOG0218-consensus	scaffold_6	39.80	196	103	15	658	838	350536	349970	2.8e-11	70.3
NCVOG0218-consensus	scaffold_8	40.37	161	89	7	618	775	741477	741018	2.8e-11	70.3
NCVOG0218-consensus	scaffold_29	24.28	593	358	91	565	1067	305689	303933	2.8e-11	69.9
NCVOG0218-consensus	scaffold_34	25.30	585	298	139	413	874	244741	246418	3.3e-11	70.0
NCVOG0218-consensus	scaffold_17	26.89	621	372	82	353	895	93172	91331	3.3e-11	70.0
NCVOG0218-consensus	scaffold_35	29.72	545	318	65	400	891	154500	156069	3.3e-11	70.0
NCVOG0218-consensus	scaffold_35	28.26	506	302	61	353	814	213558	214987	3e-11	70.1
NCVOG0218-consensus	scaffold_35	40.70	199	102	16	687	874	201276	201836	3.3e-11	70.0
NCVOG0218-consensus	scaffold_31	36.21	243	138	17	583	815	286332	287008	3.3e-11	70.0
NCVOG0218-consensus	scaffold_2	31.90	395	211	58	360	707	899848	898722	3.6e-11	69.9
NCVOG0218-consensus	scaffold_8	25.57	567	318	104	373	849	174810	176453	3.6e-11	69.9
NCVOG0218-consensus	scaffold_14	36.77	310	159	37	665	949	80269	81143	4.4e-11	69.6
NCVOG0218-consensus	scaffold_14	28.95	456	278	46	383	818	147273	148553	3.4e-14	79.9
NCVOG0218-consensus	scaffold_14	31.95	338	188	42	527	822	128574	129580	3.3e-11	70.0
NCVOG0218-consensus	scaffold_20	31.28	486	297	37	401	857	275252	273834	5.2e-11	69.3
NCVOG0218-consensus	scaffold_20	30.37	652	340	114	355	904	251595	249741	1.1e-15	84.9
NCVOG0218-consensus	scaffold_20	41.67	240	120	20	595	818	236249	235571	5.8e-14	79.2
NCVOG0218-consensus	scaffold_20	30.02	403	195	87	593	909	221567	220397	5.2e-11	69.3
NCVOG0218-consensus	scaffold_16	28.49	509	287	77	449	895	558390	559828	5.2e-11	69.3
NCVOG0218-consensus	scaffold_1	30.95	336	214	18	594	921	2107615	2106661	5.2e-11	69.3
NCVOG0218-consensus	scaffold_2	36.27	193	111	12	630	818	1920834	1920283	5.2e-11	69.3
NCVOG0218-consensus	scaffold_12	30.99	342	169	67	582	859	299180	300181	5.7e-11	69.2
NCVOG0218-consensus	scaffold_12	26.48	623	372	86	354	910	358559	360352	5.7e-11	69.2
NCVOG0218-consensus	scaffold_5	27.82	496	303	55	450	891	173566	172111	5.7e-11	69.2
NCVOG0218-consensus	scaffold_8	30.70	557	290	96	353	832	740684	742246	5.7e-11	69.2
NCVOG0218-consensus	scaffold_23	29.96	554	321	67	357	891	342828	341344	6.3e-11	69.1
NCVOG0218-consensus	scaffold_23	32.95	349	192	42	502	817	412824	411824	1.1e-11	71.6
NCVOG0218-consensus	scaffold_18	37.45	251	132	25	591	826	297652	296963	6.9e-11	68.9
NCVOG0218-consensus	scaffold_25	27.90	620	360	87	351	893	352538	350744	6.9e-11	68.9
NCVOG0218-consensus	scaffold_29	38.81	201	111	12	610	806	291633	292196	6.9e-11	68.9
NCVOG0218-consensus	scaffold_29	30.17	421	239	55	608	980	226233	227455	6.9e-11	68.9
NCVOG0218-consensus	scaffold_2	30.53	606	351	70	354	898	1630060	1628315	6.9e-11	68.9
NCVOG0218-consensus	scaffold_2	29.26	605	359	69	354	898	1634678	1632936	4.1e-15	83.0
NCVOG0218-consensus	scaffold_2	43.38	136	59	18	673	793	1563607	1563212	2.8e-11	70.3
NCVOG0218-consensus	scaffold_10	29.06	609	333	99	353	890	510627	508930	7.6e-11	68.8
NCVOG0218-consensus	scaffold_24	26.32	684	364	140	347	901	66739	64732	7.6e-11	68.8
NCVOG0218-consensus	scaffold_1	42.42	165	82	13	675	830	984315	984780	7.6e-11	68.8
NCVOG0218-consensus	scaffold_1	30.00	470	285	44	446	883	1552651	1551319	8.3e-11	68.7
NCVOG0218-consensus	scaffold_2	31.40	379	212	48	536	870	582179	581086	9.1e-11	68.5
NCVOG0218-consensus	scaffold_30	31.71	328	189	35	451	747	168124	169076	1e-10	68.4
NCVOG0218-consensus	scaffold_19	28.49	558	331	68	347	853	172587	171002	1e-10	68.4
NCVOG0308-consensus	scaffold_56	22.51	533	413	0	327	859	2128	533	2.1e-14	74.8
NCVOG0018-consensus	scaffold_8	22.82	1135	747	129	20	1105	165126	168287	7.2e-23	108.8
NCVOG0018-consensus	scaffold_8	23.66	1196	772	141	56	1193	401501	404836	1.8e-21	104.2
NCVOG0018-consensus	scaffold_12	22.35	698	451	91	461	1125	781611	783527	1.5e-14	79.7
NCVOG0018-consensus	scaffold_12	24.78	448	284	53	106	546	780294	781496	1.7e-13	76.1
NCVOG0018-consensus	scaffold_11	22.75	866	582	87	158	992	314511	312089	2.8e-13	77.0
NCVOG0018-consensus	scaffold_11	22.05	576	411	38	502	1070	312070	310439	2.3e-13	77.2
NCVOG0018-consensus	scaffold_13	20.90	1139	788	113	26	1135	558129	554972	3.4e-13	76.7
NCVOG0018-consensus	scaffold_20	27.00	200	136	10	825	1018	273905	274489	3.4e-13	76.7
NCVOG0018-consensus	scaffold_20	22.52	706	482	65	17	697	571278	573264	8.9e-13	75.0
NCVOG0018-consensus	scaffold_20	23.37	492	310	67	586	1055	569910	571247	2.9e-14	80.0
NCVOG0018-consensus	scaffold_12	23.79	828	531	100	158	959	4815	7069	1.3e-11	71.5
NCVOG0018-consensus	scaffold_12	22.22	702	489	57	485	1155	7330	9354	2e-14	80.8
NCVOG4344-consensus	scaffold_26	30.86	243	154	14	101	340	280689	279997	1.6e-12	73.2
NCVOG4116-consensus	scaffold_13	28.78	205	142	4	234	436	407979	407374	1.3e-19	96.6
NCVOG4116-consensus	scaffold_26	27.27	242	148	28	163	387	280650	279961	1.4e-13	76.6
NCVOG0246-consensus	scaffold_15	27.72	202	124	22	7	203	116580	116033	3.3e-13	74.7
NCVOG0226-consensus	scaffold_18	31.15	122	84	0	32	153	591243	590881	1.1e-14	80.2
NCVOG0226-consensus	scaffold_18	30.37	135	94	0	19	153	945	1346	6.6e-14	77.7
NCVOG0226-consensus	scaffold_1	30.06	163	110	4	30	188	871283	871760	1.5e-13	76.5
NCVOG0226-consensus	scaffold_37	30.94	181	98	27	16	177	190165	189652	1.5e-11	69.8
NCVOG0226-consensus	scaffold_12	30.07	153	95	12	28	169	106244	106694	1.6e-11	69.8
NCVOG0226-consensus	scaffold_2	34.97	143	76	17	13	153	1335039	1334663	6.2e-11	67.8
NCVOG0226-consensus	scaffold_41	28.83	163	101	15	18	168	53797	53327	8.8e-11	67.3
NCVOG4170-consensus	scaffold_2	28.97	214	145	7	129	335	1821530	1822166	4.2e-23	107.9
NCVOG1006-consensus	scaffold_47	24.62	195	104	43	15	166	69133	69714	3.5e-15	80.6
NCVOG0370-consensus	scaffold_2	34.90	149	82	15	70	211	647605	648024	4.6e-13	73.8
NCVOG4487-consensus	scaffold_4	31.79	280	162	29	261	532	660024	659263	4.2e-12	72.0
