NCVOG0719-consensus	scaffold_8	30.15	262	140	43	47	265	586257	587035	5.4e-18	90.3
NCVOG1069-consensus	scaffold_11	36.50	137	82	5	95	231	420432	420824	4.1e-20	98.0
NCVOG0321-consensus	scaffold_13	25.05	543	352	55	8	504	270580	268986	5.7e-14	77.8
NCVOG0669-consensus	scaffold_3	23.29	395	257	46	77	435	196230	195079	5.7e-15	81.0
NCVOG0669-consensus	scaffold_4	29.51	183	116	13	273	444	952918	952379	5.3e-11	67.8
NCVOG0333-consensus	scaffold_1	41.67	120	52	18	599	709	603059	602730	8e-13	74.4
NCVOG2223-consensus	scaffold_4	43.00	100	55	2	706	804	36232	35939	1.2e-16	87.5
NCVOG0233-consensus	scaffold_5	36.97	898	459	107	51	847	1111508	1114174	3e-43	175.8
NCVOG0233-consensus	scaffold_5	35.28	873	445	120	104	858	847938	845331	1.7e-40	166.7
NCVOG0233-consensus	scaffold_29	25.12	864	555	92	45	867	8546	6125	2.5e-33	142.8
NCVOG0233-consensus	scaffold_1	27.36	881	469	171	131	843	1941246	1938616	8.3e-23	107.9
NCVOG0233-consensus	scaffold_4	36.67	240	142	10	499	729	897248	897961	1.8e-22	106.8
NCVOG0233-consensus	scaffold_1	26.19	886	484	170	104	844	341748	339173	8.6e-20	97.9
NCVOG0233-consensus	scaffold_1	26.37	804	413	179	136	762	1061624	1064020	1.4e-18	93.9
NCVOG0233-consensus	scaffold_5	25.29	941	518	185	93	868	46040	48795	1.4e-15	83.9
NCVOG0233-consensus	scaffold_8	30.19	626	338	99	136	674	519816	521654	7.4e-15	81.5
NCVOG0233-consensus	scaffold_10	27.03	725	391	138	136	732	437292	435163	5.9e-12	71.8
NCVOG0023-consensus	scaffold_61	29.54	474	308	26	371	836	12552	13914	6.5e-32	135.2
NCVOG0023-consensus	scaffold_45	27.78	540	351	39	311	833	50556	52104	8.2e-29	126.7
NCVOG0023-consensus	scaffold_21	27.59	540	352	39	311	833	217734	219282	2.1e-28	126.5
NCVOG0023-consensus	scaffold_24	27.06	521	340	40	335	833	6737	8228	3.7e-25	115.7
NCVOG0023-consensus	scaffold_11	26.10	456	305	32	340	782	385990	384691	7.7e-20	98.0
NCVOG0023-consensus	scaffold_42	23.54	480	346	21	379	838	15377	16810	1e-18	93.4
NCVOG0023-consensus	scaffold_38	24.77	650	430	59	147	760	52031	53888	2e-18	92.7
NCVOG0023-consensus	scaffold_31	28.10	331	216	22	480	806	131727	130796	8.5e-17	87.9
NCVOG0013-consensus	scaffold_20	26.16	237	168	7	115	347	249906	250604	1.3e-13	76.7
NCVOG0297-consensus	scaffold_29	29.71	276	169	25	224	482	63723	64507	3.2e-15	82.0
NCVOG0663-consensus	scaffold_14	21.19	302	215	23	212	495	374418	373531	1.8e-14	79.7
NCVOG0663-consensus	scaffold_12	26.95	282	184	22	325	588	522420	523250	1.4e-12	72.5
NCVOG0073-consensus	scaffold_7	42.08	625	337	25	20	640	174612	176420	1.2e-89	330.0
NCVOG0073-consensus	scaffold_3	38.60	658	368	36	29	678	975864	977748	8e-81	300.7
NCVOG0073-consensus	scaffold_3	26.57	527	366	21	17	530	1054577	1053024	4.8e-43	175.2
NCVOG0073-consensus	scaffold_4	36.79	655	377	37	19	666	6381	4510	6.4e-42	171.5
NCVOG0073-consensus	scaffold_2	25.43	645	412	69	19	607	642914	641022	1.2e-35	150.7
NCVOG0073-consensus	scaffold_5	24.31	473	303	55	16	449	984773	986138	6.2e-14	78.5
NCVOG0073-consensus	scaffold_7	34.48	116	76	0	150	265	345269	345613	5.8e-12	72.0
NCVOG0268-consensus	scaffold_8	24.00	400	275	29	211	584	115346	114161	1.2e-11	70.3
NCVOG1068-consensus	scaffold_2	52.98	151	70	1	90	239	368388	368837	3.9e-39	160.3
NCVOG5053-consensus	scaffold_2	37.90	124	71	6	52	173	753438	753786	4.4e-12	70.2
NCVOG5053-consensus	scaffold_23	54.00	50	23	0	51	100	313014	313160	3.4e-11	63.8
NCVOG0063-consensus	scaffold_12	29.66	145	96	6	1	142	116109	116531	3e-11	66.9
NCVOG4523-consensus	scaffold_1	33.33	942	420	208	16	818	76138	78737	6.9e-33	141.7
NCVOG4523-consensus	scaffold_22	29.93	451	266	50	379	825	50142	51341	4.3e-11	69.3
NCVOG4523-consensus	scaffold_22	33.83	266	115	61	7	265	51516	52144	1.6e-13	77.4
NCVOG1353-consensus	scaffold_4	56.89	835	296	64	28	800	969922	967435	0	800.7
NCVOG4445-consensus	scaffold_5	31.98	344	219	15	47	385	1071554	1070560	2.2e-32	138.5
NCVOG4445-consensus	scaffold_5	31.49	181	110	14	146	319	1072076	1071558	8.8e-16	83.4
NCVOG4445-consensus	scaffold_2	31.87	342	219	14	47	384	1033542	1034534	4.1e-30	131.0
NCVOG4445-consensus	scaffold_1	32.38	244	149	16	95	334	403523	404213	3.6e-20	98.0
NCVOG4445-consensus	scaffold_14	30.38	316	205	15	73	385	429536	430444	1.4e-19	96.0
NCVOG4445-consensus	scaffold_14	29.06	351	231	18	47	385	426198	427225	6e-20	97.2
NCVOG4445-consensus	scaffold_7	40.00	140	81	3	215	351	829096	828684	3e-17	88.2
NCVOG4445-consensus	scaffold_40	31.30	262	167	13	95	354	31022	30273	2.6e-16	84.4
NCVOG4505-consensus	scaffold_13	27.66	235	151	19	53	280	55879	56544	2.3e-11	68.6
NCVOG4123-consensus	scaffold_2	36.00	150	92	4	154	303	1033845	1034279	3.2e-13	75.0
NCVOG4123-consensus	scaffold_5	33.33	141	90	4	156	296	1071785	1071378	2e-12	72.3
NCVOG1343-consensus	scaffold_5	33.74	243	148	13	1	235	484721	484011	1.1e-31	136.2
NCVOG1343-consensus	scaffold_10	25.98	331	205	40	84	401	547727	548635	8.5e-11	66.6
NCVOG0243-consensus	scaffold_7	32.14	364	184	63	26	338	584392	583340	5.5e-11	67.5
NCVOG0055-consensus	scaffold_1	33.99	253	126	41	182	394	1029759	1030507	2.4e-22	105.3
NCVOG0055-consensus	scaffold_1	35.71	168	93	15	195	351	943456	943940	2.6e-20	98.6
NCVOG0055-consensus	scaffold_8	29.76	252	155	22	182	411	453230	452486	4.6e-20	97.8
NCVOG0055-consensus	scaffold_11	39.07	151	81	11	169	315	69564	69992	7.5e-11	67.2
NCVOG4105-consensus	scaffold_15	36.78	1142	595	127	14	1074	277734	281014	2e-55	216.6
NCVOG4105-consensus	scaffold_4	23.81	886	544	131	20	862	395024	397414	4.6e-11	69.2
NCVOG1045-consensus	scaffold_11	27.94	247	164	14	318	556	410490	411209	9.3e-17	87.2
NCVOG0225-consensus	scaffold_2	32.22	180	97	25	105	262	601842	601315	1.1e-13	76.1
NCVOG0305-consensus	scaffold_29	34.31	239	141	16	1331	1559	115257	115952	2.6e-28	127.0
NCVOG0305-consensus	scaffold_29	33.79	219	124	21	1315	1514	63827	64474	8.8e-17	88.7
NCVOG0305-consensus	scaffold_11	30.18	285	182	17	1282	1557	27963	27136	1.9e-24	114.2
NCVOG0305-consensus	scaffold_6	32.84	271	168	14	774	1034	403920	403125	6.3e-21	102.5
NCVOG0305-consensus	scaffold_5	30.62	258	167	12	778	1035	920241	920975	6.3e-21	102.5
NCVOG0305-consensus	scaffold_1	30.59	304	181	30	1276	1556	1391716	1392601	1e-20	101.8
NCVOG0305-consensus	scaffold_4	30.32	310	199	17	774	1072	43347	42443	3.2e-20	100.2
NCVOG0305-consensus	scaffold_51	27.92	308	208	14	1252	1551	13301	14203	4.9e-20	97.6
NCVOG0305-consensus	scaffold_1	37.18	156	93	5	1355	1507	1576950	1577408	1.5e-18	94.6
NCVOG0305-consensus	scaffold_8	31.37	204	136	4	822	1024	143011	142416	1.3e-17	91.5
NCVOG0305-consensus	scaffold_14	31.36	220	145	6	1305	1521	266758	267405	1e-16	88.5
NCVOG0305-consensus	scaffold_23	33.58	137	88	3	1424	1557	83515	83114	1.4e-16	88.0
NCVOG0305-consensus	scaffold_12	37.12	132	80	3	1431	1560	210899	211288	3.2e-16	86.9
NCVOG0305-consensus	scaffold_6	27.51	269	175	20	780	1034	348631	349416	8.5e-16	85.5
NCVOG0305-consensus	scaffold_55	28.00	225	148	14	1344	1556	3796	4461	2.5e-15	81.7
NCVOG0305-consensus	scaffold_8	33.88	245	136	26	1334	1555	423349	422629	5.1e-15	82.9
NCVOG0305-consensus	scaffold_5	29.64	253	150	28	1306	1534	830219	830958	1.6e-14	81.3
NCVOG0305-consensus	scaffold_4	27.52	327	198	39	733	1035	977677	978607	2.2e-14	80.8
NCVOG0305-consensus	scaffold_6	35.06	174	103	10	779	948	783386	782886	1.3e-13	78.2
NCVOG0305-consensus	scaffold_23	29.24	236	136	31	1314	1521	288670	287979	2.5e-13	77.3
NCVOG0305-consensus	scaffold_9	27.59	261	159	30	1316	1549	64587	65353	5.5e-13	76.1
NCVOG0305-consensus	scaffold_2	28.90	353	199	52	1230	1541	1173753	1172735	1.7e-12	74.5
NCVOG0305-consensus	scaffold_20	33.50	206	111	26	1375	1557	118905	118300	8.7e-12	72.1
NCVOG0305-consensus	scaffold_5	30.53	262	152	30	1309	1543	315789	316560	1.2e-11	71.7
NCVOG0305-consensus	scaffold_9	28.42	183	122	9	1364	1543	217726	217199	1.2e-11	71.7
NCVOG0305-consensus	scaffold_24	30.08	236	117	48	1332	1520	148773	148076	3.7e-11	70.0
NCVOG0305-consensus	scaffold_29	28.08	203	132	14	832	1033	99566	99000	9.9e-11	68.6
NCVOG0248-consensus	scaffold_14	31.62	487	275	58	45	489	90225	88816	8.1e-18	90.6
NCVOG0248-consensus	scaffold_20	27.48	433	214	100	135	489	242420	241201	5.1e-11	68.0
NCVOG0105-consensus	scaffold_23	21.89	699	472	74	261	912	282155	280145	1.2e-30	134.2
NCVOG0105-consensus	scaffold_27	21.24	937	611	127	23	896	256770	254159	5.3e-24	111.8
NCVOG0105-consensus	scaffold_15	21.19	939	611	129	23	896	440240	442849	8.2e-22	104.8
NCVOG0105-consensus	scaffold_8	27.42	186	123	12	641	820	412863	412327	2.7e-16	86.5
NCVOG0105-consensus	scaffold_28	20.52	887	564	141	8	818	14001	16463	2.1e-14	80.2
NCVOG4804-consensus	scaffold_22	63.46	104	38	0	83	186	211495	211187	1.8e-28	124.6
NCVOG4804-consensus	scaffold_8	58.33	108	45	0	72	179	305384	305704	8.2e-27	119.1
NCVOG0282-consensus	scaffold_4	30.75	335	200	32	290	602	43467	42496	1.3e-21	103.9
NCVOG0282-consensus	scaffold_6	26.98	441	292	30	171	589	404380	403089	9.7e-21	101.0
NCVOG0282-consensus	scaffold_6	26.57	542	306	92	155	635	385958	384437	1.4e-14	80.6
NCVOG0282-consensus	scaffold_1	24.96	593	375	70	62	618	1391063	1392730	4.3e-19	95.6
NCVOG0282-consensus	scaffold_14	29.21	267	178	11	276	539	266626	267399	5.1e-19	95.3
NCVOG0282-consensus	scaffold_11	26.14	329	225	18	291	607	28005	27044	2.7e-16	86.3
NCVOG0282-consensus	scaffold_6	30.04	223	144	12	277	497	783515	782880	3.1e-16	86.0
NCVOG0282-consensus	scaffold_51	27.35	351	214	41	238	584	13305	14239	9.6e-16	82.5
NCVOG0282-consensus	scaffold_8	35.29	187	110	11	350	533	423352	422819	2.7e-15	83.0
NCVOG0282-consensus	scaffold_55	27.98	386	242	36	315	678	3677	4783	6.9e-15	79.4
NCVOG0282-consensus	scaffold_1	31.09	267	159	25	270	517	1721067	1720292	7.2e-15	81.5
NCVOG0282-consensus	scaffold_6	26.02	588	368	67	37	588	347794	349449	1.4e-14	80.6
NCVOG0282-consensus	scaffold_1	26.52	460	301	37	173	601	536935	538287	2.7e-14	79.6
NCVOG0282-consensus	scaffold_6	31.10	254	137	38	323	549	138651	139368	3.2e-14	79.4
NCVOG0282-consensus	scaffold_7	28.57	273	161	34	336	582	51244	50459	1.2e-13	77.5
NCVOG0282-consensus	scaffold_1	26.00	427	257	59	215	590	1576446	1577699	1.9e-13	76.8
NCVOG0282-consensus	scaffold_29	25.29	514	338	46	38	519	62945	64429	7.3e-13	74.9
NCVOG0282-consensus	scaffold_29	25.00	560	348	72	90	628	114598	116111	5.2e-13	75.3
NCVOG0282-consensus	scaffold_29	25.76	198	135	12	325	520	147821	148381	7.3e-13	74.9
NCVOG0282-consensus	scaffold_8	23.74	514	340	52	26	515	569237	567799	1.4e-12	73.9
NCVOG0282-consensus	scaffold_29	34.97	163	90	16	424	582	99431	98982	2.3e-12	73.2
NCVOG0282-consensus	scaffold_7	30.66	349	209	33	245	571	833909	832905	1.2e-11	70.8
NCVOG2963-consensus	scaffold_9	30.28	218	142	10	109	321	177252	177887	5.7e-19	93.7
NCVOG2963-consensus	scaffold_1	30.09	216	137	14	104	316	1371947	1371336	1.5e-12	72.4
NCVOG2963-consensus	scaffold_2	28.63	227	142	20	99	315	1209696	1210343	2.4e-11	68.4
NCVOG4883-consensus	scaffold_33	32.16	426	255	34	40	460	83430	82243	5e-37	154.2
NCVOG2979-consensus	scaffold_1	30.77	247	166	5	2	246	1811231	1810503	1.1e-23	109.0
NCVOG0360-consensus	scaffold_24	42.45	318	155	28	24	315	264873	263933	8.2e-41	166.3
NCVOG0979-consensus	scaffold_3	51.52	328	156	3	2	328	210909	209935	5.3e-82	303.3
NCVOG0699-consensus	scaffold_14	28.75	313	215	8	123	429	429551	430480	2.6e-29	128.6
NCVOG0699-consensus	scaffold_5	31.65	278	178	12	164	430	1072067	1071240	1.9e-15	82.6
NCVOG0699-consensus	scaffold_5	33.03	221	141	7	197	411	1071230	1070578	2.3e-15	82.3
NCVOG0699-consensus	scaffold_2	29.49	217	148	5	219	431	1033485	1034129	5.6e-15	81.0
NCVOG0699-consensus	scaffold_7	36.51	126	76	4	309	430	829102	828732	1.1e-14	80.0
NCVOG0274-consensus	scaffold_13	33.95	1461	757	208	65	1370	299719	303931	1.2e-59	231.0
NCVOG0274-consensus	scaffold_20	39.06	1485	718	187	47	1368	85903	90278	2.7e-58	226.5
NCVOG0274-consensus	scaffold_4	26.49	1457	673	398	265	1332	742724	747062	1.7e-36	154.1
NCVOG0274-consensus	scaffold_4	39.00	100	57	4	16	111	741404	741700	3.3e-16	86.7
NCVOG0174-consensus	scaffold_5	24.20	314	211	27	154	451	1072058	1071153	1.6e-13	76.7
NCVOG0074-consensus	scaffold_7	63.31	635	231	2	5	637	174609	176510	4.1e-208	723.0
NCVOG0074-consensus	scaffold_3	56.48	648	255	27	6	627	975771	977708	1.9e-179	627.8
NCVOG0074-consensus	scaffold_4	47.84	625	303	23	2	616	6399	4567	8.1e-142	502.8
NCVOG0074-consensus	scaffold_3	32.70	526	329	25	3	506	1054577	1053012	1.4e-52	206.3
NCVOG0074-consensus	scaffold_2	35.39	421	238	34	6	394	642911	641658	5.5e-29	128.0
NCVOG0074-consensus	scaffold_5	28.42	570	343	65	9	535	984794	986428	2.1e-24	112.8
NCVOG0074-consensus	scaffold_7	31.42	226	143	12	27	242	344956	345616	3.3e-18	92.2
NCVOG1299-consensus	scaffold_10	43.20	125	56	15	5	115	93729	94097	6.9e-13	72.4
NCVOG1299-consensus	scaffold_10	36.67	210	53	80	17	146	145689	146313	4.1e-14	76.5
NCVOG1196-consensus	scaffold_8	23.26	602	413	49	414	997	115099	113390	5.2e-14	79.0
NCVOG1196-consensus	scaffold_15	24.68	474	316	41	321	787	79464	78148	6.8e-12	72.0
NCVOG0064-consensus	scaffold_1	23.85	369	235	46	23	362	46370	47422	1.2e-12	73.3
NCVOG4444-consensus	scaffold_2	23.26	258	185	13	114	365	1033503	1034250	7.8e-14	76.9
NCVOG4444-consensus	scaffold_5	22.81	285	182	38	89	369	1071752	1071007	2.3e-12	72.0
NCVOG4414-consensus	scaffold_7	29.30	157	105	6	61	216	829138	828690	4.1e-12	70.7
NCVOG4414-consensus	scaffold_5	27.44	164	114	5	71	234	1071617	1071144	7.2e-12	69.9
NCVOG4414-consensus	scaffold_5	27.45	153	106	5	71	223	1070988	1070548	7.2e-12	69.9
NCVOG4414-consensus	scaffold_2	28.42	190	127	9	40	228	1034022	1034564	6.9e-11	66.7
NCVOG4324-consensus	scaffold_8	30.71	482	274	60	134	588	101197	102540	3e-26	118.9
NCVOG4134-consensus	scaffold_1	35.96	495	259	58	5	458	1605071	1603647	1.1e-44	179.6
NCVOG0424-consensus	scaffold_4	38.13	139	77	9	184	318	1150829	1150431	4.5e-12	71.7
NCVOG0424-consensus	scaffold_7	31.55	206	130	11	145	348	650615	651198	1e-11	70.5
NCVOG0334-consensus	scaffold_15	38.07	331	187	18	3	327	89404	88451	1.7e-47	188.5
NCVOG0034-consensus	scaffold_2	32.19	292	155	43	160	417	247844	248685	1.2e-12	73.2
NCVOG0034-consensus	scaffold_2	29.79	339	203	35	68	381	849151	850134	4.1e-11	68.0
NCVOG0304-consensus	scaffold_1	27.95	254	162	21	54	287	1720885	1720134	3.7e-18	91.6
NCVOG0304-consensus	scaffold_7	31.98	172	105	12	56	221	833618	833124	5e-14	77.9
NCVOG0304-consensus	scaffold_6	33.73	166	93	17	55	211	403910	403440	8.5e-14	77.2
NCVOG0304-consensus	scaffold_1	35.47	172	90	21	48	202	1576746	1577246	1.2e-13	76.6
NCVOG0304-consensus	scaffold_6	30.56	180	116	9	72	251	717333	716824	2.1e-13	75.9
NCVOG0304-consensus	scaffold_1	30.61	196	101	35	55	219	537404	537976	3.6e-13	75.1
NCVOG0304-consensus	scaffold_8	34.68	124	72	9	82	201	423349	422996	5.1e-13	74.6
NCVOG0304-consensus	scaffold_5	32.12	137	85	8	66	200	920265	920654	1.5e-12	73.0
NCVOG0304-consensus	scaffold_13	41.30	92	48	6	97	186	30637	30377	4.4e-12	71.5
NCVOG0304-consensus	scaffold_5	30.94	181	111	14	57	231	522245	522756	6.2e-12	71.0
NCVOG0304-consensus	scaffold_14	29.68	155	99	10	56	205	266773	267219	2.6e-11	68.9
NCVOG0304-consensus	scaffold_40	24.88	201	138	13	1	201	44049	43489	4.5e-11	67.3
NCVOG0304-consensus	scaffold_6	37.19	121	66	10	87	205	138756	139085	4.5e-11	68.1
NCVOG0214-consensus	scaffold_17	26.62	308	205	21	253	549	164297	165183	1.1e-13	77.5
NCVOG0214-consensus	scaffold_14	27.25	389	248	35	154	525	4225	5328	2.4e-13	76.3
NCVOG0214-consensus	scaffold_14	26.86	283	191	16	221	489	2876	3711	2.4e-13	76.3
NCVOG0214-consensus	scaffold_55	28.85	364	226	33	212	560	5823	6841	6.4e-11	66.1
NCVOG0004-consensus	scaffold_33	32.30	226	138	15	70	293	80837	80202	3.8e-20	98.6
NCVOG0276-consensus	scaffold_3	59.68	377	109	43	24	357	546240	547367	3.1e-59	227.6
NCVOG0276-consensus	scaffold_1	65.84	322	87	23	59	357	1762161	1761201	4.4e-59	227.1
NCVOG0276-consensus	scaffold_6	29.64	334	174	61	49	322	623324	624315	1.3e-15	82.8
NCVOG4882-consensus	scaffold_1	34.64	358	202	32	391	724	98681	97647	5.7e-31	135.2
NCVOG4882-consensus	scaffold_3	34.57	188	120	3	736	922	324743	324193	5.6e-19	95.4
NCVOG2204-consensus	scaffold_25	30.00	410	227	60	88	437	272446	271224	1.2e-36	152.9
NCVOG0777-consensus	scaffold_5	36.32	190	94	27	151	321	593784	593246	2.1e-14	80.7
NCVOG0777-consensus	scaffold_7	24.59	614	394	69	321	887	640249	638495	9.4e-14	78.6
NCVOG0777-consensus	scaffold_8	32.97	185	84	40	138	303	447269	447755	3.5e-11	70.0
NCVOG1060-consensus	scaffold_11	32.71	321	179	37	53	348	196660	197573	9e-22	103.4
NCVOG0185-consensus	scaffold_2	30.21	235	150	14	11	242	753628	752964	4.7e-16	83.7
NCVOG0185-consensus	scaffold_11	35.77	123	71	8	32	147	560212	559852	4.2e-13	73.5
NCVOG0185-consensus	scaffold_1	36.29	124	69	10	32	147	1955263	1955621	2.8e-11	64.6
NCVOG0185-consensus	scaffold_32	35.96	114	61	12	31	139	92971	93284	4.4e-11	67.2
NCVOG3000-consensus	scaffold_7	29.89	174	91	31	67	222	90784	91263	4.6e-11	67.1
NCVOG0320-consensus	scaffold_2	37.25	204	112	16	7	206	505891	505319	1.4e-24	111.8
NCVOG0030-consensus	scaffold_6	32.73	553	309	63	26	527	475769	474158	7.2e-30	131.2
NCVOG0030-consensus	scaffold_7	33.07	499	235	99	68	484	460890	459458	5.4e-20	98.3
NCVOG4494-consensus	scaffold_10	36.16	224	135	8	16	233	418789	418127	1.4e-23	109.7
NCVOG4494-consensus	scaffold_27	35.06	154	99	1	3	156	139799	139344	6.1e-21	101.0
NCVOG4494-consensus	scaffold_34	36.36	143	91	0	30	172	67743	68168	2.1e-18	92.5
NCVOG4494-consensus	scaffold_30	33.02	212	119	23	43	233	101963	102589	2.6e-17	88.9
NCVOG4494-consensus	scaffold_29	38.41	138	81	4	24	157	23591	23997	6.1e-15	81.0
NCVOG4494-consensus	scaffold_12	35.56	135	84	3	19	151	113277	113671	2.6e-12	72.3
NCVOG4494-consensus	scaffold_5	26.16	279	183	23	53	323	155223	154437	8.2e-12	70.6
NCVOG4477-consensus	scaffold_60	27.20	125	80	11	683	801	20976	21332	2.3e-11	68.5
NCVOG0277-consensus	scaffold_1	30.16	315	194	26	60	362	1762143	1761246	1.6e-17	89.1
NCVOG0277-consensus	scaffold_3	28.71	317	197	29	60	362	546420	547322	2.8e-16	85.0
NCVOG0077-consensus	scaffold_14	28.57	532	299	81	224	702	242674	241168	4.3e-23	108.6
NCVOG0077-consensus	scaffold_9	39.58	144	80	7	446	582	264482	264910	1.2e-19	97.1
NCVOG0077-consensus	scaffold_37	29.88	425	227	71	335	712	2299	1106	1.4e-16	86.4
NCVOG0077-consensus	scaffold_37	33.52	176	109	8	539	706	1087	563	1.4e-16	86.4
NCVOG0077-consensus	scaffold_20	42.86	112	58	6	588	695	290137	289811	1.5e-15	83.5
NCVOG0077-consensus	scaffold_54	34.62	156	90	12	538	690	1920	1485	2e-15	80.9
NCVOG0077-consensus	scaffold_9	29.55	467	268	61	277	701	132511	133847	2.6e-15	82.7
NCVOG0077-consensus	scaffold_5	23.87	310	156	80	329	563	1018776	1019687	8.6e-13	74.3
NCVOG0077-consensus	scaffold_16	32.45	339	182	47	326	625	139955	138966	3.7e-12	72.3
NCVOG0077-consensus	scaffold_5	35.11	94	60	1	468	560	1174861	1174583	6.3e-12	71.5
NCVOG0077-consensus	scaffold_45	32.71	107	69	3	588	693	48092	48403	8.6e-12	69.9
NCVOG0077-consensus	scaffold_4	29.67	455	207	113	338	688	1164344	1163010	1.1e-11	70.7
NCVOG0077-consensus	scaffold_35	31.13	106	71	2	588	693	108530	108222	1.5e-11	70.2
NCVOG0077-consensus	scaffold_21	32.71	107	69	3	588	693	215260	215571	1.9e-11	69.9
NCVOG0077-consensus	scaffold_24	32.71	107	69	3	588	693	4843	5154	1.9e-11	69.9
NCVOG0077-consensus	scaffold_5	26.37	273	158	43	333	562	41757	40942	2.2e-11	69.6
NCVOG0196-consensus	scaffold_2	36.69	139	78	10	359	492	753809	753413	1.2e-12	73.6
NCVOG0196-consensus	scaffold_1	45.71	70	36	2	418	485	1955191	1955397	1.1e-11	67.2
NCVOG0267-consensus	scaffold_22	27.87	470	297	42	291	748	21544	20228	8.8e-30	131.5
NCVOG0267-consensus	scaffold_30	26.85	432	273	43	332	748	75901	77109	3.3e-29	129.6
NCVOG0267-consensus	scaffold_1	28.78	337	208	32	418	741	968198	967248	4.4e-25	115.8
NCVOG0267-consensus	scaffold_28	29.97	317	188	34	418	718	247101	247988	1.5e-24	113.7
NCVOG0267-consensus	scaffold_1	28.30	477	277	65	273	718	630182	631503	4.1e-24	112.6
NCVOG0267-consensus	scaffold_6	27.85	596	367	63	287	870	974686	976301	3.9e-20	99.4
NCVOG0267-consensus	scaffold_1	26.14	440	249	76	320	687	1952120	1953418	8.9e-18	88.4
NCVOG0267-consensus	scaffold_27	30.10	515	311	49	234	733	120182	118747	1.2e-16	87.9
NCVOG0267-consensus	scaffold_1	25.80	566	295	125	272	732	194468	192850	2.8e-15	83.3
NCVOG0267-consensus	scaffold_10	23.83	533	255	151	271	672	74927	76462	3.8e-11	69.6
NCVOG4357-consensus	scaffold_17	34.26	537	287	66	5	487	370188	371759	3e-18	91.5
NCVOG0517-consensus	scaffold_1	28.46	253	167	14	89	337	1372061	1371336	5e-15	80.7
NCVOG0517-consensus	scaffold_9	29.50	261	154	30	77	331	177213	177920	3e-11	68.2
NCVOG0046-consensus	scaffold_6	53.85	78	32	4	8	83	21596	21372	1.6e-18	92.2
NCVOG0046-consensus	scaffold_4	53.97	63	28	1	11	72	981205	981390	7.6e-17	86.6
NCVOG0046-consensus	scaffold_9	50.00	74	33	4	9	78	378543	378761	8.8e-16	83.1
NCVOG0046-consensus	scaffold_9	53.97	63	28	1	8	69	439635	439450	1.6e-15	82.2
NCVOG0046-consensus	scaffold_1	41.41	99	51	7	3	95	1429707	1429417	6.8e-15	80.2
NCVOG0046-consensus	scaffold_2	52.63	57	27	0	2	58	550376	550209	2.7e-13	74.9
NCVOG0046-consensus	scaffold_4	42.86	77	40	4	10	82	1155071	1154844	3.3e-13	74.6
NCVOG0046-consensus	scaffold_25	59.62	52	19	2	12	61	33311	33463	1.4e-12	72.5
NCVOG0046-consensus	scaffold_6	36.27	102	55	10	6	103	561189	561473	3.1e-12	71.3
NCVOG1137-consensus	scaffold_25	39.88	163	90	8	2	158	279449	278974	1.2e-19	95.1
NCVOG0037-consensus	scaffold_23	47.11	1074	465	103	70	1042	214758	211554	1e-165	582.9
NCVOG0037-consensus	scaffold_3	46.54	1143	514	97	24	1073	335267	338676	6.1e-144	510.6
NCVOG0017-consensus	scaffold_6	26.19	336	143	105	23	253	608169	609171	1.3e-11	69.4
NCVOG0007-consensus	scaffold_18	34.56	379	213	35	20	363	127680	128813	7.5e-32	136.7
NCVOG1115-consensus	scaffold_1	40.33	305	166	16	118	409	1194889	1195791	7.2e-43	173.5
NCVOG0015-consensus	scaffold_54	28.85	156	106	5	90	240	18360	18824	2e-13	73.7
NCVOG0005-consensus	scaffold_1	31.51	219	140	10	56	268	1037302	1036661	2.7e-18	92.0
NCVOG0005-consensus	scaffold_6	24.50	302	215	13	41	335	242789	241905	3.4e-13	75.0
NCVOG0486-consensus	scaffold_27	30.00	380	212	54	40	381	135971	137057	1.7e-33	142.3
NCVOG0486-consensus	scaffold_25	26.96	408	236	62	2	362	169663	170838	1.7e-14	79.1
NCVOG0744-consensus	scaffold_1	31.47	537	295	73	43	516	365702	364125	2e-27	122.5
NCVOG0284-consensus	scaffold_4	29.81	322	169	57	27	311	769397	770295	2e-16	85.3
NCVOG0284-consensus	scaffold_12	31.21	141	84	13	179	311	247951	247547	6.8e-12	70.2
NCVOG0284-consensus	scaffold_1	27.23	224	155	8	32	253	1391810	1392460	2.7e-11	68.2
NCVOG0806-consensus	scaffold_8	45.15	443	215	28	21	447	221296	222585	2.1e-82	304.9
NCVOG0806-consensus	scaffold_2	31.87	433	222	73	74	447	353610	352363	2e-12	72.5
NCVOG4676-consensus	scaffold_37	28.97	252	160	19	67	311	57196	56480	2.2e-11	67.9
NCVOG2958-consensus	scaffold_6	33.98	206	108	28	78	255	361950	361338	2.4e-22	104.7
NCVOG2958-consensus	scaffold_4	33.81	139	89	3	129	264	150447	150860	8.5e-17	86.3
NCVOG0329-consensus	scaffold_4	31.42	226	134	21	1124	1331	36274	35613	3.8e-18	93.0
NCVOG0329-consensus	scaffold_6	41.05	95	47	9	1120	1214	245212	244958	1.2e-11	71.4
NCVOG0029-consensus	scaffold_18	34.74	498	300	25	15	493	80718	82184	2.5e-30	132.2
NCVOG4566-consensus	scaffold_9	26.53	245	165	15	259	500	177241	177932	5.1e-11	68.9
NCVOG1066-consensus	scaffold_6	35.98	164	85	20	4	162	694722	695165	1.3e-12	72.6
NCVOG1066-consensus	scaffold_6	30.14	209	120	26	4	201	667923	667345	5e-11	67.4
NCVOG1066-consensus	scaffold_38	27.68	336	178	65	4	325	8419	9270	6.7e-11	66.3
NCVOG4416-consensus	scaffold_1	30.36	168	116	1	95	262	403520	404017	1.8e-17	88.5
NCVOG4416-consensus	scaffold_5	26.59	173	126	1	99	271	1071126	1070614	7.1e-16	83.2
NCVOG4416-consensus	scaffold_5	25.00	180	129	6	97	271	1071866	1071333	8.6e-14	76.3
NCVOG4416-consensus	scaffold_2	23.89	180	136	1	94	273	1033596	1034129	6.5e-15	80.0
NCVOG4416-consensus	scaffold_7	33.96	106	68	2	156	260	829075	828768	1.8e-11	68.6
NCVOG1326-consensus	scaffold_34	42.38	151	73	14	8	147	65878	65438	5.5e-29	125.9
NCVOG1326-consensus	scaffold_1	48.84	129	46	20	42	150	680754	680371	1.5e-24	111.1
NCVOG1326-consensus	scaffold_18	37.81	201	71	54	2	150	35327	34738	1.9e-11	67.6
NCVOG0036-consensus	scaffold_19	42.50	120	61	8	82	193	87358	87002	2.7e-16	84.9
NCVOG1206-consensus	scaffold_19	35.95	153	89	9	32	176	177006	176558	5.7e-20	97.0
NCVOG0314-consensus	scaffold_1	43.90	82	45	1	24	104	1889692	1889450	2.6e-12	70.0
NCVOG0314-consensus	scaffold_28	41.46	82	47	1	24	104	70756	70514	1.5e-11	67.5
NCVOG0014-consensus	scaffold_20	25.43	232	167	6	130	355	249948	250636	2.3e-15	82.5
NCVOG0002-consensus	scaffold_2	32.19	497	303	34	332	818	955341	953926	1.6e-30	133.4
NCVOG0002-consensus	scaffold_30	35.46	454	264	29	332	774	132251	133549	5.3e-27	121.8
NCVOG1194-consensus	scaffold_16	56.86	51	21	1	62	111	428666	428519	5.6e-15	80.4
NCVOG1194-consensus	scaffold_2	37.60	125	68	10	14	131	753687	753329	9.1e-15	79.9
NCVOG1194-consensus	scaffold_11	36.79	106	56	11	62	159	560097	559794	8.9e-13	72.9
NCVOG4845-consensus	scaffold_1	32.20	177	113	7	138	310	1530964	1531482	3.6e-12	72.1
NCVOG2775-consensus	scaffold_37	30.18	434	274	29	163	574	57268	55997	9.2e-34	143.2
NCVOG2775-consensus	scaffold_3	38.05	226	136	4	204	425	293887	293213	9.3e-26	117.1
NCVOG2775-consensus	scaffold_8	37.11	159	99	1	230	387	46660	47133	4.2e-17	88.4
NCVOG2775-consensus	scaffold_6	31.67	221	133	18	199	415	277307	276694	1.6e-12	73.2
NCVOG2775-consensus	scaffold_3	30.26	195	110	26	163	334	684232	683660	3.3e-12	72.1
NCVOG2775-consensus	scaffold_9	35.38	277	164	15	140	403	569710	568891	4.7e-11	68.0
NCVOG2775-consensus	scaffold_9	34.81	316	173	33	86	396	572372	571514	1e-15	83.5
NCVOG2775-consensus	scaffold_9	26.80	291	174	39	164	434	568710	567898	1.7e-13	76.2
NCVOG0924-consensus	scaffold_6	34.27	178	99	18	3	165	781278	780757	3.4e-16	83.7
NCVOG0924-consensus	scaffold_2	32.83	198	112	21	3	181	547057	546473	4e-14	76.9
NCVOG0275-consensus	scaffold_1	38.93	131	75	5	7	133	1846459	1846845	1.5e-18	91.6
NCVOG0275-consensus	scaffold_1	51.22	82	40	0	7	88	1075417	1075175	1.1e-15	82.1
NCVOG0275-consensus	scaffold_14	30.65	124	83	3	45	167	286335	286697	7.6e-13	72.6
NCVOG0275-consensus	scaffold_6	35.94	64	41	0	54	117	336415	336227	1e-11	68.9
NCVOG0275-consensus	scaffold_11	35.71	84	53	1	39	121	68396	68644	2.7e-11	67.5
NCVOG0729-consensus	scaffold_7	40.83	529	281	32	2	513	606701	605163	1.3e-79	295.9
NCVOG5103-consensus	scaffold_18	57.14	77	32	1	401	476	264854	265081	2.8e-13	76.5
NCVOG5103-consensus	scaffold_32	31.60	212	116	29	327	514	41197	40582	6e-11	68.8
NCVOG4874-consensus	scaffold_12	44.63	363	185	16	13	365	160759	161826	2.9e-71	267.6
NCVOG4874-consensus	scaffold_13	46.20	342	163	21	30	366	403206	402232	7.5e-64	243.0
NCVOG4605-consensus	scaffold_12	23.89	586	393	53	4	554	156950	155268	2e-16	86.5
NCVOG4605-consensus	scaffold_14	29.91	321	198	27	202	503	2815	3742	1.4e-12	73.7
NCVOG4605-consensus	scaffold_55	27.38	431	262	51	5	414	6159	7344	1e-11	68.6
NCVOG4605-consensus	scaffold_25	23.12	532	355	54	224	725	214717	216237	1.6e-11	70.2
NCVOG4423-consensus	scaffold_5	31.78	214	137	9	15	225	1071973	1071357	1.6e-23	108.3
NCVOG4423-consensus	scaffold_5	34.59	159	103	1	68	225	1071111	1070638	6.9e-21	99.6
NCVOG4423-consensus	scaffold_2	35.85	159	101	1	68	225	1033896	1034369	2e-19	94.7
NCVOG4423-consensus	scaffold_2	33.33	135	90	0	81	215	1033488	1033889	2.5e-14	77.8
NCVOG4423-consensus	scaffold_14	35.81	148	94	1	79	225	429482	429922	2.5e-18	91.1
NCVOG4423-consensus	scaffold_14	35.66	143	92	0	83	225	426722	427147	2.5e-18	91.1
NCVOG4423-consensus	scaffold_14	33.99	153	94	7	74	225	430274	430709	1.4e-16	85.3
NCVOG4423-consensus	scaffold_1	33.10	145	97	0	81	225	403589	404020	2.9e-18	90.9
NCVOG4423-consensus	scaffold_40	34.75	141	92	0	80	220	30701	30282	4.9e-17	86.0
NCVOG4423-consensus	scaffold_7	36.17	141	89	1	80	219	829102	828687	8.2e-14	76.1
NCVOG5245-consensus	scaffold_31	66.67	42	14	0	118	159	51700	51822	8.1e-11	65.7
NCVOG4001-consensus	scaffold_5	28.91	460	244	83	42	464	1071965	1070731	1.8e-19	96.2
NCVOG4001-consensus	scaffold_9	30.34	267	142	44	80	311	569616	568846	1.3e-15	83.1
NCVOG4001-consensus	scaffold_3	32.60	227	133	20	45	269	293875	293252	2.1e-11	69.4
NCVOG4001-consensus	scaffold_8	33.14	175	105	12	45	218	46693	47181	8.6e-11	67.4
NCVOG0605-consensus	scaffold_7	34.59	185	111	10	254	437	640246	639726	5.2e-12	71.2
NCVOG0605-consensus	scaffold_20	28.31	219	134	23	255	472	6395	5808	2.3e-11	69.1
NCVOG2639-consensus	scaffold_2	34.92	126	72	10	20	138	554034	554399	3e-12	70.6
NCVOG1136-consensus	scaffold_25	52.73	311	121	26	193	479	96661	97584	6.7e-81	300.0
NCVOG0059-consensus	scaffold_5	31.28	243	150	17	121	350	535736	536441	3.1e-17	88.4
NCVOG1049-consensus	scaffold_6	25.27	368	214	61	4	322	197359	196299	6.4e-18	90.2
NCVOG1049-consensus	scaffold_7	26.07	326	203	38	23	322	383772	382834	1e-16	86.3
NCVOG1049-consensus	scaffold_3	29.30	355	190	61	7	314	329960	330977	2e-15	82.0
NCVOG1049-consensus	scaffold_1	25.81	372	221	55	4	324	196441	197525	4.5e-12	70.8
NCVOG4419-consensus	scaffold_5	26.72	378	249	28	59	415	1072094	1070989	1.4e-17	89.5
NCVOG4419-consensus	scaffold_5	28.81	177	124	2	208	382	1070985	1070458	8.8e-14	76.9
NCVOG4419-consensus	scaffold_40	27.98	218	151	6	170	381	30920	30270	2e-16	84.9
NCVOG4419-consensus	scaffold_2	26.79	336	229	17	71	391	1033488	1034486	1e-15	83.3
NCVOG4419-consensus	scaffold_1	28.15	238	158	13	185	414	403502	404195	1.2e-15	83.1
NCVOG1339-consensus	scaffold_23	33.06	245	145	19	14	255	286352	287035	8.3e-16	83.3
NCVOG1339-consensus	scaffold_11	28.03	239	151	21	20	255	181960	182619	4.8e-11	67.4
NCVOG0219-consensus	scaffold_4	36.36	165	97	8	462	623	36415	35939	9.8e-16	84.1
NCVOG4655-consensus	scaffold_60	25.95	343	216	38	18	337	20816	21784	2.7e-12	69.3
NCVOG4655-consensus	scaffold_8	23.47	277	178	34	72	338	190728	191479	9.8e-11	66.7
NCVOG1009-consensus	scaffold_29	24.57	350	249	15	39	376	39256	40291	1.5e-13	76.3
NCVOG1009-consensus	scaffold_6	25.48	365	249	23	8	362	1031852	1032898	4.9e-11	67.9
NCVOG0901-consensus	scaffold_3	48.02	202	79	26	5	180	1066145	1066747	7.3e-49	192.2
NCVOG2980-consensus	scaffold_5	29.17	480	293	47	14	472	561190	559836	9.8e-46	183.2
NCVOG1298-consensus	scaffold_8	27.55	363	224	39	232	576	115030	114008	4e-13	75.2
NCVOG1298-consensus	scaffold_15	22.80	329	236	18	247	571	79608	78667	4.6e-13	75.0
NCVOG0657-consensus	scaffold_7	51.92	52	25	0	299	350	791487	791335	3.9e-11	67.8
NCVOG0450-consensus	scaffold_12	40.20	301	142	38	119	396	343929	344783	7.5e-17	87.1
NCVOG0652-consensus	scaffold_11	34.39	346	211	16	85	422	431689	432699	1.1e-33	142.9
NCVOG4522-consensus	scaffold_4	39.85	271	108	55	218	433	287054	286261	9.5e-25	113.4
NCVOG4522-consensus	scaffold_2	25.67	300	194	29	35	331	621492	622310	5.5e-13	74.3
NCVOG1352-consensus	scaffold_12	39.29	140	73	12	59	191	83846	84247	2.1e-19	94.7
NCVOG4422-consensus	scaffold_2	26.00	300	201	21	48	332	1033599	1034477	2.8e-20	98.2
NCVOG4422-consensus	scaffold_14	26.20	187	134	4	57	240	430506	431060	6.1e-18	90.5
NCVOG4422-consensus	scaffold_5	23.64	275	178	32	61	329	1071188	1070449	2.5e-16	85.1
NCVOG4422-consensus	scaffold_5	25.65	269	186	14	37	291	1071995	1071198	3.8e-16	84.5
NCVOG4422-consensus	scaffold_1	20.40	250	195	4	26	271	403545	404279	1.3e-15	82.7
NCVOG4422-consensus	scaffold_40	30.77	117	80	1	48	163	30677	30330	1.9e-11	68.1
NCVOG5117-consensus	scaffold_5	28.15	405	238	53	741	1122	593270	594391	4.7e-22	106.4
NCVOG5117-consensus	scaffold_7	30.53	226	153	4	740	963	640519	639851	6.7e-20	99.2
NCVOG5117-consensus	scaffold_20	31.08	296	158	46	714	996	6500	5715	4.7e-19	96.4
NCVOG5117-consensus	scaffold_8	28.88	374	227	39	701	1039	448189	447089	1.4e-16	88.2
NCVOG5117-consensus	scaffold_5	30.88	272	174	14	727	992	826258	825470	6.7e-16	85.9
NCVOG5117-consensus	scaffold_1	28.12	345	185	63	697	985	1382362	1383372	9.5e-14	78.8
NCVOG5117-consensus	scaffold_6	28.03	239	153	19	776	1000	213694	214392	9.5e-13	75.4
NCVOG5117-consensus	scaffold_14	33.98	256	133	36	782	1012	357722	358447	1.9e-12	74.4
NCVOG5117-consensus	scaffold_17	27.34	289	184	26	682	950	39082	38245	4.7e-12	73.1
NCVOG5117-consensus	scaffold_11	27.85	316	185	43	710	1010	85255	84397	1.6e-11	71.4
NCVOG5117-consensus	scaffold_26	30.79	354	195	50	622	948	27081	26104	2.3e-11	70.8
NCVOG5117-consensus	scaffold_3	35.90	117	72	3	824	940	1034834	1035172	2.3e-11	70.8
NCVOG5117-consensus	scaffold_18	35.48	124	62	18	833	956	255828	256142	5.6e-11	69.6
NCVOG0052-consensus	scaffold_13	42.86	98	52	4	35	131	117564	117841	1.7e-15	81.6
NCVOG0052-consensus	scaffold_24	35.14	111	64	8	34	144	186696	187001	1.6e-14	78.4
NCVOG4122-consensus	scaffold_5	36.58	380	236	5	89	463	1071692	1070560	7.4e-66	250.0
NCVOG4122-consensus	scaffold_5	41.41	128	70	5	322	444	1072076	1071696	7.3e-22	103.9
NCVOG4122-consensus	scaffold_2	36.24	356	223	4	92	443	1033503	1034567	4.3e-45	181.0
NCVOG4122-consensus	scaffold_1	33.96	265	168	7	118	378	403502	404282	1.5e-35	149.3
NCVOG4122-consensus	scaffold_40	33.33	255	163	7	106	353	30911	30150	7.6e-31	132.9
NCVOG4122-consensus	scaffold_14	35.28	394	239	16	85	471	429482	430631	4.7e-30	131.1
NCVOG4122-consensus	scaffold_14	31.74	293	178	22	194	467	426375	427237	4.7e-30	131.1
NCVOG4122-consensus	scaffold_14	36.36	154	93	5	300	452	430659	431105	1.7e-15	82.7
NCVOG4122-consensus	scaffold_7	35.62	146	93	1	114	258	829108	828678	9.5e-21	100.2
NCVOG4022-consensus	scaffold_15	33.59	131	83	4	91	221	338088	337711	1.6e-11	69.1
NCVOG1200-consensus	scaffold_46	28.12	160	110	5	188	347	58727	58266	1.4e-12	72.4
NCVOG1200-consensus	scaffold_23	35.64	101	63	2	188	287	313320	313028	4.9e-12	68.6
NCVOG1200-consensus	scaffold_17	33.33	93	62	0	188	280	410972	410697	3.9e-11	68.6
NCVOG0032-consensus	scaffold_10	26.16	864	477	161	63	822	261018	263435	4.8e-23	108.7
NCVOG0032-consensus	scaffold_1	27.49	764	357	197	255	830	1084075	1081828	2.7e-22	106.2
NCVOG0032-consensus	scaffold_19	30.07	459	234	87	284	665	101207	99864	3.9e-20	99.1
NCVOG0032-consensus	scaffold_19	37.21	172	100	8	677	845	99208	98715	1.2e-16	87.4
NCVOG0032-consensus	scaffold_11	26.40	606	325	121	257	829	277922	276378	2.4e-18	93.1
NCVOG0032-consensus	scaffold_20	25.30	577	314	117	286	843	305848	304421	2.5e-18	91.9
NCVOG0032-consensus	scaffold_34	25.71	560	295	121	285	829	100912	102270	9.3e-18	91.2
NCVOG0032-consensus	scaffold_1	29.85	670	320	150	271	834	623258	621388	1.8e-17	90.2
NCVOG0032-consensus	scaffold_14	25.00	908	518	163	21	882	199260	201623	2.2e-17	89.9
NCVOG0032-consensus	scaffold_19	27.29	601	352	85	287	823	15362	17074	3.6e-17	89.2
NCVOG0032-consensus	scaffold_20	26.79	642	324	146	222	814	174139	172508	8.6e-17	87.9
NCVOG0032-consensus	scaffold_31	30.99	171	111	7	678	847	57443	56952	1.2e-16	87.4
NCVOG0032-consensus	scaffold_1	28.55	543	292	96	286	813	1754887	1753511	3.4e-16	86.0
NCVOG0032-consensus	scaffold_9	23.76	665	364	143	197	837	435964	437592	9.4e-16	84.5
NCVOG0032-consensus	scaffold_7	26.15	650	374	106	257	886	369654	371336	1.1e-15	84.2
NCVOG0032-consensus	scaffold_21	28.30	212	140	12	680	881	50071	49445	5.2e-15	82.0
NCVOG0032-consensus	scaffold_9	30.57	350	200	43	307	643	83590	82640	5.3e-13	75.3
NCVOG0032-consensus	scaffold_9	29.82	171	107	13	679	845	80953	80471	5.3e-13	75.3
NCVOG0032-consensus	scaffold_18	24.61	764	390	186	136	847	130617	132503	6.3e-13	75.1
NCVOG0302-consensus	scaffold_26	29.18	329	180	53	255	535	59092	60058	9.3e-18	90.4
NCVOG0302-consensus	scaffold_18	30.86	175	119	2	2	176	375209	374694	9.1e-17	86.7
NCVOG0302-consensus	scaffold_29	33.62	232	136	18	266	480	63827	64516	4.6e-16	84.8
NCVOG0302-consensus	scaffold_1	30.35	313	182	36	263	544	537413	538333	3.8e-15	81.8
NCVOG0302-consensus	scaffold_4	23.53	289	179	42	256	534	43350	42583	2.3e-14	79.2
NCVOG0302-consensus	scaffold_6	35.66	143	83	9	267	403	783371	782955	4.4e-14	78.2
NCVOG0302-consensus	scaffold_51	30.21	192	125	9	256	443	13466	14023	5.8e-14	75.9
NCVOG0302-consensus	scaffold_6	27.21	272	182	16	197	456	404093	403293	6.1e-14	77.8
NCVOG0302-consensus	scaffold_1	29.12	285	170	32	267	529	1391828	1392643	7.1e-14	77.5
NCVOG0302-consensus	scaffold_14	27.24	301	181	38	250	527	266740	267594	2.2e-13	75.9
NCVOG0302-consensus	scaffold_10	31.43	140	88	8	352	486	162543	162136	4.9e-12	71.4
NCVOG0302-consensus	scaffold_1	28.05	246	134	43	283	487	1294550	1295278	2.9e-11	68.9
NCVOG0302-consensus	scaffold_5	28.50	200	129	14	285	480	920313	920879	3.4e-11	68.6
NCVOG0302-consensus	scaffold_4	27.30	315	177	52	265	535	495641	496550	9.1e-11	67.2
NCVOG0012-consensus	scaffold_5	31.54	447	230	76	85	481	594384	593131	3.2e-25	115.1
NCVOG0012-consensus	scaffold_20	54.69	128	40	18	300	412	6043	6414	6.9e-22	104.0
NCVOG0012-consensus	scaffold_20	38.92	167	93	9	230	390	148013	148499	2.3e-14	79.0
NCVOG0012-consensus	scaffold_22	47.32	112	49	10	305	408	94515	94189	2.8e-20	98.7
NCVOG0012-consensus	scaffold_8	44.88	127	60	10	297	415	447390	447761	3.7e-20	98.3
NCVOG0012-consensus	scaffold_2	38.82	170	86	18	231	393	1074714	1075183	4e-18	91.5
NCVOG0012-consensus	scaffold_5	29.48	407	231	56	79	464	1057040	1058136	9.4e-18	90.3
NCVOG0012-consensus	scaffold_7	37.04	216	114	22	300	499	639793	640411	4.5e-17	88.1
NCVOG0012-consensus	scaffold_7	50.83	120	43	16	305	414	650757	651095	5e-16	84.6
NCVOG0012-consensus	scaffold_1	34.78	207	126	9	298	499	1763318	1763921	1.4e-16	86.4
NCVOG0012-consensus	scaffold_13	51.81	83	32	8	331	413	487436	487657	1.5e-16	84.8
NCVOG0012-consensus	scaffold_6	32.19	351	187	51	85	414	1032158	1033093	1.8e-16	86.0
NCVOG0012-consensus	scaffold_17	37.66	154	83	13	244	388	215297	214853	2.1e-16	85.8
NCVOG0012-consensus	scaffold_7	25.45	444	285	46	16	422	207945	206662	8.8e-16	83.8
NCVOG0012-consensus	scaffold_14	33.59	259	126	46	211	423	358602	357829	1e-15	83.6
NCVOG0012-consensus	scaffold_1	37.13	202	96	31	284	454	1520848	1521438	1e-15	83.6
NCVOG0012-consensus	scaffold_6	35.37	147	91	4	287	430	214352	213918	4.8e-15	81.3
NCVOG0012-consensus	scaffold_21	33.73	166	100	10	282	439	212469	212951	6.4e-15	80.9
NCVOG0012-consensus	scaffold_5	34.08	223	118	29	302	499	558931	559578	7.4e-15	80.7
NCVOG0012-consensus	scaffold_13	26.04	457	284	54	8	428	422665	421382	7.4e-15	80.7
NCVOG0012-consensus	scaffold_3	39.47	152	76	16	287	432	1035237	1034815	9.9e-15	80.3
NCVOG0012-consensus	scaffold_2	30.58	206	131	12	210	408	123149	122552	3.1e-14	78.6
NCVOG0012-consensus	scaffold_1	34.09	176	103	13	274	436	1955116	1955636	5e-14	74.7
NCVOG0012-consensus	scaffold_33	46.41	153	72	10	285	427	18515	18070	9.6e-14	77.0
NCVOG0012-consensus	scaffold_1	30.02	443	220	90	95	492	1383782	1382604	2.2e-13	75.8
NCVOG0012-consensus	scaffold_29	45.00	100	51	4	321	417	49177	49466	2.2e-13	75.8
NCVOG0012-consensus	scaffold_6	35.16	128	73	10	285	403	21022	21399	2.6e-13	75.6
NCVOG0012-consensus	scaffold_28	37.78	135	63	21	305	418	98033	97634	3.4e-13	75.2
NCVOG0012-consensus	scaffold_32	35.54	121	72	6	290	404	40947	40592	6.1e-13	74.3
NCVOG0012-consensus	scaffold_60	37.66	154	75	21	305	437	2077	1625	6.3e-13	71.7
NCVOG0012-consensus	scaffold_6	39.64	111	56	11	318	426	525636	525938	9.3e-13	73.7
NCVOG0012-consensus	scaffold_18	28.30	318	150	78	106	413	256541	255803	1.2e-12	73.3
NCVOG0012-consensus	scaffold_3	48.19	83	36	7	294	375	322629	322854	1.6e-12	72.9
NCVOG0012-consensus	scaffold_11	41.94	124	64	8	299	414	90312	89944	2.5e-12	72.3
NCVOG0012-consensus	scaffold_1	34.76	164	94	13	278	436	214083	213623	3.3e-12	71.9
NCVOG0012-consensus	scaffold_8	35.75	179	97	18	219	385	829749	829236	3.4e-12	71.7
NCVOG0012-consensus	scaffold_40	46.49	114	46	15	312	412	18487	18809	4.5e-12	70.6
NCVOG0012-consensus	scaffold_18	45.79	107	52	6	297	399	395836	395525	5.7e-12	70.6
NCVOG0012-consensus	scaffold_55	47.57	103	39	15	309	403	13249	13523	6.1e-12	68.8
NCVOG0012-consensus	scaffold_31	38.02	121	69	6	320	439	101072	101416	6.8e-12	70.9
NCVOG0012-consensus	scaffold_5	38.78	147	66	24	315	439	974329	974752	6.8e-12	70.9
NCVOG0012-consensus	scaffold_46	41.38	116	57	11	305	413	51992	52324	1.1e-11	68.8
NCVOG0012-consensus	scaffold_54	33.33	189	109	17	231	408	11739	11204	1.7e-11	67.4
NCVOG0012-consensus	scaffold_6	35.29	153	69	30	303	429	311792	311353	2.4e-11	69.0
NCVOG0012-consensus	scaffold_2	49.47	95	40	8	309	399	483735	484004	3.7e-11	68.4
NCVOG0012-consensus	scaffold_2	52.11	71	26	8	321	383	549869	550078	9e-12	70.4
NCVOG0012-consensus	scaffold_2	36.84	114	66	6	302	411	741292	741624	4.9e-11	68.0
NCVOG0012-consensus	scaffold_2	40.62	128	64	12	310	426	687135	687508	1.6e-11	69.6
NCVOG0012-consensus	scaffold_9	32.07	184	110	15	293	467	529844	529322	6.4e-11	67.4
NCVOG0012-consensus	scaffold_5	37.16	148	87	6	270	413	825414	825848	6.6e-11	67.6
NCVOG0012-consensus	scaffold_5	36.90	168	75	31	291	428	825852	826345	2.8e-11	68.8
NCVOG0012-consensus	scaffold_26	36.05	147	78	16	311	452	209331	209735	7.7e-11	67.2
NCVOG0603-consensus	scaffold_15	32.67	450	248	55	15	425	219473	220771	1.2e-26	119.6
NCVOG1127-consensus	scaffold_2	27.85	219	149	9	58	267	276413	275764	3.4e-20	98.7
NCVOG0868-consensus	scaffold_2	61.11	72	26	2	153	222	753619	753407	9.7e-20	96.5
NCVOG0868-consensus	scaffold_1	51.56	64	29	2	160	222	1955275	1955460	6.8e-12	67.3
NCVOG0868-consensus	scaffold_1	49.12	57	29	0	164	220	722223	722390	1.2e-11	69.6
NCVOG0868-consensus	scaffold_15	45.45	77	41	1	151	227	42780	43004	1.4e-11	69.4
NCVOG0868-consensus	scaffold_36	37.50	96	57	3	160	253	76227	76508	6.4e-11	67.0
NCVOG0985-consensus	scaffold_1	27.21	555	278	126	59	497	394054	395683	9.3e-16	83.7
NCVOG1188-consensus	scaffold_5	41.03	156	78	14	55	204	825435	825875	2.4e-14	78.2
NCVOG0188-consensus	scaffold_2	73.17	41	11	0	754	794	753514	753395	4.4e-12	72.2
NCVOG2900-consensus	scaffold_40	34.27	178	117	0	7	184	30782	30252	1.7e-23	107.4
NCVOG2900-consensus	scaffold_2	33.49	209	135	4	7	214	1033854	1034468	7.1e-23	106.1
NCVOG2900-consensus	scaffold_5	32.62	187	126	0	7	193	1071063	1070506	9.8e-21	99.0
NCVOG2900-consensus	scaffold_5	29.32	191	130	5	7	192	1071887	1071318	4e-18	90.3
NCVOG2900-consensus	scaffold_14	33.51	185	122	1	10	193	429503	430054	1.8e-19	94.8
NCVOG2900-consensus	scaffold_14	31.84	179	118	4	2	179	430539	431063	2.5e-17	87.7
NCVOG2900-consensus	scaffold_14	25.94	212	151	6	3	212	426614	427234	6.4e-14	76.4
NCVOG2900-consensus	scaffold_1	28.34	187	134	0	7	193	403505	404062	7.5e-17	86.1
NCVOG0190-consensus	scaffold_6	38.60	114	65	5	182	290	1032767	1033105	1.1e-15	83.5
NCVOG0190-consensus	scaffold_11	43.01	93	44	9	162	254	560172	559924	1.1e-14	79.8
NCVOG0190-consensus	scaffold_2	50.00	90	37	8	182	269	753613	753365	4.2e-13	74.9
NCVOG0190-consensus	scaffold_32	30.15	272	150	40	182	424	92953	93716	8e-13	74.0
NCVOG0190-consensus	scaffold_5	33.88	121	73	7	178	291	593625	593266	5.5e-12	71.2
NCVOG0190-consensus	scaffold_2	42.86	98	38	18	197	290	483695	483941	1.4e-11	69.8
NCVOG0190-consensus	scaffold_1	31.22	205	125	16	157	356	1955197	1955771	1.5e-11	66.6
NCVOG0190-consensus	scaffold_53	29.05	148	91	14	156	296	8898	8479	2.3e-11	67.0
NCVOG0190-consensus	scaffold_5	28.83	222	106	52	164	340	558850	559489	2.7e-11	68.9
NCVOG0190-consensus	scaffold_14	29.95	217	115	37	162	351	358284	357667	2.7e-11	68.9
NCVOG0190-consensus	scaffold_5	35.14	111	65	7	182	288	1057759	1058077	3.2e-11	68.7
NCVOG0190-consensus	scaffold_8	29.93	147	84	19	183	310	447462	447899	5.2e-11	68.0
NCVOG0190-consensus	scaffold_36	40.74	81	42	6	186	265	76224	76448	6.2e-11	67.5
NCVOG0190-consensus	scaffold_1	37.82	119	61	13	177	288	1520884	1521211	8.3e-11	67.3
NCVOG0190-consensus	scaffold_7	30.99	171	107	11	122	289	650579	651062	8.3e-11	67.3
NCVOG0190-consensus	scaffold_9	29.05	148	91	14	156	296	106537	106118	9.8e-11	67.0
NCVOG0025-consensus	scaffold_27	28.12	448	246	76	119	500	27763	26455	1.1e-22	106.8
NCVOG0025-consensus	scaffold_51	25.71	389	253	36	112	491	19895	18813	2.2e-22	103.8
NCVOG0025-consensus	scaffold_14	35.26	173	105	7	350	521	12	509	1.7e-19	96.1
NCVOG0025-consensus	scaffold_1	29.84	429	221	80	111	515	1339389	1338278	1.2e-18	93.4
NCVOG0025-consensus	scaffold_6	24.69	401	259	43	105	486	527600	526475	2.1e-17	89.2
NCVOG0025-consensus	scaffold_4	24.50	404	266	39	112	508	500149	501261	2.5e-17	88.9
NCVOG0025-consensus	scaffold_3	25.13	390	235	57	104	487	437988	439001	2.2e-15	82.5
NCVOG0025-consensus	scaffold_30	25.28	439	284	44	67	491	63563	62352	6.3e-15	81.0
NCVOG0025-consensus	scaffold_13	27.50	400	233	57	112	505	67265	68302	8.8e-15	80.5
NCVOG0025-consensus	scaffold_29	24.30	465	289	63	44	501	134034	132811	1.2e-14	80.0
NCVOG0025-consensus	scaffold_19	24.81	403	257	46	105	486	24356	25484	1.5e-14	79.8
NCVOG0025-consensus	scaffold_1	26.32	418	259	49	102	491	1812223	1813398	1.8e-14	79.5
NCVOG0025-consensus	scaffold_1	25.42	421	244	70	113	518	1808911	1810005	1.1e-15	83.5
NCVOG0025-consensus	scaffold_5	24.76	416	255	58	78	487	403222	402138	1.3e-12	73.3
NCVOG0025-consensus	scaffold_1	24.71	429	256	67	74	481	1399456	1400597	7.2e-12	70.8
NCVOG0025-consensus	scaffold_25	23.55	467	296	61	65	521	254451	253207	2e-11	69.3
NCVOG0025-consensus	scaffold_4	23.96	434	241	89	112	487	1228111	1226914	4.5e-11	66.8
NCVOG0271-consensus	scaffold_8	43.67	1200	525	151	99	1156	685716	682157	4.3e-79	295.3
NCVOG0271-consensus	scaffold_15	36.46	1226	643	136	28	1157	355653	359199	2.2e-77	289.6
NCVOG0271-consensus	scaffold_15	37.14	420	234	30	741	1153	4882	6057	1.1e-28	127.8
NCVOG0271-consensus	scaffold_5	28.89	1201	684	170	84	1153	117060	120532	1.5e-27	124.0
NCVOG4597-consensus	scaffold_3	29.37	286	147	55	177	453	277421	278133	8.6e-12	70.5
NCVOG0078-consensus	scaffold_7	46.97	132	61	9	46	177	69977	69612	4e-17	87.2
NCVOG0078-consensus	scaffold_22	54.64	97	42	2	102	196	212261	212548	5.2e-16	83.5
NCVOG0078-consensus	scaffold_28	37.40	131	78	4	60	187	238230	237848	4.8e-11	66.6
NCVOG4568-consensus	scaffold_1	44.07	236	116	16	236	466	1372188	1371525	4.6e-16	84.7
NCVOG4568-consensus	scaffold_60	39.92	238	116	27	222	443	21650	20981	8.3e-14	74.6
NCVOG5301-consensus	scaffold_5	26.81	675	411	83	54	680	1072259	1070347	2e-12	73.2
NCVOG0451-consensus	scaffold_2	38.72	297	174	8	117	413	1033509	1034372	7.4e-43	173.4
NCVOG0451-consensus	scaffold_5	37.50	272	162	8	127	393	1071938	1071135	2e-36	152.1
NCVOG0451-consensus	scaffold_5	37.08	240	148	3	127	366	1071114	1070407	1e-31	136.4
NCVOG0451-consensus	scaffold_40	40.00	245	145	2	135	379	30899	30174	1.4e-33	141.8
NCVOG0451-consensus	scaffold_1	39.49	276	157	10	105	379	403484	404279	6.1e-29	127.2
NCVOG0451-consensus	scaffold_14	40.77	260	147	7	124	382	429524	430282	1.1e-28	126.4
NCVOG0451-consensus	scaffold_14	36.08	255	151	12	129	382	430346	431072	1.6e-30	132.4
NCVOG0451-consensus	scaffold_14	38.10	294	161	21	124	402	426180	427036	1.1e-28	126.4
NCVOG0451-consensus	scaffold_7	33.46	260	153	20	72	313	829444	828678	2.1e-16	85.6
NCVOG0541-consensus	scaffold_4	30.23	258	161	19	2	245	504307	503552	6.5e-11	66.8
NCVOG4421-consensus	scaffold_2	47.73	88	46	0	81	168	1033749	1034009	1.5e-18	91.4
NCVOG4421-consensus	scaffold_2	41.86	86	50	0	81	166	1034019	1034273	9.8e-16	82.1
NCVOG4421-consensus	scaffold_2	43.02	86	49	0	81	166	1034289	1034543	9.8e-16	82.1
NCVOG4421-consensus	scaffold_2	40.24	82	49	0	85	166	1033491	1033733	7.4e-14	75.8
NCVOG4421-consensus	scaffold_5	42.42	99	55	2	68	166	1071111	1070824	4.9e-18	89.7
NCVOG4421-consensus	scaffold_5	44.44	81	45	0	85	165	1070796	1070557	5.4e-16	82.9
NCVOG4421-consensus	scaffold_5	43.82	89	45	5	83	166	1071896	1071633	8e-16	82.3
NCVOG4421-consensus	scaffold_5	39.51	81	49	0	86	166	1071602	1071363	1.5e-14	78.1
NCVOG4421-consensus	scaffold_14	45.24	84	46	0	83	166	429485	429733	7.2e-18	89.1
NCVOG4421-consensus	scaffold_14	40.48	84	50	0	83	166	429938	430186	1.3e-14	78.4
NCVOG4421-consensus	scaffold_14	37.96	108	61	6	59	166	426659	426961	2.8e-14	77.2
NCVOG4421-consensus	scaffold_14	40.24	82	49	0	85	166	426147	426389	9e-14	75.5
NCVOG4421-consensus	scaffold_1	40.24	82	49	0	85	166	403772	404014	1.8e-15	81.2
NCVOG4421-consensus	scaffold_1	43.48	69	39	0	98	166	404070	404273	1.3e-13	75.0
NCVOG4421-consensus	scaffold_40	44.32	88	49	0	81	168	30617	30357	4.9e-15	78.9
NCVOG4421-consensus	scaffold_40	42.35	85	49	0	82	166	30884	30633	8.9e-15	78.1
NCVOG4421-consensus	scaffold_7	39.60	101	55	6	71	165	828977	828678	1e-14	78.7
NCVOG1351-consensus	scaffold_1	31.20	343	172	64	137	428	433518	432532	2.9e-19	95.4
NCVOG1351-consensus	scaffold_3	28.17	355	160	95	101	360	852008	853065	7.4e-11	67.5
NCVOG4241-consensus	scaffold_20	35.10	151	93	5	6	153	65929	65486	3.7e-17	86.8
NCVOG0531-consensus	scaffold_7	23.81	231	156	20	8	218	30213	30902	2.9e-15	81.9
NCVOG0531-consensus	scaffold_28	24.14	232	155	21	8	218	39310	40000	2.8e-14	78.6
NCVOG0531-consensus	scaffold_22	25.00	196	143	4	8	201	291179	291757	1.5e-12	72.8
NCVOG4121-consensus	scaffold_5	23.43	239	167	16	72	297	1072165	1071465	1.5e-11	69.0
NCVOG4111-consensus	scaffold_5	29.63	162	112	2	117	276	1071030	1070548	3.7e-11	67.7
NCVOG0301-consensus	scaffold_26	27.64	322	179	54	264	535	59110	60058	1.6e-22	106.3
NCVOG0301-consensus	scaffold_1	27.85	316	192	36	252	537	537380	538306	3.5e-19	95.2
NCVOG0301-consensus	scaffold_10	29.67	182	117	11	326	499	162624	162091	6.7e-19	94.3
NCVOG0301-consensus	scaffold_6	30.34	145	96	5	261	404	138660	139079	4.6e-18	91.5
NCVOG0301-consensus	scaffold_34	27.02	248	140	41	263	477	120722	120006	5.7e-18	91.2
NCVOG0301-consensus	scaffold_29	31.40	242	146	20	257	480	63800	64516	1.1e-17	90.2
NCVOG0301-consensus	scaffold_29	30.25	162	105	8	296	453	115308	115778	5.1e-16	84.7
NCVOG0301-consensus	scaffold_29	25.13	195	134	12	262	452	147824	148381	2.3e-15	82.5
NCVOG0301-consensus	scaffold_1	29.05	296	180	30	267	539	1391828	1392691	1.3e-17	89.9
NCVOG0301-consensus	scaffold_14	29.63	216	139	13	257	466	266761	267384	1.7e-16	86.2
NCVOG0301-consensus	scaffold_51	30.46	197	126	11	263	454	13487	14056	4.8e-16	82.8
NCVOG0301-consensus	scaffold_4	28.14	334	182	58	254	541	495608	496568	6.6e-15	81.0
NCVOG0301-consensus	scaffold_1	27.02	248	137	44	285	491	1294556	1295287	1.3e-13	76.7
NCVOG0301-consensus	scaffold_20	29.38	177	109	16	363	535	118791	118300	2e-13	76.1
NCVOG0301-consensus	scaffold_7	37.12	132	75	8	348	475	780740	781120	3.1e-13	75.4
NCVOG0301-consensus	scaffold_29	32.43	111	74	1	349	458	99458	99129	3.8e-13	75.1
NCVOG0301-consensus	scaffold_11	27.73	357	163	95	257	520	256519	257564	4.8e-13	74.8
NCVOG0301-consensus	scaffold_11	30.35	313	127	91	256	480	472870	471950	5.4e-13	74.2
NCVOG0301-consensus	scaffold_1	26.43	314	191	40	255	534	1576752	1577660	7.3e-13	74.2
NCVOG0301-consensus	scaffold_7	31.65	139	87	8	325	457	749043	748636	6.2e-12	71.1
NCVOG0301-consensus	scaffold_8	37.36	91	53	4	361	447	568068	567799	3.4e-11	68.6
NCVOG0301-consensus	scaffold_21	24.02	229	156	18	262	475	179347	178673	4.2e-11	68.3
NCVOG0301-consensus	scaffold_19	26.71	307	170	55	267	535	307875	308739	5.6e-11	67.1
NCVOG0301-consensus	scaffold_8	27.07	314	182	47	264	534	747210	748136	6.5e-11	67.7
NCVOG1121-consensus	scaffold_1	28.37	215	141	13	235	445	1371959	1371345	1.2e-11	70.1
NCVOG1121-consensus	scaffold_8	17.33	450	350	22	66	501	190689	192009	4.6e-11	68.2
NCVOG2860-consensus	scaffold_1	32.17	258	168	7	81	335	403505	404261	1.2e-24	112.8
NCVOG2860-consensus	scaffold_2	31.71	246	165	3	123	365	1033530	1034264	1.2e-23	109.5
NCVOG2860-consensus	scaffold_5	33.83	269	174	4	71	335	1071361	1070566	1.7e-21	102.3
NCVOG2860-consensus	scaffold_5	34.82	224	139	7	90	306	1072040	1071372	1.3e-13	76.1
NCVOG2860-consensus	scaffold_40	33.93	224	145	3	114	334	30863	30195	2.6e-21	100.9
NCVOG2860-consensus	scaffold_14	29.59	294	196	11	80	366	429582	430444	1.1e-13	76.3
NCVOG2860-consensus	scaffold_14	35.42	192	118	6	120	308	430491	431054	9.4e-20	96.5
NCVOG2860-consensus	scaffold_14	30.77	195	131	4	118	308	426647	427228	5.9e-14	77.3
NCVOG2860-consensus	scaffold_7	36.84	171	100	8	146	308	829183	828678	1.9e-11	68.9
NCVOG0001-consensus	scaffold_11	44.06	286	139	21	320	600	167837	167031	1.2e-51	203.3
NCVOG0001-consensus	scaffold_11	35.83	240	127	27	331	557	287257	286583	5.7e-29	127.9
NCVOG0001-consensus	scaffold_1	44.40	232	117	12	333	554	304379	305065	1.6e-48	192.9
NCVOG0001-consensus	scaffold_25	40.85	235	121	18	328	555	6046	5378	2e-42	172.6
NCVOG0001-consensus	scaffold_21	42.00	250	126	19	320	562	160908	160198	1.4e-35	149.8
NCVOG0001-consensus	scaffold_21	37.45	267	150	17	306	566	160057	159293	4.9e-44	178.0
NCVOG0001-consensus	scaffold_1	42.40	250	125	19	320	562	1656653	1655943	1.2e-34	146.7
NCVOG0001-consensus	scaffold_1	36.24	287	163	20	308	588	1655787	1654972	5.9e-44	177.7
NCVOG0001-consensus	scaffold_3	38.69	274	146	22	333	595	819171	819950	4.3e-31	134.9
NCVOG0001-consensus	scaffold_3	39.73	219	124	8	337	555	793512	792883	3.7e-30	131.8
NCVOG0001-consensus	scaffold_3	38.70	261	133	27	328	576	792765	792031	3.5e-37	155.2
NCVOG0001-consensus	scaffold_25	37.73	273	152	18	288	556	52437	53210	1.8e-29	129.6
NCVOG0001-consensus	scaffold_25	38.55	262	139	22	313	563	53466	54215	2.7e-39	162.2
NCVOG0001-consensus	scaffold_25	33.04	230	135	19	353	574	229713	230366	3.3e-28	125.4
NCVOG0001-consensus	scaffold_15	39.92	243	119	27	329	555	329044	329736	8.6e-28	124.0
NCVOG0001-consensus	scaffold_2	33.89	298	176	21	288	581	944476	945315	6.5e-25	114.4
NCVOG0001-consensus	scaffold_2	29.44	360	199	55	225	555	943462	944460	3.7e-30	131.8
NCVOG0001-consensus	scaffold_2	32.73	275	149	36	305	553	1320076	1319293	8.5e-23	107.4
NCVOG0001-consensus	scaffold_1	33.44	302	154	47	333	606	1910521	1909680	2.7e-22	105.7
NCVOG0001-consensus	scaffold_2	37.34	233	128	18	337	565	58171	57518	2.8e-21	102.3
NCVOG0001-consensus	scaffold_24	41.85	270	109	48	363	603	206553	205806	2e-20	99.5
NCVOG0001-consensus	scaffold_36	32.74	281	134	55	320	556	25461	24659	1.1e-11	70.3
NCVOG4616-consensus	scaffold_1	29.11	213	143	8	215	426	1371959	1371345	2.9e-12	72.0
NCVOG2058-consensus	scaffold_2	40.52	306	182	0	94	399	1033530	1034444	4e-58	224.1
NCVOG2058-consensus	scaffold_5	42.33	326	181	7	46	370	1071422	1070470	1.2e-56	219.2
NCVOG2058-consensus	scaffold_5	43.12	218	119	5	109	321	1072076	1071426	9.3e-28	123.2
NCVOG2058-consensus	scaffold_1	42.97	256	141	5	91	345	403532	404282	3.1e-45	181.3
NCVOG2058-consensus	scaffold_40	41.15	243	142	1	103	344	30899	30174	5.5e-40	163.1
NCVOG2058-consensus	scaffold_14	37.46	299	174	13	92	386	430238	431102	1.6e-31	135.7
NCVOG2058-consensus	scaffold_14	36.24	298	172	18	92	374	426360	427237	1.6e-31	135.7
NCVOG2058-consensus	scaffold_14	39.39	231	139	1	111	340	429491	430180	2.1e-28	125.4
NCVOG2058-consensus	scaffold_7	47.18	142	74	1	201	341	829096	828678	5.3e-24	110.7
NCVOG4418-consensus	scaffold_40	30.51	177	115	8	181	349	30701	30174	6.5e-12	69.9
NCVOG4418-consensus	scaffold_2	27.84	176	120	7	181	349	1033845	1034369	8.1e-12	70.4
NCVOG4418-consensus	scaffold_5	22.77	325	226	25	44	344	1071527	1070563	1.6e-11	69.4
NCVOG0066-consensus	scaffold_8	32.38	488	260	70	37	466	359293	357883	1.3e-14	80.1
NCVOG0066-consensus	scaffold_8	37.33	292	145	38	108	361	360167	359297	8.3e-14	77.5
NCVOG0038-consensus	scaffold_3	38.04	899	493	64	92	970	1228822	1226261	1.6e-51	203.6
NCVOG0038-consensus	scaffold_14	26.81	731	451	84	242	922	313953	316036	1.6e-29	130.5
NCVOG0228-consensus	scaffold_1	28.87	665	404	69	288	921	553581	551706	1.5e-57	223.4
NCVOG0228-consensus	scaffold_7	33.33	615	358	52	309	893	725917	727692	1.7e-32	140.2
NCVOG0280-consensus	scaffold_30	23.01	1143	774	106	484	1567	39773	43033	8.2e-16	85.7
NCVOG0218-consensus	scaffold_5	34.18	591	309	80	351	868	594998	593272	2.7e-54	212.9
NCVOG0218-consensus	scaffold_6	36.24	436	241	37	530	943	1032038	1033283	1.5e-46	187.1
NCVOG0218-consensus	scaffold_5	31.28	569	344	47	354	896	1056472	1058098	1e-40	167.7
NCVOG0218-consensus	scaffold_5	26.28	567	373	45	576	1112	1049621	1051241	4.2e-15	82.7
NCVOG0218-consensus	scaffold_7	29.96	534	326	48	400	905	639783	638253	7.4e-39	161.6
NCVOG0218-consensus	scaffold_5	41.69	295	151	21	620	898	825510	826376	2.6e-36	153.1
NCVOG0218-consensus	scaffold_13	30.83	652	348	103	343	896	423109	421214	1.7e-35	150.4
NCVOG0218-consensus	scaffold_20	43.93	280	127	30	636	893	5596	6408	1.6e-32	140.6
NCVOG0218-consensus	scaffold_20	33.57	283	174	14	634	903	90420	91256	1.6e-25	117.3
NCVOG0218-consensus	scaffold_20	37.63	194	102	19	600	784	147951	148499	7.3e-22	105.1
NCVOG0218-consensus	scaffold_1	38.06	268	150	16	643	900	1520890	1521664	1.5e-31	137.3
NCVOG0218-consensus	scaffold_8	32.80	375	210	42	407	752	446802	447882	1.5e-31	137.3
NCVOG0218-consensus	scaffold_12	26.53	573	353	68	359	870	156794	155106	2.2e-28	126.8
NCVOG0218-consensus	scaffold_12	31.43	280	180	12	638	908	193451	192628	1.8e-17	90.5
NCVOG0218-consensus	scaffold_11	32.10	514	306	43	358	849	84546	85993	7e-28	125.1
NCVOG0218-consensus	scaffold_6	39.52	210	117	10	674	873	214292	213666	5.2e-27	122.2
NCVOG0218-consensus	scaffold_1	30.80	461	261	58	427	848	1383785	1382475	1.9e-26	120.4
NCVOG0218-consensus	scaffold_14	31.83	531	311	51	386	891	440745	439276	2.8e-25	116.5
NCVOG0218-consensus	scaffold_14	28.34	434	281	30	467	886	358800	357550	2.5e-26	120.0
NCVOG0218-consensus	scaffold_10	32.00	375	225	30	578	922	264641	265744	5e-25	115.6
NCVOG0218-consensus	scaffold_17	29.52	559	356	38	364	898	37710	39315	2.1e-24	113.6
NCVOG0218-consensus	scaffold_22	49.23	130	59	7	620	744	94515	94135	4.3e-24	112.5
NCVOG0218-consensus	scaffold_40	29.92	722	325	181	369	943	55472	53454	7.6e-23	107.6
NCVOG0218-consensus	scaffold_7	33.50	591	322	71	353	888	649738	651445	9.8e-23	108.0
NCVOG0218-consensus	scaffold_7	47.73	176	75	17	727	885	639727	640247	9.8e-23	108.0
NCVOG0218-consensus	scaffold_26	28.79	639	397	58	355	950	25461	27299	2.3e-21	103.5
NCVOG0218-consensus	scaffold_8	33.61	241	144	16	576	801	716242	715526	3e-21	103.1
NCVOG0218-consensus	scaffold_8	29.46	370	214	47	431	770	724893	723852	3.7e-16	86.2
NCVOG0218-consensus	scaffold_5	31.00	300	177	30	464	741	558442	559308	3.5e-21	102.9
NCVOG0218-consensus	scaffold_16	31.03	348	208	32	583	905	265195	266192	8.2e-21	101.6
NCVOG0218-consensus	scaffold_9	35.09	228	136	12	643	861	345925	346596	3.4e-20	99.6
NCVOG0218-consensus	scaffold_9	28.99	476	275	63	391	813	335297	336679	1.9e-18	93.8
NCVOG0218-consensus	scaffold_7	27.72	505	325	40	348	819	431261	429787	3.4e-20	99.6
NCVOG0218-consensus	scaffold_32	29.28	502	305	50	339	812	42006	40592	7e-20	98.5
NCVOG0218-consensus	scaffold_3	30.20	447	258	54	414	826	1005473	1006720	9.3e-20	98.1
NCVOG0218-consensus	scaffold_29	29.88	425	264	34	486	887	39833	38609	9.3e-20	98.1
NCVOG0218-consensus	scaffold_2	48.12	133	56	13	650	772	1074795	1075177	1.4e-19	97.5
NCVOG0218-consensus	scaffold_1	33.17	202	131	4	652	852	1955224	1955817	1.5e-19	94.2
NCVOG0218-consensus	scaffold_5	43.15	197	102	10	678	864	86287	85722	1.7e-19	97.3
NCVOG0218-consensus	scaffold_3	43.26	141	67	13	600	727	1035224	1034809	9.2e-19	94.8
NCVOG0218-consensus	scaffold_60	30.79	393	222	50	485	830	2573	1433	2e-18	91.1
NCVOG0218-consensus	scaffold_33	48.70	154	56	23	662	804	18453	18067	2.9e-18	93.2
NCVOG0218-consensus	scaffold_1	30.62	614	341	85	371	924	1694563	1696280	3.3e-18	93.0
NCVOG0218-consensus	scaffold_1	44.74	152	73	11	763	909	1763279	1763713	1.1e-18	94.6
NCVOG0218-consensus	scaffold_7	26.77	564	363	50	351	892	207757	206167	4.4e-18	92.6
NCVOG0218-consensus	scaffold_7	26.61	342	234	17	660	994	238367	237387	3.3e-18	93.0
NCVOG0218-consensus	scaffold_7	33.33	231	141	13	603	821	256511	255825	7.8e-18	91.7
NCVOG0218-consensus	scaffold_7	25.87	549	339	68	357	852	826628	825042	5.9e-18	92.2
NCVOG0218-consensus	scaffold_11	27.31	553	354	48	350	866	404252	405853	5.9e-18	92.2
NCVOG0218-consensus	scaffold_11	35.32	218	129	12	698	909	90539	89911	5.9e-18	92.2
NCVOG0218-consensus	scaffold_55	26.55	403	270	26	575	956	6217	7395	7.1e-18	89.7
NCVOG0218-consensus	scaffold_55	29.17	360	203	52	389	718	12549	13527	4.3e-14	77.1
NCVOG0218-consensus	scaffold_28	34.76	164	98	9	683	842	98093	97620	1.8e-17	90.5
NCVOG0218-consensus	scaffold_4	30.75	348	191	50	604	903	540523	541545	2.1e-17	90.3
NCVOG0218-consensus	scaffold_4	30.36	494	290	54	353	821	563150	564511	2.3e-14	80.2
NCVOG0218-consensus	scaffold_17	52.13	94	41	4	728	821	215119	214853	2.1e-17	90.3
NCVOG0218-consensus	scaffold_13	59.76	82	27	6	730	809	487427	487657	5.5e-17	87.4
NCVOG0218-consensus	scaffold_4	30.39	362	230	22	555	898	909957	910985	1e-16	88.0
NCVOG0218-consensus	scaffold_6	27.58	620	338	111	375	898	1039295	1037534	1e-16	88.0
NCVOG0218-consensus	scaffold_2	33.45	284	162	27	492	765	123263	122494	3.7e-16	86.2
NCVOG0218-consensus	scaffold_36	26.76	411	270	31	482	874	117508	118686	5e-16	85.6
NCVOG0218-consensus	scaffold_40	38.15	173	92	15	734	891	18500	19005	6.7e-16	84.5
NCVOG0218-consensus	scaffold_32	31.85	292	181	18	643	917	45432	46275	1e-15	84.7
NCVOG0218-consensus	scaffold_32	32.63	331	177	46	461	759	92462	93379	3.1e-14	79.8
NCVOG0218-consensus	scaffold_18	31.64	256	156	19	631	868	256580	255827	1.5e-15	84.1
NCVOG0218-consensus	scaffold_26	26.92	520	328	52	419	891	234907	233394	1.6e-15	83.9
NCVOG0218-consensus	scaffold_2	44.06	143	65	15	576	712	483616	484004	3.1e-15	83.1
NCVOG0218-consensus	scaffold_2	44.44	108	58	2	821	927	549863	550180	3.1e-15	83.1
NCVOG0218-consensus	scaffold_1	26.25	400	264	31	528	910	615822	614678	4.8e-15	82.5
NCVOG0218-consensus	scaffold_46	31.78	428	242	50	487	891	51923	53110	5.1e-15	81.0
NCVOG0218-consensus	scaffold_1	32.58	356	196	44	590	903	1522370	1521340	5.5e-15	82.3
NCVOG0218-consensus	scaffold_21	35.10	208	125	10	689	887	111198	111787	5.5e-15	82.3
NCVOG0218-consensus	scaffold_28	29.46	404	254	31	377	760	196250	197395	9.9e-15	81.0
NCVOG0218-consensus	scaffold_8	41.80	122	63	8	658	776	829589	829242	1.3e-14	80.8
NCVOG0218-consensus	scaffold_2	38.97	136	70	13	760	885	741238	741633	2.3e-14	80.2
NCVOG0218-consensus	scaffold_21	33.81	210	118	21	603	793	212494	213110	2.7e-14	80.0
NCVOG0218-consensus	scaffold_8	28.46	260	173	13	633	885	174171	173425	4.1e-14	79.4
NCVOG0218-consensus	scaffold_19	29.11	426	250	52	351	734	107210	108412	4.7e-14	79.2
NCVOG0218-consensus	scaffold_31	40.88	159	79	15	691	836	56759	57214	6.3e-14	78.8
NCVOG0218-consensus	scaffold_31	34.27	143	79	15	568	696	100928	101350	6.3e-14	78.8
NCVOG0218-consensus	scaffold_6	38.99	159	89	8	687	839	311845	311384	7.2e-14	78.6
NCVOG0218-consensus	scaffold_6	36.57	134	83	2	652	784	446573	446178	7.2e-14	78.6
NCVOG0218-consensus	scaffold_20	29.70	643	366	86	314	895	51268	49470	8.4e-14	78.3
NCVOG0218-consensus	scaffold_3	32.53	249	142	26	623	850	322641	323355	1.3e-13	77.7
NCVOG0218-consensus	scaffold_2	38.67	181	92	19	706	868	571956	571420	1.3e-13	77.7
NCVOG0218-consensus	scaffold_56	31.55	187	117	11	663	840	23550	23007	1.5e-13	75.3
NCVOG0218-consensus	scaffold_19	29.77	299	184	26	669	952	284586	283744	1.5e-13	77.5
NCVOG0218-consensus	scaffold_8	31.49	181	114	10	681	852	799551	800075	2.3e-13	76.7
NCVOG0218-consensus	scaffold_6	30.17	242	148	21	710	936	21002	21696	3.5e-13	76.3
NCVOG0218-consensus	scaffold_20	23.79	639	419	68	359	932	265307	267199	5.4e-13	75.7
NCVOG0218-consensus	scaffold_7	26.23	671	409	86	313	906	295053	297009	6.2e-13	75.5
NCVOG0218-consensus	scaffold_7	28.25	308	194	27	572	861	298246	299133	6.2e-13	75.5
NCVOG0218-consensus	scaffold_6	30.28	251	150	25	516	750	466951	467669	9.5e-13	74.8
NCVOG0218-consensus	scaffold_6	36.59	164	93	11	584	744	525587	526047	9.5e-13	74.8
NCVOG0218-consensus	scaffold_5	26.75	471	293	52	345	790	947773	946471	1.5e-12	74.2
NCVOG0218-consensus	scaffold_34	43.43	99	35	21	616	700	89097	88825	1.5e-12	74.2
NCVOG0218-consensus	scaffold_16	27.48	564	328	81	446	931	130298	131931	1.9e-12	73.8
NCVOG0218-consensus	scaffold_15	30.92	262	158	23	556	802	78561	79319	2.2e-12	73.6
NCVOG0218-consensus	scaffold_29	22.09	593	409	53	346	897	83639	85372	2.2e-12	73.6
NCVOG0218-consensus	scaffold_29	36.54	156	87	12	682	826	49032	49481	2.2e-12	73.6
NCVOG0218-consensus	scaffold_10	30.56	180	121	4	767	945	171594	171071	4.6e-12	72.6
NCVOG0218-consensus	scaffold_8	31.69	183	113	12	692	868	509583	510110	4.6e-12	72.6
NCVOG0218-consensus	scaffold_2	33.73	255	146	23	650	883	108619	109350	5.3e-12	72.4
NCVOG0218-consensus	scaffold_18	35.26	156	92	9	567	721	106697	107133	9.3e-12	71.6
NCVOG0218-consensus	scaffold_1	31.55	187	115	13	774	956	1429196	1429724	1.2e-11	71.1
NCVOG0218-consensus	scaffold_54	35.98	164	98	7	627	785	11607	11135	1.3e-11	68.9
NCVOG0218-consensus	scaffold_61	36.03	136	78	9	610	736	10392	10796	1.4e-11	68.1
NCVOG0218-consensus	scaffold_41	31.56	225	130	24	725	925	37455	38112	2.2e-11	69.5
NCVOG0218-consensus	scaffold_21	30.03	393	239	36	592	952	2745	1620	3.9e-11	69.5
NCVOG0218-consensus	scaffold_1	38.69	137	77	7	708	840	1736562	1736180	3.9e-11	69.5
NCVOG0218-consensus	scaffold_9	42.06	107	58	4	689	793	178663	178352	6.9e-11	68.7
NCVOG0218-consensus	scaffold_36	25.78	547	353	53	373	871	121397	119811	7e-11	68.5
NCVOG0218-consensus	scaffold_17	42.11	95	53	2	776	869	303295	303019	9.1e-11	67.8
NCVOG0308-consensus	scaffold_16	22.71	634	431	59	266	865	370869	372688	4.2e-14	79.1
NCVOG0018-consensus	scaffold_41	23.37	676	460	58	525	1185	38969	40858	1.2e-21	103.6
NCVOG0018-consensus	scaffold_10	20.89	924	660	71	219	1123	129734	132346	1.5e-15	84.3
NCVOG4116-consensus	scaffold_2	28.21	312	198	26	117	422	1033530	1034402	5.4e-21	100.9
NCVOG4116-consensus	scaffold_1	33.17	202	131	4	238	437	403502	404098	1.1e-19	96.6
NCVOG4116-consensus	scaffold_40	31.48	216	140	8	224	436	30999	30372	5.8e-18	90.1
NCVOG4116-consensus	scaffold_14	25.69	327	233	10	115	437	426270	427225	6.5e-17	87.4
NCVOG4116-consensus	scaffold_14	26.46	325	216	23	114	419	429521	430480	9e-20	96.9
NCVOG4116-consensus	scaffold_5	29.97	317	203	19	120	433	1071377	1070482	1.1e-16	86.6
NCVOG4116-consensus	scaffold_5	31.73	208	133	9	233	433	1071995	1071381	5.1e-20	97.7
NCVOG4116-consensus	scaffold_7	34.67	150	94	4	288	433	829135	828693	1.3e-11	69.7
NCVOG5370-consensus	scaffold_10	25.00	384	235	53	26	386	390498	389446	1.9e-12	72.5
NCVOG5370-consensus	scaffold_10	23.62	398	248	56	26	405	392879	391803	5.5e-14	77.6
NCVOG0226-consensus	scaffold_2	50.56	89	40	4	10	95	753628	753368	5.8e-15	80.9
NCVOG0226-consensus	scaffold_1	34.27	143	85	9	16	153	1955230	1955643	8.3e-14	73.9
NCVOG4170-consensus	scaffold_12	30.70	215	141	8	129	336	392529	393167	3.7e-20	97.8
NCVOG1006-consensus	scaffold_9	31.44	194	105	28	15	181	373563	374138	6e-13	72.9
NCVOG1044-consensus	scaffold_2	23.85	218	149	17	187	392	1644	2279	3.8e-12	71.6
NCVOG0720-consensus	scaffold_29	37.69	130	74	7	42	165	35484	35101	2.4e-19	94.0
NCVOG4487-consensus	scaffold_1	31.84	267	146	36	237	481	1029899	1030642	1.7e-12	73.1
