NCVOG0719-consensus	NODE_7_length_855419_cov_36.795681	29.39	262	160	25	21	258	842324	841547	1.2e-13	79.4
NCVOG1069-consensus	NODE_23_length_440405_cov_36.880430	32.63	190	118	10	72	256	295457	294910	4.6e-18	95.2
NCVOG2772-consensus	NODE_16_length_584986_cov_36.556405	20.15	407	318	7	56	460	197558	196358	2.3e-13	79.8
NCVOG0669-consensus	NODE_1_length_1080013_cov_36.967135	29.59	196	131	7	274	466	917052	917624	2.4e-11	73.0
NCVOG0333-consensus	NODE_5_length_957006_cov_36.879400	46.46	99	42	11	599	695	572875	572609	7e-11	72.1
NCVOG0233-consensus	NODE_23_length_440405_cov_36.880430	36.19	923	484	105	42	868	249982	252716	1.8e-58	230.4
NCVOG0233-consensus	NODE_34_length_244552_cov_36.935016	38.29	828	404	107	102	831	235978	238431	3.1e-43	179.2
NCVOG0233-consensus	NODE_3_length_959961_cov_36.961272	26.19	485	309	49	231	693	418415	419777	6.6e-33	145.5
NCVOG0233-consensus	NODE_24_length_412943_cov_37.541946	24.67	754	468	100	29	729	145523	143410	1.4e-28	131.2
NCVOG0233-consensus	NODE_41_length_188041_cov_36.490615	29.51	715	346	158	131	688	89141	91271	3.4e-27	126.5
NCVOG0233-consensus	NODE_5_length_957006_cov_36.879400	26.46	926	509	172	97	868	922635	919917	3.5e-27	125.2
NCVOG0233-consensus	NODE_26_length_373413_cov_37.150280	26.68	716	329	196	161	681	44809	46942	1.2e-24	118.1
NCVOG0233-consensus	NODE_19_length_486861_cov_36.913487	25.59	891	484	179	136	852	420249	422891	2.1e-17	94.0
NCVOG0233-consensus	NODE_18_length_558056_cov_36.479147	28.16	632	357	97	137	673	286051	287935	1.6e-15	87.8
NCVOG0233-consensus	NODE_25_length_411352_cov_36.692721	24.68	705	338	193	145	666	402747	400674	3.1e-11	73.1
NCVOG0023-consensus	NODE_118_length_3167_cov_365.464401	30.04	496	310	37	373	846	2141	702	7.4e-46	183.0
NCVOG0023-consensus	NODE_103_length_6261_cov_35.750162	28.60	458	301	26	363	803	1803	466	2.2e-25	116.0
NCVOG0023-consensus	NODE_134_length_1880_cov_107.217970	29.93	284	179	20	363	638	1062	1870	7.4e-21	99.2
NCVOG0013-consensus	NODE_2_length_1046662_cov_36.997729	30.77	182	122	4	122	300	323222	323761	8.9e-13	78.1
NCVOG4988-consensus	NODE_60_length_53341_cov_38.936505	26.03	365	216	54	14	329	34867	33795	2.2e-12	74.9
NCVOG0073-consensus	NODE_43_length_183917_cov_36.856734	40.58	616	341	25	29	640	155736	153955	3.4e-97	357.1
NCVOG0073-consensus	NODE_26_length_373413_cov_37.150280	39.65	628	355	24	28	652	85165	83348	1.2e-72	277.6
NCVOG0073-consensus	NODE_37_length_214495_cov_37.202865	39.29	616	351	23	24	636	10134	8350	7.8e-67	258.4
NCVOG0073-consensus	NODE_4_length_957200_cov_36.852149	36.69	695	370	70	19	672	84754	82766	9.8e-60	234.8
NCVOG0073-consensus	NODE_14_length_595033_cov_36.303323	36.34	644	369	41	28	664	427562	429386	2.4e-54	216.9
NCVOG0073-consensus	NODE_39_length_206593_cov_36.293411	28.68	659	421	49	17	644	30509	28590	1.6e-49	200.9
NCVOG0073-consensus	NODE_22_length_444557_cov_36.796673	29.71	589	379	35	29	609	428817	427135	1e-44	184.8
NCVOG0073-consensus	NODE_2_length_1046662_cov_36.997729	24.62	796	499	101	19	736	736445	738754	1.1e-38	164.8
NCVOG0073-consensus	NODE_23_length_440405_cov_36.880430	24.46	556	376	44	6	522	347902	346257	4.9e-34	149.3
NCVOG0073-consensus	NODE_50_length_111342_cov_36.525295	29.69	677	370	106	19	679	10473	8726	6.5e-21	105.4
NCVOG4523-consensus	NODE_22_length_444557_cov_36.796673	30.14	418	241	51	379	792	102240	101143	3e-27	127.1
NCVOG4523-consensus	NODE_12_length_677030_cov_36.942628	31.62	876	406	193	125	823	170791	168245	4e-25	120.0
NCVOG4523-consensus	NODE_4_length_957200_cov_36.852149	30.21	331	156	75	11	317	312169	311339	4.4e-11	73.4
NCVOG1353-consensus	NODE_28_length_344375_cov_37.628865	58.47	732	233	71	101	762	218259	216078	1.4e-34	151.0
NCVOG4445-consensus	NODE_20_length_461068_cov_36.420203	28.38	296	188	24	98	383	145359	144517	8.7e-11	70.9
NCVOG1343-consensus	NODE_31_length_254424_cov_36.820592	33.19	232	129	26	15	232	241304	240648	4.3e-18	94.7
NCVOG0055-consensus	NODE_31_length_254424_cov_36.820592	31.77	299	147	57	141	399	33897	33059	2.7e-23	112.6
NCVOG0055-consensus	NODE_23_length_440405_cov_36.880430	32.62	279	159	29	118	372	18818	18014	6.9e-15	84.7
NCVOG0435-consensus	NODE_86_length_9821_cov_78.986453	29.95	197	128	10	21	210	4742	5320	5e-13	73.5
NCVOG4105-consensus	NODE_1_length_1080013_cov_36.967135	36.01	1097	533	169	14	952	79511	82741	1.6e-37	161.2
NCVOG0305-consensus	NODE_6_length_912210_cov_36.884486	31.82	220	144	6	1332	1549	630813	631457	5.9e-21	106.7
NCVOG0305-consensus	NODE_1_length_1080013_cov_36.967135	33.64	214	130	12	1353	1556	503036	502404	2.5e-19	101.3
NCVOG0305-consensus	NODE_5_length_957006_cov_36.879400	30.68	251	162	12	784	1034	842802	843515	4.5e-19	100.4
NCVOG0305-consensus	NODE_2_length_1046662_cov_36.997729	32.21	208	133	8	1312	1515	262235	262843	5.4e-19	100.2
NCVOG0305-consensus	NODE_13_length_636304_cov_36.884129	29.47	207	142	4	822	1027	236447	235839	1.1e-18	99.1
NCVOG0305-consensus	NODE_9_length_724686_cov_36.964730	32.02	228	140	15	1323	1542	75851	75196	8.2e-16	89.6
NCVOG0305-consensus	NODE_65_length_35984_cov_38.036205	34.02	194	120	8	1338	1528	11669	12228	8.5e-15	84.2
NCVOG0305-consensus	NODE_61_length_51631_cov_72.135528	40.71	113	64	3	1416	1528	10489	10815	2.6e-14	83.1
NCVOG0305-consensus	NODE_29_length_344183_cov_37.032089	25.68	292	182	35	763	1025	266905	266055	1.3e-13	82.3
NCVOG0305-consensus	NODE_7_length_855419_cov_36.795681	33.14	169	105	8	1355	1521	709439	709924	1e-12	79.3
NCVOG0305-consensus	NODE_6_length_912210_cov_36.884486	28.14	263	136	53	1316	1528	337099	336323	8.2e-12	76.3
NCVOG0305-consensus	NODE_21_length_447063_cov_36.437425	28.52	277	162	36	1306	1549	96265	95459	9.9e-12	76.0
NCVOG0305-consensus	NODE_2_length_1046662_cov_36.997729	32.04	284	151	42	1312	1556	234717	233894	5.4e-11	73.6
NCVOG0305-consensus	NODE_8_length_756785_cov_36.210990	28.37	282	190	12	1170	1441	515615	514797	7.9e-11	73.0
NCVOG0248-consensus	NODE_14_length_595033_cov_36.303323	30.02	533	283	90	30	502	382355	380850	1.2e-18	97.4
NCVOG4804-consensus	NODE_16_length_584986_cov_36.556405	62.04	108	33	8	68	175	89724	89428	6.3e-24	113.6
NCVOG4804-consensus	NODE_1_length_1080013_cov_36.967135	74.29	70	18	0	106	175	266555	266349	6e-19	97.0
NCVOG0282-consensus	NODE_1_length_1080013_cov_36.967135	25.24	515	336	49	104	582	503879	502389	1.5e-18	97.8
NCVOG0282-consensus	NODE_9_length_724686_cov_36.964730	27.60	605	363	75	37	608	76715	75052	7.3e-15	85.6
NCVOG0282-consensus	NODE_2_length_1046662_cov_36.997729	22.87	682	446	80	28	666	261385	263302	1.1e-14	85.0
NCVOG0282-consensus	NODE_43_length_183917_cov_36.856734	26.42	424	264	48	192	581	167015	168227	6e-14	80.4
NCVOG0282-consensus	NODE_65_length_35984_cov_38.036205	29.27	246	157	17	419	655	11863	12573	9.1e-14	79.9
NCVOG0282-consensus	NODE_6_length_912210_cov_36.884486	27.64	369	242	25	175	526	630259	631328	2.6e-13	80.4
NCVOG0282-consensus	NODE_8_length_756785_cov_36.210990	26.93	557	343	64	316	831	495496	493912	4.5e-13	79.6
NCVOG0282-consensus	NODE_26_length_373413_cov_37.150280	25.00	332	232	17	142	462	271728	270764	4.5e-13	79.6
NCVOG0282-consensus	NODE_61_length_51631_cov_72.135528	30.43	207	130	14	423	622	10462	11058	7.1e-13	77.4
NCVOG0282-consensus	NODE_29_length_344183_cov_37.032089	24.19	558	336	87	219	715	267118	265536	6.3e-12	75.8
NCVOG2963-consensus	NODE_18_length_558056_cov_36.479147	30.53	226	138	19	97	308	328293	327644	2.7e-11	72.3
NCVOG4883-consensus	NODE_15_length_589584_cov_37.775908	28.45	471	239	98	60	460	122224	120905	1.6e-22	110.1
NCVOG2979-consensus	NODE_29_length_344183_cov_37.032089	29.95	187	129	2	57	242	288624	288070	4.4e-17	91.2
NCVOG0360-consensus	NODE_28_length_344375_cov_37.628865	42.76	297	162	8	24	315	167426	166548	6.4e-54	213.9
NCVOG0979-consensus	NODE_23_length_440405_cov_36.880430	45.56	338	152	32	21	328	277005	276005	4.2e-41	171.5
NCVOG0262-consensus	NODE_16_length_584986_cov_36.556405	23.67	621	441	33	3	603	197081	195269	5.5e-13	78.9
NCVOG0274-consensus	NODE_1_length_1080013_cov_36.967135	32.49	985	536	129	482	1379	603562	606385	1e-79	301.7
NCVOG0274-consensus	NODE_1_length_1080013_cov_36.967135	38.15	519	217	104	57	484	600628	602136	7.3e-44	182.6
NCVOG0274-consensus	NODE_24_length_412943_cov_37.541946	37.45	980	506	107	484	1368	20562	17662	1.1e-59	235.2
NCVOG0274-consensus	NODE_24_length_412943_cov_37.541946	42.99	428	175	69	111	484	23367	22140	4.3e-45	186.7
NCVOG0274-consensus	NODE_5_length_957006_cov_36.879400	29.86	1276	691	204	124	1220	473722	477453	3.6e-33	147.1
NCVOG0274-consensus	NODE_90_length_8621_cov_37.402739	36.00	175	94	18	641	806	2360	1876	3.1e-14	80.1
NCVOG0074-consensus	NODE_43_length_183917_cov_36.856734	65.11	599	209	0	12	610	155745	153952	1.2e-201	703.5
NCVOG0074-consensus	NODE_37_length_214495_cov_37.202865	58.48	607	240	12	10	610	10134	8335	7.7e-177	623.2
NCVOG0074-consensus	NODE_26_length_373413_cov_37.150280	56.51	614	257	10	15	623	85162	83339	3.6e-169	597.7
NCVOG0074-consensus	NODE_14_length_595033_cov_36.303323	45.47	618	316	21	15	625	427565	429371	2.5e-129	465.4
NCVOG0074-consensus	NODE_4_length_957200_cov_36.852149	44.96	605	315	18	27	626	84611	82839	1.7e-128	462.7
NCVOG0074-consensus	NODE_39_length_206593_cov_36.293411	36.98	549	328	18	15	550	30473	28845	6.3e-80	301.3
NCVOG0074-consensus	NODE_22_length_444557_cov_36.796673	37.24	537	318	19	15	544	428817	427246	4e-71	272.0
NCVOG0074-consensus	NODE_23_length_440405_cov_36.880430	29.76	551	336	51	10	510	347848	346208	1.2e-50	203.9
NCVOG0074-consensus	NODE_50_length_111342_cov_36.525295	37.48	547	264	78	6	545	10470	9046	2.7e-40	169.2
NCVOG0074-consensus	NODE_2_length_1046662_cov_36.997729	29.49	668	391	80	8	601	736454	738436	3.3e-30	136.1
NCVOG0074-consensus	NODE_1_length_1080013_cov_36.967135	27.87	366	239	25	62	403	709161	708070	6.5e-20	101.9
NCVOG1299-consensus	NODE_44_length_148920_cov_36.286658	57.32	82	24	11	56	126	77343	77101	8.4e-13	76.2
NCVOG1196-consensus	NODE_7_length_855419_cov_36.795681	23.40	940	640	80	51	969	66583	69216	3.1e-27	127.1
NCVOG1196-consensus	NODE_16_length_584986_cov_36.556405	27.42	828	532	69	183	955	197665	195235	2.7e-24	117.3
NCVOG1196-consensus	NODE_4_length_957200_cov_36.852149	26.27	628	411	52	306	916	691878	693645	2.6e-23	114.0
NCVOG1196-consensus	NODE_4_length_957200_cov_36.852149	23.72	877	601	68	138	983	924980	922470	8.5e-20	101.0
NCVOG1196-consensus	NODE_2_length_1046662_cov_36.997729	22.35	1159	752	148	12	1102	129095	132318	7.9e-11	72.5
NCVOG0064-consensus	NODE_5_length_957006_cov_36.879400	25.00	360	230	40	23	356	360041	359007	6.1e-13	78.4
NCVOG4504-consensus	NODE_7_length_855419_cov_36.795681	28.78	476	300	39	35	489	67000	68358	6.9e-12	74.9
NCVOG4324-consensus	NODE_6_length_912210_cov_36.884486	30.80	500	282	64	126	595	5604	6992	2.9e-23	113.0
NCVOG4134-consensus	NODE_10_length_694861_cov_37.111414	31.96	510	256	91	17	458	118652	120101	5.5e-25	118.3
NCVOG0334-consensus	NODE_8_length_756785_cov_36.210990	37.06	340	172	42	6	314	422289	421310	1.2e-21	106.7
NCVOG0304-consensus	NODE_29_length_344183_cov_37.032089	31.02	187	100	29	52	212	266872	266324	1.8e-11	73.5
NCVOG0214-consensus	NODE_28_length_344375_cov_37.628865	34.07	273	156	24	260	525	35627	34867	9.4e-19	98.4
NCVOG0214-consensus	NODE_12_length_677030_cov_36.942628	30.50	341	215	22	218	548	62047	61072	1.4e-14	84.5
NCVOG0214-consensus	NODE_11_length_691330_cov_37.232449	25.94	613	396	58	25	600	594639	596387	1.4e-11	74.5
NCVOG0004-consensus	NODE_15_length_589584_cov_37.775908	32.62	233	137	20	54	279	156351	155695	3.4e-15	86.2
NCVOG0276-consensus	NODE_9_length_724686_cov_36.964730	53.27	398	90	96	56	357	425173	426359	5.5e-56	220.9
NCVOG4882-consensus	NODE_9_length_724686_cov_36.964730	31.50	400	242	32	363	739	150558	151721	8.7e-24	115.4
NCVOG2204-consensus	NODE_11_length_691330_cov_37.232449	28.34	487	250	99	54	442	458852	460300	2.1e-21	106.4
NCVOG0777-consensus	NODE_9_length_724686_cov_36.964730	30.68	339	190	45	151	460	640957	641922	1.1e-23	115.4
NCVOG0777-consensus	NODE_9_length_724686_cov_36.964730	31.21	330	186	41	151	454	642200	641259	6.8e-21	106.1
NCVOG0777-consensus	NODE_15_length_589584_cov_37.775908	31.99	297	166	36	151	430	408473	407645	6.1e-15	86.6
NCVOG0777-consensus	NODE_6_length_912210_cov_36.884486	36.67	180	90	24	143	307	644232	644741	8.8e-15	86.1
NCVOG0777-consensus	NODE_14_length_595033_cov_36.303323	30.47	407	213	70	120	487	117513	116397	4.8e-14	83.6
NCVOG0777-consensus	NODE_1_length_1080013_cov_36.967135	34.23	260	125	46	133	378	920302	919628	5.5e-13	80.1
NCVOG0777-consensus	NODE_20_length_461068_cov_36.420203	27.88	312	200	25	130	425	294312	293417	2.5e-12	77.9
NCVOG0777-consensus	NODE_1_length_1080013_cov_36.967135	31.65	237	132	30	183	404	919875	920537	4.4e-12	77.1
NCVOG0777-consensus	NODE_13_length_636304_cov_36.884129	36.36	165	86	19	153	307	427541	427077	7.7e-12	76.3
NCVOG0777-consensus	NODE_7_length_855419_cov_36.795681	33.33	213	123	19	159	366	278491	279080	6.1e-11	73.3
NCVOG0777-consensus	NODE_6_length_912210_cov_36.884486	29.00	269	163	28	159	410	644905	644135	8.8e-11	72.8
NCVOG4966-consensus	NODE_16_length_584986_cov_36.556405	27.77	479	314	32	27	485	197060	195671	1.1e-17	94.1
NCVOG0185-consensus	NODE_27_length_353278_cov_36.900634	33.56	149	93	6	28	174	344079	344504	5.7e-15	82.7
NCVOG0185-consensus	NODE_12_length_677030_cov_36.942628	35.37	147	84	11	4	142	380092	380520	5.5e-13	77.6
NCVOG0185-consensus	NODE_15_length_589584_cov_37.775908	35.54	121	73	5	24	142	408497	408147	3e-12	75.2
NCVOG0185-consensus	NODE_41_length_188041_cov_36.490615	29.66	118	82	1	27	144	178794	178447	3.6e-12	72.9
NCVOG0185-consensus	NODE_7_length_855419_cov_36.795681	36.90	168	86	20	36	186	54579	54092	5e-11	71.1
NCVOG3000-consensus	NODE_9_length_724686_cov_36.964730	22.16	167	111	19	63	212	380231	380722	3.3e-12	74.9
NCVOG3000-consensus	NODE_12_length_677030_cov_36.942628	30.37	135	81	13	71	202	61078	61449	3.8e-11	71.4
NCVOG0030-consensus	NODE_2_length_1046662_cov_36.997729	35.31	524	240	99	26	472	595777	597275	1.4e-27	127.7
NCVOG0030-consensus	NODE_22_length_444557_cov_36.796673	29.53	552	224	165	94	500	333402	331818	2.3e-27	126.8
NCVOG4494-consensus	NODE_22_length_444557_cov_36.796673	36.32	190	116	5	15	201	192523	191967	1.3e-15	87.3
NCVOG4494-consensus	NODE_1_length_1080013_cov_36.967135	34.25	181	112	7	55	229	248903	248371	3.2e-14	82.7
NCVOG4494-consensus	NODE_5_length_957006_cov_36.879400	31.73	249	152	18	41	282	76459	75753	4.2e-12	75.7
NCVOG4494-consensus	NODE_38_length_209260_cov_36.567828	29.41	204	139	5	18	219	56929	56330	5.8e-11	71.9
NCVOG4707-consensus	NODE_1_length_1080013_cov_36.967135	27.12	413	248	53	26	387	189131	190348	7.6e-12	74.4
NCVOG4707-consensus	NODE_9_length_724686_cov_36.964730	26.53	392	252	36	9	388	380319	381417	3.4e-11	72.2
NCVOG0077-consensus	NODE_65_length_35984_cov_38.036205	34.79	388	234	19	333	713	35978	34858	6e-46	186.5
NCVOG0077-consensus	NODE_59_length_65429_cov_35.973054	32.43	404	252	21	312	706	163	1335	1.7e-42	175.9
NCVOG0077-consensus	NODE_13_length_636304_cov_36.884129	30.36	392	241	32	339	713	59932	61059	7.3e-28	128.5
NCVOG0077-consensus	NODE_71_length_25518_cov_280.244723	36.89	225	131	11	491	708	4344	3685	9.6e-27	122.2
NCVOG0077-consensus	NODE_36_length_226044_cov_36.092876	32.00	275	165	22	333	601	73259	74026	1.1e-20	104.6
NCVOG0077-consensus	NODE_50_length_111342_cov_36.525295	39.37	127	72	5	588	713	65572	65937	7.6e-15	84.8
NCVOG0077-consensus	NODE_50_length_111342_cov_36.525295	30.20	298	182	26	329	606	61900	62760	1.3e-14	84.0
NCVOG0077-consensus	NODE_5_length_957006_cov_36.879400	28.50	393	190	91	314	627	272619	271486	5.6e-14	82.4
NCVOG0077-consensus	NODE_28_length_344375_cov_37.628865	31.49	416	191	94	320	643	63171	61941	3e-13	79.9
NCVOG0077-consensus	NODE_23_length_440405_cov_36.880430	28.39	398	217	68	352	696	186432	185287	7.7e-13	78.6
NCVOG0077-consensus	NODE_59_length_65429_cov_35.973054	28.25	400	240	47	318	708	7043	5967	2.6e-11	72.3
NCVOG0196-consensus	NODE_27_length_353278_cov_36.900634	60.00	55	21	1	442	496	344127	344285	3.6e-11	71.3
NCVOG2647-consensus	NODE_1_length_1080013_cov_36.967135	37.06	143	85	5	45	183	850563	850985	3.5e-16	88.2
NCVOG0267-consensus	NODE_4_length_957200_cov_36.852149	26.06	426	271	44	328	737	108252	109442	1.1e-28	131.9
NCVOG0267-consensus	NODE_9_length_724686_cov_36.964730	27.25	466	284	55	282	721	476477	475170	3.5e-25	120.3
NCVOG0267-consensus	NODE_2_length_1046662_cov_36.997729	28.87	478	292	48	284	748	722211	723532	6.1e-25	119.5
NCVOG0267-consensus	NODE_10_length_694861_cov_37.111414	27.93	512	245	124	329	737	420582	419121	6.7e-15	86.1
NCVOG0267-consensus	NODE_9_length_724686_cov_36.964730	30.26	423	237	58	325	718	132615	131437	4.4e-14	83.4
NCVOG0267-consensus	NODE_20_length_461068_cov_36.420203	30.83	412	251	34	328	733	239860	241008	1.1e-12	78.8
NCVOG0267-consensus	NODE_109_length_4856_cov_33.651601	28.78	403	218	69	326	670	2550	3722	2.1e-11	69.5
NCVOG0046-consensus	NODE_8_length_756785_cov_36.210990	61.76	68	24	2	7	72	538144	538344	2.4e-13	79.1
NCVOG0037-consensus	NODE_26_length_373413_cov_37.150280	43.85	1113	475	150	77	1042	315275	318589	3.4e-85	318.5
NCVOG0037-consensus	NODE_37_length_214495_cov_37.202865	42.90	1042	372	223	70	890	35692	38796	9.1e-47	191.9
NCVOG0007-consensus	NODE_40_length_194791_cov_38.072553	29.82	399	232	48	5	357	27280	28463	2.7e-28	128.9
NCVOG1115-consensus	NODE_1_length_1080013_cov_36.967135	37.94	311	161	32	131	409	353211	352292	7.1e-33	144.4
NCVOG0015-consensus	NODE_2_length_1046662_cov_36.997729	33.75	160	99	7	99	251	323333	323809	4.7e-12	75.4
NCVOG0005-consensus	NODE_2_length_1046662_cov_36.997729	25.73	307	205	23	41	334	410978	411865	2.4e-11	73.0
NCVOG0486-consensus	NODE_10_length_694861_cov_37.111414	29.49	390	215	60	38	376	86273	85134	1.6e-20	103.2
NCVOG0806-consensus	NODE_24_length_412943_cov_37.541946	38.89	468	209	77	19	421	121440	122796	3.7e-45	185.3
NCVOG0806-consensus	NODE_20_length_461068_cov_36.420203	27.57	370	199	69	144	447	33561	32464	2.1e-17	93.1
NCVOG0806-consensus	NODE_9_length_724686_cov_36.964730	32.91	395	200	65	99	431	331446	330282	3.9e-14	82.2
NCVOG1066-consensus	NODE_71_length_25518_cov_280.244723	29.53	298	173	37	1	292	18888	19673	2.4e-13	76.6
NCVOG1326-consensus	NODE_5_length_957006_cov_36.879400	55.24	105	47	0	46	150	78435	78746	2.3e-25	118.0
NCVOG1326-consensus	NODE_11_length_691330_cov_37.232449	39.02	164	74	26	8	146	219355	219840	4e-13	77.3
NCVOG0036-consensus	NODE_5_length_957006_cov_36.879400	37.71	236	114	33	87	294	518751	518064	6.3e-16	87.7
NCVOG0222-consensus	NODE_3_length_959961_cov_36.961272	27.73	440	291	27	72	497	317805	319082	4.2e-24	115.5
NCVOG0222-consensus	NODE_19_length_486861_cov_36.913487	24.89	442	310	22	72	502	432883	431594	1.9e-19	100.1
NCVOG0014-consensus	NODE_2_length_1046662_cov_36.997729	27.37	274	186	13	134	404	323255	324043	3.7e-16	89.2
NCVOG0002-consensus	NODE_3_length_959961_cov_36.961272	32.12	548	300	72	332	832	214893	213332	3.8e-30	136.3
NCVOG0002-consensus	NODE_8_length_756785_cov_36.210990	29.59	632	387	58	214	812	577231	579046	6.1e-28	129.0
NCVOG1194-consensus	NODE_1622_length_137_cov_6.650000	55.56	45	20	0	65	109	137	6	2.8e-11	62.3
NCVOG4845-consensus	NODE_14_length_595033_cov_36.303323	26.00	523	340	47	118	621	402171	400696	4e-22	109.2
NCVOG4845-consensus	NODE_8_length_756785_cov_36.210990	27.72	552	302	97	99	629	21558	22982	3.5e-15	86.2
NCVOG4845-consensus	NODE_25_length_411352_cov_36.692721	27.80	500	276	85	137	621	25734	27008	4.9e-14	82.4
NCVOG2775-consensus	NODE_4_length_957200_cov_36.852149	34.40	250	159	5	156	403	257322	256585	2.2e-27	126.6
NCVOG2775-consensus	NODE_6_length_912210_cov_36.884486	31.43	315	195	21	98	399	80530	81443	1.2e-22	110.9
NCVOG2775-consensus	NODE_11_length_691330_cov_37.232449	30.79	315	177	41	127	400	192094	191153	4.2e-21	105.7
NCVOG2775-consensus	NODE_3_length_959961_cov_36.961272	31.65	158	108	0	230	387	945995	946465	2.4e-15	85.4
NCVOG2775-consensus	NODE_15_length_589584_cov_37.775908	35.35	215	138	1	199	413	196249	195611	2.1e-14	83.5
NCVOG2775-consensus	NODE_1_length_1080013_cov_36.967135	29.71	175	117	6	101	270	40717	40199	1.8e-11	73.7
NCVOG2775-consensus	NODE_20_length_461068_cov_36.420203	40.38	104	61	1	198	300	94780	94472	2.6e-11	73.2
NCVOG0924-consensus	NODE_40_length_194791_cov_38.072553	35.35	198	106	22	3	185	35877	35308	1.6e-13	78.9
NCVOG0275-consensus	NODE_6_length_912210_cov_36.884486	37.19	121	71	5	7	122	806022	806381	7.6e-13	76.7
NCVOG0275-consensus	NODE_14_length_595033_cov_36.303323	51.22	82	40	0	7	88	357757	357999	5e-12	74.0
NCVOG0729-consensus	NODE_7_length_855419_cov_36.795681	32.61	598	275	128	27	507	43127	44870	2.2e-13	80.0
NCVOG5103-consensus	NODE_15_length_589584_cov_37.775908	27.44	215	140	16	310	509	408281	407651	1.5e-13	81.5
NCVOG4874-consensus	NODE_1_length_1080013_cov_36.967135	40.79	407	187	54	16	371	212570	213776	1.4e-41	173.1
NCVOG4605-consensus	NODE_1_length_1080013_cov_36.967135	31.08	502	292	54	22	494	189064	190473	8.1e-13	78.6
NCVOG4605-consensus	NODE_2_length_1046662_cov_36.997729	24.80	379	262	23	74	437	946112	947209	2e-11	74.0
NCVOG4605-consensus	NODE_6_length_912210_cov_36.884486	28.77	292	186	22	202	488	69657	68840	2e-11	74.0
NCVOG4605-consensus	NODE_28_length_344375_cov_37.628865	31.82	264	157	23	181	430	35685	34930	6.1e-11	72.3
NCVOG4605-consensus	NODE_28_length_344375_cov_37.628865	25.93	405	256	44	3	398	32296	31204	9.4e-12	75.0
NCVOG4605-consensus	NODE_12_length_677030_cov_36.942628	27.29	447	271	54	202	598	61892	60579	8.9e-11	71.8
NCVOG0605-consensus	NODE_18_length_558056_cov_36.479147	26.58	237	157	17	255	490	413096	412437	3.1e-11	72.7
NCVOG1136-consensus	NODE_20_length_461068_cov_36.420203	48.48	297	115	38	193	453	243112	242233	8e-48	194.2
NCVOG4881-consensus	NODE_72_length_24774_cov_37.802851	26.23	610	380	70	2	574	14853	13136	1.1e-11	71.8
NCVOG0059-consensus	NODE_14_length_595033_cov_36.303323	30.69	202	124	16	165	354	507081	506491	5.3e-13	78.4
NCVOG0901-consensus	NODE_14_length_595033_cov_36.303323	45.45	187	70	32	26	180	582460	581903	5.6e-25	116.9
NCVOG2980-consensus	NODE_20_length_461068_cov_36.420203	26.14	440	258	67	77	461	2907	1633	5.3e-15	85.2
NCVOG1298-consensus	NODE_16_length_584986_cov_36.556405	27.75	364	244	19	230	578	196470	195398	1.9e-19	100.3
NCVOG1298-consensus	NODE_16_length_584986_cov_36.556405	25.17	453	302	37	114	553	197785	196508	5.6e-14	82.1
NCVOG1298-consensus	NODE_4_length_957200_cov_36.852149	25.57	485	318	43	115	572	924190	922791	1.1e-14	83.2
NCVOG0450-consensus	NODE_51_length_110794_cov_36.733347	47.13	314	147	19	119	423	49792	48884	1.4e-67	259.3
NCVOG0450-consensus	NODE_51_length_110794_cov_36.733347	50.47	212	90	15	162	366	48880	48272	9.1e-51	203.5
NCVOG0450-consensus	NODE_34_length_244552_cov_36.935016	43.94	289	135	27	147	419	25836	25006	7.3e-32	141.1
NCVOG0450-consensus	NODE_2_length_1046662_cov_36.997729	46.23	199	87	20	210	399	855846	856406	9.3e-25	117.5
NCVOG0450-consensus	NODE_57_length_74922_cov_35.576618	39.42	241	111	35	151	373	44170	44828	1.2e-24	116.1
NCVOG0450-consensus	NODE_16_length_584986_cov_36.556405	33.33	219	119	27	177	384	355908	355303	9.8e-22	107.4
NCVOG0450-consensus	NODE_1_length_1080013_cov_36.967135	35.62	292	161	27	141	413	670840	670014	5.8e-19	98.2
NCVOG0450-consensus	NODE_68_length_26755_cov_36.897743	34.69	271	125	52	146	369	1154	360	3.6e-17	89.8
NCVOG0450-consensus	NODE_1_length_1080013_cov_36.967135	45.45	110	54	6	145	253	527164	526853	2e-12	76.5
NCVOG0652-consensus	NODE_45_length_137010_cov_37.024077	28.12	384	242	34	53	418	47643	46543	1.3e-31	140.0
NCVOG0652-consensus	NODE_1_length_1080013_cov_36.967135	33.33	351	201	33	94	413	61190	62229	9.7e-23	110.7
NCVOG0652-consensus	NODE_2_length_1046662_cov_36.997729	27.14	398	232	58	22	371	836171	835011	5.8e-16	88.2
NCVOG0652-consensus	NODE_30_length_302706_cov_36.268226	28.38	377	226	44	76	414	236634	237739	6.1e-13	78.2
NCVOG0350-consensus	NODE_14_length_595033_cov_36.303323	30.18	275	161	31	30	282	79540	80334	1.6e-11	72.9
NCVOG4522-consensus	NODE_15_length_589584_cov_37.775908	34.15	205	72	63	261	402	501524	502135	7.4e-17	91.2
NCVOG1352-consensus	NODE_17_length_560824_cov_36.525767	32.87	216	137	8	2	209	167744	168388	9.4e-23	109.9
NCVOG0522-consensus	NODE_19_length_486861_cov_36.913487	28.12	224	147	14	36	253	77902	77258	2.3e-12	75.8
NCVOG5117-consensus	NODE_6_length_912210_cov_36.884486	26.37	565	347	69	643	1188	645022	643481	8.9e-20	102.9
NCVOG5117-consensus	NODE_9_length_724686_cov_36.964730	27.01	511	331	42	476	964	640453	641922	2e-16	91.5
NCVOG5117-consensus	NODE_15_length_589584_cov_37.775908	34.58	240	142	15	728	961	407787	408474	2.9e-16	91.2
NCVOG5117-consensus	NODE_20_length_461068_cov_36.420203	33.47	239	107	52	724	956	293739	294314	5.6e-14	83.6
NCVOG5117-consensus	NODE_1_length_1080013_cov_36.967135	38.93	131	76	4	826	952	919830	920219	5.6e-14	83.6
NCVOG5117-consensus	NODE_30_length_302706_cov_36.268226	48.21	112	46	12	852	963	24316	24612	8.1e-14	83.1
NCVOG5117-consensus	NODE_35_length_239974_cov_37.372331	40.88	137	66	15	827	960	130960	130589	1.6e-12	78.7
NCVOG5117-consensus	NODE_30_length_302706_cov_36.268226	31.31	313	175	40	732	1011	223544	224458	2.4e-12	78.2
NCVOG5117-consensus	NODE_7_length_855419_cov_36.795681	29.80	302	179	33	675	963	566715	567555	4.2e-12	77.4
NCVOG5117-consensus	NODE_30_length_302706_cov_36.268226	33.33	213	110	32	741	951	90337	89792	8.9e-12	76.3
NCVOG5117-consensus	NODE_2_length_1046662_cov_36.997729	41.38	145	50	35	801	944	725382	725711	4e-11	74.1
NCVOG0052-consensus	NODE_2_length_1046662_cov_36.997729	32.41	145	86	12	31	166	745748	746166	4.2e-11	71.2
NCVOG4122-consensus	NODE_4_length_957200_cov_36.852149	31.67	300	192	13	169	460	754010	754885	4.3e-27	125.3
NCVOG4122-consensus	NODE_51_length_110794_cov_36.733347	23.08	377	278	12	94	468	49777	48680	8.6e-20	100.6
NCVOG4122-consensus	NODE_1_length_1080013_cov_36.967135	26.21	393	247	43	98	460	455900	457036	9.2e-19	97.7
NCVOG4122-consensus	NODE_20_length_461068_cov_36.420203	31.25	336	214	17	126	447	145287	144292	3.6e-15	85.7
NCVOG4122-consensus	NODE_25_length_411352_cov_36.692721	29.61	385	250	21	100	464	53600	54748	5.7e-13	78.4
NCVOG0032-consensus	NODE_7_length_855419_cov_36.795681	27.03	825	385	217	251	870	300488	302915	2.5e-20	103.8
NCVOG0032-consensus	NODE_9_length_724686_cov_36.964730	27.93	598	312	119	286	873	662361	663824	4.5e-16	89.4
NCVOG0032-consensus	NODE_23_length_440405_cov_36.880430	28.04	321	202	29	515	818	423592	422675	1e-14	85.0
NCVOG0032-consensus	NODE_12_length_677030_cov_36.942628	37.34	158	89	10	685	836	183973	184431	8.5e-14	82.1
NCVOG0032-consensus	NODE_1_length_1080013_cov_36.967135	25.98	435	253	69	411	834	549378	550501	2.6e-13	80.4
NCVOG0032-consensus	NODE_5_length_957006_cov_36.879400	26.40	856	492	138	8	775	940786	938392	8.4e-13	77.4
NCVOG0032-consensus	NODE_3_length_959961_cov_36.961272	28.13	782	337	225	239	820	121880	124141	2.5e-12	77.2
NCVOG0302-consensus	NODE_31_length_254424_cov_36.820592	29.77	309	177	40	250	518	175202	176117	1.1e-17	93.8
NCVOG0302-consensus	NODE_6_length_912210_cov_36.884486	28.83	326	173	59	263	535	766552	767508	1.2e-12	77.5
NCVOG0302-consensus	NODE_11_length_691330_cov_37.232449	21.88	256	196	4	3	256	374994	375752	2e-11	73.5
NCVOG0302-consensus	NODE_30_length_302706_cov_36.268226	36.44	118	73	2	327	442	74629	74279	2e-11	73.5
NCVOG0012-consensus	NODE_15_length_589584_cov_37.775908	49.69	161	69	12	301	450	408499	408031	2.1e-34	149.7
NCVOG0012-consensus	NODE_15_length_589584_cov_37.775908	48.96	96	35	14	318	412	407872	407627	1.5e-19	100.4
NCVOG0012-consensus	NODE_30_length_302706_cov_36.268226	47.70	174	73	18	299	465	24623	24142	3.7e-34	148.9
NCVOG0012-consensus	NODE_2_length_1046662_cov_36.997729	43.42	152	72	14	295	432	725740	725288	9.8e-31	137.5
NCVOG0012-consensus	NODE_35_length_239974_cov_37.372331	48.00	125	60	5	294	415	130569	130934	7.4e-29	131.3
NCVOG0012-consensus	NODE_30_length_302706_cov_36.268226	32.12	358	196	47	86	415	89225	90230	2.2e-27	126.4
NCVOG0012-consensus	NODE_57_length_74922_cov_35.576618	38.75	160	87	11	254	405	68846	69313	3.3e-26	121.5
NCVOG0012-consensus	NODE_6_length_912210_cov_36.884486	38.72	235	92	52	229	413	644089	644780	7.8e-26	121.2
NCVOG0012-consensus	NODE_6_length_912210_cov_36.884486	37.17	191	100	20	262	434	661232	661795	8.6e-24	114.5
NCVOG0012-consensus	NODE_1_length_1080013_cov_36.967135	48.85	131	46	21	301	413	920191	919811	2.4e-25	119.6
NCVOG0012-consensus	NODE_20_length_461068_cov_36.420203	45.86	133	51	21	296	411	294139	293756	5.1e-25	118.5
NCVOG0012-consensus	NODE_20_length_461068_cov_36.420203	35.71	182	102	15	240	408	187904	187368	2.1e-18	96.6
NCVOG0012-consensus	NODE_8_length_756785_cov_36.210990	47.55	143	61	14	303	436	674789	675197	1.2e-23	113.9
NCVOG0012-consensus	NODE_9_length_724686_cov_36.964730	41.32	167	88	10	274	432	126755	126266	1.2e-22	110.7
NCVOG0012-consensus	NODE_9_length_724686_cov_36.964730	31.37	153	70	35	288	405	18786	18331	3.5e-13	79.2
NCVOG0012-consensus	NODE_30_length_302706_cov_36.268226	31.30	393	206	64	82	416	225000	223861	7.4e-21	104.7
NCVOG0012-consensus	NODE_30_length_302706_cov_36.268226	41.50	147	69	17	315	449	223830	223418	4e-16	89.0
NCVOG0012-consensus	NODE_11_length_691330_cov_37.232449	43.51	131	68	6	302	428	33886	33503	1.6e-20	103.6
NCVOG0012-consensus	NODE_41_length_188041_cov_36.490615	34.92	189	115	8	263	446	178952	178406	2.7e-20	100.9
NCVOG0012-consensus	NODE_10_length_694861_cov_37.111414	32.14	308	162	47	88	386	609607	610407	3.2e-20	102.0
NCVOG0012-consensus	NODE_4_length_957200_cov_36.852149	30.59	376	188	73	86	414	332141	331105	1.2e-19	100.6
NCVOG0012-consensus	NODE_2_length_1046662_cov_36.997729	28.84	371	213	51	87	419	381731	380665	1.5e-19	100.4
NCVOG0012-consensus	NODE_11_length_691330_cov_37.232449	39.29	196	104	15	309	498	502398	501849	2.6e-19	99.5
NCVOG0012-consensus	NODE_11_length_691330_cov_37.232449	34.27	213	118	22	261	454	532894	532276	2.2e-19	99.8
NCVOG0012-consensus	NODE_11_length_691330_cov_37.232449	31.76	255	153	21	200	434	507343	506595	2.5e-14	83.0
NCVOG0012-consensus	NODE_11_length_691330_cov_37.232449	36.92	130	74	8	298	421	505920	505540	5.9e-12	75.1
NCVOG0012-consensus	NODE_8_length_756785_cov_36.210990	36.97	211	114	19	302	498	225513	226123	2.6e-19	99.5
NCVOG0012-consensus	NODE_51_length_110794_cov_36.733347	35.57	194	85	40	244	408	63304	63849	6.1e-19	97.9
NCVOG0012-consensus	NODE_7_length_855419_cov_36.795681	41.29	155	69	22	301	435	278506	278961	9.9e-19	97.6
NCVOG0012-consensus	NODE_32_length_253877_cov_36.956556	43.59	156	48	40	298	414	593	1046	2.1e-18	96.6
NCVOG0012-consensus	NODE_16_length_584986_cov_36.556405	29.72	360	211	42	85	415	110502	111521	2.5e-18	96.3
NCVOG0012-consensus	NODE_9_length_724686_cov_36.964730	31.98	419	191	94	85	457	642161	641068	3.1e-18	95.7
NCVOG0012-consensus	NODE_7_length_855419_cov_36.795681	32.39	389	188	75	85	416	68494	67403	7.8e-18	94.7
NCVOG0012-consensus	NODE_7_length_855419_cov_36.795681	27.76	281	170	33	145	412	1289	514	1.1e-12	77.6
NCVOG0012-consensus	NODE_21_length_447063_cov_36.437425	24.59	488	320	48	28	478	59300	60715	2.4e-17	93.0
NCVOG0012-consensus	NODE_1_length_1080013_cov_36.967135	29.02	441	233	80	28	409	23971	22729	2.9e-17	92.8
NCVOG0012-consensus	NODE_7_length_855419_cov_36.795681	52.69	93	38	6	304	393	232215	231951	3.5e-17	92.5
NCVOG0012-consensus	NODE_8_length_756785_cov_36.210990	38.26	149	77	15	267	412	135944	136347	4.2e-17	92.2
NCVOG0012-consensus	NODE_24_length_412943_cov_37.541946	48.45	97	45	5	292	385	77394	77671	6.2e-17	91.7
NCVOG0012-consensus	NODE_28_length_344375_cov_37.628865	30.00	200	135	5	218	416	147929	147345	1.6e-16	90.3
NCVOG0012-consensus	NODE_28_length_344375_cov_37.628865	30.62	258	149	30	229	473	78139	77432	7.8e-14	81.4
NCVOG0012-consensus	NODE_5_length_957006_cov_36.879400	36.13	191	112	10	319	500	363595	364153	1.6e-16	90.3
NCVOG0012-consensus	NODE_6_length_912210_cov_36.884486	27.97	354	211	44	85	414	545170	544184	1.6e-16	90.3
NCVOG0012-consensus	NODE_1_length_1080013_cov_36.967135	30.72	345	207	32	85	402	746154	745158	1.9e-16	90.0
NCVOG0012-consensus	NODE_2_length_1046662_cov_36.997729	29.86	221	142	13	267	477	370108	370754	1.9e-16	90.0
NCVOG0012-consensus	NODE_7_length_855419_cov_36.795681	44.36	133	51	23	303	413	567575	567183	2.3e-16	89.8
NCVOG0012-consensus	NODE_6_length_912210_cov_36.884486	41.03	117	64	5	307	421	393243	392909	4e-16	89.0
NCVOG0012-consensus	NODE_25_length_411352_cov_36.692721	33.51	188	100	25	260	423	300204	299655	4.4e-16	88.4
NCVOG0012-consensus	NODE_16_length_584986_cov_36.556405	46.48	142	52	24	295	416	195583	195993	4.9e-16	88.7
NCVOG0012-consensus	NODE_17_length_560824_cov_36.525767	57.81	64	26	1	323	385	145494	145682	1.3e-15	87.3
NCVOG0012-consensus	NODE_41_length_188041_cov_36.490615	35.75	221	115	27	305	499	95029	94379	1.8e-15	86.8
NCVOG0012-consensus	NODE_15_length_589584_cov_37.775908	33.20	256	128	43	261	478	170446	169711	3.2e-15	86.0
NCVOG0012-consensus	NODE_15_length_589584_cov_37.775908	25.67	413	269	38	52	431	205116	203908	3.2e-15	86.0
NCVOG0012-consensus	NODE_4_length_957200_cov_36.852149	51.16	86	37	5	332	416	717870	717632	3.9e-15	85.7
NCVOG0012-consensus	NODE_6_length_912210_cov_36.884486	37.21	129	74	7	283	407	797012	797386	4.7e-15	85.4
NCVOG0012-consensus	NODE_6_length_912210_cov_36.884486	31.67	180	105	18	274	443	785403	785905	4.9e-12	75.4
NCVOG0012-consensus	NODE_21_length_447063_cov_36.437425	39.71	136	58	24	302	413	332293	332697	1.2e-14	84.1
NCVOG0012-consensus	NODE_34_length_244552_cov_36.935016	43.75	112	38	25	325	414	136897	136574	1.4e-14	83.8
NCVOG0012-consensus	NODE_40_length_194791_cov_38.072553	30.58	206	131	12	301	498	61117	61709	1.7e-14	83.5
NCVOG0012-consensus	NODE_36_length_226044_cov_36.092876	27.42	383	207	71	87	416	225502	224429	4.9e-14	81.1
NCVOG0012-consensus	NODE_6_length_912210_cov_36.884486	29.63	432	204	100	84	421	679963	678705	5.4e-14	81.9
NCVOG0012-consensus	NODE_34_length_244552_cov_36.935016	35.07	134	78	9	291	423	217732	218102	6e-14	81.1
NCVOG0012-consensus	NODE_4_length_957200_cov_36.852149	39.44	142	48	38	302	409	217011	217421	6.5e-14	81.6
NCVOG0012-consensus	NODE_12_length_677030_cov_36.942628	47.37	95	33	17	322	407	211262	211005	9.4e-14	81.1
NCVOG0012-consensus	NODE_24_length_412943_cov_37.541946	32.76	232	138	18	208	422	17522	16837	1.4e-13	80.6
NCVOG0012-consensus	NODE_22_length_444557_cov_36.796673	41.86	129	66	9	278	402	217542	217898	1.4e-13	80.6
NCVOG0012-consensus	NODE_22_length_444557_cov_36.796673	28.13	423	257	47	85	475	221580	222768	1.4e-13	80.6
NCVOG0012-consensus	NODE_9_length_724686_cov_36.964730	34.43	122	76	4	301	419	532013	531656	2e-13	80.0
NCVOG0012-consensus	NODE_19_length_486861_cov_36.913487	27.04	270	183	14	208	468	283749	284538	2.4e-13	79.7
NCVOG0012-consensus	NODE_12_length_677030_cov_36.942628	41.45	152	67	22	303	439	627256	626831	3.3e-13	78.4
NCVOG0012-consensus	NODE_12_length_677030_cov_36.942628	43.75	96	47	7	309	402	677020	676755	1.2e-12	76.5
NCVOG0012-consensus	NODE_42_length_184742_cov_36.111369	34.67	150	77	21	290	428	154094	153682	4.6e-13	76.7
NCVOG0012-consensus	NODE_75_length_19060_cov_36.953023	34.22	225	125	23	219	423	12090	11436	5.3e-13	75.6
NCVOG0012-consensus	NODE_13_length_636304_cov_36.884129	44.10	161	71	19	288	434	429121	429581	6.2e-13	78.4
NCVOG0012-consensus	NODE_13_length_636304_cov_36.884129	36.55	145	54	38	306	414	427048	427473	1.4e-14	83.8
NCVOG0012-consensus	NODE_4_length_957200_cov_36.852149	40.98	122	51	21	310	413	528469	528122	7.5e-13	78.1
NCVOG0012-consensus	NODE_13_length_636304_cov_36.884129	30.54	334	185	47	88	391	173429	174366	7.5e-13	78.1
NCVOG0012-consensus	NODE_5_length_957006_cov_36.879400	48.51	101	39	13	324	413	62409	62122	9e-13	77.8
NCVOG0012-consensus	NODE_42_length_184742_cov_36.111369	34.59	159	96	8	340	495	4794	5250	1.1e-12	77.6
NCVOG0012-consensus	NODE_12_length_677030_cov_36.942628	36.23	138	67	21	321	442	303209	303604	1.1e-12	77.6
NCVOG0012-consensus	NODE_34_length_244552_cov_36.935016	44.90	98	46	8	305	395	74559	74838	1.6e-12	77.0
NCVOG0012-consensus	NODE_28_length_344375_cov_37.628865	28.82	340	214	28	96	416	180187	179214	1.6e-12	77.0
NCVOG0012-consensus	NODE_27_length_353278_cov_36.900634	32.16	199	105	30	227	410	335711	336257	1.8e-12	75.4
NCVOG0012-consensus	NODE_16_length_584986_cov_36.556405	34.97	183	83	36	267	416	16229	15695	1.9e-12	76.8
NCVOG0012-consensus	NODE_11_length_691330_cov_37.232449	32.66	199	116	18	228	410	555521	556104	2.3e-12	76.5
NCVOG0012-consensus	NODE_33_length_247608_cov_36.845918	31.68	202	126	12	228	423	51060	50478	2.8e-12	76.2
NCVOG0012-consensus	NODE_29_length_344183_cov_37.032089	25.67	300	185	38	94	378	295920	296737	4.9e-12	75.4
NCVOG0012-consensus	NODE_36_length_226044_cov_36.092876	35.71	140	87	3	311	449	148579	148169	7.1e-12	74.9
NCVOG0012-consensus	NODE_36_length_226044_cov_36.092876	38.14	194	84	36	269	427	28775	28210	2.9e-13	79.5
NCVOG0012-consensus	NODE_13_length_636304_cov_36.884129	42.45	106	48	13	318	416	98507	98801	7.1e-12	74.9
NCVOG0012-consensus	NODE_115_length_3428_cov_33.026559	34.62	156	86	16	286	425	1441	1903	7.2e-12	69.4
NCVOG0012-consensus	NODE_41_length_188041_cov_36.490615	40.50	121	61	11	297	414	51961	52296	1e-11	74.3
NCVOG0012-consensus	NODE_10_length_694861_cov_37.111414	37.50	152	84	11	291	436	350199	350624	1.3e-11	74.0
NCVOG0012-consensus	NODE_34_length_244552_cov_36.935016	36.31	157	76	24	312	444	215761	215294	1.4e-11	73.2
NCVOG0012-consensus	NODE_674_length_226_cov_28.214765	50.00	68	32	2	305	372	27	221	1.4e-11	64.5
NCVOG0012-consensus	NODE_1_length_1080013_cov_36.967135	38.66	194	92	27	298	466	518920	519472	1.8e-11	73.5
NCVOG0012-consensus	NODE_12_length_677030_cov_36.942628	36.72	128	68	13	306	420	394284	393906	1.8e-11	73.5
NCVOG0012-consensus	NODE_47_length_125427_cov_36.670299	28.76	226	136	25	264	484	67196	67810	1.8e-11	73.2
NCVOG0012-consensus	NODE_32_length_253877_cov_36.956556	28.03	239	149	23	222	452	68186	67534	2.2e-11	73.2
NCVOG0012-consensus	NODE_48_length_124283_cov_37.252886	33.83	201	105	28	309	489	56201	55646	2.2e-11	73.0
NCVOG0012-consensus	NODE_31_length_254424_cov_36.820592	37.80	127	71	8	307	431	84876	85231	2.7e-11	73.0
NCVOG0012-consensus	NODE_5_length_957006_cov_36.879400	27.15	302	187	33	85	369	785033	785879	2.7e-11	73.0
NCVOG0012-consensus	NODE_5_length_957006_cov_36.879400	43.51	131	66	8	304	426	759269	759648	1.8e-11	73.5
NCVOG0012-consensus	NODE_40_length_194791_cov_38.072553	35.98	164	93	12	268	420	152614	153085	3e-11	71.0
NCVOG0012-consensus	NODE_338_length_396_cov_36.570533	36.28	113	64	8	309	414	334	4	3.3e-11	64.1
NCVOG0012-consensus	NODE_26_length_373413_cov_37.150280	40.65	123	48	25	311	408	94299	93940	3.9e-11	72.4
NCVOG0012-consensus	NODE_4_length_957200_cov_36.852149	30.53	190	117	15	304	488	939086	939616	4e-11	71.0
NCVOG0012-consensus	NODE_8_length_756785_cov_36.210990	39.52	124	61	14	301	413	538739	538380	5.6e-11	71.9
NCVOG0012-consensus	NODE_22_length_444557_cov_36.796673	39.68	126	68	8	312	431	378396	378756	6.6e-11	71.6
NCVOG0012-consensus	NODE_39_length_206593_cov_36.293411	37.23	137	78	8	296	429	195889	196277	6.7e-11	70.2
NCVOG0012-consensus	NODE_2_length_1046662_cov_36.997729	39.55	134	55	26	295	405	265100	265483	6.8e-11	71.6
NCVOG0012-consensus	NODE_2_length_1046662_cov_36.997729	33.73	166	100	10	260	419	543101	542619	6.8e-11	71.6
NCVOG0012-consensus	NODE_36_length_226044_cov_36.092876	29.24	383	221	50	84	433	7795	8867	9.9e-11	71.1
NCVOG0012-consensus	NODE_4_length_957200_cov_36.852149	45.83	120	52	13	308	420	139782	140102	9.9e-11	71.1
NCVOG0012-consensus	NODE_12_length_677030_cov_36.942628	28.73	362	205	53	79	403	505683	504673	9.9e-11	71.1
NCVOG1127-consensus	NODE_3_length_959961_cov_36.961272	26.64	214	145	12	82	289	479729	479109	3.2e-15	86.2
NCVOG0868-consensus	NODE_41_length_188041_cov_36.490615	54.29	70	27	5	156	220	178779	178573	3.9e-15	83.3
NCVOG0868-consensus	NODE_2_length_1046662_cov_36.997729	43.86	114	52	12	158	260	725671	725340	9.3e-13	77.4
NCVOG0868-consensus	NODE_27_length_353278_cov_36.900634	59.70	67	23	4	164	227	344118	344310	1.3e-12	75.5
NCVOG0868-consensus	NODE_11_length_691330_cov_37.232449	52.78	72	31	3	160	231	33844	33641	2.8e-11	72.5
NCVOG0868-consensus	NODE_1622_length_137_cov_6.650000	55.56	45	20	0	160	204	137	6	3e-11	62.3
NCVOG0181-consensus	NODE_16_length_584986_cov_36.556405	26.65	484	287	68	1	430	353464	352062	1.5e-27	126.7
NCVOG0181-consensus	NODE_66_length_35137_cov_38.688677	26.04	480	301	54	1	436	9762	8356	7.2e-22	105.8
NCVOG0181-consensus	NODE_27_length_353278_cov_36.900634	26.11	360	196	70	92	388	350557	351612	1.3e-12	75.7
NCVOG1188-consensus	NODE_57_length_74922_cov_35.576618	35.22	159	87	16	63	214	68888	69334	1.7e-12	75.1
NCVOG0190-consensus	NODE_11_length_691330_cov_37.232449	34.52	168	99	11	169	334	33929	33458	9.3e-17	91.1
NCVOG0190-consensus	NODE_41_length_188041_cov_36.490615	46.09	115	51	11	184	291	178776	178447	2.7e-15	84.3
NCVOG0190-consensus	NODE_30_length_302706_cov_36.268226	43.18	88	49	1	183	270	24563	24306	9.8e-14	81.1
NCVOG0190-consensus	NODE_2_length_1046662_cov_36.997729	39.23	130	68	11	166	294	725776	725420	2.5e-13	79.7
NCVOG0190-consensus	NODE_15_length_589584_cov_37.775908	39.34	122	61	13	183	292	408335	407976	9.3e-13	77.8
NCVOG0190-consensus	NODE_1_length_1080013_cov_36.967135	37.07	116	57	16	181	286	920158	919832	2e-12	76.7
NCVOG0190-consensus	NODE_57_length_74922_cov_35.576618	33.13	166	94	17	178	335	68981	69444	9.5e-12	73.5
NCVOG0190-consensus	NODE_35_length_239974_cov_37.372331	28.51	228	136	27	183	402	130623	131238	3.3e-11	72.7
NCVOG0190-consensus	NODE_20_length_461068_cov_36.420203	37.74	106	57	9	185	286	187667	187368	7e-11	71.6
NCVOG0025-consensus	NODE_17_length_560824_cov_36.525767	26.07	445	267	62	101	515	324077	322846	1.7e-17	93.6
NCVOG0025-consensus	NODE_11_length_691330_cov_37.232449	28.34	434	234	77	111	521	606652	607788	7.1e-17	90.8
NCVOG0025-consensus	NODE_13_length_636304_cov_36.884129	27.54	443	256	65	91	521	614843	613677	6.9e-15	83.0
NCVOG0025-consensus	NODE_11_length_691330_cov_37.232449	24.53	428	272	51	85	486	62197	63396	2.7e-14	83.0
NCVOG0025-consensus	NODE_5_length_957006_cov_36.879400	26.92	390	228	57	104	487	215033	216046	1.2e-13	80.8
NCVOG0025-consensus	NODE_1_length_1080013_cov_36.967135	24.02	408	262	48	85	491	345260	344181	2.5e-13	79.7
NCVOG0025-consensus	NODE_1_length_1080013_cov_36.967135	24.26	404	269	37	112	508	873433	872315	1.1e-11	74.3
NCVOG0025-consensus	NODE_22_length_444557_cov_36.796673	22.78	461	300	56	31	487	49259	50482	1.9e-11	73.5
NCVOG0271-consensus	NODE_24_length_412943_cov_37.541946	40.70	1194	521	187	147	1156	204039	200482	2.4e-105	386.6
NCVOG0271-consensus	NODE_2_length_1046662_cov_36.997729	28.09	1189	703	152	81	1153	470493	467048	2.6e-22	110.8
NCVOG0271-consensus	NODE_2_length_1046662_cov_36.997729	32.27	1258	647	205	27	1107	173411	177089	3e-21	107.2
NCVOG4568-consensus	NODE_23_length_440405_cov_36.880430	46.63	178	91	4	309	485	262601	263122	2e-22	109.9
NCVOG4568-consensus	NODE_7_length_855419_cov_36.795681	51.15	174	75	10	315	482	3603	3107	7.3e-21	104.7
NCVOG4568-consensus	NODE_7_length_855419_cov_36.795681	40.91	176	96	8	305	476	5334	4826	4.3e-14	82.2
NCVOG4568-consensus	NODE_66_length_35137_cov_38.688677	46.43	168	76	14	328	490	31380	30913	4.2e-20	100.1
NCVOG4568-consensus	NODE_18_length_558056_cov_36.479147	29.50	278	191	5	200	474	518351	517529	5.6e-18	94.7
NCVOG4568-consensus	NODE_28_length_344375_cov_37.628865	31.44	388	240	26	121	487	152029	150904	9.2e-18	94.4
NCVOG4568-consensus	NODE_33_length_247608_cov_36.845918	28.35	328	219	16	164	476	4441	5404	4.1e-17	92.2
NCVOG4568-consensus	NODE_33_length_247608_cov_36.845918	36.81	163	94	9	322	475	5411	5896	6.3e-14	81.6
NCVOG4568-consensus	NODE_3_length_959961_cov_36.961272	30.09	339	208	29	181	491	318737	319735	7.3e-17	91.4
NCVOG4568-consensus	NODE_3_length_959961_cov_36.961272	34.87	195	113	14	303	483	317763	318344	6e-17	91.7
NCVOG4568-consensus	NODE_3_length_959961_cov_36.961272	39.44	180	103	6	309	482	317139	317675	7.3e-17	91.4
NCVOG4568-consensus	NODE_3_length_959961_cov_36.961272	39.39	165	91	9	305	464	438396	438873	1e-11	74.3
NCVOG4568-consensus	NODE_5_length_957006_cov_36.879400	31.54	279	184	7	200	475	702608	703417	7.3e-17	91.4
NCVOG4568-consensus	NODE_19_length_486861_cov_36.913487	48.00	200	82	22	305	485	303584	304171	8.8e-17	91.1
NCVOG4568-consensus	NODE_3_length_959961_cov_36.961272	41.71	175	101	1	309	482	569199	569720	4e-16	89.0
NCVOG4568-consensus	NODE_5_length_957006_cov_36.879400	25.96	470	316	32	44	483	804020	805412	8.4e-16	87.9
NCVOG4568-consensus	NODE_31_length_254424_cov_36.820592	44.27	192	91	16	304	479	234292	234860	1.7e-14	83.0
NCVOG4568-consensus	NODE_16_length_584986_cov_36.556405	37.85	177	101	9	308	482	511928	512434	1.2e-13	80.6
NCVOG4568-consensus	NODE_5_length_957006_cov_36.879400	40.41	193	104	11	308	489	892726	892151	4.1e-13	78.9
NCVOG4568-consensus	NODE_56_length_75446_cov_35.960979	29.50	322	203	24	182	482	37195	36248	5.4e-13	77.6
NCVOG4568-consensus	NODE_6_length_912210_cov_36.884486	40.78	179	101	5	309	485	751461	750937	7.3e-13	78.1
NCVOG4568-consensus	NODE_27_length_353278_cov_36.900634	39.47	190	103	12	305	488	174579	175127	1.3e-12	77.3
NCVOG4568-consensus	NODE_27_length_353278_cov_36.900634	42.20	173	78	22	329	490	248209	248689	7.3e-13	78.1
NCVOG4568-consensus	NODE_15_length_589584_cov_37.775908	30.81	185	120	8	282	458	408537	407986	1.3e-12	77.3
NCVOG4568-consensus	NODE_6_length_912210_cov_36.884486	36.09	169	95	13	324	491	434884	434421	4e-12	75.7
NCVOG4568-consensus	NODE_27_length_353278_cov_36.900634	53.04	115	45	9	370	477	119934	119599	5.8e-12	75.1
NCVOG4568-consensus	NODE_5_length_957006_cov_36.879400	38.66	194	106	13	307	489	214938	214370	1.5e-11	73.8
NCVOG4568-consensus	NODE_26_length_373413_cov_37.150280	33.22	289	171	22	213	488	353506	352680	1.6e-11	72.7
NCVOG4568-consensus	NODE_40_length_194791_cov_38.072553	38.24	170	104	1	287	455	3348	3852	2.1e-11	73.2
NCVOG4568-consensus	NODE_21_length_447063_cov_36.437425	42.93	184	93	12	311	482	85999	85451	3.1e-11	72.7
NCVOG4568-consensus	NODE_21_length_447063_cov_36.437425	40.49	205	91	31	310	490	85336	84746	1.8e-11	73.5
NCVOG4568-consensus	NODE_24_length_412943_cov_37.541946	44.87	156	80	6	328	477	232022	231566	3.8e-11	72.4
NCVOG4568-consensus	NODE_6_length_912210_cov_36.884486	30.10	196	131	6	295	490	791781	792347	9.7e-11	71.1
NCVOG0061-consensus	NODE_19_length_486861_cov_36.913487	31.03	564	300	89	59	541	19930	21590	1.6e-30	136.9
NCVOG0451-consensus	NODE_20_length_461068_cov_36.420203	30.86	256	165	12	129	376	145353	144601	1.4e-15	86.9
NCVOG0451-consensus	NODE_4_length_957200_cov_36.852149	32.63	285	174	18	124	400	754163	754982	1.7e-14	83.3
NCVOG0967-consensus	NODE_3_length_959961_cov_36.961272	20.48	957	695	66	37	966	317025	319775	4.1e-16	89.9
NCVOG0967-consensus	NODE_73_length_21397_cov_68.367730	23.44	593	408	46	359	927	19575	21278	7.1e-13	76.3
NCVOG1351-consensus	NODE_17_length_560824_cov_36.525767	35.71	280	142	38	174	428	136645	135852	2.5e-24	116.3
NCVOG1351-consensus	NODE_14_length_595033_cov_36.303323	32.79	244	114	50	167	360	256804	257528	1e-13	81.1
NCVOG4241-consensus	NODE_12_length_677030_cov_36.942628	29.31	174	118	5	1	172	380920	381421	3.3e-11	71.1
NCVOG0531-consensus	NODE_27_length_353278_cov_36.900634	31.66	199	128	8	1	191	298869	299462	2.6e-14	82.8
NCVOG0531-consensus	NODE_9_length_724686_cov_36.964730	23.73	236	143	37	8	206	520836	520134	5.8e-11	71.6
NCVOG0301-consensus	NODE_6_length_912210_cov_36.884486	27.44	328	177	61	264	537	766555	767514	4.5e-12	75.6
NCVOG1121-consensus	NODE_5_length_957006_cov_36.879400	24.02	433	289	40	102	519	702620	703832	4.5e-13	78.9
NCVOG0021-consensus	NODE_16_length_584986_cov_36.556405	24.50	604	419	37	4	579	197248	195477	1.1e-23	115.1
NCVOG0021-consensus	NODE_21_length_447063_cov_36.437425	24.90	482	334	28	73	540	84870	86270	1.3e-19	101.6
NCVOG0021-consensus	NODE_9_length_724686_cov_36.964730	25.74	509	331	47	278	767	640681	642120	8.3e-18	95.3
NCVOG0021-consensus	NODE_7_length_855419_cov_36.795681	22.74	708	495	52	101	790	67081	69089	6.5e-13	79.3
NCVOG0021-consensus	NODE_4_length_957200_cov_36.852149	28.66	335	226	13	61	391	555144	554170	3.5e-12	76.9
NCVOG0021-consensus	NODE_10_length_694861_cov_37.111414	32.62	279	175	13	149	419	610430	609612	4e-12	76.1
NCVOG0021-consensus	NODE_18_length_558056_cov_36.479147	22.27	247	184	8	175	416	413162	412434	1.6e-11	74.7
NCVOG0021-consensus	NODE_6_length_912210_cov_36.884486	34.05	232	123	30	568	794	644770	644153	1.9e-11	74.4
NCVOG2860-consensus	NODE_4_length_957200_cov_36.852149	24.10	249	184	5	118	364	754154	754888	5.7e-11	71.4
NCVOG0001-consensus	NODE_17_length_560824_cov_36.525767	45.10	286	136	21	320	600	482487	481681	4.5e-47	191.7
NCVOG0001-consensus	NODE_16_length_584986_cov_36.556405	47.81	251	113	18	313	556	136487	135771	7.2e-47	191.4
NCVOG0001-consensus	NODE_2_length_1046662_cov_36.997729	39.41	236	124	19	328	555	419881	419210	6e-35	151.8
NCVOG0001-consensus	NODE_49_length_124018_cov_36.897580	38.53	218	124	10	340	556	41977	42596	1.2e-29	133.9
NCVOG0001-consensus	NODE_19_length_486861_cov_36.913487	41.88	308	160	19	258	560	82522	83392	1.8e-29	133.7
NCVOG0001-consensus	NODE_31_length_254424_cov_36.820592	36.10	277	137	40	333	577	193466	194267	1.3e-25	120.4
NCVOG0001-consensus	NODE_8_length_756785_cov_36.210990	38.46	208	110	18	364	565	590063	590647	1.1e-23	114.4
NCVOG0001-consensus	NODE_8_length_756785_cov_36.210990	42.68	246	123	18	314	555	178777	179469	1.6e-23	113.9
NCVOG0001-consensus	NODE_8_length_756785_cov_36.210990	30.72	293	157	46	341	598	179905	180747	1.4e-12	77.5
NCVOG0001-consensus	NODE_7_length_855419_cov_36.795681	35.94	217	119	20	371	578	625565	624955	1.4e-20	104.1
NCVOG0001-consensus	NODE_16_length_584986_cov_36.556405	29.86	288	160	42	302	556	371416	372245	7.7e-20	101.7
NCVOG0001-consensus	NODE_1_length_1080013_cov_36.967135	44.83	174	81	15	331	500	409888	410373	5.8e-18	95.4
NCVOG0001-consensus	NODE_47_length_125427_cov_36.670299	38.01	271	111	57	360	579	14866	14081	3.8e-17	92.4
NCVOG0001-consensus	NODE_10_length_694861_cov_37.111414	38.37	245	134	17	328	566	388125	387427	6.4e-16	88.6
NCVOG0001-consensus	NODE_10_length_694861_cov_37.111414	35.74	333	164	50	320	613	389116	388156	1.5e-25	120.6
NCVOG0001-consensus	NODE_40_length_194791_cov_38.072553	35.38	277	161	18	297	566	135797	135003	1.1e-15	87.8
NCVOG0001-consensus	NODE_40_length_194791_cov_38.072553	39.85	271	124	39	320	562	136688	135916	3.8e-33	145.9
NCVOG0001-consensus	NODE_17_length_560824_cov_36.525767	28.46	260	174	12	322	571	163371	164141	8.5e-14	81.6
NCVOG0001-consensus	NODE_9_length_724686_cov_36.964730	31.23	301	137	70	357	598	110508	109646	8.5e-14	81.6
NCVOG0001-consensus	NODE_19_length_486861_cov_36.913487	32.23	211	111	32	367	555	463604	463007	1.6e-11	72.1
NCVOG2058-consensus	NODE_4_length_957200_cov_36.852149	36.36	253	153	8	91	341	754160	754897	4.9e-26	121.6
NCVOG2058-consensus	NODE_25_length_411352_cov_36.692721	36.36	286	164	18	103	371	53897	54748	2.2e-21	106.1
NCVOG2058-consensus	NODE_25_length_411352_cov_36.692721	31.72	227	149	6	88	308	53217	53890	4.9e-14	81.7
NCVOG2058-consensus	NODE_20_length_461068_cov_36.420203	34.70	268	165	10	109	369	145131	144340	3.5e-15	85.5
NCVOG2058-consensus	NODE_4_length_957200_cov_36.852149	27.24	268	175	20	45	292	257307	256507	2.4e-11	72.8
NCVOG0066-consensus	NODE_16_length_584986_cov_36.556405	35.76	316	176	27	119	409	312646	313582	2.2e-27	126.6
NCVOG0066-consensus	NODE_16_length_584986_cov_36.556405	30.73	384	224	42	89	432	313883	315025	2.7e-23	113.1
NCVOG0066-consensus	NODE_16_length_584986_cov_36.556405	36.72	354	165	59	114	410	311499	312543	1.8e-14	83.8
NCVOG0038-consensus	NODE_23_length_440405_cov_36.880430	32.25	1073	494	233	104	982	372034	375122	2.1e-33	147.4
NCVOG0038-consensus	NODE_8_length_756785_cov_36.210990	26.51	743	486	60	257	966	461181	459049	3.8e-32	143.3
NCVOG0228-consensus	NODE_4_length_957200_cov_36.852149	28.30	682	419	70	288	922	442901	440932	4.7e-16	89.6
NCVOG0218-consensus	NODE_9_length_724686_cov_36.964730	36.80	519	259	69	423	898	642280	640809	5.2e-70	268.9
NCVOG0218-consensus	NODE_9_length_724686_cov_36.964730	42.97	128	67	6	635	758	603663	603295	2.5e-18	97.2
NCVOG0218-consensus	NODE_15_length_589584_cov_37.775908	36.33	567	313	48	377	915	409190	407579	1.3e-69	267.8
NCVOG0218-consensus	NODE_7_length_855419_cov_36.795681	35.09	701	332	123	352	943	69076	67023	2.8e-69	266.7
NCVOG0218-consensus	NODE_7_length_855419_cov_36.795681	28.16	586	365	56	294	849	2062	396	4.7e-24	116.5
NCVOG0218-consensus	NODE_30_length_302706_cov_36.268226	35.68	611	318	75	362	901	225328	223531	7.1e-65	252.1
NCVOG0218-consensus	NODE_6_length_912210_cov_36.884486	38.48	395	198	45	480	845	643651	644780	7.1e-61	238.8
NCVOG0218-consensus	NODE_6_length_912210_cov_36.884486	52.00	125	55	5	706	826	661370	661738	1.3e-28	131.7
NCVOG0218-consensus	NODE_16_length_584986_cov_36.556405	33.33	630	356	64	320	903	109935	111731	1.9e-53	214.1
NCVOG0218-consensus	NODE_16_length_584986_cov_36.556405	28.65	342	216	28	454	782	48038	48999	1.1e-16	92.1
NCVOG0218-consensus	NODE_16_length_584986_cov_36.556405	26.11	337	221	28	597	913	21523	22498	5.7e-12	76.3
NCVOG0218-consensus	NODE_30_length_302706_cov_36.268226	47.22	288	128	24	571	846	25119	24315	2.9e-50	203.5
NCVOG0218-consensus	NODE_10_length_694861_cov_37.111414	41.69	295	155	17	630	919	609607	610452	3.6e-48	195.9
NCVOG0218-consensus	NODE_6_length_912210_cov_36.884486	33.48	672	335	112	322	901	545643	543697	6.8e-48	195.7
NCVOG0218-consensus	NODE_20_length_461068_cov_36.420203	44.26	244	119	17	666	896	294298	293598	2.1e-43	180.8
NCVOG0218-consensus	NODE_20_length_461068_cov_36.420203	40.94	149	83	5	592	735	187817	187374	6.9e-20	102.6
NCVOG0218-consensus	NODE_11_length_691330_cov_37.232449	33.19	702	302	167	354	898	508474	506402	4.5e-43	179.7
NCVOG0218-consensus	NODE_11_length_691330_cov_37.232449	39.75	239	127	17	648	873	532764	532075	2.3e-33	147.4
NCVOG0218-consensus	NODE_11_length_691330_cov_37.232449	60.22	93	33	4	784	875	502398	502132	4.5e-23	113.2
NCVOG0218-consensus	NODE_2_length_1046662_cov_36.997729	28.64	660	409	62	350	962	382096	380185	2.9e-42	177.0
NCVOG0218-consensus	NODE_2_length_1046662_cov_36.997729	32.37	448	240	63	497	906	328485	327256	9.1e-30	135.5
NCVOG0218-consensus	NODE_75_length_19060_cov_36.953023	29.61	770	406	136	351	994	6838	9110	3.3e-40	167.2
NCVOG0218-consensus	NODE_21_length_447063_cov_36.437425	31.72	454	270	40	454	884	331604	332881	6.7e-40	169.1
NCVOG0218-consensus	NODE_21_length_447063_cov_36.437425	27.85	553	363	36	349	876	423697	425277	5.9e-13	79.6
NCVOG0218-consensus	NODE_21_length_447063_cov_36.437425	29.66	327	208	22	589	898	425831	426769	8.6e-13	79.0
NCVOG0218-consensus	NODE_16_length_584986_cov_36.556405	43.59	273	129	25	616	863	195475	196290	2.5e-39	167.2
NCVOG0218-consensus	NODE_36_length_226044_cov_36.092876	31.83	553	323	54	349	866	225834	224262	1e-38	164.2
NCVOG0218-consensus	NODE_36_length_226044_cov_36.092876	31.21	471	238	86	499	890	28849	27473	1.1e-38	165.0
NCVOG0218-consensus	NODE_36_length_226044_cov_36.092876	30.44	496	285	60	369	818	35925	34527	1.3e-21	108.3
NCVOG0218-consensus	NODE_36_length_226044_cov_36.092876	32.92	325	191	27	530	838	93783	92867	4.7e-20	103.2
NCVOG0218-consensus	NODE_36_length_226044_cov_36.092876	27.66	441	275	44	408	821	43351	42095	2.1e-19	101.0
NCVOG0218-consensus	NODE_36_length_226044_cov_36.092876	44.14	111	59	3	690	798	148570	148246	3e-14	83.9
NCVOG0218-consensus	NODE_1_length_1080013_cov_36.967135	26.18	573	368	55	355	880	188810	190495	1.7e-38	164.5
NCVOG0218-consensus	NODE_30_length_302706_cov_36.268226	30.68	528	305	61	404	884	88811	90335	7.2e-37	159.1
NCVOG0218-consensus	NODE_30_length_302706_cov_36.268226	32.32	591	265	135	438	906	18453	20147	8.6e-37	158.8
NCVOG0218-consensus	NODE_4_length_957200_cov_36.852149	41.47	258	132	19	604	853	216954	217685	1.5e-36	158.0
NCVOG0218-consensus	NODE_4_length_957200_cov_36.852149	29.80	453	276	42	451	873	259196	260491	2.8e-25	120.5
NCVOG0218-consensus	NODE_1_length_1080013_cov_36.967135	50.66	152	68	7	655	804	920248	919811	5.7e-36	156.1
NCVOG0218-consensus	NODE_7_length_855419_cov_36.795681	40.48	252	140	10	650	897	567646	566916	8.2e-36	155.5
NCVOG0218-consensus	NODE_14_length_595033_cov_36.303323	30.13	375	233	29	545	903	116447	117529	5.4e-35	152.8
NCVOG0218-consensus	NODE_41_length_188041_cov_36.490615	30.66	512	317	38	387	873	179549	178080	6.3e-35	150.6
NCVOG0218-consensus	NODE_51_length_110794_cov_36.733347	31.12	421	236	54	563	937	63104	64307	7e-35	152.0
NCVOG0218-consensus	NODE_2_length_1046662_cov_36.997729	41.83	208	109	12	611	810	725904	725308	9.5e-35	152.0
NCVOG0218-consensus	NODE_57_length_74922_cov_35.576618	38.71	217	119	14	720	925	68877	69507	3.6e-33	145.8
NCVOG0218-consensus	NODE_4_length_957200_cov_36.852149	44.64	168	87	6	680	844	331545	331058	1.2e-31	141.7
NCVOG0218-consensus	NODE_32_length_253877_cov_36.956556	35.00	360	211	23	536	876	10	1046	2.6e-31	140.6
NCVOG0218-consensus	NODE_6_length_912210_cov_36.884486	29.47	655	380	82	350	932	680372	678467	2.6e-31	140.6
NCVOG0218-consensus	NODE_6_length_912210_cov_36.884486	27.41	653	348	126	361	899	676942	675071	2e-14	84.5
NCVOG0218-consensus	NODE_35_length_239974_cov_37.372331	52.99	134	45	18	679	812	130587	130931	6.5e-31	139.3
NCVOG0218-consensus	NODE_35_length_239974_cov_37.372331	28.08	438	274	41	320	737	36209	37442	2.7e-12	77.4
NCVOG0218-consensus	NODE_24_length_412943_cov_37.541946	34.02	291	183	9	613	897	17439	16581	4.3e-30	136.5
NCVOG0218-consensus	NODE_5_length_957006_cov_36.879400	29.65	489	300	44	353	821	604632	606013	6.2e-30	136.0
NCVOG0218-consensus	NODE_5_length_957006_cov_36.879400	28.02	364	238	24	506	856	652411	653454	1.9e-17	94.5
NCVOG0218-consensus	NODE_5_length_957006_cov_36.879400	27.67	430	268	43	394	799	654324	655533	2.1e-15	87.7
NCVOG0218-consensus	NODE_1_length_1080013_cov_36.967135	26.78	687	440	63	324	970	23908	21956	1.9e-29	134.4
NCVOG0218-consensus	NODE_9_length_724686_cov_36.964730	29.56	504	306	49	360	823	380026	381501	5.9e-29	132.8
NCVOG0218-consensus	NODE_9_length_724686_cov_36.964730	26.95	449	282	46	428	841	383478	384762	1.2e-18	98.6
NCVOG0218-consensus	NODE_22_length_444557_cov_36.796673	33.33	369	205	41	550	878	49503	48409	1e-28	131.9
NCVOG0218-consensus	NODE_12_length_677030_cov_36.942628	34.43	575	300	77	363	901	379726	381304	2.7e-28	130.6
NCVOG0218-consensus	NODE_12_length_677030_cov_36.942628	32.49	357	193	48	577	895	302733	303760	2.7e-28	130.6
NCVOG0218-consensus	NODE_12_length_677030_cov_36.942628	30.71	267	160	25	546	793	381323	382102	1.6e-17	94.8
NCVOG0218-consensus	NODE_40_length_194791_cov_38.072553	32.52	329	191	31	590	888	61051	62009	3.2e-28	130.3
NCVOG0218-consensus	NODE_9_length_724686_cov_36.964730	24.31	654	428	67	347	944	640543	642458	4.8e-28	129.5
NCVOG0218-consensus	NODE_7_length_855419_cov_36.795681	44.97	149	67	15	620	764	278491	278901	6.9e-28	129.2
NCVOG0218-consensus	NODE_7_length_855419_cov_36.795681	32.76	232	146	10	667	889	286234	286911	5e-13	79.9
NCVOG0218-consensus	NODE_3_length_959961_cov_36.961272	31.79	475	281	43	368	823	59862	61201	1.2e-27	128.4
NCVOG0218-consensus	NODE_3_length_959961_cov_36.961272	29.78	366	216	41	513	850	17945	18976	9.6e-19	98.8
NCVOG0218-consensus	NODE_3_length_959961_cov_36.961272	25.65	581	363	69	353	882	25757	27424	2.2e-16	91.0
NCVOG0218-consensus	NODE_2_length_1046662_cov_36.997729	29.72	545	338	45	313	825	1004520	1002946	1.4e-26	124.9
NCVOG0218-consensus	NODE_2_length_1046662_cov_36.997729	30.03	656	322	137	377	900	1025371	1023466	1.6e-29	134.6
NCVOG0218-consensus	NODE_8_length_756785_cov_36.210990	50.38	131	48	17	789	905	674795	675175	1.4e-26	124.9
NCVOG0218-consensus	NODE_6_length_912210_cov_36.884486	37.30	244	133	20	638	869	796688	797386	1.7e-26	124.6
NCVOG0218-consensus	NODE_2_length_1046662_cov_36.997729	28.71	498	282	73	453	884	945846	947283	2e-26	124.3
NCVOG0218-consensus	NODE_46_length_134065_cov_36.326783	28.05	688	418	77	356	993	80525	82462	2.2e-26	124.1
NCVOG0218-consensus	NODE_46_length_134065_cov_36.326783	40.00	185	94	17	643	811	69108	69622	5.1e-16	89.6
NCVOG0218-consensus	NODE_46_length_134065_cov_36.326783	37.56	213	104	29	604	789	76499	77096	7.8e-13	79.0
NCVOG0218-consensus	NODE_13_length_636304_cov_36.884129	28.57	658	349	121	354	901	165666	163747	6.2e-26	122.7
NCVOG0218-consensus	NODE_13_length_636304_cov_36.884129	32.70	529	274	82	409	863	167216	165679	2e-22	111.1
NCVOG0218-consensus	NODE_28_length_344375_cov_37.628865	37.89	227	127	14	639	854	147935	147291	1.3e-25	121.6
NCVOG0218-consensus	NODE_28_length_344375_cov_37.628865	45.08	122	56	11	631	744	78002	77661	2.3e-13	80.9
NCVOG0218-consensus	NODE_22_length_444557_cov_36.796673	36.90	290	156	27	632	898	217222	216388	1.6e-25	121.4
NCVOG0218-consensus	NODE_9_length_724686_cov_36.964730	31.46	391	211	57	547	883	19416	18258	2.8e-25	120.5
NCVOG0218-consensus	NODE_9_length_724686_cov_36.964730	49.67	153	65	12	682	826	126674	126255	2.8e-25	120.5
NCVOG0218-consensus	NODE_9_length_724686_cov_36.964730	26.23	408	268	33	499	890	139447	138290	4.3e-14	83.4
NCVOG0218-consensus	NODE_2_length_1046662_cov_36.997729	32.33	433	254	39	470	880	161108	159894	3.4e-25	120.3
NCVOG0218-consensus	NODE_11_length_691330_cov_37.232449	43.42	152	68	18	581	727	33969	33560	4.1e-25	120.0
NCVOG0218-consensus	NODE_52_length_105005_cov_36.471228	31.50	346	205	32	589	903	35286	36309	1.2e-23	114.6
NCVOG0218-consensus	NODE_23_length_440405_cov_36.880430	29.45	550	334	54	400	912	72971	71398	1.5e-23	114.8
NCVOG0218-consensus	NODE_15_length_589584_cov_37.775908	26.78	676	343	152	357	897	205819	203866	5.4e-23	113.0
NCVOG0218-consensus	NODE_15_length_589584_cov_37.775908	25.95	686	392	116	321	913	171856	169919	6.9e-16	89.4
NCVOG0218-consensus	NODE_15_length_589584_cov_37.775908	25.20	627	389	80	341	896	262915	261097	1.7e-14	84.7
NCVOG0218-consensus	NODE_4_length_957200_cov_36.852149	29.62	449	274	42	442	866	938603	939862	8.1e-23	111.0
NCVOG0218-consensus	NODE_4_length_957200_cov_36.852149	28.53	319	191	37	284	571	903242	904155	3.3e-12	75.8
NCVOG0218-consensus	NODE_18_length_558056_cov_36.479147	31.84	468	254	65	371	786	48735	50062	1.7e-22	111.3
NCVOG0218-consensus	NODE_18_length_558056_cov_36.479147	34.92	315	185	20	592	891	93477	94381	2.2e-24	117.6
NCVOG0218-consensus	NODE_37_length_214495_cov_37.202865	30.06	469	269	59	359	779	87719	86373	2e-22	111.1
NCVOG0218-consensus	NODE_40_length_194791_cov_38.072553	33.90	295	167	28	595	863	152300	153151	2.3e-22	109.1
NCVOG0218-consensus	NODE_8_length_756785_cov_36.210990	36.22	196	110	15	622	817	225498	226037	2.4e-22	110.8
NCVOG0218-consensus	NODE_8_length_756785_cov_36.210990	28.02	414	242	56	595	953	169772	170997	7.5e-22	109.2
NCVOG0218-consensus	NODE_16_length_584986_cov_36.556405	28.51	484	303	43	441	893	164975	163577	2.4e-22	110.8
NCVOG0218-consensus	NODE_16_length_584986_cov_36.556405	25.30	423	275	41	491	879	228830	227592	7.6e-14	82.6
NCVOG0218-consensus	NODE_16_length_584986_cov_36.556405	27.15	431	283	31	472	875	212906	211661	6.9e-12	76.1
NCVOG0218-consensus	NODE_25_length_411352_cov_36.692721	28.12	601	365	67	359	916	301294	299599	2.7e-22	110.2
NCVOG0218-consensus	NODE_12_length_677030_cov_36.942628	30.89	259	156	23	617	856	67683	66934	4.3e-22	110.0
NCVOG0218-consensus	NODE_12_length_677030_cov_36.942628	27.18	412	256	44	485	865	143004	141833	5.7e-12	76.3
NCVOG0218-consensus	NODE_11_length_691330_cov_37.232449	25.50	702	419	104	350	953	616701	618769	6.8e-22	108.6
NCVOG0218-consensus	NODE_11_length_691330_cov_37.232449	31.94	216	135	12	661	866	624620	625252	2.7e-14	83.4
NCVOG0218-consensus	NODE_4_length_957200_cov_36.852149	29.24	277	185	11	533	804	652952	653759	1.1e-21	108.6
NCVOG0218-consensus	NODE_4_length_957200_cov_36.852149	31.50	400	230	44	549	922	657577	658683	9.6e-15	85.6
NCVOG0218-consensus	NODE_5_length_957006_cov_36.879400	28.24	595	360	67	324	872	58212	59922	1.6e-21	108.1
NCVOG0218-consensus	NODE_11_length_691330_cov_37.232449	26.45	363	239	28	609	952	429525	428479	2.3e-21	107.5
NCVOG0218-consensus	NODE_36_length_226044_cov_36.092876	29.77	655	376	84	324	909	7362	9250	4.1e-21	106.7
NCVOG0218-consensus	NODE_5_length_957006_cov_36.879400	29.63	513	321	40	543	1032	309273	307831	4.9e-21	106.4
NCVOG0218-consensus	NODE_5_length_957006_cov_36.879400	33.47	251	150	17	660	897	383161	382438	5.7e-12	76.3
NCVOG0218-consensus	NODE_20_length_461068_cov_36.420203	31.06	322	194	28	533	830	19167	18235	6e-21	106.2
NCVOG0218-consensus	NODE_48_length_124283_cov_37.252886	28.31	611	370	68	337	901	8454	6707	6e-21	105.9
NCVOG0218-consensus	NODE_48_length_124283_cov_37.252886	27.72	505	319	46	409	876	57541	56091	1.1e-21	108.3
NCVOG0218-consensus	NODE_19_length_486861_cov_36.913487	34.05	326	166	49	590	868	285924	284970	8.7e-21	105.6
NCVOG0218-consensus	NODE_13_length_636304_cov_36.884129	31.16	584	332	70	350	901	434035	435649	2.2e-20	104.3
NCVOG0218-consensus	NODE_13_length_636304_cov_36.884129	37.33	292	148	35	590	847	428723	429582	9.5e-31	138.7
NCVOG0218-consensus	NODE_13_length_636304_cov_36.884129	39.86	143	80	6	654	790	427048	427473	1.5e-20	104.8
NCVOG0218-consensus	NODE_12_length_677030_cov_36.942628	48.59	142	54	19	632	769	627286	626919	3e-20	102.9
NCVOG0218-consensus	NODE_12_length_677030_cov_36.942628	44.74	114	53	10	611	721	677020	676711	1.7e-12	77.1
NCVOG0218-consensus	NODE_15_length_589584_cov_37.775908	27.36	519	340	37	424	918	507511	506021	3e-20	103.7
NCVOG0218-consensus	NODE_7_length_855419_cov_36.795681	26.98	441	294	28	454	883	345559	346817	3.2e-20	103.7
NCVOG0218-consensus	NODE_26_length_373413_cov_37.150280	31.31	313	177	38	546	834	22752	21863	3.9e-20	103.5
NCVOG0218-consensus	NODE_26_length_373413_cov_37.150280	33.84	331	166	53	587	865	11931	10957	3.9e-20	103.5
NCVOG0218-consensus	NODE_26_length_373413_cov_37.150280	41.40	157	75	17	657	802	94377	93940	6.9e-16	89.4
NCVOG0218-consensus	NODE_33_length_247608_cov_36.845918	27.96	540	343	46	406	908	53119	51546	5.7e-20	102.9
NCVOG0218-consensus	NODE_33_length_247608_cov_36.845918	27.75	382	257	19	444	810	51521	50399	8.3e-20	102.4
NCVOG0218-consensus	NODE_55_length_79578_cov_38.566446	33.80	287	171	19	621	892	58116	57285	6.4e-20	101.8
NCVOG0218-consensus	NODE_55_length_79578_cov_38.566446	31.78	365	190	59	617	930	75559	74528	4.6e-13	79.0
NCVOG0218-consensus	NODE_23_length_440405_cov_36.880430	31.52	257	160	16	651	891	382985	382218	7.8e-20	102.4
NCVOG0218-consensus	NODE_23_length_440405_cov_36.880430	30.20	298	178	30	676	950	338293	337440	3.1e-20	103.7
NCVOG0218-consensus	NODE_23_length_440405_cov_36.880430	27.75	400	230	59	544	886	335163	333993	9.9e-13	78.8
NCVOG0218-consensus	NODE_24_length_412943_cov_37.541946	48.18	110	54	3	665	773	77361	77677	1e-19	102.1
NCVOG0218-consensus	NODE_24_length_412943_cov_37.541946	35.62	146	82	12	674	808	40720	41145	1.1e-12	78.8
NCVOG0218-consensus	NODE_47_length_125427_cov_36.670299	32.30	226	144	9	651	869	93771	93113	1e-19	101.8
NCVOG0218-consensus	NODE_34_length_244552_cov_36.935016	33.77	228	133	18	631	850	137209	136559	1.2e-19	101.8
NCVOG0218-consensus	NODE_3_length_959961_cov_36.961272	25.22	575	388	42	373	913	792647	790964	1.5e-19	101.6
NCVOG0218-consensus	NODE_46_length_134065_cov_36.326783	26.15	631	411	55	339	945	112674	110918	1.9e-19	101.0
NCVOG0218-consensus	NODE_6_length_912210_cov_36.884486	30.60	366	218	36	352	689	242769	243817	3.7e-19	100.2
NCVOG0218-consensus	NODE_6_length_912210_cov_36.884486	42.25	142	66	16	670	798	244566	244967	1.2e-14	85.3
NCVOG0218-consensus	NODE_23_length_440405_cov_36.880430	31.99	372	213	40	484	832	434356	435397	4.2e-19	99.9
NCVOG0218-consensus	NODE_17_length_560824_cov_36.525767	43.70	135	57	19	749	866	145299	145682	5.4e-19	99.7
NCVOG0218-consensus	NODE_17_length_560824_cov_36.525767	33.82	204	122	13	692	884	133239	133821	3.6e-14	83.7
NCVOG0218-consensus	NODE_7_length_855419_cov_36.795681	28.76	445	279	38	399	822	782796	784052	5.7e-19	99.1
NCVOG0218-consensus	NODE_14_length_595033_cov_36.303323	35.44	237	121	32	606	813	522838	523526	6.4e-19	99.4
NCVOG0218-consensus	NODE_1_length_1080013_cov_36.967135	39.13	184	99	13	669	845	518932	519452	9.6e-19	98.8
NCVOG0218-consensus	NODE_3_length_959961_cov_36.961272	28.37	416	264	34	478	861	517006	518224	1.4e-18	98.3
NCVOG0218-consensus	NODE_3_length_959961_cov_36.961272	24.67	527	343	54	373	848	549042	550586	1.3e-12	78.5
NCVOG0218-consensus	NODE_12_length_677030_cov_36.942628	24.77	537	361	43	361	882	581537	583048	2e-18	97.8
NCVOG0218-consensus	NODE_12_length_677030_cov_36.942628	26.29	426	270	44	466	878	574734	575903	1.5e-16	91.5
NCVOG0218-consensus	NODE_47_length_125427_cov_36.670299	25.29	340	231	23	530	854	66627	67615	2e-18	97.5
NCVOG0218-consensus	NODE_47_length_125427_cov_36.670299	32.06	262	156	22	465	716	64553	65289	1.3e-13	81.5
NCVOG0218-consensus	NODE_21_length_447063_cov_36.437425	29.03	248	171	5	624	869	60159	60888	2.4e-18	97.5
NCVOG0218-consensus	NODE_23_length_440405_cov_36.880430	29.37	286	182	20	661	927	195363	196202	2.4e-18	97.5
NCVOG0218-consensus	NODE_58_length_73287_cov_38.575536	28.12	448	258	64	348	763	61758	62978	2.5e-18	96.4
NCVOG0218-consensus	NODE_18_length_558056_cov_36.479147	28.84	319	198	29	643	946	454750	453851	2.6e-18	96.9
NCVOG0218-consensus	NODE_1_length_1080013_cov_36.967135	32.28	347	198	37	574	883	1057175	1058180	3.6e-18	94.8
NCVOG0218-consensus	NODE_25_length_411352_cov_36.692721	31.38	290	164	35	505	782	281081	280304	4.3e-18	96.7
NCVOG0218-consensus	NODE_25_length_411352_cov_36.692721	32.86	283	163	27	515	775	155691	154875	1.8e-16	91.3
NCVOG0218-consensus	NODE_25_length_411352_cov_36.692721	26.85	499	324	41	320	803	216174	214763	3.4e-13	80.4
NCVOG0218-consensus	NODE_18_length_558056_cov_36.479147	30.12	425	243	54	348	731	345687	346899	5.2e-18	96.4
NCVOG0218-consensus	NODE_16_length_584986_cov_36.556405	31.27	291	177	23	511	795	109488	108684	7.6e-18	95.9
NCVOG0218-consensus	NODE_16_length_584986_cov_36.556405	40.00	135	75	6	662	790	16102	15701	7.6e-18	95.9
NCVOG0218-consensus	NODE_28_length_344375_cov_37.628865	26.99	352	232	25	398	735	180169	179166	9.1e-18	95.6
NCVOG0218-consensus	NODE_21_length_447063_cov_36.437425	27.06	606	366	76	312	851	383094	381332	1.1e-17	95.3
NCVOG0218-consensus	NODE_21_length_447063_cov_36.437425	28.33	240	159	13	680	911	387231	386538	1.1e-13	82.0
NCVOG0218-consensus	NODE_8_length_756785_cov_36.210990	39.71	136	72	10	700	828	538742	538347	1.3e-17	95.0
NCVOG0218-consensus	NODE_4_length_957200_cov_36.852149	34.33	268	147	29	448	695	718408	717637	1.6e-17	94.8
NCVOG0218-consensus	NODE_4_length_957200_cov_36.852149	29.24	277	172	24	645	897	742570	741749	1.3e-12	78.5
NCVOG0218-consensus	NODE_25_length_411352_cov_36.692721	30.06	346	205	37	580	888	376288	377310	1.8e-17	94.2
NCVOG0218-consensus	NODE_25_length_411352_cov_36.692721	25.24	523	343	48	352	836	388153	389664	7.9e-17	92.1
NCVOG0218-consensus	NODE_241_length_568_cov_32.002037	36.70	188	105	14	653	826	565	15	1.9e-17	86.5
NCVOG0218-consensus	NODE_6_length_912210_cov_36.884486	44.79	96	51	2	760	853	393237	392953	2.3e-17	94.2
NCVOG0218-consensus	NODE_11_length_691330_cov_37.232449	28.95	304	188	28	590	866	371406	372305	2.8e-17	94.0
NCVOG0218-consensus	NODE_11_length_691330_cov_37.232449	24.71	607	408	49	342	908	436059	437833	1.3e-17	95.0
NCVOG0218-consensus	NODE_5_length_957006_cov_36.879400	50.50	101	43	7	701	797	62406	62122	2.8e-17	94.0
NCVOG0218-consensus	NODE_5_length_957006_cov_36.879400	34.26	216	117	25	676	867	3357	2740	8.7e-13	79.0
NCVOG0218-consensus	NODE_11_length_691330_cov_37.232449	26.11	586	372	61	353	901	611816	610162	3.1e-17	93.1
NCVOG0218-consensus	NODE_54_length_98353_cov_36.652204	33.05	233	121	35	633	830	38160	38853	6.9e-17	92.1
NCVOG0218-consensus	NODE_19_length_486861_cov_36.913487	29.51	576	327	79	343	856	123178	121543	1.1e-16	92.1
NCVOG0218-consensus	NODE_9_length_724686_cov_36.964730	33.48	224	133	16	656	874	532280	531665	1.8e-16	91.3
NCVOG0218-consensus	NODE_4_length_957200_cov_36.852149	39.22	153	83	10	722	864	528514	528073	2.2e-16	91.0
NCVOG0218-consensus	NODE_27_length_353278_cov_36.900634	37.11	159	86	14	677	826	335801	336257	3.6e-16	88.8
NCVOG0218-consensus	NODE_5_length_957006_cov_36.879400	28.67	415	232	64	539	890	317357	318585	3.9e-16	90.2
NCVOG0218-consensus	NODE_5_length_957006_cov_36.879400	52.94	85	35	5	662	742	363613	363861	3.9e-16	90.2
NCVOG0218-consensus	NODE_5_length_957006_cov_36.879400	25.55	634	392	80	352	929	360056	361864	6.9e-16	89.4
NCVOG0218-consensus	NODE_9_length_724686_cov_36.964730	31.25	208	133	10	691	889	153193	153806	4.7e-16	89.9
NCVOG0218-consensus	NODE_9_length_724686_cov_36.964730	38.10	147	84	7	772	912	157501	157927	9.1e-14	82.3
NCVOG0218-consensus	NODE_9_length_724686_cov_36.964730	28.93	356	221	32	436	778	198693	199678	3.9e-12	76.9
NCVOG0218-consensus	NODE_41_length_188041_cov_36.490615	31.40	242	131	35	728	946	51873	52553	5.7e-16	89.6
NCVOG0218-consensus	NODE_3_length_959961_cov_36.961272	34.19	155	98	4	705	855	348620	349081	6.9e-16	89.4
NCVOG0218-consensus	NODE_13_length_636304_cov_36.884129	29.37	521	296	72	484	944	502924	504393	6.9e-16	89.4
NCVOG0218-consensus	NODE_122_length_2692_cov_65.413002	26.49	502	329	40	431	901	2631	1176	7.7e-16	83.4
NCVOG0218-consensus	NODE_115_length_3428_cov_33.026559	31.84	380	200	59	589	912	1489	2572	8.2e-16	83.7
NCVOG0218-consensus	NODE_8_length_756785_cov_36.210990	41.91	136	71	8	721	849	135924	136317	8.3e-16	89.1
NCVOG0218-consensus	NODE_2_length_1046662_cov_36.997729	41.67	132	69	8	767	896	868681	869051	1e-15	88.8
NCVOG0218-consensus	NODE_75_length_19060_cov_36.953023	36.36	154	87	11	613	757	11887	11439	1e-15	85.8
NCVOG0218-consensus	NODE_41_length_188041_cov_36.490615	28.12	441	278	39	386	809	95029	93806	2.1e-15	87.7
NCVOG0218-consensus	NODE_23_length_440405_cov_36.880430	30.97	155	102	5	691	840	168003	167542	2.1e-15	87.7
NCVOG0218-consensus	NODE_5_length_957006_cov_36.879400	35.00	220	126	17	747	951	759204	759832	2.1e-15	87.7
NCVOG0218-consensus	NODE_5_length_957006_cov_36.879400	30.40	352	195	50	523	827	750965	749936	3.1e-15	87.2
NCVOG0218-consensus	NODE_3_length_959961_cov_36.961272	31.72	227	141	14	589	810	697821	697175	3.1e-15	87.2
NCVOG0218-consensus	NODE_12_length_677030_cov_36.942628	25.65	616	402	56	350	932	157699	155934	3.7e-15	86.9
NCVOG0218-consensus	NODE_12_length_677030_cov_36.942628	37.89	161	90	10	611	762	211262	210794	3.7e-15	86.9
NCVOG0218-consensus	NODE_15_length_589584_cov_37.775908	30.32	277	173	20	532	796	322550	323345	3.7e-15	86.9
NCVOG0218-consensus	NODE_15_length_589584_cov_37.775908	44.27	131	57	16	696	810	306663	307036	9.1e-14	82.3
NCVOG0218-consensus	NODE_7_length_855419_cov_36.795681	51.61	93	34	11	664	748	232212	231948	3.7e-15	86.9
NCVOG0218-consensus	NODE_7_length_855419_cov_36.795681	31.48	216	137	11	615	822	151611	150980	2.5e-14	84.2
NCVOG0218-consensus	NODE_7_length_855419_cov_36.795681	27.04	540	255	139	479	897	280403	278871	4.1e-13	80.1
NCVOG0218-consensus	NODE_16_length_584986_cov_36.556405	26.58	632	381	83	339	898	464100	462277	4.1e-15	86.6
NCVOG0218-consensus	NODE_39_length_206593_cov_36.293411	25.07	742	380	176	359	924	99022	101194	5.4e-15	86.4
NCVOG0218-consensus	NODE_39_length_206593_cov_36.293411	35.81	148	91	4	588	735	136345	136773	5.4e-15	86.4
NCVOG0218-consensus	NODE_43_length_183917_cov_36.856734	26.84	585	367	61	347	890	155471	153802	5.7e-15	84.2
NCVOG0218-consensus	NODE_3_length_959961_cov_36.961272	39.59	197	101	18	615	796	871419	871977	6.6e-15	86.1
NCVOG0218-consensus	NODE_3_length_959961_cov_36.961272	28.92	325	196	35	613	907	893509	894447	6.9e-12	76.1
NCVOG0218-consensus	NODE_12_length_677030_cov_36.942628	40.14	142	81	4	656	794	174881	175300	7.9e-15	85.8
NCVOG0218-consensus	NODE_14_length_595033_cov_36.303323	32.13	221	127	23	586	795	120607	119990	9.6e-15	85.6
NCVOG0218-consensus	NODE_52_length_105005_cov_36.471228	34.86	175	103	11	669	835	79278	78772	1.7e-14	84.2
NCVOG0218-consensus	NODE_2_length_1046662_cov_36.997729	42.28	123	67	4	763	881	370253	370610	2e-14	84.5
NCVOG0218-consensus	NODE_13_length_636304_cov_36.884129	30.84	441	254	51	322	734	173164	174366	2e-14	84.5
NCVOG0218-consensus	NODE_13_length_636304_cov_36.884129	32.87	289	162	32	657	917	183268	184093	1.9e-13	81.2
NCVOG0218-consensus	NODE_1_length_1080013_cov_36.967135	24.49	588	387	57	349	891	755141	753435	3e-14	83.9
NCVOG0218-consensus	NODE_39_length_206593_cov_36.293411	38.76	129	73	6	689	811	195866	196241	3.5e-14	82.3
NCVOG0218-consensus	NODE_22_length_444557_cov_36.796673	34.08	311	176	29	593	879	217601	218489	3.6e-14	83.7
NCVOG0218-consensus	NODE_22_length_444557_cov_36.796673	27.54	443	267	54	379	782	152736	153980	2.8e-13	80.7
NCVOG0218-consensus	NODE_22_length_444557_cov_36.796673	26.77	325	219	19	561	867	192439	193391	3.9e-12	76.9
NCVOG0218-consensus	NODE_38_length_209260_cov_36.567828	31.06	264	161	21	476	726	18788	18034	4.3e-14	83.4
NCVOG0218-consensus	NODE_20_length_461068_cov_36.420203	26.25	598	369	72	363	894	153275	155007	4.3e-14	83.4
NCVOG0218-consensus	NODE_2_length_1046662_cov_36.997729	44.74	114	51	12	729	831	265235	265570	6.3e-14	82.8
NCVOG0218-consensus	NODE_50_length_111342_cov_36.525295	32.55	212	126	17	626	827	91452	90857	6.8e-14	82.3
NCVOG0218-consensus	NODE_69_length_26699_cov_37.023590	37.79	172	93	14	719	876	18841	18339	1.6e-13	79.0
NCVOG0218-consensus	NODE_11_length_691330_cov_37.232449	25.15	517	350	37	496	981	594522	596031	1.6e-13	81.5
NCVOG0218-consensus	NODE_11_length_691330_cov_37.232449	29.18	281	177	22	564	822	555670	556503	9.6e-15	85.6
NCVOG0218-consensus	NODE_1_length_1080013_cov_36.967135	34.43	183	109	11	664	836	363428	363958	1.6e-13	81.5
NCVOG0218-consensus	NODE_42_length_184742_cov_36.111369	33.19	226	132	19	643	850	154701	155352	1.7e-13	79.3
NCVOG0218-consensus	NODE_17_length_560824_cov_36.525767	33.06	248	138	28	645	864	471932	471214	2.1e-13	80.7
NCVOG0218-consensus	NODE_34_length_244552_cov_36.935016	44.90	98	45	9	597	689	217774	218052	2.6e-13	80.1
NCVOG0218-consensus	NODE_43_length_183917_cov_36.856734	27.65	340	215	31	546	854	156169	157171	2.9e-13	78.5
NCVOG0218-consensus	NODE_338_length_396_cov_36.570533	40.87	115	62	6	672	780	337	4	3.3e-13	71.9
NCVOG0218-consensus	NODE_4_length_957200_cov_36.852149	36.13	191	110	12	611	789	139676	140219	3.4e-13	80.4
NCVOG0218-consensus	NODE_674_length_226_cov_28.214765	52.24	67	31	1	807	872	24	221	3.5e-13	71.0
NCVOG0218-consensus	NODE_43_length_183917_cov_36.856734	30.83	240	147	19	643	863	124284	124994	4.1e-13	80.1
NCVOG0218-consensus	NODE_6_length_912210_cov_36.884486	29.90	398	251	28	533	909	891566	890439	4.1e-13	80.1
NCVOG0218-consensus	NODE_6_length_912210_cov_36.884486	33.13	326	188	30	621	925	782125	781204	3.4e-13	80.4
NCVOG0218-consensus	NODE_19_length_486861_cov_36.913487	27.70	574	340	75	370	885	484552	482939	4.7e-13	78.0
NCVOG0218-consensus	NODE_1_length_1080013_cov_36.967135	26.22	595	358	81	389	910	746902	745185	5e-13	79.9
NCVOG0218-consensus	NODE_33_length_247608_cov_36.845918	38.54	192	103	15	728	907	246356	245803	6.9e-13	78.8
NCVOG0218-consensus	NODE_33_length_247608_cov_36.845918	27.49	342	223	25	592	912	153899	152903	1.1e-13	81.5
NCVOG0218-consensus	NODE_11_length_691330_cov_37.232449	39.35	216	104	27	654	857	6429	6996	7.2e-13	79.3
NCVOG0218-consensus	NODE_11_length_691330_cov_37.232449	37.14	175	98	12	746	909	109605	110105	7.2e-13	79.3
NCVOG0218-consensus	NODE_42_length_184742_cov_36.111369	54.79	73	27	6	643	714	4797	4995	7.2e-13	79.3
NCVOG0218-consensus	NODE_14_length_595033_cov_36.303323	28.76	386	245	30	488	844	160969	162092	1.3e-12	78.5
NCVOG0218-consensus	NODE_14_length_595033_cov_36.303323	28.63	241	155	17	638	861	186889	187602	1.5e-12	78.2
NCVOG0218-consensus	NODE_14_length_595033_cov_36.303323	35.04	137	78	11	753	881	185519	185911	1e-11	75.5
NCVOG0218-consensus	NODE_1_length_1080013_cov_36.967135	32.30	161	104	5	649	805	745497	745969	1.5e-12	78.2
NCVOG0218-consensus	NODE_30_length_302706_cov_36.268226	31.91	257	151	24	678	912	157166	157903	1.5e-12	78.2
NCVOG0218-consensus	NODE_40_length_194791_cov_38.072553	32.06	446	253	50	531	948	168759	167547	2.1e-12	76.1
NCVOG0218-consensus	NODE_19_length_486861_cov_36.913487	39.04	146	83	6	729	868	481215	481629	2.1e-12	75.8
NCVOG0218-consensus	NODE_145_length_1596_cov_78.345622	25.94	424	267	47	351	731	1553	319	2.6e-12	70.9
NCVOG0218-consensus	NODE_34_length_244552_cov_36.935016	24.80	613	366	95	376	931	165420	163703	3.6e-12	76.3
NCVOG0218-consensus	NODE_34_length_244552_cov_36.935016	35.86	237	137	15	518	743	174444	173779	1.5e-13	80.9
NCVOG0218-consensus	NODE_34_length_244552_cov_36.935016	30.27	337	211	24	580	894	215853	214878	3.6e-12	76.3
NCVOG0218-consensus	NODE_22_length_444557_cov_36.796673	25.80	407	229	73	608	942	378402	379598	3.8e-12	76.9
NCVOG0218-consensus	NODE_12_length_677030_cov_36.942628	38.10	147	77	14	656	792	394347	393924	3.9e-12	76.9
NCVOG0218-consensus	NODE_10_length_694861_cov_37.111414	35.37	246	144	15	676	906	357414	358128	3.9e-12	76.9
NCVOG0218-consensus	NODE_10_length_694861_cov_37.111414	32.42	182	112	11	778	952	350220	350730	3.9e-12	76.9
NCVOG0218-consensus	NODE_18_length_558056_cov_36.479147	28.05	549	309	86	546	1032	194271	192742	3.9e-12	76.9
NCVOG0218-consensus	NODE_18_length_558056_cov_36.479147	37.50	128	76	4	727	850	192357	191981	1.1e-12	78.8
NCVOG0218-consensus	NODE_21_length_447063_cov_36.437425	33.64	220	128	18	748	952	154129	154750	3.9e-12	76.9
NCVOG0218-consensus	NODE_21_length_447063_cov_36.437425	32.84	201	125	10	616	812	181054	181631	3.9e-12	76.9
NCVOG0218-consensus	NODE_13_length_636304_cov_36.884129	36.76	185	103	14	654	831	548019	547511	5.7e-12	76.3
NCVOG0218-consensus	NODE_4_length_957200_cov_36.852149	31.40	242	150	16	546	780	138584	137899	5.7e-12	76.3
NCVOG0218-consensus	NODE_27_length_353278_cov_36.900634	39.57	139	71	13	604	730	78799	79199	6.9e-12	76.1
NCVOG0218-consensus	NODE_6_length_912210_cov_36.884486	28.37	430	267	41	345	747	297872	296640	1e-11	75.5
NCVOG0218-consensus	NODE_19_length_486861_cov_36.913487	29.05	210	125	24	735	922	415589	414975	1e-11	75.5
NCVOG0218-consensus	NODE_2_length_1046662_cov_36.997729	24.64	629	384	90	377	929	756968	755139	1.2e-11	75.3
NCVOG0218-consensus	NODE_2_length_1046662_cov_36.997729	26.86	644	362	109	367	912	867756	865901	2.8e-13	80.7
NCVOG0218-consensus	NODE_2_length_1046662_cov_36.997729	34.73	167	103	6	702	863	806171	805687	1.2e-11	75.3
NCVOG0218-consensus	NODE_13_length_636304_cov_36.884129	41.28	109	56	8	809	914	98507	98813	1.5e-11	75.0
NCVOG0218-consensus	NODE_13_length_636304_cov_36.884129	34.05	279	157	27	679	932	4206	5005	6e-13	79.6
NCVOG0218-consensus	NODE_10_length_694861_cov_37.111414	27.02	470	304	39	401	834	457148	458511	1.5e-11	75.0
NCVOG0218-consensus	NODE_25_length_411352_cov_36.692721	28.18	589	359	64	356	885	19242	17544	1.5e-11	75.0
NCVOG0218-consensus	NODE_25_length_411352_cov_36.692721	36.59	246	124	32	661	875	38487	37792	1.5e-11	75.0
NCVOG0218-consensus	NODE_10_length_694861_cov_37.111414	27.85	219	139	19	713	914	191371	192012	1.8e-11	74.7
NCVOG0218-consensus	NODE_29_length_344183_cov_37.032089	50.00	86	37	6	798	882	296500	296737	1.8e-11	74.7
NCVOG0218-consensus	NODE_2_length_1046662_cov_36.997729	33.33	210	119	21	747	944	17279	16700	1.8e-11	74.7
NCVOG0218-consensus	NODE_19_length_486861_cov_36.913487	28.32	286	164	41	681	952	284070	284841	2.1e-11	74.4
NCVOG0218-consensus	NODE_12_length_677030_cov_36.942628	28.41	345	214	33	589	900	634416	635415	2.4e-11	73.3
NCVOG0218-consensus	NODE_7_length_855419_cov_36.795681	25.30	593	372	71	367	905	6326	8026	2.6e-11	74.2
NCVOG0218-consensus	NODE_7_length_855419_cov_36.795681	28.39	391	253	27	497	865	14690	15812	5.2e-14	83.1
NCVOG0218-consensus	NODE_6_length_912210_cov_36.884486	26.25	381	255	26	532	900	37909	38994	3.1e-11	73.9
NCVOG0218-consensus	NODE_6_length_912210_cov_36.884486	33.74	163	98	10	707	861	40531	41008	2.6e-11	74.2
NCVOG0218-consensus	NODE_4_length_957200_cov_36.852149	27.01	585	371	56	364	903	823106	824802	3.1e-11	73.9
NCVOG0218-consensus	NODE_4_length_957200_cov_36.852149	28.32	452	269	55	351	756	826132	827401	1.1e-12	78.8
NCVOG0218-consensus	NODE_15_length_589584_cov_37.775908	27.29	590	362	67	374	920	58441	60103	5.5e-11	73.1
NCVOG0218-consensus	NODE_15_length_589584_cov_37.775908	31.13	257	150	27	556	802	52354	53070	3.7e-11	73.6
NCVOG0218-consensus	NODE_2_length_1046662_cov_36.997729	28.63	227	149	13	679	897	124818	125478	6.6e-11	72.8
NCVOG0218-consensus	NODE_120_length_3033_cov_64.003721	26.36	550	344	61	361	863	2079	503	6.9e-11	67.1
NCVOG0218-consensus	NODE_3127_length_78_cov_13.000000	80.77	26	5	0	611	636	78	4	8.1e-11	61.6
NCVOG0218-consensus	NODE_59_length_65429_cov_35.973054	27.93	709	371	140	360	945	63913	61881	8.9e-11	71.2
NCVOG0218-consensus	NODE_7_length_855419_cov_36.795681	30.05	366	205	51	437	758	553314	554349	9.6e-11	72.3
NCVOG0018-consensus	NODE_97_length_7062_cov_47.569649	21.69	1042	738	78	60	1066	2924	5917	5.1e-17	88.8
NCVOG0018-consensus	NODE_87_length_9673_cov_35.277333	21.29	1132	765	126	20	1096	4478	1299	2.2e-12	73.9
NCVOG0018-consensus	NODE_84_length_11156_cov_42.443452	22.68	1014	681	103	45	984	3353	402	8.9e-11	68.7
NCVOG4344-consensus	NODE_6_length_912210_cov_36.884486	32.28	254	153	19	17	265	80452	81166	2.7e-11	73.0
NCVOG0226-consensus	NODE_41_length_188041_cov_36.490615	35.51	138	81	8	28	157	178782	178372	4.2e-15	83.5
NCVOG0226-consensus	NODE_14_length_595033_cov_36.303323	39.53	129	71	7	36	157	392768	393151	7.2e-14	81.4
NCVOG0226-consensus	NODE_12_length_677030_cov_36.942628	34.36	163	89	18	4	153	380038	380508	6.6e-12	74.9
NCVOG4170-consensus	NODE_3_length_959961_cov_36.961272	34.55	191	117	8	129	314	175610	176170	2.4e-18	95.9
NCVOG0720-consensus	NODE_5_length_957006_cov_36.879400	41.82	165	89	7	3	167	33525	33995	1.3e-24	115.7
NCVOG4487-consensus	NODE_23_length_440405_cov_36.880430	30.09	319	189	34	251	545	18784	17885	6.1e-13	78.6
