NCVOG0333-consensus	scaffold_764	53.42	73	31	3	605	677	783	577	1.6e-12	70.7
NCVOG0333-consensus	scaffold_65	47.78	90	44	3	605	694	3969	3712	5.7e-12	73.1
NCVOG0333-consensus	scaffold_27	42.86	112	48	16	605	709	91070	90765	1.3e-11	72.6
NCVOG0333-consensus	scaffold_148	53.42	73	31	3	605	677	27138	26932	1.8e-11	70.7
NCVOG2223-consensus	scaffold_34	33.24	349	192	41	586	910	76341	77329	9.2e-21	103.2
NCVOG0233-consensus	scaffold_6	23.72	843	564	79	65	868	54627	52226	1.3e-41	172.9
NCVOG0233-consensus	scaffold_60	35.30	898	473	108	50	845	45168	42502	5.4e-41	169.9
NCVOG0233-consensus	scaffold_62	25.66	678	439	65	29	677	50604	48686	5.9e-39	163.2
NCVOG0233-consensus	scaffold_756	32.46	613	339	75	19	561	1943	3757	2.9e-36	149.9
NCVOG0233-consensus	scaffold_756	37.74	310	152	41	591	859	3	925	7.9e-37	151.8
NCVOG0233-consensus	scaffold_201	25.60	664	413	81	29	656	29569	31420	8e-36	151.5
NCVOG0233-consensus	scaffold_123	28.61	755	369	170	135	720	7455	9699	2.3e-35	150.7
NCVOG0233-consensus	scaffold_125	36.88	282	147	31	612	862	50517	49679	4.1e-28	126.5
NCVOG0233-consensus	scaffold_31	26.68	832	492	118	27	774	8055	10445	2.6e-27	124.9
NCVOG0233-consensus	scaffold_133	27.00	800	467	117	28	742	31277	28977	3e-26	120.3
NCVOG0233-consensus	scaffold_439	26.88	372	245	27	14	374	1208	144	2e-23	108.9
NCVOG0233-consensus	scaffold_158	26.61	774	436	132	17	673	39579	37316	1.6e-20	101.0
NCVOG0233-consensus	scaffold_92	34.60	919	498	103	39	856	34036	36777	5.2e-17	89.9
NCVOG0233-consensus	scaffold_643	25.65	308	205	24	568	862	5861	4990	3.1e-15	80.7
NCVOG0233-consensus	scaffold_639	24.58	472	301	55	29	472	4614	5941	9.5e-15	79.1
NCVOG0233-consensus	scaffold_41	27.07	761	422	133	136	770	26464	24216	5.6e-13	77.2
NCVOG0233-consensus	scaffold_678	34.45	119	76	2	597	713	5235	4882	1.1e-11	68.8
NCVOG0233-consensus	scaffold_266	21.21	264	196	12	580	838	1726	961	1.5e-11	70.4
NCVOG0013-consensus	scaffold_13	31.74	230	147	10	113	339	50637	49972	5.5e-20	100.3
NCVOG0013-consensus	scaffold_10	32.41	216	135	11	128	339	92209	92832	9.3e-17	89.7
NCVOG0763-consensus	scaffold_148	41.23	114	67	0	198	311	81	419	2.1e-11	69.3
NCVOG0663-consensus	scaffold_129	25.00	660	428	67	1	610	32406	34321	1.3e-12	74.5
NCVOG0663-consensus	scaffold_380	25.40	563	348	72	106	610	6878	8515	1.5e-12	72.6
NCVOG0073-consensus	scaffold_421	37.97	582	313	48	19	574	5219	6893	1.7e-85	315.3
NCVOG0073-consensus	scaffold_421	34.48	348	199	29	333	658	1	1018	7.9e-41	166.9
NCVOG0073-consensus	scaffold_249	37.65	648	354	50	19	648	11535	13375	2.1e-59	229.6
NCVOG0073-consensus	scaffold_4	26.95	538	354	39	13	519	159849	161429	1.2e-32	141.4
NCVOG0073-consensus	scaffold_344	44.55	101	56	0	13	113	352	53	1.1e-16	87.2
NCVOG0679-consensus	scaffold_22	26.46	291	184	30	2	281	107554	106742	8.8e-11	68.6
NCVOG1068-consensus	scaffold_10	48.07	181	59	35	92	237	74089	74616	1.1e-15	85.0
NCVOG2643-consensus	scaffold_22	33.77	302	152	48	2	262	54366	55239	8.8e-13	75.1
NCVOG0613-consensus	scaffold_650	35.46	141	77	14	2	129	2502	2086	2.2e-17	85.0
NCVOG4523-consensus	scaffold_118	30.36	448	273	39	411	846	8672	7425	6.6e-32	139.5
NCVOG4523-consensus	scaffold_232	32.74	904	443	165	11	823	15217	17677	4.2e-12	72.8
NCVOG1353-consensus	scaffold_84	58.17	820	248	95	75	801	22881	20439	4.3e-127	455.5
NCVOG4445-consensus	scaffold_1076	33.74	326	196	20	69	383	1105	162	2e-29	124.5
NCVOG4445-consensus	scaffold_876	33.85	325	192	23	72	384	1578	640	1.1e-26	116.4
NCVOG4445-consensus	scaffold_876	36.36	187	104	15	79	259	627	99	2.6e-12	68.6
NCVOG4445-consensus	scaffold_265	30.31	353	224	22	42	383	1510	2532	1.7e-25	115.6
NCVOG4445-consensus	scaffold_265	31.35	303	181	27	96	383	3875	4744	5.3e-17	87.4
NCVOG4445-consensus	scaffold_524	35.19	287	160	26	111	384	5438	6256	1.7e-22	104.2
NCVOG4445-consensus	scaffold_165	30.25	324	205	21	72	384	82	1020	1.1e-21	103.7
NCVOG4445-consensus	scaffold_602	30.51	354	222	24	42	383	6509	5487	3.3e-21	99.6
NCVOG4445-consensus	scaffold_602	30.00	230	145	16	164	384	4777	4112	2e-14	77.0
NCVOG4445-consensus	scaffold_928	34.98	243	138	20	118	349	161	859	5.1e-21	97.4
NCVOG4445-consensus	scaffold_928	30.18	275	172	20	119	384	1484	2272	7.8e-14	73.5
NCVOG4445-consensus	scaffold_330	37.68	276	151	21	118	384	3915	4699	1.5e-19	95.5
NCVOG4445-consensus	scaffold_330	34.45	209	124	13	185	384	1395	2006	5.8e-12	70.3
NCVOG4445-consensus	scaffold_860	31.19	295	182	21	100	383	2568	1717	1.4e-18	89.5
NCVOG4445-consensus	scaffold_994	35.16	219	122	20	159	366	277	903	1.4e-18	89.0
NCVOG4445-consensus	scaffold_146	33.98	259	151	20	72	319	247	993	1.5e-18	93.4
NCVOG4445-consensus	scaffold_867	31.58	342	207	27	56	384	850	1830	2e-18	89.0
NCVOG4445-consensus	scaffold_230	36.56	279	156	21	84	350	27196	26390	3e-18	91.7
NCVOG4445-consensus	scaffold_230	33.78	299	179	19	96	384	24642	23776	3e-18	91.7
NCVOG4445-consensus	scaffold_79	30.85	282	173	22	114	384	15277	14468	3.4e-18	92.8
NCVOG4445-consensus	scaffold_600	28.88	322	212	17	72	384	6656	5718	4.2e-18	89.2
NCVOG4445-consensus	scaffold_600	33.86	254	149	19	138	382	4615	3887	1.2e-16	84.4
NCVOG4445-consensus	scaffold_600	32.48	234	127	31	131	356	1248	621	7.4e-14	75.1
NCVOG4445-consensus	scaffold_625	32.67	300	179	23	96	383	4205	5068	7.8e-17	84.9
NCVOG4445-consensus	scaffold_204	32.69	312	170	40	79	362	5514	4618	3.1e-16	85.2
NCVOG4445-consensus	scaffold_204	29.66	327	208	22	69	383	1501	558	3.1e-16	85.2
NCVOG4445-consensus	scaffold_786	31.74	334	191	37	79	384	1739	768	4.9e-16	81.4
NCVOG4445-consensus	scaffold_786	34.26	216	127	15	144	351	2375	1752	8.2e-15	77.3
NCVOG4445-consensus	scaffold_651	29.96	267	168	19	95	350	5378	4605	5.6e-16	81.9
NCVOG4445-consensus	scaffold_616	30.00	270	166	23	90	350	1541	777	1.6e-15	80.6
NCVOG4445-consensus	scaffold_83	32.04	181	115	8	175	350	58443	58973	1.9e-15	83.6
NCVOG4445-consensus	scaffold_189	32.70	211	130	12	186	387	5128	5748	4.7e-15	81.4
NCVOG4445-consensus	scaffold_347	31.12	286	179	18	89	363	838	9	1.3e-14	79.0
NCVOG4445-consensus	scaffold_701	33.08	263	154	22	130	382	3127	2388	1.6e-14	76.8
NCVOG4445-consensus	scaffold_921	31.29	310	187	26	28	322	935	46	2.1e-14	75.4
NCVOG4445-consensus	scaffold_921	32.86	213	131	12	18	226	2035	1424	2.1e-14	75.4
NCVOG4445-consensus	scaffold_843	30.00	270	168	21	91	351	432	1202	3.7e-14	74.9
NCVOG4445-consensus	scaffold_556	26.00	350	242	17	42	383	3294	4313	4e-14	76.2
NCVOG4445-consensus	scaffold_610	33.91	230	132	20	133	351	1569	912	4.1e-14	76.0
NCVOG4445-consensus	scaffold_273	35.36	181	111	6	212	386	18869	18330	4.4e-14	77.6
NCVOG4445-consensus	scaffold_996	29.15	295	187	22	100	383	1208	360	7.7e-14	73.2
NCVOG4445-consensus	scaffold_1052	32.52	286	174	19	100	375	693	1520	1.3e-13	72.2
NCVOG4445-consensus	scaffold_649	31.62	253	150	23	121	363	3799	4515	1.3e-13	74.1
NCVOG4445-consensus	scaffold_816	31.45	283	175	19	79	350	541	1362	3.9e-13	71.6
NCVOG4445-consensus	scaffold_1077	28.31	325	208	25	72	383	1210	275	4.3e-13	70.3
NCVOG4445-consensus	scaffold_1095	32.60	273	167	17	118	383	477	1262	4.8e-13	70.0
NCVOG4445-consensus	scaffold_804	29.89	358	223	28	42	383	1366	344	4.9e-13	71.3
NCVOG4445-consensus	scaffold_910	33.94	274	160	21	118	383	1501	2280	1.4e-12	69.4
NCVOG4445-consensus	scaffold_453	33.91	233	138	16	159	383	7072	6401	2.4e-12	70.8
NCVOG4445-consensus	scaffold_925	33.13	166	102	9	185	342	500	9	7.1e-12	67.0
NCVOG4445-consensus	scaffold_988	27.21	294	194	20	5	291	849	10	7.3e-12	66.7
NCVOG4445-consensus	scaffold_1144	34.09	176	107	9	183	350	697	176	7.9e-12	65.7
NCVOG4445-consensus	scaffold_743	31.30	230	138	20	121	341	619	1268	8.3e-12	67.5
NCVOG4445-consensus	scaffold_444	28.92	325	208	23	71	384	11332	10397	2e-11	67.8
NCVOG4445-consensus	scaffold_444	30.23	301	185	25	80	367	10286	9423	5.1e-15	79.8
NCVOG4445-consensus	scaffold_444	34.13	208	124	13	186	384	4888	4280	7.8e-12	69.2
NCVOG4445-consensus	scaffold_806	29.23	195	126	12	164	350	609	40	4.4e-11	64.8
NCVOG4445-consensus	scaffold_524	30.91	275	167	23	119	382	7638	6855	5.5e-11	65.9
NCVOG4445-consensus	scaffold_817	31.58	285	176	19	109	384	2197	3018	6.2e-11	64.3
NCVOG4445-consensus	scaffold_817	35.89	209	121	13	185	384	60	671	5.9e-18	87.6
NCVOG4445-consensus	scaffold_817	32.56	301	180	23	97	383	1138	2010	6.2e-11	64.3
NCVOG0243-consensus	scaffold_121	30.96	365	208	44	51	389	47520	48557	1.8e-21	103.4
NCVOG0055-consensus	scaffold_32	38.86	211	128	1	182	391	10151	9522	1.1e-35	151.7
NCVOG0055-consensus	scaffold_32	32.91	313	195	15	90	392	13653	12735	1.8e-29	131.0
NCVOG0055-consensus	scaffold_32	39.72	141	84	1	210	349	9515	9096	5.7e-21	102.8
NCVOG0055-consensus	scaffold_32	36.53	219	134	5	177	391	12692	12042	4.5e-20	99.8
NCVOG0055-consensus	scaffold_264	33.71	264	139	36	182	410	8409	7628	1.6e-21	102.5
NCVOG0055-consensus	scaffold_264	34.13	252	130	36	181	398	11027	10283	3.5e-21	101.4
NCVOG0055-consensus	scaffold_54	35.48	217	101	39	192	369	45241	45884	1.1e-19	98.2
NCVOG4115-consensus	scaffold_975	28.21	234	161	7	58	286	837	1529	2.5e-11	64.6
NCVOG4115-consensus	scaffold_786	27.98	243	162	13	54	288	2159	1449	4.1e-11	64.6
NCVOG4105-consensus	scaffold_164	35.11	1088	567	139	7	976	27076	30253	5.2e-37	156.1
NCVOG1045-consensus	scaffold_8	23.76	543	356	58	18	530	10782	12315	1.3e-15	85.9
NCVOG0235-consensus	scaffold_269	34.73	622	358	48	1	576	6567	4711	2e-29	129.3
NCVOG0213-consensus	scaffold_163	43.27	104	50	9	46	140	29950	30258	4.2e-11	67.1
NCVOG0225-consensus	scaffold_20	33.33	183	111	11	88	259	113918	113373	2e-13	77.5
NCVOG0225-consensus	scaffold_165	33.16	190	111	16	60	237	14728	15280	1.3e-11	69.9
NCVOG0305-consensus	scaffold_14	30.71	280	176	18	1303	1568	43644	42822	2.6e-21	106.1
NCVOG0305-consensus	scaffold_51	27.03	222	153	9	822	1034	76853	76191	7.7e-21	104.0
NCVOG0305-consensus	scaffold_63	30.74	257	160	18	1314	1556	65054	65805	6.3e-19	97.5
NCVOG0305-consensus	scaffold_17	32.47	231	140	16	782	1003	92256	92920	4.7e-18	95.3
NCVOG0305-consensus	scaffold_17	29.41	255	164	16	1314	1556	101454	102203	3.7e-17	92.3
NCVOG0305-consensus	scaffold_17	26.74	258	169	20	1314	1556	96857	97612	1.5e-14	83.6
NCVOG0305-consensus	scaffold_17	32.85	207	123	16	1364	1556	94448	95051	1.5e-14	83.6
NCVOG0305-consensus	scaffold_89	29.27	246	157	17	1307	1538	26573	27292	2.3e-14	82.0
NCVOG0305-consensus	scaffold_331	32.59	135	86	5	1418	1549	9154	9549	8.9e-12	71.7
NCVOG0305-consensus	scaffold_40	34.36	227	130	19	1299	1510	19752	20409	1e-11	73.9
NCVOG0248-consensus	scaffold_118	30.24	539	246	130	42	489	15060	13576	1.4e-17	90.8
NCVOG0248-consensus	scaffold_946	32.79	244	140	24	45	271	1284	1991	3.3e-14	75.1
NCVOG0105-consensus	scaffold_9	23.68	929	602	107	23	894	50901	48288	4.6e-12	75.0
NCVOG0105-consensus	scaffold_205	22.84	718	462	92	227	870	22846	20768	4.2e-11	69.6
NCVOG4804-consensus	scaffold_363	55.30	132	55	4	49	180	8398	8018	1.8e-28	124.0
NCVOG4804-consensus	scaffold_27	62.73	110	40	1	72	180	50799	50473	1.9e-27	123.3
NCVOG4804-consensus	scaffold_295	66.32	95	32	0	86	180	24	305	2.6e-27	120.5
NCVOG4804-consensus	scaffold_136	62.39	109	40	1	73	180	45742	45419	2.6e-27	121.6
NCVOG0282-consensus	scaffold_63	32.34	337	194	34	274	586	64863	65832	9e-24	112.7
NCVOG0282-consensus	scaffold_17	27.18	482	300	51	147	601	93760	95120	5.3e-18	94.3
NCVOG0282-consensus	scaffold_17	26.04	603	370	76	46	592	95924	97657	7e-20	100.5
NCVOG0282-consensus	scaffold_17	28.67	279	178	21	316	582	101412	102218	1.4e-18	96.2
NCVOG0282-consensus	scaffold_17	26.05	403	269	29	199	586	91883	93034	5.3e-18	94.3
NCVOG0282-consensus	scaffold_14	29.65	317	183	40	299	582	43763	42843	5.4e-14	81.0
NCVOG0282-consensus	scaffold_331	22.72	449	289	58	190	594	8320	9621	4.1e-13	75.3
NCVOG0282-consensus	scaffold_11	26.28	274	174	28	317	570	56291	55497	1.7e-11	72.8
NCVOG2963-consensus	scaffold_210	28.43	313	211	13	21	322	22142	23067	2.4e-16	85.3
NCVOG4883-consensus	scaffold_123	32.81	442	251	46	40	464	31211	29984	4.8e-34	145.4
NCVOG0360-consensus	scaffold_86	42.72	309	158	19	24	315	39149	40062	8.8e-41	167.5
NCVOG0979-consensus	scaffold_243	47.43	253	101	32	3	223	20966	21713	3e-17	88.2
NCVOG0699-consensus	scaffold_1095	28.48	309	196	25	125	415	360	1262	3.6e-14	74.0
NCVOG0699-consensus	scaffold_151	26.61	451	287	44	2	415	33500	32178	3.1e-13	75.9
NCVOG0699-consensus	scaffold_975	26.76	340	231	18	104	426	624	1637	2.1e-12	68.9
NCVOG0699-consensus	scaffold_928	26.15	260	174	18	170	414	92	859	1.1e-11	66.7
NCVOG0699-consensus	scaffold_928	27.17	254	174	11	174	416	1514	2272	1.1e-11	66.7
NCVOG0699-consensus	scaffold_876	24.71	348	240	22	104	432	1155	124	3.8e-11	65.1
NCVOG4274-consensus	scaffold_755	20.06	678	508	34	92	747	1480	3464	3.9e-11	66.3
NCVOG2734-consensus	scaffold_97	29.30	256	164	17	7	248	57906	57155	2.7e-12	74.0
NCVOG0274-consensus	scaffold_66	37.91	1385	704	156	129	1373	15938	11845	1.9e-61	238.5
NCVOG0274-consensus	scaffold_66	44.92	118	42	23	17	111	16532	16186	2.4e-14	82.0
NCVOG0274-consensus	scaffold_62	30.68	1369	690	259	210	1332	8113	12163	5.9e-56	220.3
NCVOG0274-consensus	scaffold_4	31.69	1518	771	266	50	1330	48751	44338	3.6e-43	178.8
NCVOG0074-consensus	scaffold_249	46.99	647	312	31	2	630	11517	13411	2e-136	484.9
NCVOG0074-consensus	scaffold_421	54.84	558	222	30	13	549	5268	6911	4.1e-121	433.1
NCVOG0074-consensus	scaffold_421	50.15	343	147	24	308	628	1	1018	1.1e-56	219.1
NCVOG0074-consensus	scaffold_4	32.02	531	308	53	2	487	159858	161417	6.1e-48	191.7
NCVOG0074-consensus	scaffold_344	74.55	110	28	0	5	114	334	8	1.1e-37	156.4
NCVOG0074-consensus	scaffold_93	29.86	690	375	109	26	614	52761	50729	4.2e-24	113.0
NCVOG0074-consensus	scaffold_362	76.67	60	14	0	5	64	182	6	5.7e-18	90.8
NCVOG1299-consensus	scaffold_7	44.86	185	58	44	5	146	153267	153803	6e-13	72.5
NCVOG1299-consensus	scaffold_115	42.36	144	62	21	2	126	38688	39108	2.2e-11	68.5
NCVOG1196-consensus	scaffold_174	19.74	907	664	64	247	1114	15590	18232	6.2e-13	76.1
NCVOG4414-consensus	scaffold_867	31.49	181	114	10	40	216	1210	1731	3.2e-12	67.9
NCVOG4324-consensus	scaffold_274	32.46	533	311	49	121	628	21755	20236	5.1e-17	88.1
NCVOG4134-consensus	scaffold_38	34.30	519	234	107	3	442	92968	94419	4.3e-11	70.0
NCVOG0304-consensus	scaffold_17	39.02	164	86	14	56	208	92244	92719	3.7e-12	74.0
NCVOG0304-consensus	scaffold_63	34.42	154	89	12	56	200	65042	65487	3.8e-11	70.0
NCVOG1004-consensus	scaffold_64	29.55	379	217	50	6	361	23600	24652	4.8e-16	86.0
NCVOG0276-consensus	scaffold_21	61.39	373	91	53	38	357	19474	20579	5.9e-32	139.2
NCVOG0276-consensus	scaffold_552	26.03	365	227	43	30	357	3834	2765	3.3e-12	69.7
NCVOG0689-consensus	scaffold_482	26.47	204	134	16	2	197	3648	4232	1.6e-12	71.6
NCVOG4882-consensus	scaffold_184	33.33	327	195	23	403	718	19024	19965	5e-25	115.9
NCVOG2204-consensus	scaffold_94	38.14	472	232	60	13	425	43039	44440	1.1e-29	131.0
NCVOG2204-consensus	scaffold_94	38.58	464	225	60	19	425	44962	46335	7.6e-34	144.9
NCVOG0777-consensus	scaffold_1	22.78	641	417	78	183	790	105932	107694	4.6e-19	98.8
NCVOG0777-consensus	scaffold_76	33.48	227	138	13	290	509	28558	27905	6.3e-15	83.9
NCVOG0777-consensus	scaffold_83	28.38	303	184	33	117	406	55191	54354	1.5e-13	79.3
NCVOG0777-consensus	scaffold_117	35.92	245	106	51	189	415	44210	44842	5.5e-13	77.1
NCVOG0777-consensus	scaffold_1	31.61	174	112	7	282	448	106539	106021	1.5e-11	73.9
NCVOG2610-consensus	scaffold_2	21.67	263	195	11	124	382	66880	66116	9.5e-11	69.3
NCVOG4966-consensus	scaffold_22	24.58	358	248	22	52	387	107773	106703	7.5e-13	76.2
NCVOG4966-consensus	scaffold_210	27.62	467	281	57	53	482	21923	23250	8.7e-13	74.0
NCVOG4966-consensus	scaffold_248	19.00	321	235	25	88	402	22890	23790	3.8e-11	68.3
NCVOG0185-consensus	scaffold_1	27.97	143	101	2	1	143	105935	106354	2.6e-11	70.5
NCVOG3000-consensus	scaffold_76	30.50	200	106	33	58	230	34777	34199	1.8e-13	76.5
NCVOG0030-consensus	scaffold_172	33.99	562	243	128	51	500	6208	4598	2.3e-21	103.5
NCVOG0030-consensus	scaffold_193	35.26	519	244	92	26	472	18683	17204	1.4e-13	77.5
NCVOG4494-consensus	scaffold_146	34.36	326	194	20	6	323	24210	25148	6.6e-30	131.5
NCVOG4494-consensus	scaffold_146	39.30	201	122	0	22	222	23606	24205	1.8e-26	120.1
NCVOG4494-consensus	scaffold_146	36.69	278	151	25	50	313	21606	22403	5.5e-26	118.5
NCVOG4494-consensus	scaffold_146	34.09	308	173	30	24	313	26917	27797	4.4e-25	115.5
NCVOG4494-consensus	scaffold_146	31.66	259	165	12	28	285	26170	26910	1.7e-17	90.3
NCVOG4494-consensus	scaffold_146	30.48	187	130	0	22	208	21039	21596	4.2e-16	85.7
NCVOG4494-consensus	scaffold_730	35.85	265	154	16	29	289	1303	548	1.6e-25	113.6
NCVOG4494-consensus	scaffold_183	33.64	327	198	19	16	324	10242	11216	5e-24	111.7
NCVOG4494-consensus	scaffold_117	39.23	209	126	1	24	231	21252	21875	2.3e-23	110.1
NCVOG4494-consensus	scaffold_146	32.12	302	178	27	27	313	32107	31241	1.3e-20	100.6
NCVOG4494-consensus	scaffold_413	29.20	274	182	12	23	287	3620	4419	1e-19	96.0
NCVOG4494-consensus	scaffold_26	32.80	189	121	6	52	239	84674	84126	2.7e-15	84.3
NCVOG4494-consensus	scaffold_184	43.44	122	68	1	55	175	2505	2865	1.2e-14	80.5
NCVOG4494-consensus	scaffold_108	28.62	290	181	26	45	314	28183	29031	3.9e-14	79.4
NCVOG4494-consensus	scaffold_872	36.90	168	93	13	6	172	1191	727	1.4e-11	66.7
NCVOG4494-consensus	scaffold_72	32.50	160	105	3	33	189	58953	59429	4.4e-11	69.7
NCVOG0727-consensus	scaffold_227	27.68	289	173	36	48	304	3012	3863	2.9e-14	78.2
NCVOG0196-consensus	scaffold_115	25.21	238	161	17	282	512	31074	31754	4.7e-11	69.4
NCVOG0267-consensus	scaffold_91	28.21	397	247	38	291	664	14791	15925	4.1e-26	120.5
NCVOG0267-consensus	scaffold_217	27.67	430	260	51	326	721	11724	10489	4.9e-25	115.9
NCVOG0267-consensus	scaffold_184	27.31	443	264	58	326	729	31598	30330	1.4e-22	108.1
NCVOG0267-consensus	scaffold_191	27.74	465	263	73	258	670	28884	30196	2e-11	70.9
NCVOG0267-consensus	scaffold_9	25.79	756	452	109	42	722	82883	85017	4.9e-11	71.7
NCVOG0067-consensus	scaffold_143	26.53	343	212	40	147	480	23503	24433	5.6e-14	78.9
NCVOG4357-consensus	scaffold_450	44.07	118	62	4	374	487	11460	11110	4.4e-18	90.3
NCVOG0157-consensus	scaffold_6	24.87	563	354	69	1	532	159410	157839	4.3e-12	71.8
NCVOG0157-consensus	scaffold_681	24.57	529	341	58	2	515	368	1816	1.1e-11	68.0
NCVOG0157-consensus	scaffold_385	27.12	424	277	32	113	516	1548	2778	3e-11	68.0
NCVOG0157-consensus	scaffold_375	25.15	517	345	42	5	488	7049	8563	6.7e-11	66.9
NCVOG0517-consensus	scaffold_248	15.13	238	199	3	107	341	22911	23619	2.6e-16	85.0
NCVOG0517-consensus	scaffold_210	28.45	348	213	36	10	326	21807	22824	8.7e-14	76.8
NCVOG0517-consensus	scaffold_391	7.42	256	232	5	91	341	4190	4954	8.8e-13	72.5
NCVOG0517-consensus	scaffold_33	29.88	241	130	39	96	315	24381	25046	3.2e-11	70.1
NCVOG0517-consensus	scaffold_24	27.52	218	136	22	87	294	16030	15416	9e-11	68.7
NCVOG0817-consensus	scaffold_64	35.78	517	281	51	6	508	23600	25036	8.6e-49	195.0
NCVOG0047-consensus	scaffold_76	22.66	481	314	58	173	621	20217	21578	1.1e-14	82.3
NCVOG0037-consensus	scaffold_29	43.46	1146	451	197	93	1042	42393	38998	1e-33	146.6
NCVOG0778-consensus	scaffold_312	32.31	130	83	5	373	502	3	374	5.1e-14	77.8
NCVOG0007-consensus	scaffold_44	32.51	403	197	75	21	348	48058	46863	1.6e-25	117.5
NCVOG0335-consensus	scaffold_76	26.25	659	397	89	39	638	19769	21640	8e-18	92.9
NCVOG0015-consensus	scaffold_10	28.69	251	160	19	104	345	92752	93467	1.7e-14	81.9
NCVOG0015-consensus	scaffold_3	30.24	248	150	23	36	263	201076	200357	4.7e-12	72.4
NCVOG0005-consensus	scaffold_131	30.74	283	161	35	66	319	12967	12144	1.9e-15	83.5
NCVOG0486-consensus	scaffold_54	32.31	294	161	38	44	311	54225	55059	9.5e-20	98.3
NCVOG0744-consensus	scaffold_99	29.45	489	267	78	125	540	8197	6761	2.4e-21	103.6
NCVOG0284-consensus	scaffold_110	36.67	180	91	23	151	309	1570	2096	1.4e-12	73.6
NCVOG4129-consensus	scaffold_333	24.63	272	200	5	3	273	163	963	2.4e-11	68.4
NCVOG0806-consensus	scaffold_11	37.10	407	202	54	86	446	107186	106007	1.4e-24	115.3
NCVOG0329-consensus	scaffold_34	34.55	330	174	42	1046	1338	76366	77329	1.5e-14	83.1
NCVOG0329-consensus	scaffold_210	25.73	688	453	58	82	724	21528	23539	1e-12	75.2
NCVOG0029-consensus	scaffold_63	31.64	572	295	96	18	503	19283	17609	3.3e-30	133.4
NCVOG0029-consensus	scaffold_19	31.21	346	179	59	54	344	85151	84133	7.7e-14	79.7
NCVOG0029-consensus	scaffold_19	31.43	490	237	99	18	410	102175	103623	7e-12	73.2
NCVOG4566-consensus	scaffold_107	19.32	502	387	18	29	518	42733	41249	6e-15	83.1
NCVOG4566-consensus	scaffold_24	28.95	304	193	23	244	545	16273	15436	1.1e-12	76.6
NCVOG4154-consensus	scaffold_210	36.55	238	140	11	58	291	21923	22608	2.9e-18	91.5
NCVOG4154-consensus	scaffold_210	40.21	194	88	28	124	293	22657	23223	9.4e-15	79.9
NCVOG4154-consensus	scaffold_248	9.21	239	201	16	33	267	22905	23582	3e-14	78.0
NCVOG4154-consensus	scaffold_56	14.41	222	173	17	19	240	17296	17907	2.8e-12	73.1
NCVOG4416-consensus	scaffold_817	30.35	201	129	11	64	253	2128	2727	9e-16	79.9
NCVOG4416-consensus	scaffold_994	27.70	296	188	26	2	272	16	895	1.2e-15	78.8
NCVOG4416-consensus	scaffold_1064	29.17	168	115	4	90	253	903	1403	4.6e-14	73.1
NCVOG4416-consensus	scaffold_1144	32.50	160	104	4	97	252	481	5	1.8e-13	70.6
NCVOG4416-consensus	scaffold_649	31.48	162	107	4	96	253	3811	4293	6.8e-13	71.2
NCVOG4416-consensus	scaffold_165	30.23	172	115	5	87	253	121	633	9.9e-13	73.4
NCVOG4416-consensus	scaffold_843	29.21	178	117	9	94	265	708	1229	1.9e-12	68.7
NCVOG4416-consensus	scaffold_867	30.41	194	125	10	67	253	874	1443	3.1e-12	67.9
NCVOG4416-consensus	scaffold_860	27.72	184	129	4	75	254	2460	1912	3.1e-12	67.9
NCVOG4416-consensus	scaffold_556	24.27	239	165	16	28	253	2763	3467	8.8e-12	67.9
NCVOG4416-consensus	scaffold_869	25.64	234	166	8	28	253	1913	2605	1.7e-11	65.5
NCVOG4416-consensus	scaffold_151	28.90	173	113	10	92	254	31958	31443	1.8e-11	69.4
NCVOG4416-consensus	scaffold_876	28.00	150	105	3	110	256	1092	646	5.1e-11	63.8
NCVOG4416-consensus	scaffold_745	27.61	163	114	4	95	253	3837	3352	9.1e-11	63.6
NCVOG4416-consensus	scaffold_745	30.26	152	103	3	105	253	2082	1630	9.1e-11	63.6
NCVOG4416-consensus	scaffold_1045	26.44	174	125	3	83	253	368	886	9.4e-11	62.2
NCVOG0242-consensus	scaffold_197	32.18	174	95	23	464	620	16745	16247	2e-11	70.2
NCVOG1326-consensus	scaffold_305	50.78	128	62	1	23	149	6396	6776	1.3e-27	121.0
NCVOG1326-consensus	scaffold_145	43.79	153	75	11	4	146	36406	35954	1.1e-24	112.4
NCVOG1326-consensus	scaffold_145	43.57	140	73	6	12	146	33274	32861	1e-22	105.9
NCVOG1326-consensus	scaffold_38	41.38	174	78	24	1	150	56572	56060	2.5e-22	105.7
NCVOG1326-consensus	scaffold_116	49.43	87	44	0	60	146	5441	5184	2.1e-18	91.8
NCVOG0036-consensus	scaffold_263	34.82	247	141	20	73	304	6206	5488	1.3e-19	95.8
NCVOG0222-consensus	scaffold_107	27.08	432	297	18	57	479	42319	41054	9.6e-29	128.0
NCVOG0222-consensus	scaffold_755	24.77	436	314	14	72	501	1872	3152	4.7e-22	101.9
NCVOG0222-consensus	scaffold_210	28.05	410	274	21	75	480	23303	22128	2e-16	86.2
NCVOG0014-consensus	scaffold_10	27.17	357	230	30	56	399	92206	93210	2.6e-16	88.1
NCVOG0014-consensus	scaffold_13	30.59	219	150	2	128	345	50703	50053	7e-15	83.2
NCVOG0014-consensus	scaffold_547	26.30	270	187	12	104	364	4014	3217	1.5e-12	71.5
NCVOG0014-consensus	scaffold_440	25.30	328	206	39	84	388	2481	1557	5.5e-12	70.2
NCVOG0014-consensus	scaffold_32	27.54	207	144	6	89	289	24323	23706	2.2e-11	71.3
NCVOG0002-consensus	scaffold_43	27.29	883	538	104	1	833	51686	49221	1.9e-44	181.6
NCVOG0002-consensus	scaffold_397	27.04	784	479	93	112	837	4550	2327	1.5e-26	119.5
NCVOG0002-consensus	scaffold_90	28.89	623	363	80	160	751	31546	29842	8.9e-13	75.8
NCVOG0002-consensus	scaffold_364	23.82	659	375	127	157	764	4403	2678	4.8e-12	71.5
NCVOG0780-consensus	scaffold_176	24.91	269	190	12	113	375	13227	12442	1.2e-11	70.3
NCVOG0780-consensus	scaffold_176	26.56	320	202	33	21	324	14278	13375	1.2e-11	70.3
NCVOG4845-consensus	scaffold_539	26.41	602	346	97	50	630	1880	306	3.2e-24	110.6
NCVOG4845-consensus	scaffold_108	24.50	555	325	94	89	629	46706	45291	1.6e-13	77.8
NCVOG4845-consensus	scaffold_75	24.55	505	306	75	137	621	46909	45567	2.8e-13	77.2
NCVOG0743-consensus	scaffold_175	29.44	214	140	11	47	252	10473	9844	1.4e-16	86.8
NCVOG2775-consensus	scaffold_21	35.66	244	150	7	173	410	96272	96997	3.8e-30	133.9
NCVOG2775-consensus	scaffold_97	33.12	314	192	18	113	413	58004	57089	4.9e-18	92.7
NCVOG2775-consensus	scaffold_138	28.71	404	257	31	153	534	29742	28565	1.1e-16	87.8
NCVOG2775-consensus	scaffold_370	32.16	227	132	22	182	386	13695	13024	1.1e-13	76.4
NCVOG2775-consensus	scaffold_975	33.57	283	162	26	107	384	639	1421	1.8e-11	66.1
NCVOG2775-consensus	scaffold_67	26.67	390	245	41	230	581	4973	3824	9e-11	68.8
NCVOG0893-consensus	scaffold_180	26.87	469	274	69	100	499	23194	21799	9.2e-18	91.6
NCVOG0275-consensus	scaffold_470	40.45	89	53	0	34	122	7668	7405	9.1e-13	71.1
NCVOG0729-consensus	scaffold_2	36.38	591	281	95	5	513	192067	190351	2.7e-17	90.3
NCVOG5103-consensus	scaffold_210	32.35	306	184	23	235	523	22009	22905	3.1e-17	89.9
NCVOG5103-consensus	scaffold_22	26.82	261	172	19	289	531	9364	10136	1.3e-13	79.9
NCVOG5103-consensus	scaffold_56	20.16	253	191	11	259	506	17179	17916	2.2e-12	75.3
NCVOG4874-consensus	scaffold_89	41.83	404	179	56	1	366	22154	23302	2e-42	173.1
NCVOG4874-consensus	scaffold_83	39.31	407	156	91	37	366	29518	30685	2.9e-17	89.6
NCVOG4423-consensus	scaffold_83	37.31	134	84	0	86	219	58575	58973	6.5e-20	97.7
NCVOG4423-consensus	scaffold_816	42.54	134	73	4	90	219	871	1269	1.6e-16	82.1
NCVOG4423-consensus	scaffold_867	30.77	234	144	18	3	219	946	1641	5.1e-16	80.2
NCVOG4423-consensus	scaffold_136	33.18	211	125	16	26	220	19420	20049	1e-15	83.3
NCVOG4423-consensus	scaffold_453	31.67	180	115	8	43	219	7102	6581	2.1e-15	80.2
NCVOG4423-consensus	scaffold_265	32.09	187	116	11	38	220	3932	4468	8.9e-15	79.2
NCVOG4423-consensus	scaffold_265	37.71	175	104	5	51	220	1553	2070	8.9e-15	79.2
NCVOG4423-consensus	scaffold_236	39.46	147	85	4	80	222	23457	23894	9.8e-15	79.2
NCVOG4423-consensus	scaffold_986	38.30	141	83	4	83	219	579	998	2.4e-14	74.2
NCVOG4423-consensus	scaffold_820	35.37	147	91	4	77	219	443	6	2.5e-14	74.8
NCVOG4423-consensus	scaffold_524	39.44	142	82	4	82	219	5738	6160	2.7e-14	76.2
NCVOG4423-consensus	scaffold_602	35.04	137	85	4	90	222	6164	5757	3.1e-14	75.6
NCVOG4423-consensus	scaffold_602	29.33	208	142	5	17	219	4731	4115	5.2e-13	71.5
NCVOG4423-consensus	scaffold_994	37.96	137	81	4	88	220	445	852	1e-13	72.1
NCVOG4423-consensus	scaffold_473	37.50	136	81	4	88	219	9464	9868	5.3e-13	72.1
NCVOG4423-consensus	scaffold_1052	36.16	177	105	8	53	222	754	1274	1.1e-12	68.3
NCVOG4423-consensus	scaffold_625	27.51	229	153	13	7	222	1654	2333	1.2e-12	70.2
NCVOG4423-consensus	scaffold_921	38.69	137	80	4	90	222	729	322	1.5e-12	68.5
NCVOG4423-consensus	scaffold_1144	30.73	179	110	14	57	222	790	260	1.6e-12	67.2
NCVOG4423-consensus	scaffold_23	31.13	212	130	16	18	219	20531	19917	2.5e-12	73.3
NCVOG4423-consensus	scaffold_910	40.58	138	79	3	86	220	1783	2193	3.2e-12	67.4
NCVOG4423-consensus	scaffold_701	36.31	179	101	13	53	222	3066	2549	4e-12	68.0
NCVOG4423-consensus	scaffold_165	33.79	145	92	4	82	222	223	654	4.1e-12	71.1
NCVOG4423-consensus	scaffold_651	38.98	118	69	3	108	222	737	387	4.2e-12	68.3
NCVOG4423-consensus	scaffold_860	40.15	132	75	4	94	221	2475	2083	5.2e-12	66.9
NCVOG4423-consensus	scaffold_1064	34.23	111	70	3	82	189	1086	1415	7e-12	65.5
NCVOG4423-consensus	scaffold_1119	34.00	150	91	8	75	219	685	252	1.2e-11	64.5
NCVOG4423-consensus	scaffold_876	34.93	146	91	4	78	219	1635	1201	2.3e-11	64.7
NCVOG4423-consensus	scaffold_928	34.20	193	110	17	36	221	44	589	3.5e-11	63.9
NCVOG4423-consensus	scaffold_330	31.60	212	132	13	16	222	1315	1919	4e-11	66.7
NCVOG4423-consensus	scaffold_330	36.17	141	86	4	86	222	4658	5077	4e-11	66.7
NCVOG4423-consensus	scaffold_925	37.75	151	82	12	69	211	442	9	5.1e-11	63.4
NCVOG4423-consensus	scaffold_1095	37.96	137	81	4	90	222	408	815	5.9e-11	62.3
NCVOG4423-consensus	scaffold_745	27.18	206	138	12	23	219	789	184	7.1e-11	63.7
NCVOG4423-consensus	scaffold_745	36.69	139	84	4	88	222	2022	1609	4.1e-11	64.5
NCVOG4467-consensus	scaffold_975	26.69	236	158	15	119	343	630	1322	4e-11	64.3
NCVOG0605-consensus	scaffold_76	30.51	331	203	27	163	485	29010	28078	2.7e-27	123.4
NCVOG0605-consensus	scaffold_2	35.49	293	157	32	198	488	67009	66224	4.6e-25	117.2
NCVOG0605-consensus	scaffold_2	31.88	207	129	12	285	489	60327	59740	2e-15	85.2
NCVOG0605-consensus	scaffold_22	28.27	336	225	16	157	486	6640	7608	2.2e-23	111.2
NCVOG0605-consensus	scaffold_76	33.02	215	130	14	279	488	34183	34797	4.3e-21	102.8
NCVOG0605-consensus	scaffold_2	23.98	342	243	17	151	489	61613	62593	2.9e-15	84.6
NCVOG0605-consensus	scaffold_37	25.49	408	257	47	100	488	84345	83209	3.2e-15	83.8
NCVOG0605-consensus	scaffold_755	24.32	333	233	19	172	491	2204	3181	3.9e-15	78.9
NCVOG0605-consensus	scaffold_124	31.09	238	143	21	274	492	15659	14965	2.1e-11	70.2
NCVOG1136-consensus	scaffold_665	47.57	391	155	50	137	479	4242	3081	9.5e-35	144.5
NCVOG0822-consensus	scaffold_97	36.25	240	130	23	59	290	57804	57137	3.2e-13	76.5
NCVOG1049-consensus	scaffold_166	33.94	327	202	14	2	324	24865	25812	3.4e-38	158.2
NCVOG1049-consensus	scaffold_161	28.49	344	207	39	3	322	7197	8180	6e-17	87.7
NCVOG4419-consensus	scaffold_83	24.92	305	203	26	99	382	58192	59084	1.8e-11	70.6
NCVOG4419-consensus	scaffold_1076	26.89	409	253	46	25	412	1203	63	2.5e-11	64.6
NCVOG1339-consensus	scaffold_20	33.73	252	145	22	7	248	100720	101436	4.4e-19	96.4
NCVOG1339-consensus	scaffold_352	26.71	322	214	22	7	315	11673	10738	4.1e-18	90.4
NCVOG1339-consensus	scaffold_114	28.31	272	167	28	1	255	21774	20995	1e-17	90.7
NCVOG1339-consensus	scaffold_336	34.00	250	147	18	6	248	6324	7037	3.4e-17	87.4
NCVOG1339-consensus	scaffold_336	29.41	255	162	18	8	255	4732	5460	3.4e-17	87.4
NCVOG1339-consensus	scaffold_19	31.84	267	158	24	1	255	44016	44777	5.8e-17	89.4
NCVOG1339-consensus	scaffold_19	32.39	247	151	16	15	255	64745	65452	5.8e-17	89.4
NCVOG1339-consensus	scaffold_19	31.79	280	157	34	2	265	61485	62263	3e-15	83.7
NCVOG1339-consensus	scaffold_81	30.97	268	161	24	1	255	26596	27359	6.8e-17	88.3
NCVOG1339-consensus	scaffold_254	36.32	190	103	18	48	230	11171	10644	2e-16	85.3
NCVOG1339-consensus	scaffold_254	33.88	242	137	23	2	231	10229	9546	2.7e-14	78.2
NCVOG1339-consensus	scaffold_176	29.86	278	167	28	6	273	9642	10418	5.4e-16	84.5
NCVOG1339-consensus	scaffold_71	27.67	253	163	20	12	255	44726	45448	4.5e-15	82.3
NCVOG1339-consensus	scaffold_374	27.63	257	169	17	6	257	7618	8349	6.8e-15	79.5
NCVOG1339-consensus	scaffold_85	27.55	265	171	21	3	257	56712	57466	1.8e-14	80.1
NCVOG1339-consensus	scaffold_26	26.91	275	183	18	2	262	57215	56408	4.7e-14	79.6
NCVOG1339-consensus	scaffold_32	26.37	273	177	24	1	262	11740	10964	1.1e-13	78.2
NCVOG1339-consensus	scaffold_20	27.86	262	164	25	7	257	96027	95287	1.3e-13	78.3
NCVOG1339-consensus	scaffold_199	28.80	191	131	5	48	237	22928	23485	2.2e-12	72.2
NCVOG1339-consensus	scaffold_560	27.20	261	165	25	6	257	6042	5311	2.5e-12	70.0
NCVOG1139-consensus	scaffold_755	28.44	334	169	70	22	299	3431	2481	4e-11	65.1
NCVOG0319-consensus	scaffold_1	38.24	204	89	37	23	189	113449	114051	1e-11	71.7
NCVOG0219-consensus	scaffold_34	34.27	356	190	44	399	729	76326	77329	2e-22	108.4
NCVOG2980-consensus	scaffold_4	26.97	356	217	43	127	466	128437	129410	4.6e-14	80.6
NCVOG1272-consensus	scaffold_54	21.67	1486	1055	109	604	2031	14774	19063	1.7e-23	113.2
NCVOG0652-consensus	scaffold_46	35.07	365	215	22	69	421	53971	52910	7.8e-36	151.9
NCVOG0835-consensus	scaffold_491	33.33	303	157	45	1	259	3010	2108	3.1e-18	89.7
NCVOG4522-consensus	scaffold_40	39.81	216	101	29	262	448	57863	58505	2.9e-11	70.5
NCVOG1352-consensus	scaffold_126	34.56	217	112	30	18	209	42932	42304	4e-17	88.2
NCVOG4422-consensus	scaffold_975	31.02	274	163	26	48	300	639	1438	7.1e-16	80.0
NCVOG5117-consensus	scaffold_124	40.13	157	78	16	816	968	15440	15009	1.1e-16	89.6
NCVOG5117-consensus	scaffold_42	34.63	205	115	19	851	1051	17136	17702	1.7e-12	76.6
NCVOG5117-consensus	scaffold_148	36.73	147	68	25	822	963	446	69	2.3e-12	74.9
NCVOG5117-consensus	scaffold_83	29.17	264	151	36	708	963	54369	55071	2.3e-11	72.2
NCVOG5117-consensus	scaffold_75	38.81	134	58	24	817	950	21251	20925	2.4e-11	72.2
NCVOG5117-consensus	scaffold_22	22.66	781	544	60	651	1406	6508	8736	7.4e-11	71.4
NCVOG0052-consensus	scaffold_79	31.19	109	72	3	36	144	50391	50705	1.4e-11	70.0
NCVOG4122-consensus	scaffold_876	36.31	369	218	17	110	462	1554	454	2.8e-41	165.1
NCVOG4122-consensus	scaffold_876	34.78	138	81	9	110	242	438	42	8.8e-13	70.5
NCVOG4122-consensus	scaffold_453	30.75	413	253	33	6	401	2146	959	4.7e-25	113.3
NCVOG4122-consensus	scaffold_453	29.67	337	216	21	6	331	7315	6338	4.7e-25	113.3
NCVOG4122-consensus	scaffold_453	31.77	192	117	14	49	236	4759	4217	4.1e-14	77.0
NCVOG4122-consensus	scaffold_204	33.75	397	240	23	86	461	5958	4777	6e-25	114.4
NCVOG4122-consensus	scaffold_204	34.20	383	223	29	101	462	1498	383	6e-25	114.4
NCVOG4122-consensus	scaffold_608	33.01	412	254	22	70	461	576	1802	7.2e-25	112.0
NCVOG4122-consensus	scaffold_608	36.84	190	110	10	156	335	3	569	4.7e-20	96.0
NCVOG4122-consensus	scaffold_608	30.39	204	131	11	127	321	2787	3385	6.9e-16	82.1
NCVOG4122-consensus	scaffold_608	29.63	297	185	24	152	431	3973	4831	1.2e-15	81.3
NCVOG4122-consensus	scaffold_928	36.50	263	150	17	124	372	89	865	7.7e-25	110.4
NCVOG4122-consensus	scaffold_928	31.37	322	190	31	4	310	1265	2173	4.2e-16	81.3
NCVOG4122-consensus	scaffold_910	36.68	319	189	13	123	430	1423	2370	1.2e-24	109.8
NCVOG4122-consensus	scaffold_867	36.39	382	224	19	96	462	793	1923	1.9e-24	109.3
NCVOG4122-consensus	scaffold_843	26.60	470	311	34	11	449	187	1568	3.5e-24	108.5
NCVOG4122-consensus	scaffold_602	32.20	382	241	18	98	462	6530	5391	8.4e-24	108.5
NCVOG4122-consensus	scaffold_151	34.32	405	248	18	70	457	32933	31725	6.1e-23	108.2
NCVOG4122-consensus	scaffold_151	30.00	290	190	13	95	371	3549	2683	1.9e-22	106.6
NCVOG4122-consensus	scaffold_151	30.52	308	192	22	49	336	33847	32937	2e-19	96.5
NCVOG4122-consensus	scaffold_151	26.10	433	272	48	78	462	2119	826	3.5e-15	82.4
NCVOG4122-consensus	scaffold_151	34.55	275	161	19	133	393	39873	39071	4.8e-14	78.6
NCVOG4122-consensus	scaffold_83	35.68	185	118	1	278	461	58422	58973	9.2e-23	108.2
NCVOG4122-consensus	scaffold_816	31.79	368	229	22	116	463	562	1656	9.3e-23	103.8
NCVOG4122-consensus	scaffold_816	29.63	324	198	30	86	390	1771	2706	2.4e-22	102.5
NCVOG4122-consensus	scaffold_165	29.25	441	294	18	38	461	166	1482	1.8e-22	106.6
NCVOG4122-consensus	scaffold_524	30.51	390	213	58	6	382	7851	6822	2.1e-22	104.1
NCVOG4122-consensus	scaffold_1076	34.96	369	221	19	101	451	1102	6	2.2e-22	101.4
NCVOG4122-consensus	scaffold_79	31.59	345	209	27	114	442	15277	14279	2.4e-22	106.9
NCVOG4122-consensus	scaffold_444	31.58	399	249	24	86	464	11287	10110	1.1e-21	102.2
NCVOG4122-consensus	scaffold_444	28.68	387	237	39	116	464	1989	839	1.4e-23	108.5
NCVOG4122-consensus	scaffold_444	29.34	317	209	15	39	342	5217	4280	1.1e-21	102.2
NCVOG4122-consensus	scaffold_444	28.52	256	174	9	86	334	10082	9324	1.3e-17	88.7
NCVOG4122-consensus	scaffold_806	32.77	238	147	13	56	285	726	31	1.1e-21	100.3
NCVOG4122-consensus	scaffold_786	35.43	381	211	35	114	460	1724	588	2.1e-21	99.5
NCVOG4122-consensus	scaffold_786	33.47	245	142	21	147	371	2483	1755	1.9e-23	106.3
NCVOG4122-consensus	scaffold_55	29.75	437	275	32	13	432	57375	56113	3.5e-21	103.3
NCVOG4122-consensus	scaffold_236	33.52	349	217	15	127	460	23490	24533	7.4e-21	100.6
NCVOG4122-consensus	scaffold_925	33.33	225	142	8	29	247	670	9	9.3e-21	96.8
NCVOG4122-consensus	scaffold_986	33.65	211	125	15	83	282	474	1091	9.6e-21	96.5
NCVOG4122-consensus	scaffold_330	34.81	385	226	25	95	460	4122	5251	2.9e-20	98.2
NCVOG4122-consensus	scaffold_330	29.74	417	271	22	62	460	1234	2465	3.5e-20	97.9
NCVOG4122-consensus	scaffold_136	30.68	352	218	26	3	341	19219	20232	4e-20	99.0
NCVOG4122-consensus	scaffold_994	32.53	292	173	24	6	273	34	906	6.1e-20	93.8
NCVOG4122-consensus	scaffold_23	29.78	272	177	14	130	390	20396	19593	6.6e-20	99.6
NCVOG4122-consensus	scaffold_230	33.91	407	247	22	74	461	27133	25925	7.4e-20	97.4
NCVOG4122-consensus	scaffold_230	34.46	383	231	20	96	460	24735	23596	1.8e-22	106.0
NCVOG4122-consensus	scaffold_649	33.33	222	137	11	126	336	3814	4476	1.2e-18	91.1
NCVOG4122-consensus	scaffold_616	33.12	320	196	18	70	371	1547	591	1.4e-18	91.1
NCVOG4122-consensus	scaffold_616	25.68	331	224	22	96	410	6465	5498	1.2e-15	81.3
NCVOG4122-consensus	scaffold_616	32.52	246	149	17	82	313	4783	4070	8.9e-14	75.1
NCVOG4122-consensus	scaffold_869	32.38	281	173	17	70	333	1847	2686	1.4e-18	89.7
NCVOG4122-consensus	scaffold_265	37.87	301	172	15	146	431	3845	4744	1.9e-18	92.5
NCVOG4122-consensus	scaffold_265	33.24	355	220	17	126	464	1762	2820	3.4e-23	108.2
NCVOG4122-consensus	scaffold_817	31.82	286	180	15	130	400	3	857	1.6e-17	86.5
NCVOG4122-consensus	scaffold_817	32.39	284	180	12	92	363	2236	3084	1.6e-17	86.5
NCVOG4122-consensus	scaffold_817	31.95	266	166	15	209	462	1405	2190	1.3e-13	73.5
NCVOG4122-consensus	scaffold_1119	25.48	314	213	21	40	341	913	8	6.5e-17	83.0
NCVOG4122-consensus	scaffold_790	33.63	223	137	11	70	281	973	1638	1.1e-16	83.8
NCVOG4122-consensus	scaffold_390	30.74	283	174	22	46	313	7514	6692	1.3e-16	85.7
NCVOG4122-consensus	scaffold_610	28.44	320	208	21	1	301	1805	861	3.2e-16	83.2
NCVOG4122-consensus	scaffold_44	27.23	404	267	27	9	398	7276	6107	6.3e-16	86.0
NCVOG4122-consensus	scaffold_975	32.00	375	232	23	110	462	25	1139	9.5e-16	80.0
NCVOG4122-consensus	scaffold_975	38.67	150	88	4	110	255	1155	1601	5.4e-12	67.5
NCVOG4122-consensus	scaffold_165	33.04	227	120	32	122	342	39127	38528	1.1e-15	84.1
NCVOG4122-consensus	scaffold_165	31.35	252	161	12	222	462	37491	36742	5.5e-14	78.4
NCVOG4122-consensus	scaffold_556	29.86	288	188	14	127	401	3549	4406	1.2e-15	81.6
NCVOG4122-consensus	scaffold_556	29.21	202	129	14	47	243	2961	3536	4.5e-12	69.7
NCVOG4122-consensus	scaffold_1095	36.29	259	152	13	184	431	495	1262	1.5e-15	78.6
NCVOG4122-consensus	scaffold_1052	34.74	285	167	19	67	337	696	1532	2.6e-15	78.1
NCVOG4122-consensus	scaffold_642	27.89	251	168	13	103	341	2329	3075	1.2e-14	77.8
NCVOG4122-consensus	scaffold_536	27.30	337	214	31	9	323	2965	3941	2.5e-14	77.3
NCVOG4122-consensus	scaffold_795	26.57	286	189	21	6	285	2789	1980	2.6e-14	75.9
NCVOG4122-consensus	scaffold_146	31.99	272	169	16	113	370	187	993	5e-14	78.6
NCVOG4122-consensus	scaffold_601	27.25	334	222	21	86	402	5863	6849	6.4e-14	75.6
NCVOG4122-consensus	scaffold_170	30.63	333	195	36	98	416	8727	9654	9.3e-14	77.6
NCVOG4122-consensus	scaffold_921	35.95	306	181	15	170	461	963	52	9.9e-14	73.5
NCVOG4122-consensus	scaffold_921	35.29	170	100	10	116	276	1927	1424	9.9e-14	73.5
NCVOG4122-consensus	scaffold_1045	33.51	194	120	9	67	255	425	991	1.2e-13	72.7
NCVOG4122-consensus	scaffold_219	24.35	308	220	13	17	311	10948	10028	2.2e-13	75.9
NCVOG4122-consensus	scaffold_473	39.06	256	144	12	97	340	9380	10144	2.9e-13	74.0
NCVOG4122-consensus	scaffold_321	27.38	252	170	13	18	256	5262	4510	9.5e-13	73.2
NCVOG4122-consensus	scaffold_323	28.19	259	174	12	86	333	18095	18865	3.5e-12	71.3
NCVOG4122-consensus	scaffold_820	29.33	225	144	15	6	225	647	6	3.8e-12	68.6
NCVOG4122-consensus	scaffold_354	28.64	213	136	16	28	225	6884	7516	5.5e-12	70.5
NCVOG4122-consensus	scaffold_571	31.68	322	198	22	31	337	6505	7442	6.3e-12	69.1
NCVOG4122-consensus	scaffold_571	26.03	388	266	21	29	400	4515	5656	6.3e-20	95.7
NCVOG4122-consensus	scaffold_571	32.54	169	109	5	92	255	1943	2446	7.3e-15	78.9
NCVOG4122-consensus	scaffold_571	28.67	279	181	18	48	311	2525	3349	1.2e-13	74.8
NCVOG4122-consensus	scaffold_945	33.93	168	103	8	120	279	1593	1093	8.6e-12	67.0
NCVOG4122-consensus	scaffold_491	25.08	327	216	29	74	380	6619	5669	9.8e-12	68.9
NCVOG4122-consensus	scaffold_743	28.62	283	182	20	61	330	529	1345	1.3e-11	67.2
NCVOG4122-consensus	scaffold_804	33.14	169	105	8	289	451	1429	932	1.5e-11	66.7
NCVOG4122-consensus	scaffold_804	28.96	259	170	14	96	341	928	158	1.5e-11	66.7
NCVOG4122-consensus	scaffold_477	31.21	298	182	23	38	318	5693	6561	1.8e-11	68.0
NCVOG4122-consensus	scaffold_996	27.72	285	191	15	143	415	1169	327	1.9e-11	65.6
NCVOG4122-consensus	scaffold_152	24.88	430	266	57	49	431	10699	11937	3.5e-11	69.2
NCVOG4122-consensus	scaffold_167	26.98	430	298	16	17	431	21882	20599	6.9e-11	68.1
NCVOG4122-consensus	scaffold_988	24.77	331	224	25	5	321	1212	256	8.7e-11	63.4
NCVOG0312-consensus	scaffold_32	22.87	835	528	116	12	804	34762	32493	1.5e-13	79.3
NCVOG0312-consensus	scaffold_32	22.28	727	485	80	115	793	36963	34886	1.4e-12	76.1
NCVOG0312-consensus	scaffold_220	23.15	743	503	68	111	824	16206	14108	1.2e-12	74.4
NCVOG0312-consensus	scaffold_370	21.49	847	578	87	71	846	8816	6333	2.9e-11	69.0
NCVOG0312-consensus	scaffold_370	24.20	595	407	44	251	816	11120	9390	2e-11	69.6
NCVOG0032-consensus	scaffold_145	28.04	699	348	155	310	862	30815	28771	7e-18	92.4
NCVOG0032-consensus	scaffold_50	28.63	688	338	153	275	837	65996	67952	1.4e-14	82.3
NCVOG0302-consensus	scaffold_165	30.17	179	123	2	3	181	16972	17499	2.5e-18	93.0
NCVOG0302-consensus	scaffold_297	30.72	293	144	59	267	505	7575	8425	5.8e-13	74.3
NCVOG0302-consensus	scaffold_11	30.28	317	186	35	244	527	126606	125671	7e-13	76.7
NCVOG0302-consensus	scaffold_47	28.23	294	179	32	233	499	12193	13040	5.8e-11	69.7
NCVOG0012-consensus	scaffold_42	36.96	230	126	19	259	480	6775	6128	2.8e-28	127.2
NCVOG0012-consensus	scaffold_42	48.87	133	46	22	305	415	17542	17147	4.5e-30	133.2
NCVOG0012-consensus	scaffold_148	44.03	134	54	21	299	414	52	441	1.1e-21	104.1
NCVOG0012-consensus	scaffold_83	41.18	204	86	34	244	415	55245	54651	1.4e-18	94.4
NCVOG0012-consensus	scaffold_83	39.34	122	63	11	301	421	54644	54312	2.9e-13	76.7
NCVOG0012-consensus	scaffold_75	45.38	119	58	7	292	405	20884	21231	3.9e-18	93.0
NCVOG0012-consensus	scaffold_256	38.14	118	66	7	329	444	9770	9435	1.3e-17	89.7
NCVOG0012-consensus	scaffold_189	41.53	118	60	9	309	417	10371	10021	2.8e-17	89.2
NCVOG0012-consensus	scaffold_830	41.59	113	56	10	308	412	1240	1565	6e-17	84.6
NCVOG0012-consensus	scaffold_533	42.48	113	49	16	300	398	2606	2935	9.5e-17	85.4
NCVOG0012-consensus	scaffold_117	28.57	413	218	77	88	431	43489	44692	1.1e-16	87.9
NCVOG0012-consensus	scaffold_109	26.87	495	281	81	2	445	47671	49046	4.2e-16	86.0
NCVOG0012-consensus	scaffold_124	47.11	121	50	14	305	414	15019	15369	5.5e-15	82.2
NCVOG0012-consensus	scaffold_92	41.75	103	52	8	311	409	51207	51500	3.5e-14	79.7
NCVOG0012-consensus	scaffold_81	50.67	75	34	3	309	383	13065	12853	3.8e-14	79.7
NCVOG0012-consensus	scaffold_66	32.56	258	151	23	185	420	11827	11060	7.2e-14	78.9
NCVOG0012-consensus	scaffold_81	33.97	156	91	12	283	433	23363	23806	8e-14	78.6
NCVOG0012-consensus	scaffold_424	37.59	141	64	24	301	417	6123	5704	8.6e-14	76.2
NCVOG0012-consensus	scaffold_22	33.71	175	108	8	302	473	9726	10228	9.9e-14	79.2
NCVOG0012-consensus	scaffold_125	46.32	95	40	11	312	398	29368	29640	1.1e-13	77.8
NCVOG0012-consensus	scaffold_124	26.19	210	144	11	200	405	8090	7485	3.4e-13	76.2
NCVOG0012-consensus	scaffold_25	39.71	136	65	17	293	414	13835	13440	3.5e-13	77.3
NCVOG0012-consensus	scaffold_1	39.02	123	61	14	302	412	105968	106327	2.6e-12	74.9
NCVOG0012-consensus	scaffold_95	27.88	434	218	95	48	414	37974	39170	3.8e-12	72.9
NCVOG0012-consensus	scaffold_438	42.70	89	44	7	326	413	341	96	2.8e-11	67.8
NCVOG0012-consensus	scaffold_2	33.55	155	83	20	295	429	181085	181542	5.6e-11	69.1
NCVOG0012-consensus	scaffold_13	33.33	141	82	12	298	428	56077	56490	9.4e-11	69.4
NCVOG0868-consensus	scaffold_211	18.46	130	106	0	96	225	771	385	3.3e-11	68.4
NCVOG0985-consensus	scaffold_6	30.17	464	250	74	95	492	76821	75473	4.1e-30	134.0
NCVOG2900-consensus	scaffold_83	35.37	164	106	0	32	195	58461	58949	2.7e-19	95.6
NCVOG0190-consensus	scaffold_148	29.94	157	99	11	183	332	94	549	3.9e-11	69.1
NCVOG0025-consensus	scaffold_110	29.12	419	232	65	113	521	10763	9677	1.9e-18	93.8
NCVOG0025-consensus	scaffold_200	28.80	441	258	56	92	501	4474	5702	2.2e-17	89.5
NCVOG0025-consensus	scaffold_281	25.35	426	270	48	93	491	19306	18107	1e-16	86.7
NCVOG0025-consensus	scaffold_373	27.39	471	231	111	101	515	3666	2430	3.9e-16	84.3
NCVOG0025-consensus	scaffold_58	26.92	442	261	62	91	509	3956	5157	1e-13	78.6
NCVOG0025-consensus	scaffold_416	28.28	290	170	38	240	516	10054	9267	1.1e-13	75.9
NCVOG0025-consensus	scaffold_21	26.46	412	251	52	102	488	104053	105190	3.7e-12	74.0
NCVOG0025-consensus	scaffold_104	26.03	484	307	51	49	508	44852	46201	4.5e-12	72.7
NCVOG0025-consensus	scaffold_49	26.26	396	249	43	101	487	13104	12038	6.8e-12	72.7
NCVOG0025-consensus	scaffold_45	28.91	422	243	57	103	501	78453	79607	3.8e-11	70.2
NCVOG0025-consensus	scaffold_160	26.96	434	261	56	81	500	36781	35623	9.6e-11	67.8
NCVOG0271-consensus	scaffold_5	34.19	1243	678	140	32	1156	169572	173205	3.2e-57	223.3
NCVOG0271-consensus	scaffold_2	40.33	1262	569	184	40	1129	29692	33414	1.3e-25	120.3
NCVOG0271-consensus	scaffold_362	28.70	1223	681	191	86	1157	12351	15870	4.4e-18	92.0
NCVOG5078-consensus	scaffold_1010	33.07	251	141	27	143	379	642	1346	1.8e-12	68.6
NCVOG0078-consensus	scaffold_363	51.82	110	51	2	89	196	8604	8930	2.5e-17	87.3
NCVOG0078-consensus	scaffold_79	42.77	166	84	11	72	235	9798	10265	2.6e-17	89.2
NCVOG4568-consensus	scaffold_148	44.44	216	111	9	285	491	4	644	3.2e-28	125.8
NCVOG4568-consensus	scaffold_148	35.65	230	135	13	259	477	12713	13387	4.3e-18	92.2
NCVOG4568-consensus	scaffold_210	51.34	187	88	3	302	485	22772	22215	1.9e-25	116.1
NCVOG4568-consensus	scaffold_210	41.30	184	104	4	303	482	23339	22791	7.6e-14	77.5
NCVOG4568-consensus	scaffold_830	34.39	253	158	8	225	475	967	1700	1.2e-23	106.8
NCVOG4568-consensus	scaffold_16	12.56	414	360	2	14	426	1243	12	5.3e-20	100.1
NCVOG4568-consensus	scaffold_190	22.48	436	329	9	51	477	421	1715	1.8e-16	86.5
NCVOG4568-consensus	scaffold_174	24.68	389	267	26	69	442	4526	3410	1.9e-16	86.5
NCVOG4568-consensus	scaffold_528	46.51	172	86	6	308	475	684	178	2.9e-16	83.8
NCVOG4568-consensus	scaffold_86	33.17	199	113	20	305	490	26661	27233	5.6e-16	85.7
NCVOG4568-consensus	scaffold_56	34.47	235	141	13	246	479	17897	17234	1.3e-15	84.9
NCVOG4568-consensus	scaffold_42	36.65	251	134	25	251	482	85666	86389	6.8e-15	82.7
NCVOG4568-consensus	scaffold_64	45.99	137	74	0	304	440	47700	48107	1.1e-14	81.6
NCVOG4568-consensus	scaffold_755	37.38	214	100	34	307	490	3299	2673	1.4e-14	77.0
NCVOG4568-consensus	scaffold_755	36.79	193	97	25	312	490	2579	2037	2.2e-15	79.7
NCVOG4568-consensus	scaffold_30	48.78	164	74	10	303	459	72549	73028	2.9e-14	80.8
NCVOG4568-consensus	scaffold_204	27.05	366	231	36	147	489	9455	10502	6.6e-14	77.8
NCVOG4568-consensus	scaffold_130	38.70	230	129	12	263	482	36714	37388	1.3e-13	77.6
NCVOG4568-consensus	scaffold_368	43.98	166	91	2	309	473	1136	1627	1.5e-13	75.6
NCVOG4568-consensus	scaffold_769	58.33	96	36	4	339	434	2903	2631	2.3e-13	72.9
NCVOG4568-consensus	scaffold_1091	53.85	117	52	2	358	472	728	381	6.4e-13	70.0
NCVOG4568-consensus	scaffold_256	54.72	106	44	4	338	441	9831	9525	1e-12	73.5
NCVOG4568-consensus	scaffold_24	37.87	235	109	37	274	474	16246	15554	1.3e-12	75.4
NCVOG4568-consensus	scaffold_610	48.33	120	55	7	316	434	3305	3639	1.6e-12	71.0
NCVOG4568-consensus	scaffold_34	43.71	151	80	5	338	488	30793	31227	5.2e-12	73.2
NCVOG4568-consensus	scaffold_480	32.75	171	112	3	308	476	6394	6900	7.3e-12	69.4
NCVOG4568-consensus	scaffold_42	26.13	287	194	18	205	477	18000	17163	2.6e-11	70.8
NCVOG4568-consensus	scaffold_274	43.98	166	87	6	326	485	5788	6282	3.5e-11	68.3
NCVOG4568-consensus	scaffold_188	39.01	182	102	9	305	483	25116	25634	4.4e-11	68.6
NCVOG0451-consensus	scaffold_975	38.21	280	163	10	134	407	1059	1883	3.7e-35	144.3
NCVOG0451-consensus	scaffold_1076	38.85	278	158	12	134	404	982	167	4.6e-33	136.7
NCVOG0451-consensus	scaffold_230	36.59	276	166	9	134	402	26746	25928	1.5e-29	129.4
NCVOG0451-consensus	scaffold_230	36.96	276	165	9	134	402	24600	23782	1.5e-29	129.4
NCVOG0451-consensus	scaffold_600	34.09	352	208	24	36	376	6624	5619	2.5e-29	126.7
NCVOG0451-consensus	scaffold_600	37.55	245	143	10	135	372	4609	3887	1.9e-28	123.7
NCVOG0451-consensus	scaffold_600	33.47	248	157	8	134	375	2517	1783	1.5e-19	94.1
NCVOG0451-consensus	scaffold_600	32.38	281	156	34	109	375	1406	639	1.2e-17	87.9
NCVOG0451-consensus	scaffold_816	33.57	280	170	16	111	380	1679	2493	4.8e-28	121.2
NCVOG0451-consensus	scaffold_816	35.48	248	152	8	134	375	541	1275	8.4e-28	120.4
NCVOG0451-consensus	scaffold_1095	36.59	276	163	12	134	402	450	1259	7.2e-28	119.3
NCVOG0451-consensus	scaffold_524	34.49	287	176	12	134	413	5525	6367	1.1e-27	121.5
NCVOG0451-consensus	scaffold_204	38.19	254	140	17	134	375	5607	4864	2.6e-27	122.1
NCVOG0451-consensus	scaffold_204	35.61	278	167	12	134	402	1657	840	2.6e-23	108.8
NCVOG0451-consensus	scaffold_204	39.53	129	75	3	126	251	6003	5620	2.1e-14	79.2
NCVOG0451-consensus	scaffold_83	35.68	185	119	0	156	340	58422	58973	3.1e-27	122.9
NCVOG0451-consensus	scaffold_867	35.09	285	175	10	129	407	991	1830	4.8e-27	117.7
NCVOG0451-consensus	scaffold_867	35.40	161	100	4	126	282	439	918	3.6e-13	71.6
NCVOG0451-consensus	scaffold_265	35.44	285	173	11	134	410	4010	4852	5.2e-27	120.7
NCVOG0451-consensus	scaffold_265	36.69	248	149	8	134	375	1804	2538	5.2e-27	120.7
NCVOG0451-consensus	scaffold_165	34.94	249	152	10	134	375	196	930	8.6e-27	120.7
NCVOG0451-consensus	scaffold_165	34.11	214	135	6	134	341	940	1578	2.4e-20	99.3
NCVOG0451-consensus	scaffold_453	29.81	322	195	31	22	327	7264	6347	3.8e-24	110.1
NCVOG0451-consensus	scaffold_524	32.13	305	192	15	68	359	7698	6797	4.2e-24	109.6
NCVOG0451-consensus	scaffold_524	33.47	236	148	9	147	375	4386	3688	2.2e-18	90.6
NCVOG0451-consensus	scaffold_524	40.40	151	86	4	195	341	3675	3226	1.3e-14	78.1
NCVOG0451-consensus	scaffold_524	33.33	213	133	9	136	341	2074	1449	4.5e-13	73.0
NCVOG0451-consensus	scaffold_571	32.70	263	159	18	120	375	2603	3355	1.4e-23	107.7
NCVOG0451-consensus	scaffold_571	33.81	210	131	8	134	336	6819	7442	8.2e-21	98.5
NCVOG0451-consensus	scaffold_571	28.24	255	174	9	127	375	4725	5477	1e-17	88.1
NCVOG0451-consensus	scaffold_571	39.71	136	78	4	151	282	2	406	1.1e-15	81.4
NCVOG0451-consensus	scaffold_571	31.50	200	131	6	134	327	1997	2593	4.3e-15	79.5
NCVOG0451-consensus	scaffold_136	33.22	283	175	14	68	340	19407	20232	2.2e-23	109.6
NCVOG0451-consensus	scaffold_608	35.38	277	168	11	134	402	981	1799	6.8e-23	105.2
NCVOG0451-consensus	scaffold_608	36.84	152	91	5	134	282	4395	4837	8.6e-16	81.6
NCVOG0451-consensus	scaffold_608	36.21	232	140	8	151	376	3	689	1.3e-15	81.1
NCVOG0451-consensus	scaffold_104	33.22	289	179	14	127	406	30019	30865	8.3e-23	108.0
NCVOG0451-consensus	scaffold_1144	34.02	241	151	8	134	368	718	5	3.6e-22	100.1
NCVOG0451-consensus	scaffold_79	35.48	248	152	8	134	375	15199	14465	4.4e-22	105.8
NCVOG0451-consensus	scaffold_146	32.63	331	205	18	66	384	49	1020	6.1e-22	104.7
NCVOG0451-consensus	scaffold_817	32.01	328	204	19	22	341	1243	2190	1.6e-21	99.5
NCVOG0451-consensus	scaffold_817	33.07	254	161	9	155	402	3	752	2.5e-22	102.2
NCVOG0451-consensus	scaffold_817	34.06	276	172	10	134	402	2197	3012	1.6e-21	99.5
NCVOG0451-consensus	scaffold_843	34.27	213	133	7	134	341	573	1202	1.8e-21	99.3
NCVOG0451-consensus	scaffold_994	31.76	233	153	6	154	380	277	968	4.6e-21	97.4
NCVOG0451-consensus	scaffold_860	32.28	316	194	20	74	375	2726	1804	6.5e-21	97.4
NCVOG0451-consensus	scaffold_860	33.67	199	126	6	134	326	1794	1201	2e-20	95.7
NCVOG0451-consensus	scaffold_860	37.68	138	82	4	134	267	426	16	3.9e-14	74.9
NCVOG0451-consensus	scaffold_610	30.19	265	176	9	144	402	1613	831	1.1e-20	97.9
NCVOG0451-consensus	scaffold_928	33.44	311	188	19	24	324	1412	2314	1.2e-20	96.3
NCVOG0451-consensus	scaffold_928	35.55	256	157	8	123	372	101	859	1.2e-20	96.3
NCVOG0451-consensus	scaffold_642	33.05	239	152	8	141	373	2926	3633	1.4e-20	97.4
NCVOG0451-consensus	scaffold_921	34.41	279	173	10	135	407	963	142	1.7e-20	95.7
NCVOG0451-consensus	scaffold_921	35.06	174	107	6	198	367	1936	1424	8.1e-13	70.2
NCVOG0451-consensus	scaffold_649	33.47	245	152	11	146	382	3799	4517	2e-20	96.8
NCVOG0451-consensus	scaffold_986	36.78	174	104	6	134	301	642	1160	5.4e-20	93.8
NCVOG0451-consensus	scaffold_1052	38.27	243	141	9	140	375	738	1457	6e-20	93.3
NCVOG0451-consensus	scaffold_55	29.96	277	183	11	134	402	57030	56212	2.7e-19	96.9
NCVOG0451-consensus	scaffold_323	31.15	244	161	7	107	343	18084	18808	2.9e-19	94.7
NCVOG0451-consensus	scaffold_236	35.56	239	142	12	145	375	23469	24170	5.7e-19	94.1
NCVOG0451-consensus	scaffold_602	31.06	235	154	8	134	362	4657	3962	1e-18	91.4
NCVOG0451-consensus	scaffold_602	32.83	332	204	19	83	407	6347	5391	1e-18	91.4
NCVOG0451-consensus	scaffold_23	30.77	247	155	16	134	372	20366	19653	9e-18	92.3
NCVOG0451-consensus	scaffold_806	32.34	201	129	7	127	321	600	4	9.6e-18	87.1
NCVOG0451-consensus	scaffold_473	35.59	222	137	6	126	341	9395	10057	3.7e-17	86.8
NCVOG0451-consensus	scaffold_625	32.97	276	176	9	134	402	4433	5251	8.5e-17	84.9
NCVOG0451-consensus	scaffold_868	29.47	302	192	21	22	313	1517	2386	1.3e-16	83.0
NCVOG0451-consensus	scaffold_868	31.88	207	132	9	140	340	389	993	1.3e-16	83.0
NCVOG0451-consensus	scaffold_743	33.18	223	136	13	147	361	700	1342	5.1e-16	81.6
NCVOG0451-consensus	scaffold_216	31.16	276	175	15	134	402	8568	9368	9.8e-16	83.6
NCVOG0451-consensus	scaffold_804	31.72	290	186	12	129	410	1180	326	1.1e-15	80.3
NCVOG0451-consensus	scaffold_151	30.41	365	230	24	22	375	3729	2677	2.5e-15	82.8
NCVOG0451-consensus	scaffold_151	33.55	313	197	11	101	407	32252	31332	1.6e-22	106.6
NCVOG0451-consensus	scaffold_151	36.46	277	165	11	134	402	33557	32739	1.5e-20	100.1
NCVOG0451-consensus	scaffold_151	32.85	207	132	7	174	375	2179	1568	4.7e-17	88.5
NCVOG0451-consensus	scaffold_151	34.06	276	173	9	134	402	39949	39131	2.5e-15	82.8
NCVOG0451-consensus	scaffold_151	36.60	153	93	4	134	282	32720	32265	5e-14	78.4
NCVOG0451-consensus	scaffold_556	34.07	182	116	4	134	311	3867	4409	3.7e-15	79.7
NCVOG0451-consensus	scaffold_165	34.43	183	115	5	134	311	39073	38528	4.9e-15	81.7
NCVOG0451-consensus	scaffold_165	29.41	255	171	9	127	375	37491	36739	1.8e-14	79.8
NCVOG0451-consensus	scaffold_330	36.46	288	171	12	132	410	4427	5278	5e-15	80.6
NCVOG0451-consensus	scaffold_330	37.16	183	102	13	198	374	3900	4420	5.2e-16	83.8
NCVOG0451-consensus	scaffold_330	33.33	216	137	7	165	375	1371	2009	5e-15	80.6
NCVOG0451-consensus	scaffold_820	34.18	158	99	5	127	280	473	6	5.5e-15	77.8
NCVOG0451-consensus	scaffold_1119	31.34	217	140	9	134	341	793	158	6.2e-15	76.2
NCVOG0451-consensus	scaffold_444	34.15	246	154	8	136	375	5005	4277	9.7e-15	78.9
NCVOG0451-consensus	scaffold_444	35.56	239	145	9	144	375	1545	842	5e-17	86.5
NCVOG0451-consensus	scaffold_444	33.45	281	177	10	135	409	10286	9459	9.7e-15	78.9
NCVOG0451-consensus	scaffold_444	32.98	282	179	10	134	409	11215	10385	2.1e-14	77.8
NCVOG0451-consensus	scaffold_444	30.40	227	150	8	120	338	2333	1660	2.7e-12	70.8
NCVOG0451-consensus	scaffold_170	31.19	295	187	16	110	390	8577	9452	1e-14	80.6
NCVOG0451-consensus	scaffold_170	28.33	293	194	16	97	376	7598	8458	1e-14	80.6
NCVOG0451-consensus	scaffold_795	34.27	143	90	4	144	282	2576	2151	1.5e-14	76.5
NCVOG0451-consensus	scaffold_347	36.43	269	157	14	144	402	838	51	1.7e-14	78.7
NCVOG0451-consensus	scaffold_651	32.18	289	180	16	68	340	5468	4605	2.2e-14	76.8
NCVOG0451-consensus	scaffold_651	32.79	183	118	5	134	311	4306	3761	7.3e-16	81.6
NCVOG0451-consensus	scaffold_651	45.45	121	63	3	165	282	749	390	2.2e-14	76.8
NCVOG0451-consensus	scaffold_1064	35.29	153	95	4	134	282	966	1421	2.9e-14	74.3
NCVOG0451-consensus	scaffold_167	28.83	281	188	12	140	413	21402	20578	3.8e-14	78.7
NCVOG0451-consensus	scaffold_513	28.20	305	207	12	98	393	2953	3855	4.1e-14	76.5
NCVOG0451-consensus	scaffold_536	33.97	156	93	10	134	282	3273	3728	4.5e-14	76.2
NCVOG0451-consensus	scaffold_910	35.64	275	167	10	134	403	1567	2373	5e-14	74.3
NCVOG0451-consensus	scaffold_152	30.66	274	173	17	91	353	11463	12255	8.7e-14	77.6
NCVOG0451-consensus	scaffold_1077	29.32	249	166	10	134	375	1189	455	1.2e-13	72.2
NCVOG0451-consensus	scaffold_790	32.34	269	170	12	52	312	858	1647	3.7e-13	71.9
NCVOG0451-consensus	scaffold_305	30.00	200	124	16	89	282	728	1294	4.1e-13	74.3
NCVOG0451-consensus	scaffold_876	36.69	248	149	8	134	375	906	172	6.3e-13	70.8
NCVOG0451-consensus	scaffold_876	38.84	121	71	3	134	251	1278	919	5.5e-14	74.3
NCVOG0451-consensus	scaffold_876	34.07	226	140	9	123	341	1959	1291	6.3e-13	70.8
NCVOG0451-consensus	scaffold_586	33.33	249	156	10	134	375	6339	7073	6.5e-13	72.1
NCVOG0451-consensus	scaffold_586	32.48	314	197	15	101	407	4173	5087	5.1e-24	109.0
NCVOG0451-consensus	scaffold_586	31.67	240	148	16	152	375	2255	2969	1.3e-18	91.1
NCVOG0451-consensus	scaffold_586	33.59	259	163	9	159	412	731	1492	6.5e-13	72.1
NCVOG0451-consensus	scaffold_616	32.09	187	118	9	134	311	6516	5959	7.3e-13	71.9
NCVOG0451-consensus	scaffold_616	38.33	180	105	6	134	307	4606	4074	4.3e-14	75.9
NCVOG0451-consensus	scaffold_616	32.98	285	182	9	98	375	1430	585	7.3e-13	71.9
NCVOG0451-consensus	scaffold_390	32.97	182	118	4	136	313	7316	6774	7.6e-13	73.0
NCVOG0451-consensus	scaffold_1045	34.62	182	114	5	165	341	452	994	9.5e-13	69.4
NCVOG0451-consensus	scaffold_243	27.57	214	147	8	191	400	23323	23949	1.1e-12	73.3
NCVOG0451-consensus	scaffold_745	33.18	211	135	6	134	338	633	4	1.4e-12	70.2
NCVOG0451-consensus	scaffold_745	30.04	253	169	8	129	375	2361	1612	1.4e-12	70.2
NCVOG0451-consensus	scaffold_56	27.06	255	180	6	98	346	15446	16207	1.6e-12	74.4
NCVOG0451-consensus	scaffold_511	30.54	203	135	6	144	340	7793	7188	1.8e-12	71.1
NCVOG0451-consensus	scaffold_477	27.97	261	180	8	157	410	5876	6652	1.9e-12	71.1
NCVOG0451-consensus	scaffold_491	25.91	301	211	12	107	399	6579	5696	3.9e-12	70.0
NCVOG0451-consensus	scaffold_321	27.57	214	147	8	134	339	5154	4516	5.4e-12	70.5
NCVOG0451-consensus	scaffold_354	35.85	159	97	5	158	311	7046	7519	2.6e-11	68.1
NCVOG0451-consensus	scaffold_382	26.86	283	198	9	137	413	11505	12341	3.3e-11	67.5
NCVOG4421-consensus	scaffold_786	34.39	157	89	14	18	167	2558	2112	1.7e-12	68.4
NCVOG4421-consensus	scaffold_83	43.90	82	46	0	85	166	58653	58895	1.3e-11	69.7
NCVOG4421-consensus	scaffold_986	34.21	152	90	10	22	163	549	1001	4.4e-11	63.0
NCVOG4421-consensus	scaffold_136	32.53	166	99	13	1	163	19496	19956	6.2e-11	67.0
NCVOG4421-consensus	scaffold_817	32.69	156	87	18	10	163	1504	1920	6.7e-11	63.0
NCVOG1351-consensus	scaffold_26	39.59	245	130	18	130	363	14569	15275	4.8e-30	133.4
NCVOG1351-consensus	scaffold_121	32.14	364	195	52	137	452	28621	29683	3.3e-14	79.7
NCVOG4241-consensus	scaffold_467	42.50	160	82	10	10	162	217	684	3.7e-13	72.3
NCVOG0531-consensus	scaffold_2	24.84	455	298	44	8	422	170703	172044	1.3e-11	71.1
NCVOG0231-consensus	scaffold_117	36.36	165	87	18	203	351	19354	18875	2.9e-11	69.5
NCVOG1121-consensus	scaffold_24	25.07	371	243	35	171	517	16273	15201	2.9e-12	74.3
NCVOG1121-consensus	scaffold_33	24.66	365	246	29	70	420	24049	25089	7.9e-11	69.4
NCVOG1121-consensus	scaffold_357	28.79	264	170	18	265	514	8053	8807	8.7e-11	66.7
NCVOG0021-consensus	scaffold_70	30.70	215	139	10	122	328	41634	42269	6.4e-11	70.1
NCVOG2860-consensus	scaffold_1095	36.67	270	161	10	108	368	378	1181	5.6e-21	96.3
NCVOG2860-consensus	scaffold_843	31.72	309	188	23	36	335	318	1199	7.3e-21	97.1
NCVOG2860-consensus	scaffold_816	32.00	275	171	16	102	364	544	1353	5.9e-19	90.9
NCVOG2860-consensus	scaffold_816	24.47	376	261	23	7	370	1492	2577	1.1e-12	70.0
NCVOG2860-consensus	scaffold_1052	35.17	236	136	17	146	370	774	1460	7.5e-19	89.5
NCVOG2860-consensus	scaffold_230	29.97	377	239	25	16	372	27003	25895	1.4e-18	92.8
NCVOG2860-consensus	scaffold_230	33.46	272	170	11	108	368	24765	23953	1.4e-18	92.8
NCVOG2860-consensus	scaffold_524	30.89	327	207	19	61	368	5102	6079	2e-18	90.6
NCVOG2860-consensus	scaffold_524	29.10	354	227	24	14	355	7812	6792	4.2e-18	89.5
NCVOG2860-consensus	scaffold_867	29.45	309	190	28	51	335	641	1548	4.9e-18	87.6
NCVOG2860-consensus	scaffold_786	31.07	280	176	17	92	363	1769	960	5.1e-18	87.9
NCVOG2860-consensus	scaffold_786	29.47	285	177	24	74	335	2692	1848	2.2e-12	69.2
NCVOG2860-consensus	scaffold_876	35.31	286	166	19	83	354	870	33	1.2e-17	86.3
NCVOG2860-consensus	scaffold_876	32.00	325	203	18	61	368	2157	1189	1.2e-17	86.3
NCVOG2860-consensus	scaffold_165	28.62	283	192	10	74	346	19	864	1.5e-16	86.6
NCVOG2860-consensus	scaffold_616	32.39	213	136	8	144	348	1466	831	9e-16	81.4
NCVOG2860-consensus	scaffold_453	33.94	221	136	10	107	319	7009	6356	1.3e-15	81.7
NCVOG2860-consensus	scaffold_330	32.65	245	151	14	140	371	1395	2123	4.4e-15	80.6
NCVOG2860-consensus	scaffold_330	29.45	309	200	18	68	363	3979	4879	4.4e-15	80.6
NCVOG2860-consensus	scaffold_136	31.68	262	166	13	114	363	19450	20229	2.3e-14	79.5
NCVOG2860-consensus	scaffold_347	34.80	273	160	18	111	368	838	36	3.9e-14	77.3
NCVOG2860-consensus	scaffold_610	29.85	268	177	11	112	369	1610	813	3.9e-14	76.0
NCVOG2860-consensus	scaffold_1045	32.97	185	116	8	192	368	452	1003	5e-14	73.5
NCVOG2860-consensus	scaffold_600	34.01	294	180	14	93	372	6569	5691	7.1e-14	75.2
NCVOG2860-consensus	scaffold_642	30.40	273	179	11	107	368	2923	3738	1.6e-13	73.8
NCVOG2860-consensus	scaffold_642	31.82	198	127	8	146	335	2299	2889	1.6e-13	73.8
NCVOG2860-consensus	scaffold_236	34.18	237	145	11	112	338	23469	24173	5.6e-13	74.1
NCVOG2860-consensus	scaffold_978	30.25	281	175	21	108	368	1035	1871	9.1e-13	69.7
NCVOG2860-consensus	scaffold_473	30.06	316	207	14	30	334	9209	10144	1e-12	71.9
NCVOG2860-consensus	scaffold_602	32.50	240	153	9	108	338	6380	5664	1.2e-12	71.1
NCVOG2860-consensus	scaffold_928	32.31	260	164	12	86	334	90	859	1.5e-12	69.2
NCVOG2860-consensus	scaffold_928	30.71	267	169	16	61	312	1313	2107	1.5e-12	69.2
NCVOG2860-consensus	scaffold_869	26.43	333	224	21	25	338	1637	2626	1.7e-12	69.2
NCVOG2860-consensus	scaffold_910	30.36	280	183	12	93	364	1540	2364	4e-12	67.8
NCVOG2860-consensus	scaffold_24	30.45	243	158	11	110	344	9325	8613	6e-12	72.8
NCVOG2860-consensus	scaffold_23	30.48	210	136	10	133	335	20444	19827	6e-12	72.8
NCVOG2860-consensus	scaffold_806	29.69	293	177	29	74	345	851	4	1.4e-11	66.5
NCVOG2860-consensus	scaffold_556	29.85	268	178	10	94	351	2919	3719	2.3e-11	67.0
NCVOG2860-consensus	scaffold_556	28.52	298	185	28	69	338	6868	7758	2.3e-11	67.0
NCVOG2860-consensus	scaffold_204	30.60	317	195	25	69	363	5714	4780	2.4e-11	68.9
NCVOG2860-consensus	scaffold_204	29.75	279	184	12	108	374	1450	621	2.7e-14	78.7
NCVOG2860-consensus	scaffold_790	33.51	191	112	15	196	373	1111	1674	2.5e-11	65.7
NCVOG2860-consensus	scaffold_988	28.24	301	196	20	47	335	1063	196	3.8e-11	64.3
NCVOG2860-consensus	scaffold_1064	29.85	201	129	12	146	338	837	1424	7e-11	63.0
NCVOG0001-consensus	scaffold_172	34.46	325	182	31	241	550	9929	10848	1.6e-30	133.6
NCVOG0001-consensus	scaffold_73	31.55	542	295	76	78	555	30313	28737	6.2e-30	132.6
NCVOG0001-consensus	scaffold_248	37.26	263	126	39	333	567	12080	11330	6.1e-27	121.2
NCVOG0001-consensus	scaffold_9	38.24	374	185	46	251	600	58148	59198	5.6e-24	113.9
NCVOG0001-consensus	scaffold_419	40.36	223	99	34	351	550	6249	5623	4.3e-21	100.8
NCVOG0001-consensus	scaffold_139	36.00	275	138	38	362	622	2045	2792	3e-19	96.5
NCVOG0001-consensus	scaffold_8	30.88	340	190	45	289	599	87554	86592	4.4e-14	81.0
NCVOG0001-consensus	scaffold_141	36.21	301	151	41	282	556	24813	25663	7.1e-14	78.6
NCVOG0001-consensus	scaffold_141	34.04	285	145	43	306	555	25847	26672	9.9e-21	101.4
NCVOG0001-consensus	scaffold_579	41.59	214	93	32	364	556	1653	1056	3.5e-13	73.7
NCVOG0001-consensus	scaffold_218	33.33	303	168	34	290	566	14385	15262	2.8e-11	69.4
NCVOG0001-consensus	scaffold_218	31.42	331	128	99	320	562	13425	14375	2.1e-13	76.4
NCVOG1197-consensus	scaffold_385	29.37	480	329	10	45	520	1855	3267	2e-39	161.6
NCVOG1197-consensus	scaffold_380	27.17	460	333	2	66	524	744	2117	1.3e-32	139.1
NCVOG1197-consensus	scaffold_638	28.92	446	316	1	55	500	4130	2799	1.3e-32	137.7
NCVOG1197-consensus	scaffold_638	31.38	290	195	4	52	340	1345	490	3.5e-21	99.8
NCVOG1197-consensus	scaffold_574	27.51	469	333	7	57	520	3157	1764	4.1e-32	136.4
NCVOG1197-consensus	scaffold_188	29.44	462	325	1	55	516	12928	14307	3.9e-31	135.3
NCVOG1197-consensus	scaffold_213	28.30	477	341	1	19	495	8284	6860	4.9e-31	134.8
NCVOG1197-consensus	scaffold_213	26.76	497	348	16	11	504	4815	3373	4.9e-27	121.5
NCVOG1197-consensus	scaffold_213	28.05	442	302	16	36	466	13110	11817	3.3e-23	108.7
NCVOG1197-consensus	scaffold_213	27.05	414	288	14	6	412	3051	1846	4.9e-23	108.2
NCVOG1197-consensus	scaffold_213	30.27	370	250	8	72	441	10798	9716	4.6e-22	104.9
NCVOG1197-consensus	scaffold_213	28.20	422	287	16	57	462	15072	13822	9e-20	97.3
NCVOG1197-consensus	scaffold_213	29.72	249	172	3	23	268	6218	5479	1.8e-14	79.7
NCVOG1197-consensus	scaffold_700	28.61	409	288	4	56	461	2851	4071	2.5e-28	123.1
NCVOG1197-consensus	scaffold_700	28.32	392	270	11	54	438	767	1927	1.6e-22	103.8
NCVOG1197-consensus	scaffold_611	28.07	424	281	24	77	500	3729	2533	3.5e-27	119.8
NCVOG1197-consensus	scaffold_611	26.68	401	289	5	10	408	1429	245	2.9e-23	106.8
NCVOG1197-consensus	scaffold_611	28.65	370	259	5	28	395	5497	4402	5.5e-21	99.2
NCVOG1197-consensus	scaffold_1029	26.92	494	343	18	2	484	1679	228	1e-26	116.3
NCVOG1197-consensus	scaffold_857	26.77	493	335	26	41	513	699	2146	1.1e-25	113.6
NCVOG1197-consensus	scaffold_7	31.04	335	221	10	55	384	76405	77391	5e-25	117.2
NCVOG1197-consensus	scaffold_329	27.92	419	299	3	35	451	13336	14582	5e-25	114.1
NCVOG1197-consensus	scaffold_329	28.85	253	176	4	66	314	16680	17435	2.4e-13	75.4
NCVOG1197-consensus	scaffold_270	29.17	384	263	9	52	428	16410	15268	6.2e-25	114.1
NCVOG1197-consensus	scaffold_178	27.93	469	291	47	12	438	26737	28125	4.4e-24	112.0
NCVOG1197-consensus	scaffold_6	26.67	450	303	27	31	466	159406	158103	7.4e-24	110.9
NCVOG1197-consensus	scaffold_305	25.79	508	360	17	24	524	11260	9778	2.8e-23	108.4
NCVOG1197-consensus	scaffold_367	27.84	467	322	15	44	500	13390	12024	3.9e-23	107.6
NCVOG1197-consensus	scaffold_367	27.27	407	282	14	65	463	15559	14360	9.1e-17	86.5
NCVOG1197-consensus	scaffold_306	26.53	475	328	21	72	529	595	2004	4.9e-23	107.6
NCVOG1197-consensus	scaffold_626	28.01	407	277	16	113	508	1945	3147	8.5e-23	105.2
NCVOG1197-consensus	scaffold_213	29.15	343	237	6	56	395	27143	28159	1.2e-22	106.8
NCVOG1197-consensus	scaffold_472	29.09	416	289	6	83	495	8279	9510	9e-22	102.5
NCVOG1197-consensus	scaffold_472	31.27	371	243	12	65	428	1026	2120	4.7e-20	96.8
NCVOG1197-consensus	scaffold_638	29.49	373	248	15	8	373	4703	5788	9.3e-22	101.7
NCVOG1197-consensus	scaffold_351	28.70	432	266	42	66	495	6685	7857	1e-21	103.0
NCVOG1197-consensus	scaffold_351	26.18	401	280	16	111	500	4654	5838	2.1e-16	85.4
NCVOG1197-consensus	scaffold_351	27.33	344	238	12	72	409	4	1012	3.2e-13	74.8
NCVOG1197-consensus	scaffold_406	26.35	406	289	10	7	406	4370	5570	1.4e-21	102.2
NCVOG1197-consensus	scaffold_406	26.80	444	305	20	37	463	8817	10124	1.4e-21	102.2
NCVOG1197-consensus	scaffold_406	28.91	256	173	9	68	314	6231	6995	4.5e-13	74.0
NCVOG1197-consensus	scaffold_322	28.13	423	286	18	36	451	16081	17303	2.4e-21	101.9
NCVOG1197-consensus	scaffold_322	28.28	435	298	14	68	492	13502	14791	1.2e-22	106.3
NCVOG1197-consensus	scaffold_375	29.97	307	204	11	56	351	830	1747	7.3e-21	100.0
NCVOG1197-consensus	scaffold_375	28.95	380	264	6	66	440	5473	6602	2.5e-18	91.6
NCVOG1197-consensus	scaffold_375	30.05	366	247	9	112	469	7493	8584	6.1e-17	87.0
NCVOG1197-consensus	scaffold_831	30.11	279	191	4	65	339	393	1226	1.1e-20	97.0
NCVOG1197-consensus	scaffold_493	28.07	456	305	23	68	500	1405	2767	6.3e-20	96.2
NCVOG1197-consensus	scaffold_493	30.02	463	300	24	77	528	7993	9337	8.4e-18	89.2
NCVOG1197-consensus	scaffold_375	28.32	392	259	22	57	439	12928	11799	1.2e-19	96.0
NCVOG1197-consensus	scaffold_375	30.02	463	300	24	77	528	15291	13947	2.5e-18	91.6
NCVOG1197-consensus	scaffold_681	27.25	378	250	25	81	456	860	1921	1.3e-19	94.3
NCVOG1197-consensus	scaffold_936	30.11	279	191	4	65	339	853	20	1.4e-19	93.0
NCVOG1197-consensus	scaffold_936	28.74	254	180	1	68	321	2269	1514	1.9e-17	85.9
NCVOG1197-consensus	scaffold_723	32.23	273	179	6	52	318	907	1714	2.2e-19	93.2
NCVOG1197-consensus	scaffold_245	27.10	465	293	46	77	522	9340	8030	1.6e-18	93.0
NCVOG1197-consensus	scaffold_681	26.94	412	293	8	65	471	4984	3761	1.4e-17	87.5
NCVOG1197-consensus	scaffold_88	30.53	452	285	29	89	525	43391	44701	1.6e-16	87.6
NCVOG1197-consensus	scaffold_527	27.29	436	301	16	70	494	5845	7134	3.2e-16	83.8
NCVOG1197-consensus	scaffold_527	26.87	428	298	15	94	520	3955	5193	5.6e-20	96.2
NCVOG1197-consensus	scaffold_527	27.86	359	234	25	144	500	2053	3057	8.5e-17	85.6
NCVOG1197-consensus	scaffold_246	27.37	369	261	7	39	400	16352	17451	1.6e-15	83.0
NCVOG1197-consensus	scaffold_574	30.75	374	238	21	40	393	4306	5417	5.4e-14	76.2
NCVOG1197-consensus	scaffold_62	28.30	470	283	54	40	476	39720	41063	6.5e-13	75.9
NCVOG1197-consensus	scaffold_112	28.79	323	208	22	116	424	36726	35797	4.2e-11	69.4
NCVOG4616-consensus	scaffold_148	38.78	147	86	4	268	414	6	431	3.3e-13	75.9
NCVOG4616-consensus	scaffold_830	31.87	182	117	7	210	384	1027	1565	8e-12	67.5
NCVOG2058-consensus	scaffold_876	38.82	322	181	16	91	399	1686	733	7.9e-43	170.1
NCVOG2058-consensus	scaffold_876	41.99	231	122	12	103	325	717	42	9.6e-35	143.2
NCVOG2058-consensus	scaffold_79	40.34	290	164	9	91	371	15235	14369	1.1e-42	174.2
NCVOG2058-consensus	scaffold_151	39.22	306	177	9	103	399	32438	31524	7.9e-37	154.1
NCVOG2058-consensus	scaffold_151	35.92	348	202	21	33	371	40123	39119	1.3e-34	146.8
NCVOG2058-consensus	scaffold_151	39.22	306	177	9	103	399	33461	32547	8.3e-30	130.8
NCVOG2058-consensus	scaffold_151	34.16	281	177	8	103	375	3408	2569	3.6e-16	85.5
NCVOG2058-consensus	scaffold_151	38.39	224	128	10	123	339	2146	1487	1.9e-14	79.8
NCVOG2058-consensus	scaffold_151	50.93	108	50	3	114	218	1149	829	1.4e-12	73.5
NCVOG2058-consensus	scaffold_975	41.33	300	163	13	78	368	810	1694	9.4e-36	146.2
NCVOG2058-consensus	scaffold_975	43.22	118	64	3	103	217	1713	2063	7.5e-15	76.8
NCVOG2058-consensus	scaffold_975	32.40	250	156	13	133	369	25	767	3.7e-12	67.8
NCVOG2058-consensus	scaffold_928	41.84	239	130	9	106	337	152	859	1.5e-35	145.7
NCVOG2058-consensus	scaffold_928	37.41	270	160	9	93	354	1517	2320	6.3e-21	97.1
NCVOG2058-consensus	scaffold_453	29.82	342	218	22	73	395	7240	6227	4.6e-33	139.7
NCVOG2058-consensus	scaffold_453	37.16	183	109	6	112	289	4759	4217	4.4e-20	96.6
NCVOG2058-consensus	scaffold_453	39.22	255	147	8	127	374	1696	938	2e-15	81.1
NCVOG2058-consensus	scaffold_1144	33.45	287	177	14	60	333	857	5	1.8e-32	134.3
NCVOG2058-consensus	scaffold_556	34.88	281	175	8	97	369	3015	3854	1.4e-31	134.3
NCVOG2058-consensus	scaffold_556	38.12	181	108	4	103	279	3870	4409	1.6e-18	90.9
NCVOG2058-consensus	scaffold_867	38.15	346	194	20	45	371	898	1929	5.5e-31	130.7
NCVOG2058-consensus	scaffold_867	41.04	173	93	9	74	240	382	888	1.7e-18	89.2
NCVOG2058-consensus	scaffold_994	42.64	197	108	5	90	281	271	858	1.8e-30	128.6
NCVOG2058-consensus	scaffold_816	35.16	256	156	10	92	339	1717	2475	2.9e-30	128.6
NCVOG2058-consensus	scaffold_816	39.64	275	158	8	103	369	637	1458	5.5e-28	121.0
NCVOG2058-consensus	scaffold_602	32.70	367	226	21	46	399	6464	5391	6.3e-30	128.6
NCVOG2058-consensus	scaffold_602	29.71	340	225	14	53	380	4903	3893	1.5e-23	107.4
NCVOG2058-consensus	scaffold_745	32.25	369	224	26	14	368	2595	1528	7.7e-30	127.5
NCVOG2058-consensus	scaffold_745	35.39	243	150	7	103	338	3879	3154	8.5e-16	80.8
NCVOG2058-consensus	scaffold_745	38.22	191	112	6	91	275	576	7	8.6e-12	67.5
NCVOG2058-consensus	scaffold_83	36.76	185	117	0	94	278	58422	58973	2.7e-29	129.7
NCVOG2058-consensus	scaffold_165	38.33	287	162	15	91	365	67	915	2.3e-28	125.9
NCVOG2058-consensus	scaffold_165	38.81	219	124	10	102	310	928	1581	1.6e-24	113.1
NCVOG2058-consensus	scaffold_265	39.18	319	182	12	92	399	1957	2907	5.2e-28	124.0
NCVOG2058-consensus	scaffold_843	35.89	287	171	13	90	368	441	1279	7.1e-27	117.2
NCVOG2058-consensus	scaffold_571	33.11	305	171	33	97	368	2168	3079	7.2e-27	118.5
NCVOG2058-consensus	scaffold_571	29.67	300	194	17	53	339	4590	5474	1.5e-21	100.9
NCVOG2058-consensus	scaffold_571	38.27	162	94	6	119	274	2	480	5.2e-12	69.2
NCVOG2058-consensus	scaffold_571	37.56	213	123	10	102	304	6807	7442	9.1e-12	68.4
NCVOG2058-consensus	scaffold_524	39.15	281	159	12	103	371	5516	6355	8.2e-27	118.5
NCVOG2058-consensus	scaffold_1095	39.20	301	169	14	108	398	375	1262	7.6e-26	112.6
NCVOG2058-consensus	scaffold_330	37.80	246	146	7	133	371	1371	2105	8e-26	116.4
NCVOG2058-consensus	scaffold_330	38.83	291	161	17	90	367	4394	5251	8e-26	116.4
NCVOG2058-consensus	scaffold_330	42.42	165	87	8	108	267	3906	4384	8e-18	89.8
NCVOG2058-consensus	scaffold_136	40.07	267	151	9	91	348	19468	20265	1.1e-25	117.2
NCVOG2058-consensus	scaffold_236	36.72	305	180	13	72	367	23634	24533	1.1e-25	116.4
NCVOG2058-consensus	scaffold_642	30.94	307	199	13	91	385	2590	3504	1.4e-25	113.9
NCVOG2058-consensus	scaffold_610	34.47	264	162	11	90	345	1589	810	3.3e-25	112.8
NCVOG2058-consensus	scaffold_216	30.06	326	205	23	84	396	8586	9530	3.8e-25	114.8
NCVOG2058-consensus	scaffold_701	41.32	242	132	10	103	337	3097	2388	4.8e-25	111.7
NCVOG2058-consensus	scaffold_910	40.28	283	159	10	92	367	1534	2370	8e-25	110.1
NCVOG2058-consensus	scaffold_925	44.64	168	88	5	108	270	509	9	2e-24	108.8
NCVOG2058-consensus	scaffold_616	40.34	290	159	14	102	377	1424	558	4.5e-24	109.0
NCVOG2058-consensus	scaffold_616	38.50	187	106	9	133	310	6513	5956	2.8e-22	103.1
NCVOG2058-consensus	scaffold_616	35.96	228	137	9	117	335	4746	4074	1.4e-19	94.1
NCVOG2058-consensus	scaffold_1052	40.23	266	150	9	108	364	738	1532	1e-23	105.8
NCVOG2058-consensus	scaffold_625	31.54	371	237	17	5	365	3878	4966	1.1e-23	107.7
NCVOG2058-consensus	scaffold_625	37.22	266	155	12	102	355	1677	2471	3.6e-24	109.3
NCVOG2058-consensus	scaffold_23	33.98	256	153	16	92	337	20399	19653	1.4e-23	111.5
NCVOG2058-consensus	scaffold_104	33.33	267	166	12	93	348	30013	30807	2.6e-23	109.6
NCVOG2058-consensus	scaffold_743	33.58	274	169	13	35	297	541	1345	5.6e-23	104.7
NCVOG2058-consensus	scaffold_986	35.74	277	154	24	5	270	375	1163	6e-23	103.6
NCVOG2058-consensus	scaffold_524	33.93	336	207	15	46	371	7830	6843	1.2e-22	104.7
NCVOG2058-consensus	scaffold_513	30.72	306	202	10	36	333	2776	3684	3.2e-22	103.3
NCVOG2058-consensus	scaffold_146	37.31	268	160	8	108	367	193	993	5.9e-22	104.7
NCVOG2058-consensus	scaffold_817	36.60	265	161	7	103	360	2293	3084	6.1e-22	100.9
NCVOG2058-consensus	scaffold_817	36.59	287	170	12	93	371	1438	2283	3.3e-21	98.5
NCVOG2058-consensus	scaffold_804	33.45	278	175	10	103	371	976	149	1.3e-21	99.8
NCVOG2058-consensus	scaffold_804	38.80	183	106	6	42	218	1540	995	2.5e-18	89.0
NCVOG2058-consensus	scaffold_230	37.24	290	171	11	92	371	26779	25916	2.1e-21	102.3
NCVOG2058-consensus	scaffold_230	39.78	274	155	10	103	367	24411	23596	2.1e-21	102.3
NCVOG2058-consensus	scaffold_230	47.06	119	60	3	133	248	24783	24430	1.1e-15	83.3
NCVOG2058-consensus	scaffold_230	45.26	137	71	4	108	240	27193	26786	1e-14	80.0
NCVOG2058-consensus	scaffold_600	37.54	325	189	14	53	368	6584	5628	5e-21	99.0
NCVOG2058-consensus	scaffold_600	43.24	259	139	8	87	337	4660	3887	4.6e-31	132.4
NCVOG2058-consensus	scaffold_600	39.59	245	141	7	103	340	2328	1597	5e-21	99.0
NCVOG2058-consensus	scaffold_600	28.48	330	188	48	89	371	3317	2338	2.1e-14	77.0
NCVOG2058-consensus	scaffold_600	37.83	230	116	27	117	339	1260	642	1.9e-12	70.5
NCVOG2058-consensus	scaffold_786	34.51	368	223	18	16	368	2567	1476	7.7e-21	97.4
NCVOG2058-consensus	scaffold_786	37.23	282	149	28	113	367	1427	588	7.7e-21	97.4
NCVOG2058-consensus	scaffold_165	38.42	203	115	10	87	279	39129	38528	9e-21	100.7
NCVOG2058-consensus	scaffold_165	32.07	237	154	7	139	368	37452	36745	2.9e-17	89.0
NCVOG2058-consensus	scaffold_608	38.83	291	167	11	92	371	12	881	1e-20	97.9
NCVOG2058-consensus	scaffold_608	40.70	285	161	8	92	368	1044	1895	5.6e-32	135.3
NCVOG2058-consensus	scaffold_608	33.22	301	159	42	111	371	3961	4840	1e-20	97.9
NCVOG2058-consensus	scaffold_608	38.64	176	98	10	83	248	2747	3271	5.4e-15	78.9
NCVOG2058-consensus	scaffold_988	31.13	302	198	10	77	369	905	10	1.7e-20	95.5
NCVOG2058-consensus	scaffold_1064	33.50	200	124	9	59	249	824	1418	1.7e-20	94.9
NCVOG2058-consensus	scaffold_24	30.85	295	191	13	93	378	9200	8331	4.4e-20	99.9
NCVOG2058-consensus	scaffold_806	32.91	237	144	15	53	278	735	40	1e-19	93.6
NCVOG2058-consensus	scaffold_649	38.77	227	132	7	114	333	3799	4476	1e-19	94.4
NCVOG2058-consensus	scaffold_170	30.49	364	216	37	30	370	8584	9624	1.2e-19	96.9
NCVOG2058-consensus	scaffold_170	30.30	297	190	17	96	376	7688	8562	3.9e-16	85.2
NCVOG2058-consensus	scaffold_444	36.20	279	166	12	40	310	5094	4277	2.1e-19	94.4
NCVOG2058-consensus	scaffold_444	35.69	311	185	15	73	371	11115	10203	1.3e-21	101.7
NCVOG2058-consensus	scaffold_444	39.75	239	135	9	90	319	1428	719	2.6e-20	97.4
NCVOG2058-consensus	scaffold_444	36.40	283	169	11	73	347	10189	9361	2.1e-19	94.4
NCVOG2058-consensus	scaffold_444	32.19	233	151	7	115	340	2343	1648	9.3e-19	92.2
NCVOG2058-consensus	scaffold_273	41.29	201	110	8	108	300	18869	18274	1e-18	93.1
NCVOG2058-consensus	scaffold_820	32.04	206	126	14	53	248	608	6	3.4e-18	88.4
NCVOG2058-consensus	scaffold_55	31.94	310	196	15	74	370	57018	56098	7.6e-18	92.0
NCVOG2058-consensus	scaffold_323	26.74	273	191	9	104	370	17999	18805	9.8e-18	89.5
NCVOG2058-consensus	scaffold_44	33.58	265	159	17	58	309	6961	6182	2.1e-17	90.6
NCVOG2058-consensus	scaffold_586	36.86	293	172	13	86	365	4204	5075	2.4e-17	86.8
NCVOG2058-consensus	scaffold_586	37.39	238	130	19	150	368	2255	2963	1.7e-17	87.3
NCVOG2058-consensus	scaffold_586	37.35	249	149	7	127	368	731	1474	1.5e-15	80.8
NCVOG2058-consensus	scaffold_586	35.89	209	128	6	103	305	6342	6965	3.9e-15	79.5
NCVOG2058-consensus	scaffold_586	36.67	120	73	3	133	249	16	372	5.2e-13	72.4
NCVOG2058-consensus	scaffold_382	32.57	261	167	9	56	310	11460	12230	5.1e-17	86.8
NCVOG2058-consensus	scaffold_1119	33.22	307	181	24	69	359	997	108	2e-16	81.1
NCVOG2058-consensus	scaffold_56	32.41	253	164	7	94	339	15437	16192	3.3e-16	86.6
NCVOG2058-consensus	scaffold_601	34.01	294	181	13	84	368	5704	6570	4e-16	82.7
NCVOG2058-consensus	scaffold_978	37.50	312	166	29	54	339	939	1862	9.4e-16	79.7
NCVOG2058-consensus	scaffold_167	31.37	306	191	19	76	368	21681	20785	1e-15	83.8
NCVOG2058-consensus	scaffold_1077	30.25	281	184	12	103	371	1105	266	1.6e-15	78.4
NCVOG2058-consensus	scaffold_390	32.29	223	141	10	74	290	7397	6744	3.1e-15	80.8
NCVOG2058-consensus	scaffold_473	43.81	226	118	9	96	313	9495	10162	4.7e-15	79.8
NCVOG2058-consensus	scaffold_536	32.74	226	146	6	119	338	3048	3722	8e-15	78.7
NCVOG2058-consensus	scaffold_921	29.27	205	140	5	196	395	1936	1325	8.5e-15	76.8
NCVOG2058-consensus	scaffold_921	36.06	269	161	11	94	352	807	7	8.5e-15	76.8
NCVOG2058-consensus	scaffold_1076	38.89	216	108	24	119	310	1353	713	1e-14	75.7
NCVOG2058-consensus	scaffold_1076	41.92	229	125	8	108	328	685	6	1e-14	75.7
NCVOG2058-consensus	scaffold_354	31.51	219	134	16	35	248	6900	7516	1.3e-14	78.9
NCVOG2058-consensus	scaffold_477	32.24	245	149	17	45	278	5723	6436	2.1e-14	77.6
NCVOG2058-consensus	scaffold_1045	41.24	177	99	5	108	279	467	994	4.5e-14	73.8
NCVOG2058-consensus	scaffold_945	36.89	206	122	8	48	245	1703	1093	5.3e-14	74.0
NCVOG2058-consensus	scaffold_790	38.68	212	119	11	76	277	1009	1638	6.6e-14	74.3
NCVOG2058-consensus	scaffold_78	34.34	166	104	5	119	279	2579	2085	3.2e-12	73.0
NCVOG2058-consensus	scaffold_347	28.88	367	223	38	33	370	5770	6838	6.8e-12	70.0
NCVOG2058-consensus	scaffold_321	29.38	194	131	6	58	246	5091	4518	7.5e-12	70.0
NCVOG2058-consensus	scaffold_159	33.11	293	167	29	107	377	24616	25470	1.1e-11	70.6
NCVOG2058-consensus	scaffold_795	26.02	319	203	33	84	395	2648	1777	2.7e-11	65.6
NCVOG2058-consensus	scaffold_243	31.88	207	135	6	46	248	23170	23781	5.4e-11	67.6
NCVOG2058-consensus	scaffold_105	33.33	249	149	17	103	337	44158	44892	6.6e-11	68.4
NCVOG0066-consensus	scaffold_238	34.26	359	209	27	122	466	18316	19348	2.1e-37	155.9
NCVOG0066-consensus	scaffold_238	32.45	376	234	20	37	406	16049	17127	1.6e-39	162.9
NCVOG0066-consensus	scaffold_238	33.12	311	186	22	120	411	19481	20399	1.8e-30	132.8
NCVOG0066-consensus	scaffold_238	31.70	347	197	40	101	409	17164	18189	9.6e-21	100.6
NCVOG0066-consensus	scaffold_168	29.52	332	216	18	119	447	21502	20555	2.6e-33	142.9
NCVOG0066-consensus	scaffold_455	29.90	398	240	39	87	460	3961	5102	2.4e-30	131.2
NCVOG0066-consensus	scaffold_128	27.76	508	315	52	121	593	23955	22492	9.2e-30	131.5
NCVOG0066-consensus	scaffold_707	30.32	409	252	33	79	460	242	1443	7.1e-28	121.7
NCVOG0066-consensus	scaffold_128	32.45	302	179	25	79	359	49294	50180	8e-27	121.7
NCVOG0066-consensus	scaffold_255	34.97	306	162	37	134	409	17900	18791	1.3e-12	73.4
NCVOG0066-consensus	scaffold_103	29.68	347	202	42	115	419	52142	51107	2.4e-11	70.5
NCVOG0038-consensus	scaffold_85	32.81	1027	522	168	106	991	52660	49696	3.1e-28	127.6
NCVOG0228-consensus	scaffold_134	25.57	1001	623	122	5	909	33166	30265	9.8e-18	92.1
NCVOG1128-consensus	scaffold_173	32.73	165	103	8	133	294	36352	36828	9.9e-16	83.8
NCVOG1128-consensus	scaffold_63	34.31	102	61	6	133	229	60048	60347	2e-11	70.6
NCVOG0280-consensus	scaffold_54	22.16	1471	1012	133	292	1692	14520	18730	2.3e-29	132.4
NCVOG0280-consensus	scaffold_370	21.03	1241	864	116	446	1639	1517	5021	1e-14	81.4
NCVOG0218-consensus	scaffold_83	38.71	310	169	21	584	886	55166	54286	2.9e-46	187.5
NCVOG0218-consensus	scaffold_42	44.50	209	96	20	575	772	17740	17144	8.3e-44	179.9
NCVOG0218-consensus	scaffold_42	47.33	131	66	3	599	727	6684	6298	1.2e-30	136.3
NCVOG0218-consensus	scaffold_109	30.95	517	296	61	430	898	47886	49394	1.2e-42	175.3
NCVOG0218-consensus	scaffold_117	26.72	685	392	110	274	868	42852	44827	2.9e-34	147.4
NCVOG0218-consensus	scaffold_66	32.04	309	199	11	597	901	11623	10721	3.2e-34	147.7
NCVOG0218-consensus	scaffold_148	45.62	160	77	10	646	797	64	528	3.8e-32	140.1
NCVOG0218-consensus	scaffold_148	28.49	186	126	7	726	905	12836	13387	1.6e-14	81.5
NCVOG0218-consensus	scaffold_333	35.05	388	210	42	546	899	1138	32	1.5e-30	133.6
NCVOG0218-consensus	scaffold_95	32.07	527	281	77	387	864	37888	39339	1.9e-30	134.9
NCVOG0218-consensus	scaffold_424	40.74	189	99	13	721	899	6186	5638	2.6e-30	132.2
NCVOG0218-consensus	scaffold_513	28.11	370	229	37	499	853	8006	6966	6.1e-27	120.5
NCVOG0218-consensus	scaffold_22	31.92	307	182	27	667	953	9535	10427	1.2e-26	123.3
NCVOG0218-consensus	scaffold_1	34.09	220	137	8	645	860	105956	106600	9.2e-24	114.0
NCVOG0218-consensus	scaffold_533	34.65	202	123	9	624	819	2439	3028	9.8e-23	106.4
NCVOG0218-consensus	scaffold_75	51.61	124	45	15	727	843	20891	21231	1.5e-22	108.9
NCVOG0218-consensus	scaffold_124	42.94	177	82	19	648	814	15019	15515	3.4e-22	107.2
NCVOG0218-consensus	scaffold_830	36.69	169	98	9	765	930	1240	1721	4e-22	102.9
NCVOG0218-consensus	scaffold_189	39.63	164	81	18	779	934	10374	9916	1.2e-21	104.8
NCVOG0218-consensus	scaffold_81	31.86	317	186	30	473	773	23052	23941	1.3e-21	105.6
NCVOG0218-consensus	scaffold_2	32.03	384	240	21	545	909	180923	182055	2.8e-21	104.5
NCVOG0218-consensus	scaffold_124	30.00	270	173	16	596	855	8105	7317	2.1e-20	101.3
NCVOG0218-consensus	scaffold_101	25.21	480	310	49	471	903	38079	39509	5.1e-20	100.2
NCVOG0218-consensus	scaffold_13	30.60	268	164	22	580	834	56036	56805	4.3e-19	98.3
NCVOG0218-consensus	scaffold_13	21.42	761	518	80	237	936	84010	86222	8.7e-14	80.7
NCVOG0218-consensus	scaffold_89	28.52	284	185	18	553	825	24435	23608	4.3e-19	97.2
NCVOG0218-consensus	scaffold_256	41.94	93	54	0	791	883	9776	9501	6.3e-19	95.3
NCVOG0218-consensus	scaffold_225	31.54	241	154	11	701	932	10065	9356	4e-18	92.9
NCVOG0218-consensus	scaffold_94	29.15	271	175	17	596	852	55177	54377	5.8e-18	93.4
NCVOG0218-consensus	scaffold_94	28.49	365	241	20	578	925	12253	11185	4.8e-14	80.4
NCVOG0218-consensus	scaffold_126	44.54	119	56	10	625	734	41067	41413	3.9e-17	90.4
NCVOG0218-consensus	scaffold_125	48.39	93	42	6	657	749	29377	29634	6.9e-17	89.6
NCVOG0218-consensus	scaffold_115	29.72	249	155	20	596	832	31191	31910	1.8e-15	85.0
NCVOG0218-consensus	scaffold_25	41.35	133	66	12	754	878	13814	13431	4.5e-15	84.7
NCVOG0218-consensus	scaffold_157	25.78	384	253	32	646	1018	25322	26401	7.3e-15	82.6
NCVOG0218-consensus	scaffold_92	40.95	105	58	4	745	845	51207	51518	1.3e-14	82.3
NCVOG0218-consensus	scaffold_24	24.07	378	244	43	530	864	92426	91298	1.4e-14	83.1
NCVOG0218-consensus	scaffold_81	54.67	75	24	10	758	825	13065	12853	1.7e-14	82.0
NCVOG0218-consensus	scaffold_88	23.19	595	386	71	256	817	31974	30325	2e-14	81.8
NCVOG0218-consensus	scaffold_12	26.86	350	228	28	490	824	96536	97543	3.5e-14	82.0
NCVOG0218-consensus	scaffold_27	25.96	312	212	19	679	981	15186	14292	4.2e-14	81.5
NCVOG0218-consensus	scaffold_113	24.67	531	347	53	433	921	21943	23487	2.8e-13	77.7
NCVOG0218-consensus	scaffold_267	27.59	290	184	26	645	916	4449	5275	5.6e-13	75.5
NCVOG0218-consensus	scaffold_755	24.34	645	402	86	363	931	1780	3665	8.7e-13	72.3
NCVOG0218-consensus	scaffold_36	22.70	467	332	29	427	880	4380	5729	1.3e-12	76.3
NCVOG0218-consensus	scaffold_22	31.72	290	172	26	472	748	7568	6741	2.3e-12	75.8
NCVOG0218-consensus	scaffold_438	44.44	81	37	8	612	684	335	96	4.1e-12	71.7
NCVOG0218-consensus	scaffold_334	25.56	446	282	50	438	835	7738	9052	2.8e-11	69.5
NCVOG0018-consensus	scaffold_755	18.93	708	550	24	264	962	1467	3542	2.6e-14	77.4
NCVOG0820-consensus	scaffold_378	26.73	419	250	57	58	445	4652	3483	4.1e-17	87.3
NCVOG0820-consensus	scaffold_272	22.70	445	263	81	59	448	15930	14679	4.2e-13	74.6
NCVOG4344-consensus	scaffold_138	32.16	283	168	24	71	340	29745	28941	1e-14	81.1
NCVOG2246-consensus	scaffold_40	33.55	468	285	26	5	454	82905	84271	4.8e-45	182.8
NCVOG2246-consensus	scaffold_590	34.69	245	154	6	48	289	6334	7056	2.2e-31	133.7
NCVOG2246-consensus	scaffold_400	37.24	196	106	17	32	213	13376	13947	1.5e-25	115.2
NCVOG4116-consensus	scaffold_910	33.81	210	127	12	232	433	1753	2367	2.5e-17	85.4
NCVOG4116-consensus	scaffold_817	26.14	352	241	19	98	440	1919	2937	3e-16	82.2
NCVOG4116-consensus	scaffold_600	28.33	300	197	18	150	433	6520	5634	5.5e-16	82.4
NCVOG4116-consensus	scaffold_1076	27.54	345	222	28	113	436	1350	344	8.5e-16	79.5
NCVOG4116-consensus	scaffold_1052	33.95	215	129	13	229	433	720	1352	1.4e-15	78.9
NCVOG4116-consensus	scaffold_867	34.29	210	124	14	239	438	1222	1836	2.1e-15	79.2
NCVOG4116-consensus	scaffold_230	32.72	217	134	12	229	436	27211	26573	2.6e-15	82.2
NCVOG4116-consensus	scaffold_230	32.87	216	135	10	229	436	24786	24148	2.1e-14	79.2
NCVOG4116-consensus	scaffold_843	29.38	211	140	9	239	443	696	1312	3.9e-15	78.4
NCVOG4116-consensus	scaffold_236	29.84	248	162	12	210	447	23652	24386	5.3e-15	81.1
NCVOG4116-consensus	scaffold_24	30.53	285	179	19	164	433	9202	8367	1e-14	82.2
NCVOG4116-consensus	scaffold_83	33.15	178	114	5	238	413	58473	58994	2.2e-14	80.3
NCVOG4116-consensus	scaffold_165	33.67	199	120	12	244	433	55	639	4.3e-14	78.7
NCVOG4116-consensus	scaffold_994	29.50	200	130	11	242	433	256	843	6.4e-14	73.8
NCVOG4116-consensus	scaffold_975	32.14	224	139	13	220	433	1310	1967	2.5e-13	71.9
NCVOG4116-consensus	scaffold_975	31.19	218	140	10	238	447	621	1265	2.5e-13	71.9
NCVOG4116-consensus	scaffold_146	31.70	224	139	14	234	447	190	846	2.6e-13	76.2
NCVOG4116-consensus	scaffold_868	36.51	189	110	10	259	438	1737	2293	4e-13	71.6
NCVOG4116-consensus	scaffold_265	24.94	385	255	34	93	447	1429	2568	5.2e-13	74.3
NCVOG4116-consensus	scaffold_265	26.93	323	213	23	123	433	3438	4366	5.2e-13	74.3
NCVOG4116-consensus	scaffold_23	30.60	232	146	15	189	411	20483	19809	1.1e-12	75.4
NCVOG4116-consensus	scaffold_204	25.59	340	220	33	115	438	5733	4768	1.5e-12	73.2
NCVOG4116-consensus	scaffold_204	31.98	197	122	12	239	428	884	314	1.5e-12	73.2
NCVOG4116-consensus	scaffold_625	27.80	410	258	38	51	433	1228	2411	2e-12	70.5
NCVOG4116-consensus	scaffold_1144	30.92	207	131	12	238	435	691	83	3e-12	67.3
NCVOG4116-consensus	scaffold_55	30.18	222	143	12	221	433	57333	56680	3.1e-12	73.5
NCVOG4116-consensus	scaffold_151	35.61	205	120	12	238	433	32414	31812	2.7e-11	69.4
NCVOG4116-consensus	scaffold_151	31.09	238	152	12	210	438	3375	2674	2.4e-16	86.3
NCVOG4116-consensus	scaffold_151	31.65	237	146	16	206	433	33517	32835	2.7e-11	69.4
NCVOG4116-consensus	scaffold_151	32.54	209	131	10	238	438	39922	39305	2.7e-11	69.4
NCVOG4116-consensus	scaffold_79	30.62	209	135	10	238	438	15265	14648	3.5e-11	69.7
NCVOG4116-consensus	scaffold_444	32.39	213	128	16	239	440	4981	4361	5.1e-11	66.7
NCVOG4116-consensus	scaffold_444	30.69	277	168	24	170	438	10244	9465	4.2e-11	67.0
NCVOG4116-consensus	scaffold_444	30.69	277	168	24	170	438	11170	10391	5.1e-11	66.7
NCVOG4116-consensus	scaffold_321	28.88	232	154	11	183	406	5193	4510	5.7e-11	67.3
NCVOG4116-consensus	scaffold_1045	33.33	192	116	12	229	412	449	1009	6.5e-11	63.5
NCVOG4116-consensus	scaffold_925	33.54	164	101	8	292	448	524	39	9.7e-11	63.4
NCVOG0226-consensus	scaffold_1	32.00	125	83	2	31	153	106154	106525	4e-11	70.8
NCVOG4487-consensus	scaffold_32	26.86	283	173	34	257	517	9959	9150	9.2e-12	72.6
NCVOG4487-consensus	scaffold_32	28.30	364	220	41	187	521	13581	12537	9.2e-12	72.6
NCVOG4487-consensus	scaffold_54	30.70	228	132	26	279	484	45241	45899	8.5e-11	69.1
