NCVOG0719-consensus	scaffold_2	28.57	189	122	13	37	217	839198	839744	1.4e-14	78.1
NCVOG1069-consensus	scaffold_20	31.17	308	183	29	145	435	211819	210935	2e-12	71.6
NCVOG2772-consensus	scaffold_17	24.57	411	273	37	58	464	294166	295296	3.5e-12	70.9
NCVOG4023-consensus	scaffold_24	22.33	215	157	10	1	208	39291	38659	8.7e-12	68.4
NCVOG0669-consensus	scaffold_21	25.79	411	267	38	43	436	243301	244461	6.3e-17	86.6
NCVOG0669-consensus	scaffold_25	31.09	193	113	20	279	460	21266	21812	1.7e-13	72.9
NCVOG0669-consensus	scaffold_2	25.38	465	280	67	37	443	187536	188894	2.2e-13	74.8
NCVOG0669-consensus	scaffold_7	24.13	431	291	36	36	436	183552	182293	1.5e-12	72.0
NCVOG0669-consensus	scaffold_1	25.89	394	261	31	102	465	1318596	1319765	9.1e-12	69.5
NCVOG0669-consensus	scaffold_1	33.53	173	100	15	279	443	1266953	1266461	1.4e-11	68.8
NCVOG0669-consensus	scaffold_1	24.68	466	282	69	36	443	1269475	1268122	7.3e-13	73.1
NCVOG0669-consensus	scaffold_1	24.66	369	222	56	122	443	1270816	1269746	1.4e-11	68.8
NCVOG0333-consensus	scaffold_4	42.86	112	48	16	605	709	758983	758678	2.4e-15	80.3
NCVOG0333-consensus	scaffold_12	47.78	90	44	3	605	694	281932	281675	5.2e-15	80.8
NCVOG0333-consensus	scaffold_16	43.12	109	51	11	569	677	382499	382209	2.2e-14	78.6
NCVOG0233-consensus	scaffold_5	25.68	876	563	88	18	859	695606	698048	8.7e-44	176.7
NCVOG0233-consensus	scaffold_1	34.80	888	478	101	35	827	1249119	1251755	8.3e-39	160.2
NCVOG0233-consensus	scaffold_3	34.88	883	495	80	29	836	795278	792650	8.3e-39	160.2
NCVOG0233-consensus	scaffold_10	33.81	902	503	94	42	853	484456	487142	1e-38	159.4
NCVOG0233-consensus	scaffold_18	29.92	829	449	132	85	787	338983	336524	3.2e-38	158.0
NCVOG0233-consensus	scaffold_1	34.71	899	492	95	21	826	1413067	1415750	6.6e-38	157.2
NCVOG0233-consensus	scaffold_13	29.21	897	543	92	21	860	82277	84845	2.2e-31	135.5
NCVOG0233-consensus	scaffold_13	23.73	889	575	103	28	870	129264	131746	6.2e-45	180.5
NCVOG0233-consensus	scaffold_16	29.40	796	454	108	25	729	57989	60310	3.9e-27	121.4
NCVOG0233-consensus	scaffold_22	28.19	816	478	108	5	729	250608	252989	2.1e-26	119.0
NCVOG0233-consensus	scaffold_3	27.40	894	501	148	29	800	312748	315338	2.3e-24	112.2
NCVOG0233-consensus	scaffold_9	27.30	846	478	137	55	792	180650	183091	6.3e-21	100.8
NCVOG0233-consensus	scaffold_3	28.22	776	453	104	39	729	884520	886787	9.2e-17	86.9
NCVOG0233-consensus	scaffold_6	23.05	642	404	90	71	697	185003	186700	6.9e-11	67.4
NCVOG0033-consensus	scaffold_1	24.73	457	278	66	60	479	412306	411028	3.1e-15	81.7
NCVOG0013-consensus	scaffold_7	33.78	225	137	12	122	342	3685	3038	2.1e-23	108.4
NCVOG0013-consensus	scaffold_10	31.78	236	146	15	116	342	249225	249909	6e-22	103.6
NCVOG0013-consensus	scaffold_1	28.00	200	138	6	133	332	1574699	1575277	8.7e-20	95.8
NCVOG0013-consensus	scaffold_22	28.12	256	170	14	113	362	66764	67504	4.5e-16	84.1
NCVOG0013-consensus	scaffold_22	24.76	311	222	12	67	372	65649	66551	4.5e-16	84.1
NCVOG0013-consensus	scaffold_14	35.23	176	108	6	122	293	428807	429325	1.3e-15	82.5
NCVOG0013-consensus	scaffold_23	29.15	223	150	8	122	342	288276	288923	2e-15	81.9
NCVOG0013-consensus	scaffold_23	25.76	295	171	48	103	357	19630	18773	6.1e-15	80.3
NCVOG0013-consensus	scaffold_23	32.39	176	113	6	122	293	1149	631	6.1e-15	80.3
NCVOG0013-consensus	scaffold_3	32.95	176	112	6	122	293	9768	9250	4.7e-14	77.4
NCVOG0013-consensus	scaffold_1	30.04	223	134	22	133	339	511059	510416	5.6e-14	77.1
NCVOG0013-consensus	scaffold_1	35.54	121	72	6	122	238	511435	511082	5.6e-14	77.1
NCVOG0013-consensus	scaffold_18	32.00	225	141	12	122	342	411124	411771	5.7e-14	76.8
NCVOG0013-consensus	scaffold_3	24.76	311	222	12	122	422	158725	157804	1.7e-13	75.5
NCVOG0013-consensus	scaffold_9	30.50	200	133	6	85	279	574564	575157	6.1e-12	70.2
NCVOG0013-consensus	scaffold_16	30.52	249	155	18	125	364	71408	70696	5.3e-11	67.2
NCVOG0013-consensus	scaffold_24	31.88	160	101	8	122	279	18317	17859	7.7e-11	66.7
NCVOG4582-consensus	scaffold_24	37.61	117	66	7	163	277	76707	76379	1.5e-12	71.7
NCVOG4582-consensus	scaffold_1	37.25	102	60	4	178	277	125251	124955	9.2e-12	69.0
NCVOG0763-consensus	scaffold_20	26.27	316	220	13	1	312	270190	271097	2e-11	67.7
NCVOG0763-consensus	scaffold_5	43.65	126	63	8	192	312	192978	193343	6.4e-11	66.1
NCVOG0297-consensus	scaffold_13	31.76	318	193	24	236	538	169516	170433	2.5e-20	98.1
NCVOG0297-consensus	scaffold_3	28.00	300	192	24	257	538	791000	791878	7.2e-18	90.0
NCVOG0297-consensus	scaffold_6	29.65	317	192	31	239	535	211112	210200	1.3e-13	75.8
NCVOG0297-consensus	scaffold_19	28.33	233	157	10	261	483	76941	77628	4.4e-13	74.1
NCVOG0297-consensus	scaffold_2	24.90	518	314	75	64	538	550653	552095	7.2e-11	66.7
NCVOG0073-consensus	scaffold_1	41.44	625	341	25	20	640	544686	546494	9.3e-86	316.3
NCVOG0073-consensus	scaffold_21	41.44	637	349	24	19	652	268206	270050	4.7e-63	240.8
NCVOG0073-consensus	scaffold_21	37.44	649	361	45	19	652	86302	84451	3.5e-42	171.5
NCVOG0073-consensus	scaffold_1	30.58	412	271	15	5	408	1010678	1009471	9e-42	170.1
NCVOG0073-consensus	scaffold_1	27.14	549	363	37	13	533	304166	305776	2.7e-35	148.6
NCVOG0073-consensus	scaffold_12	26.53	524	334	51	19	516	234238	232747	3.3e-24	111.8
NCVOG0679-consensus	scaffold_5	24.22	289	204	15	4	281	754102	753251	8e-11	63.9
NCVOG1068-consensus	scaffold_6	56.86	153	51	15	102	239	200021	199570	1.8e-25	114.0
NCVOG2643-consensus	scaffold_1	37.09	275	151	22	4	264	1051052	1050257	9.5e-33	138.3
NCVOG2643-consensus	scaffold_1	30.14	282	166	31	2	263	1202059	1201250	6e-23	105.8
NCVOG0782-consensus	scaffold_19	27.10	155	108	5	31	184	336765	336316	2.6e-11	66.0
NCVOG0613-consensus	scaffold_6	38.93	131	75	5	2	128	490332	490718	8.7e-20	94.2
NCVOG0613-consensus	scaffold_6	39.10	133	74	7	2	128	572656	573048	1.4e-19	93.5
NCVOG1353-consensus	scaffold_4	60.35	802	280	38	36	801	529980	532372	4.7e-199	692.4
NCVOG4445-consensus	scaffold_3	26.52	230	165	4	119	345	483716	484397	3.4e-16	83.9
NCVOG4445-consensus	scaffold_3	27.18	309	189	36	87	384	544319	545167	4.3e-13	73.6
NCVOG4445-consensus	scaffold_2	29.47	302	190	23	95	384	595406	596275	4.7e-15	80.1
NCVOG4445-consensus	scaffold_13	28.62	283	182	20	85	356	379692	380510	2.8e-12	70.9
NCVOG4445-consensus	scaffold_3	29.15	247	152	23	98	328	455684	454968	4.7e-11	66.8
NCVOG5125-consensus	scaffold_5	26.83	164	107	13	21	182	347618	347163	2.1e-11	67.9
NCVOG4045-consensus	scaffold_4	29.58	409	250	38	6	379	179883	178671	1.9e-21	101.3
NCVOG0243-consensus	scaffold_16	30.12	332	188	44	25	336	210478	209558	3.8e-11	67.2
NCVOG0055-consensus	scaffold_3	36.08	194	110	14	190	369	530736	530160	1.5e-22	105.1
NCVOG0055-consensus	scaffold_16	41.88	160	76	17	220	363	348632	349101	3.9e-22	103.6
NCVOG0055-consensus	scaffold_5	38.82	237	116	29	192	399	338990	339693	1.6e-20	98.4
NCVOG4105-consensus	scaffold_19	36.68	1096	630	64	14	1087	63515	66671	2.9e-47	188.6
NCVOG4105-consensus	scaffold_1	23.34	857	539	118	46	868	893666	891351	4.6e-13	75.0
NCVOG1045-consensus	scaffold_19	33.76	157	97	7	397	552	258227	257778	4e-14	77.5
NCVOG1045-consensus	scaffold_19	27.47	466	236	102	30	411	259782	258442	1.9e-16	85.2
NCVOG1045-consensus	scaffold_20	29.68	411	240	49	1	376	166615	167800	7.5e-11	66.7
NCVOG1045-consensus	scaffold_20	30.80	250	153	20	308	550	167909	168614	7.2e-18	90.0
NCVOG0235-consensus	scaffold_9	28.90	263	173	14	3	256	416198	416968	1.8e-14	78.9
NCVOG0213-consensus	scaffold_13	37.86	103	59	5	42	140	217899	217597	2.5e-11	66.3
NCVOG0305-consensus	scaffold_6	33.46	263	168	7	1305	1563	702564	701788	8.1e-33	140.9
NCVOG0305-consensus	scaffold_6	35.74	291	172	15	773	1058	697674	696835	8.1e-33	140.9
NCVOG0305-consensus	scaffold_6	26.44	261	184	8	1313	1571	690563	689806	2.7e-20	99.3
NCVOG0305-consensus	scaffold_16	29.09	330	206	28	1245	1562	72818	71880	8.1e-29	127.8
NCVOG0305-consensus	scaffold_16	32.35	272	170	14	773	1037	33718	32927	6.5e-28	124.8
NCVOG0305-consensus	scaffold_1	32.72	272	169	14	773	1037	2135	2926	1.4e-28	127.1
NCVOG0305-consensus	scaffold_11	32.72	272	169	14	773	1037	465500	464709	2e-28	125.3
NCVOG0305-consensus	scaffold_15	31.83	355	212	30	688	1040	432487	433464	3.7e-28	125.6
NCVOG0305-consensus	scaffold_7	31.93	285	179	15	768	1044	346917	347747	3.9e-28	125.6
NCVOG0305-consensus	scaffold_7	26.22	267	167	30	1313	1571	386906	387637	6.2e-15	81.7
NCVOG0305-consensus	scaffold_21	31.88	367	220	30	688	1052	15300	14287	9.2e-28	124.3
NCVOG0305-consensus	scaffold_24	31.75	274	169	18	1301	1559	37775	36970	1.8e-27	123.3
NCVOG0305-consensus	scaffold_27	31.79	368	220	31	688	1052	14900	13886	4e-27	119.3
NCVOG0305-consensus	scaffold_24	28.37	289	186	21	1290	1563	254672	253827	8.4e-26	117.6
NCVOG0305-consensus	scaffold_13	28.37	289	186	21	1290	1563	414111	413266	1e-25	117.6
NCVOG0305-consensus	scaffold_7	30.26	271	174	15	1301	1559	6226	5426	2.4e-25	116.3
NCVOG0305-consensus	scaffold_23	29.65	317	191	32	724	1030	145431	144550	9.6e-25	114.3
NCVOG0305-consensus	scaffold_23	32.87	289	173	21	699	977	2438	1610	2.2e-23	109.8
NCVOG0305-consensus	scaffold_4	26.50	283	192	16	1293	1562	740169	741003	6.5e-24	111.6
NCVOG0305-consensus	scaffold_23	30.99	284	179	17	764	1037	277016	277843	1.3e-23	110.6
NCVOG0305-consensus	scaffold_23	28.04	485	295	54	579	1037	286484	287837	6.4e-24	111.6
NCVOG0305-consensus	scaffold_23	26.88	253	170	15	1309	1552	279613	280334	4.3e-15	82.2
NCVOG0305-consensus	scaffold_14	29.60	348	210	35	699	1037	427516	428476	4.3e-23	108.8
NCVOG0305-consensus	scaffold_8	32.11	246	155	12	746	987	310407	311115	1.8e-22	106.8
NCVOG0305-consensus	scaffold_18	27.82	248	171	8	785	1024	137917	138655	3.5e-22	105.8
NCVOG0305-consensus	scaffold_3	32.97	279	167	20	708	977	11029	10231	5.9e-22	105.0
NCVOG0305-consensus	scaffold_1	29.39	330	198	35	779	1105	1573910	1574800	6.7e-22	104.3
NCVOG0305-consensus	scaffold_3	35.19	216	128	12	1340	1550	746699	746084	2e-21	103.3
NCVOG0305-consensus	scaffold_17	30.43	253	166	10	1301	1546	355547	356291	2.1e-21	103.0
NCVOG0305-consensus	scaffold_6	24.62	987	627	117	657	1556	662355	665204	2.8e-21	102.5
NCVOG0305-consensus	scaffold_5	30.74	283	179	17	1277	1549	399794	398974	1.4e-20	100.5
NCVOG0305-consensus	scaffold_9	26.80	388	239	45	698	1065	573269	574346	4.8e-20	98.5
NCVOG0305-consensus	scaffold_12	29.03	248	155	21	1326	1568	204035	204723	2.2e-19	96.5
NCVOG0305-consensus	scaffold_1	29.93	284	166	33	769	1034	995001	994202	3.1e-19	96.0
NCVOG0305-consensus	scaffold_1	27.58	330	206	33	718	1037	704211	705124	3.7e-19	95.8
NCVOG0305-consensus	scaffold_18	27.49	291	184	27	781	1065	410095	410897	6.2e-19	94.8
NCVOG0305-consensus	scaffold_16	33.76	157	98	6	1352	1506	407783	408238	7.8e-19	94.5
NCVOG0305-consensus	scaffold_2	29.47	285	185	16	786	1063	328670	327858	1.2e-18	94.0
NCVOG0305-consensus	scaffold_2	29.21	291	178	28	781	1052	332438	331606	1.2e-18	94.0
NCVOG0305-consensus	scaffold_2	31.08	222	129	24	774	978	406284	405645	1.5e-14	80.5
NCVOG0305-consensus	scaffold_22	31.92	213	128	17	784	985	174355	173738	3.5e-18	92.5
NCVOG0305-consensus	scaffold_4	26.03	461	293	48	328	749	515245	516595	7e-18	91.5
NCVOG0305-consensus	scaffold_2	28.57	189	120	15	1349	1527	912868	912322	2.3e-17	88.0
NCVOG0305-consensus	scaffold_13	30.57	265	155	29	1264	1510	169453	170205	2.3e-16	86.5
NCVOG0305-consensus	scaffold_4	26.59	425	265	47	367	752	515141	513894	7.7e-16	84.7
NCVOG0305-consensus	scaffold_3	31.31	214	131	16	778	980	203574	202953	1.3e-15	84.0
NCVOG0305-consensus	scaffold_9	32.80	250	137	31	1333	1557	356180	356902	2.2e-15	83.2
NCVOG0305-consensus	scaffold_18	31.21	298	180	25	784	1072	181028	180188	7.3e-15	81.5
NCVOG0305-consensus	scaffold_18	27.73	256	160	25	1321	1557	299348	298606	7.3e-15	81.5
NCVOG0305-consensus	scaffold_7	32.84	204	121	16	784	982	669407	669982	9.6e-15	80.5
NCVOG0305-consensus	scaffold_2	33.00	200	123	11	1314	1508	551242	551820	4.2e-14	79.0
NCVOG0305-consensus	scaffold_1	26.84	272	170	29	1312	1556	241889	242685	4.9e-14	78.7
NCVOG0305-consensus	scaffold_10	29.73	259	163	19	1309	1555	87845	88597	4.9e-14	78.7
NCVOG0305-consensus	scaffold_5	30.11	269	173	15	1293	1556	632372	631599	8.3e-14	78.0
NCVOG0305-consensus	scaffold_26	29.51	288	163	40	1311	1564	18140	18966	1.5e-13	74.7
NCVOG0305-consensus	scaffold_2	30.88	204	124	17	1319	1508	782033	782630	2.4e-13	76.5
NCVOG0305-consensus	scaffold_3	32.06	262	155	23	1270	1517	790895	791650	2.8e-13	76.2
NCVOG0305-consensus	scaffold_18	30.20	245	147	24	782	1018	19995	19312	6.7e-13	75.0
NCVOG0305-consensus	scaffold_15	28.36	275	161	36	1311	1557	325824	325033	7.6e-13	74.7
NCVOG0305-consensus	scaffold_9	29.93	274	166	26	1305	1557	528641	527848	2.8e-12	72.7
NCVOG0305-consensus	scaffold_9	27.80	259	160	27	1305	1549	529938	529206	9.1e-15	81.0
NCVOG0305-consensus	scaffold_17	29.96	257	159	21	1305	1559	3701	2991	3.8e-12	72.5
NCVOG0305-consensus	scaffold_19	23.16	842	550	97	782	1564	76975	79355	9.1e-12	71.2
NCVOG0305-consensus	scaffold_1	32.38	281	159	31	1302	1556	1465831	1465019	1.1e-11	71.0
NCVOG0305-consensus	scaffold_22	28.16	206	130	18	1362	1557	27479	28063	1.1e-11	71.0
NCVOG0305-consensus	scaffold_1	28.83	222	146	12	1341	1555	880048	880693	1.3e-11	70.7
NCVOG0305-consensus	scaffold_14	28.07	228	144	20	1347	1557	61758	62419	1.3e-11	70.7
NCVOG0305-consensus	scaffold_21	28.40	250	161	18	760	997	150655	149929	1.3e-11	70.7
NCVOG0305-consensus	scaffold_2	31.31	214	129	18	1307	1507	119434	118811	1.5e-11	70.5
NCVOG0305-consensus	scaffold_19	29.63	297	161	48	1294	1561	223093	222275	1.5e-11	70.5
NCVOG0305-consensus	scaffold_21	23.72	468	295	62	604	1058	317971	316718	1.7e-11	68.7
NCVOG0305-consensus	scaffold_6	30.54	203	132	9	1314	1510	211034	210438	5.1e-11	68.7
NCVOG0248-consensus	scaffold_8	29.46	499	284	68	3	489	92993	94316	2.9e-19	94.5
NCVOG0248-consensus	scaffold_5	29.89	562	309	85	5	512	144548	146131	2.6e-14	78.0
NCVOG0105-consensus	scaffold_20	24.78	900	593	84	8	893	213259	215741	1.5e-28	126.4
NCVOG0105-consensus	scaffold_5	24.57	692	439	83	245	895	650053	651991	9e-19	93.8
NCVOG0105-consensus	scaffold_3	23.03	877	564	111	21	886	553611	551286	8.4e-18	90.6
NCVOG0105-consensus	scaffold_16	22.92	877	565	111	21	886	188129	185804	8.4e-18	90.6
NCVOG0105-consensus	scaffold_1	23.05	681	445	79	258	908	81108	79230	2e-12	72.8
NCVOG4804-consensus	scaffold_4	58.33	132	44	11	49	180	781173	781532	6.7e-29	123.5
NCVOG4804-consensus	scaffold_5	51.95	154	63	11	27	180	361296	361721	1.9e-28	123.6
NCVOG4804-consensus	scaffold_5	51.95	154	63	11	27	180	124805	124380	1.9e-28	123.6
NCVOG4804-consensus	scaffold_5	51.95	154	63	11	27	180	252560	252135	1.9e-28	123.6
NCVOG0282-consensus	scaffold_5	28.99	338	222	18	272	603	399840	398866	1.3e-19	96.4
NCVOG0282-consensus	scaffold_12	31.91	282	160	32	324	582	351594	352405	3.6e-18	91.6
NCVOG0282-consensus	scaffold_3	30.08	389	212	60	325	660	791009	792147	7.7e-17	87.2
NCVOG0282-consensus	scaffold_2	32.17	314	176	37	321	626	551218	552061	1.3e-15	83.2
NCVOG0282-consensus	scaffold_1	28.31	332	208	30	297	606	995067	994109	6.2e-15	80.9
NCVOG0282-consensus	scaffold_22	23.50	366	268	12	239	595	174631	173546	1.4e-14	79.7
NCVOG0282-consensus	scaffold_10	29.63	297	176	33	328	605	87857	88702	1.8e-14	79.3
NCVOG0282-consensus	scaffold_1	27.27	286	175	33	329	589	241895	242721	2.1e-14	79.1
NCVOG0282-consensus	scaffold_8	35.51	214	128	10	325	537	310507	311118	2.7e-14	78.7
NCVOG0282-consensus	scaffold_2	26.33	490	312	49	161	614	407479	408898	4e-14	78.2
NCVOG0282-consensus	scaffold_2	32.15	311	168	43	287	570	412448	413323	1.6e-15	82.8
NCVOG0282-consensus	scaffold_2	26.52	313	205	25	325	622	339930	340829	9e-14	77.0
NCVOG0282-consensus	scaffold_23	29.35	276	166	29	331	600	287139	287890	1.3e-13	76.4
NCVOG0282-consensus	scaffold_2	26.48	321	197	39	324	608	782003	782951	1.3e-13	76.4
NCVOG0282-consensus	scaffold_12	33.16	193	113	16	332	521	204016	204552	1.5e-13	76.2
NCVOG0282-consensus	scaffold_6	29.43	282	189	10	292	570	697761	696940	1.7e-13	75.9
NCVOG0282-consensus	scaffold_23	28.62	276	166	31	331	600	2176	1427	1.7e-13	76.1
NCVOG0282-consensus	scaffold_14	28.99	276	167	29	331	600	427778	428529	2.9e-13	75.3
NCVOG0282-consensus	scaffold_21	29.05	296	195	15	307	600	15117	14276	3e-13	75.3
NCVOG0282-consensus	scaffold_3	29.77	215	137	14	331	540	10797	10183	3e-13	75.3
NCVOG0282-consensus	scaffold_15	29.37	269	177	13	307	574	432670	433437	3.7e-13	74.9
NCVOG0282-consensus	scaffold_27	28.96	297	195	16	307	600	14717	13875	6.6e-13	71.3
NCVOG0282-consensus	scaffold_1	26.11	517	320	62	275	749	1472170	1473649	6.6e-13	74.1
NCVOG0282-consensus	scaffold_18	26.73	303	195	27	298	581	299470	298597	7.5e-13	73.9
NCVOG0282-consensus	scaffold_16	30.56	301	181	28	300	581	407548	408416	1.3e-12	73.0
NCVOG0282-consensus	scaffold_16	33.91	233	135	19	324	541	330804	331483	8.6e-16	83.6
NCVOG0282-consensus	scaffold_1	28.39	317	194	33	293	595	332631	333517	2.5e-12	72.2
NCVOG0282-consensus	scaffold_8	27.51	349	184	69	316	599	211450	212479	2.9e-12	72.0
NCVOG0282-consensus	scaffold_16	25.00	308	204	27	292	590	373594	372730	9.7e-12	70.1
NCVOG0282-consensus	scaffold_2	24.42	344	240	20	367	699	912859	911862	1e-11	68.4
NCVOG0282-consensus	scaffold_2	24.87	567	381	45	59	604	801174	799567	4.7e-11	68.0
NCVOG0282-consensus	scaffold_14	24.43	348	222	41	270	582	61413	62431	9.1e-11	67.0
NCVOG0282-consensus	scaffold_2	27.43	339	188	58	325	615	119425	118448	9.1e-11	67.0
NCVOG0282-consensus	scaffold_2	37.57	173	90	18	415	579	66741	66258	9.1e-11	67.0
NCVOG4883-consensus	scaffold_14	33.41	431	251	36	36	460	343782	342583	5.6e-34	143.2
NCVOG0360-consensus	scaffold_21	44.74	304	154	14	24	315	60886	61786	1.7e-41	167.7
NCVOG0360-consensus	scaffold_19	26.54	324	201	37	8	305	319875	320808	3e-12	69.9
NCVOG0979-consensus	scaffold_7	48.97	339	155	18	2	325	645592	644592	4.9e-70	262.0
NCVOG2734-consensus	scaffold_21	25.98	331	227	18	2	329	316378	315434	1.6e-19	94.3
NCVOG2734-consensus	scaffold_15	25.71	280	193	15	45	322	16617	17414	4.4e-18	91.0
NCVOG2734-consensus	scaffold_3	25.17	441	286	44	4	440	455852	454657	9.8e-15	79.9
NCVOG2734-consensus	scaffold_1	23.17	328	224	28	31	335	333626	334587	1.6e-13	75.9
NCVOG2734-consensus	scaffold_22	26.30	270	185	14	105	369	295968	295189	2.9e-13	75.0
NCVOG2734-consensus	scaffold_8	23.48	264	190	12	23	282	2555	3319	5.1e-13	74.2
NCVOG2734-consensus	scaffold_19	22.91	323	233	16	15	335	364802	365725	3.9e-12	70.7
NCVOG2734-consensus	scaffold_24	25.81	279	192	15	116	386	36257	35445	1.8e-11	69.1
NCVOG2734-consensus	scaffold_3	25.42	295	174	46	18	275	544419	545269	5.6e-11	67.5
NCVOG0274-consensus	scaffold_4	41.03	1460	699	162	42	1368	401105	405386	3.1e-52	205.5
NCVOG0274-consensus	scaffold_1	29.94	1473	766	266	136	1364	317618	313275	1.8e-48	193.0
NCVOG0274-consensus	scaffold_1	41.35	104	57	4	17	116	318152	317844	1.3e-15	83.8
NCVOG0274-consensus	scaffold_5	35.89	1410	746	158	42	1359	618140	614122	1.7e-42	173.1
NCVOG0074-consensus	scaffold_1	66.83	606	201	0	5	610	544683	546497	5.5e-171	598.8
NCVOG0074-consensus	scaffold_21	61.38	624	235	6	6	627	268209	270065	1.2e-156	551.2
NCVOG0074-consensus	scaffold_21	49.28	629	293	26	1	616	86314	84472	3e-117	420.3
NCVOG0074-consensus	scaffold_1	32.58	534	319	41	6	502	304187	305767	8.7e-49	192.9
NCVOG0074-consensus	scaffold_1	30.52	639	379	65	6	590	1010634	1008754	1.2e-39	162.5
NCVOG0074-consensus	scaffold_12	27.99	668	419	62	1	622	234250	232316	7.2e-21	100.1
NCVOG0399-consensus	scaffold_15	29.39	228	143	18	50	267	180280	180932	3.5e-13	74.1
NCVOG2654-consensus	scaffold_8	31.03	145	91	9	5	141	139466	139894	5e-12	68.7
NCVOG1299-consensus	scaffold_4	50.00	172	61	25	1	147	328998	329506	1.6e-24	110.2
NCVOG1299-consensus	scaffold_8	44.38	160	75	14	5	151	400681	401150	5.4e-22	101.8
NCVOG1199-consensus	scaffold_10	33.86	127	78	6	54	176	518379	518750	3.2e-12	70.4
NCVOG0352-consensus	scaffold_4	32.87	143	84	12	20	157	272087	272491	1.1e-12	71.4
NCVOG4414-consensus	scaffold_3	34.69	147	91	5	70	216	483897	484319	2.7e-12	70.5
NCVOG4324-consensus	scaffold_12	32.46	570	326	59	67	613	263822	265416	3.2e-13	74.7
NCVOG4134-consensus	scaffold_4	39.22	464	233	49	3	456	39718	38449	4.5e-47	186.7
NCVOG0244-consensus	scaffold_9	26.38	254	178	9	154	406	334216	334950	3.3e-13	74.5
NCVOG0244-consensus	scaffold_21	30.54	239	154	12	13	243	316132	315431	8.6e-12	68.2
NCVOG0304-consensus	scaffold_12	37.01	154	91	6	51	201	203974	204423	1.7e-15	81.9
NCVOG0304-consensus	scaffold_23	36.65	161	90	12	52	206	279604	280065	2e-15	81.6
NCVOG0304-consensus	scaffold_8	37.29	118	66	8	97	210	385000	385338	2.7e-13	74.6
NCVOG0304-consensus	scaffold_18	33.13	163	101	8	45	204	181076	180606	3.3e-13	74.3
NCVOG0304-consensus	scaffold_3	32.90	155	94	10	52	201	203586	203140	1e-12	72.7
NCVOG0304-consensus	scaffold_12	34.88	172	96	16	55	214	351594	352092	6.7e-12	70.0
NCVOG0304-consensus	scaffold_6	30.38	158	101	9	53	206	211055	210600	5.3e-11	67.0
NCVOG0304-consensus	scaffold_5	34.15	164	94	14	50	206	399711	399244	6.4e-11	66.7
NCVOG0304-consensus	scaffold_18	34.00	150	90	9	55	199	137893	138327	7.7e-11	66.5
NCVOG0304-consensus	scaffold_1	33.13	166	94	17	54	202	241874	242364	7.7e-11	66.5
NCVOG0214-consensus	scaffold_4	27.27	330	225	15	219	540	124153	123192	1.4e-16	86.2
NCVOG0214-consensus	scaffold_5	23.14	579	407	38	67	610	510936	512650	5.8e-15	80.8
NCVOG0214-consensus	scaffold_12	27.27	264	181	11	324	580	483488	484264	3.2e-13	73.7
NCVOG0214-consensus	scaffold_9	24.30	461	294	55	102	516	128268	126920	8.3e-13	73.7
NCVOG0214-consensus	scaffold_3	25.65	460	312	30	88	526	555192	556533	9.7e-13	73.4
NCVOG0214-consensus	scaffold_14	25.10	259	180	14	282	528	400228	400995	5.3e-11	67.6
NCVOG1004-consensus	scaffold_13	25.53	427	265	53	6	414	429735	428563	3.9e-14	77.3
NCVOG0276-consensus	scaffold_3	65.79	342	95	22	38	357	142728	143744	2e-75	280.6
NCVOG0276-consensus	scaffold_8	27.89	380	241	33	4	357	516443	515332	4.6e-17	86.6
NCVOG4882-consensus	scaffold_2	28.96	335	214	24	4	335	34460	35398	1.7e-11	69.7
NCVOG2204-consensus	scaffold_3	39.18	462	237	44	4	425	429050	430418	4.5e-33	140.1
NCVOG1060-consensus	scaffold_6	29.92	381	203	64	1	352	391255	392285	4.3e-11	67.0
NCVOG4966-consensus	scaffold_7	28.57	336	206	34	66	389	528037	527099	1.6e-11	68.7
NCVOG0185-consensus	scaffold_5	34.10	217	115	28	2	200	753742	753129	3.8e-13	71.4
NCVOG0185-consensus	scaffold_5	36.89	122	69	8	28	143	754159	753803	3.8e-13	71.4
NCVOG0185-consensus	scaffold_22	39.50	119	66	6	25	142	148331	147993	3.3e-11	66.7
NCVOG3000-consensus	scaffold_3	32.40	179	98	23	44	209	556247	555748	8.4e-17	85.2
NCVOG3000-consensus	scaffold_5	32.40	179	98	23	44	209	512987	512488	8.4e-17	85.2
NCVOG3000-consensus	scaffold_5	34.36	163	84	23	60	209	512465	512014	3e-16	83.4
NCVOG3000-consensus	scaffold_5	34.36	163	84	23	60	209	511991	511540	3e-16	83.4
NCVOG3000-consensus	scaffold_5	34.36	163	84	23	60	209	511517	511066	3e-16	83.4
NCVOG3000-consensus	scaffold_5	34.36	163	84	23	60	209	511043	510592	3e-16	83.4
NCVOG3000-consensus	scaffold_5	34.36	163	84	23	60	209	510569	510118	3e-16	83.4
NCVOG3000-consensus	scaffold_5	34.36	163	84	23	60	209	510095	509644	3e-16	83.4
NCVOG3000-consensus	scaffold_5	34.36	163	84	23	60	209	509621	509170	3e-16	83.4
NCVOG3000-consensus	scaffold_5	34.36	163	84	23	60	209	509147	508696	3e-16	83.4
NCVOG3000-consensus	scaffold_5	34.36	163	84	23	60	209	508673	508222	3e-16	83.4
NCVOG3000-consensus	scaffold_5	34.36	163	84	23	60	209	508199	507748	3e-16	83.4
NCVOG0320-consensus	scaffold_11	32.24	214	121	24	8	210	325361	325956	9.9e-17	84.8
NCVOG0030-consensus	scaffold_1	36.62	497	276	39	26	507	399895	401310	4e-45	181.0
NCVOG0030-consensus	scaffold_24	38.88	463	236	47	26	477	188142	186867	5.2e-21	100.6
NCVOG0030-consensus	scaffold_1	26.42	439	255	68	68	492	1074473	1073322	1.2e-11	69.8
NCVOG4494-consensus	scaffold_2	30.26	380	242	23	21	377	436177	435045	1.5e-17	88.8
NCVOG4494-consensus	scaffold_7	31.44	229	157	0	16	244	82798	83481	9.9e-17	86.1
NCVOG4494-consensus	scaffold_14	35.63	247	124	35	46	292	393972	394604	1.8e-12	71.9
NCVOG4494-consensus	scaffold_7	28.85	364	226	33	43	396	287455	286436	2.3e-12	71.6
NCVOG4494-consensus	scaffold_12	30.10	289	185	17	39	319	460103	460939	4e-12	69.5
NCVOG4494-consensus	scaffold_3	35.11	188	112	10	56	233	149754	150312	5.3e-12	70.4
NCVOG4494-consensus	scaffold_14	37.22	180	105	8	36	209	766	238	9.3e-11	66.2
NCVOG5094-consensus	scaffold_7	27.55	196	132	10	124	309	527938	527354	5e-13	73.1
NCVOG5094-consensus	scaffold_17	27.37	190	128	10	109	294	294860	295404	8.9e-11	65.6
NCVOG5094-consensus	scaffold_22	27.43	175	114	13	120	292	161725	161237	8.9e-11	65.6
NCVOG0077-consensus	scaffold_24	31.88	367	219	31	341	695	202998	204036	1.6e-34	145.4
NCVOG0077-consensus	scaffold_24	29.04	396	243	38	336	710	57012	58141	3.6e-28	124.6
NCVOG0077-consensus	scaffold_24	29.95	404	241	42	330	713	191633	190495	6.5e-28	123.4
NCVOG0077-consensus	scaffold_2	24.23	392	284	13	315	700	251633	250494	5.9e-25	113.9
NCVOG0077-consensus	scaffold_13	39.84	123	66	8	583	704	324282	323938	1.1e-17	89.7
NCVOG0077-consensus	scaffold_7	26.05	476	238	114	332	705	354771	353383	2.7e-15	81.8
NCVOG0267-consensus	scaffold_19	31.45	407	233	46	327	718	253989	255111	6.6e-16	84.5
NCVOG0267-consensus	scaffold_19	31.28	374	220	37	310	673	11942	10905	2.6e-15	82.5
NCVOG0267-consensus	scaffold_8	31.28	358	205	41	328	670	240984	239994	5.6e-14	78.1
NCVOG0267-consensus	scaffold_3	26.51	464	286	55	296	737	124690	125977	6.9e-14	77.8
NCVOG0267-consensus	scaffold_10	28.13	423	255	49	339	748	441897	443052	2.8e-11	69.1
NCVOG4357-consensus	scaffold_10	36.23	530	284	54	6	494	12388	10841	3.8e-21	100.7
NCVOG4357-consensus	scaffold_3	35.70	521	278	57	6	487	15169	13664	3.8e-21	100.7
NCVOG4447-consensus	scaffold_16	30.94	181	111	14	259	428	340567	340037	8.1e-18	89.3
NCVOG4147-consensus	scaffold_17	28.35	194	130	9	90	281	348803	348250	9.5e-12	68.5
NCVOG0817-consensus	scaffold_13	33.53	510	285	54	6	508	429735	428350	1.4e-47	188.5
NCVOG0046-consensus	scaffold_3	30.30	264	123	61	8	210	839727	838939	3.6e-15	80.2
NCVOG0046-consensus	scaffold_20	40.37	161	71	25	8	146	179908	179440	4.4e-15	79.9
NCVOG0046-consensus	scaffold_1	47.73	88	41	5	10	96	583387	583139	1.5e-12	71.5
NCVOG0046-consensus	scaffold_9	52.31	65	31	0	8	72	489191	489382	2.8e-12	70.4
NCVOG0046-consensus	scaffold_8	40.86	93	49	6	5	97	527955	528212	1.7e-11	68.0
NCVOG0046-consensus	scaffold_6	56.16	73	24	8	8	72	116593	116806	1.7e-11	68.0
NCVOG0046-consensus	scaffold_4	36.84	114	64	8	6	116	738989	738666	3e-11	67.2
NCVOG0037-consensus	scaffold_2	51.21	1119	491	55	6	1073	683278	686617	4.7e-155	546.6
NCVOG0778-consensus	scaffold_3	28.95	525	303	70	1	502	368819	370249	8.5e-23	106.4
NCVOG0017-consensus	scaffold_12	31.49	397	221	51	3	348	326096	324913	1.9e-15	81.2
NCVOG0017-consensus	scaffold_21	27.65	387	230	50	3	339	23757	22606	2.2e-14	77.7
NCVOG0007-consensus	scaffold_12	33.70	368	209	35	21	353	241151	242251	1.6e-33	141.4
NCVOG1115-consensus	scaffold_20	41.14	299	159	17	120	407	258050	258923	1.3e-56	218.3
NCVOG0015-consensus	scaffold_23	30.37	191	122	11	88	267	288354	288923	1.4e-17	88.8
NCVOG0015-consensus	scaffold_23	27.98	243	159	16	84	311	1191	473	4.8e-17	87.0
NCVOG0015-consensus	scaffold_3	27.16	243	161	16	84	311	9810	9092	1.2e-16	85.7
NCVOG0015-consensus	scaffold_14	27.98	243	159	16	84	311	428765	429483	3e-16	84.3
NCVOG0015-consensus	scaffold_18	35.20	196	114	13	86	269	411196	411777	1.1e-15	82.3
NCVOG0015-consensus	scaffold_22	31.64	177	109	12	99	263	65705	66232	3.7e-15	80.8
NCVOG0015-consensus	scaffold_3	29.95	207	126	19	96	293	158731	158144	2.5e-13	74.7
NCVOG0015-consensus	scaffold_16	31.02	187	115	14	105	278	71291	70737	4.7e-13	73.8
NCVOG0015-consensus	scaffold_24	28.75	160	106	8	95	247	253421	252948	2.2e-12	71.3
NCVOG0015-consensus	scaffold_7	35.23	193	112	13	89	269	3928	3356	3e-12	71.1
NCVOG0015-consensus	scaffold_1	32.54	169	107	7	86	247	705509	706012	2.3e-11	68.2
NCVOG0015-consensus	scaffold_10	36.18	152	90	7	103	247	249601	250053	5e-11	67.1
NCVOG0015-consensus	scaffold_7	28.81	243	157	16	84	311	670321	671039	5.2e-11	66.4
NCVOG0005-consensus	scaffold_17	28.41	264	165	24	70	313	286631	287405	5.9e-18	90.0
NCVOG0005-consensus	scaffold_1	29.33	208	133	14	33	234	1381456	1382052	7.2e-17	86.4
NCVOG0005-consensus	scaffold_3	25.11	454	309	31	6	431	248042	249389	2.7e-16	84.5
NCVOG0005-consensus	scaffold_2	29.18	281	173	26	71	334	226831	227635	2.5e-12	71.3
NCVOG0486-consensus	scaffold_5	30.34	356	216	32	44	376	96962	97997	2.2e-27	121.1
NCVOG0486-consensus	scaffold_9	31.83	377	211	46	24	363	250312	251396	1.6e-24	111.6
NCVOG0744-consensus	scaffold_19	30.02	443	237	73	128	502	177374	176068	1.2e-11	69.3
NCVOG0284-consensus	scaffold_5	36.84	209	113	19	116	309	723638	724247	1.5e-11	68.2
NCVOG0284-consensus	scaffold_5	30.29	307	175	39	26	309	724732	725595	2.9e-17	87.2
NCVOG0806-consensus	scaffold_22	41.33	467	238	36	5	446	40755	42109	6e-57	219.5
NCVOG0806-consensus	scaffold_9	34.88	430	240	40	34	446	306875	308090	1.6e-53	208.1
NCVOG0806-consensus	scaffold_10	29.10	354	215	36	119	447	176151	175126	9.2e-26	115.9
NCVOG4676-consensus	scaffold_11	29.79	282	176	22	8	285	464554	463772	1.1e-12	70.7
NCVOG4676-consensus	scaffold_21	28.68	258	169	15	35	282	316453	315702	1.8e-12	69.7
NCVOG4676-consensus	scaffold_23	37.62	101	62	1	187	287	278475	278771	1.8e-11	67.9
NCVOG4676-consensus	scaffold_15	26.89	264	173	20	23	274	16574	17336	1.8e-11	67.9
NCVOG2958-consensus	scaffold_11	38.50	187	101	14	78	255	256475	255933	3.1e-30	130.1
NCVOG2958-consensus	scaffold_2	27.78	180	120	10	85	255	293991	294524	3.9e-17	86.6
NCVOG0329-consensus	scaffold_3	34.83	178	95	21	1108	1271	650166	649663	1.1e-13	77.3
NCVOG0329-consensus	scaffold_5	37.31	134	73	11	1141	1271	118606	118234	1.3e-13	77.1
NCVOG0329-consensus	scaffold_16	31.76	170	103	13	1108	1273	139098	139569	6.8e-13	74.7
NCVOG0329-consensus	scaffold_2	28.83	326	172	60	974	1277	451959	452809	1.8e-12	73.3
NCVOG0329-consensus	scaffold_14	35.82	134	75	11	1108	1240	357891	357523	2e-12	73.1
NCVOG0329-consensus	scaffold_3	25.29	510	338	43	236	705	556858	555341	2.1e-12	73.1
NCVOG0329-consensus	scaffold_23	32.67	150	89	12	1120	1266	115159	115576	6.3e-12	71.5
NCVOG0329-consensus	scaffold_10	29.76	252	140	37	1123	1339	361176	360440	5e-11	68.5
NCVOG0329-consensus	scaffold_15	31.34	201	119	19	1120	1314	57170	57724	7.6e-11	67.9
NCVOG0329-consensus	scaffold_15	34.40	125	74	8	1124	1248	30326	30673	8.3e-12	71.1
NCVOG0329-consensus	scaffold_7	33.33	144	79	17	1116	1248	454274	453868	7.6e-11	67.9
NCVOG0029-consensus	scaffold_15	31.58	380	240	20	24	391	54520	53408	2.8e-41	167.7
NCVOG0029-consensus	scaffold_10	33.98	512	297	41	21	493	432914	434426	6.7e-39	159.8
NCVOG0029-consensus	scaffold_14	34.75	446	234	57	12	409	57901	56594	5.4e-16	83.7
NCVOG0029-consensus	scaffold_7	23.95	405	270	38	4	380	228698	229877	4.7e-15	80.6
NCVOG0029-consensus	scaffold_8	24.06	345	242	20	23	350	304554	305568	1.3e-12	72.5
NCVOG4154-consensus	scaffold_15	29.90	194	118	18	108	301	167202	167726	1.7e-11	67.9
NCVOG4154-consensus	scaffold_7	34.75	118	67	10	154	261	123241	122891	1.7e-11	67.9
NCVOG4416-consensus	scaffold_3	26.15	218	151	10	60	268	483710	484355	2.2e-12	70.7
NCVOG0242-consensus	scaffold_13	25.30	656	412	78	42	664	470814	472629	7.2e-18	88.8
NCVOG1326-consensus	scaffold_11	46.48	142	73	3	9	147	41160	41582	6e-34	141.5
NCVOG1326-consensus	scaffold_24	43.57	140	77	2	9	146	199834	200250	1.2e-29	127.0
NCVOG1326-consensus	scaffold_2	43.80	137	72	5	15	146	39425	39832	4e-28	122.2
NCVOG1326-consensus	scaffold_12	38.22	157	91	6	1	151	403211	402744	8.8e-28	121.0
NCVOG0036-consensus	scaffold_18	38.63	233	131	12	69	298	302077	301411	2.8e-23	107.0
NCVOG2216-consensus	scaffold_1	56.45	62	26	1	67	128	292226	292405	2.6e-13	73.5
NCVOG0314-consensus	scaffold_7	37.08	89	48	8	24	104	643064	642803	3.6e-13	71.3
NCVOG0222-consensus	scaffold_17	27.75	436	291	24	75	497	418060	416789	1.2e-26	118.8
NCVOG0222-consensus	scaffold_17	26.95	449	300	28	71	505	416527	415226	2.9e-28	124.2
NCVOG0222-consensus	scaffold_17	24.17	422	295	25	87	501	414877	413671	3.9e-18	90.6
NCVOG0222-consensus	scaffold_23	24.42	430	307	18	81	507	31992	30759	2.3e-16	84.9
NCVOG0222-consensus	scaffold_3	27.69	372	254	15	87	455	555243	556319	3.2e-15	81.1
NCVOG0014-consensus	scaffold_7	33.76	237	154	3	104	339	3737	3038	2.4e-23	108.1
NCVOG0014-consensus	scaffold_23	24.75	295	216	6	52	341	288051	288929	4e-21	100.7
NCVOG0014-consensus	scaffold_18	29.17	216	153	0	124	339	411235	411879	3.8e-20	97.3
NCVOG0014-consensus	scaffold_22	26.03	315	227	6	135	447	66821	67746	2.9e-18	91.2
NCVOG0014-consensus	scaffold_10	27.01	311	209	18	42	344	248590	249473	5.5e-18	90.3
NCVOG0014-consensus	scaffold_1	23.26	344	216	48	59	360	1574567	1575575	1e-15	82.2
NCVOG0014-consensus	scaffold_8	30.98	184	124	3	124	306	112263	112805	4.7e-15	80.6
NCVOG0014-consensus	scaffold_23	25.19	262	167	29	106	339	19597	18818	2.7e-14	78.0
NCVOG0014-consensus	scaffold_23	27.98	193	139	0	147	339	1185	610	5.2e-14	77.1
NCVOG0014-consensus	scaffold_7	26.79	209	152	1	132	339	670281	670902	4e-14	76.9
NCVOG0014-consensus	scaffold_9	26.51	166	122	0	174	339	574618	575112	5.1e-13	73.6
NCVOG0014-consensus	scaffold_1	25.84	267	178	20	90	336	511209	510416	3.4e-12	71.1
NCVOG0014-consensus	scaffold_3	26.94	193	141	0	147	339	9804	9229	3.4e-12	71.1
NCVOG0014-consensus	scaffold_1	28.31	166	119	0	174	339	705482	705976	4e-12	70.9
NCVOG0014-consensus	scaffold_14	27.46	193	140	0	147	339	428771	429346	5.4e-12	70.4
NCVOG0014-consensus	scaffold_16	26.51	215	155	3	125	339	71408	70776	7.2e-11	66.7
NCVOG0002-consensus	scaffold_12	30.88	638	365	76	214	818	189685	191458	1.7e-29	129.2
NCVOG0002-consensus	scaffold_23	29.00	531	316	61	332	832	265089	266577	2.1e-19	95.6
NCVOG0002-consensus	scaffold_15	36.05	86	55	0	679	764	225563	225817	6.2e-11	67.5
NCVOG0002-consensus	scaffold_9	30.78	497	300	44	332	802	346969	345546	9.6e-11	66.9
NCVOG0002-consensus	scaffold_9	26.79	280	182	23	547	812	398698	397895	9.6e-11	66.9
NCVOG1194-consensus	scaffold_5	47.27	55	29	0	60	114	754126	753965	2e-11	66.3
NCVOG4845-consensus	scaffold_8	30.73	205	126	16	110	314	476850	476287	3.6e-14	77.9
NCVOG2775-consensus	scaffold_21	40.89	291	171	1	107	397	316303	315437	6e-65	244.9
NCVOG2775-consensus	scaffold_21	34.86	109	69	2	201	309	316690	316373	1.3e-17	87.6
NCVOG2775-consensus	scaffold_1	30.89	505	311	38	94	575	333575	335037	2.7e-58	224.3
NCVOG2775-consensus	scaffold_23	32.16	370	246	5	48	416	26405	25311	2.5e-54	211.2
NCVOG2775-consensus	scaffold_23	38.02	313	190	4	91	402	22890	21964	2.4e-45	181.3
NCVOG2775-consensus	scaffold_23	33.74	246	145	18	173	413	136359	135664	1.5e-30	132.2
NCVOG2775-consensus	scaffold_23	33.72	258	156	15	122	377	27143	26412	1.3e-29	129.0
NCVOG2775-consensus	scaffold_23	28.30	318	204	24	161	463	13570	12663	3.1e-17	87.9
NCVOG2775-consensus	scaffold_23	27.41	197	139	4	81	275	5940	5367	7.5e-14	76.7
NCVOG2775-consensus	scaffold_8	35.16	364	221	15	94	453	2360	3411	3.9e-54	210.5
NCVOG2775-consensus	scaffold_8	34.68	297	168	26	98	389	49684	50508	1.3e-23	109.1
NCVOG2775-consensus	scaffold_19	30.17	474	314	17	111	575	364850	366234	4.3e-52	203.1
NCVOG2775-consensus	scaffold_19	26.61	327	222	18	115	432	383584	384534	1.7e-20	98.2
NCVOG2775-consensus	scaffold_12	34.44	360	213	23	27	381	5830	6852	7.5e-51	199.6
NCVOG2775-consensus	scaffold_22	35.03	354	222	8	81	429	295961	294920	9.4e-51	199.3
NCVOG2775-consensus	scaffold_22	35.65	115	72	2	190	303	296750	296416	2.1e-15	81.8
NCVOG2775-consensus	scaffold_24	33.25	394	238	25	44	416	36845	35679	1.7e-49	195.1
NCVOG2775-consensus	scaffold_24	24.78	343	243	15	101	441	3367	2381	9.1e-25	113.0
NCVOG2775-consensus	scaffold_15	32.76	348	217	17	98	432	16425	17453	1.1e-44	179.1
NCVOG2775-consensus	scaffold_3	31.16	353	220	23	76	406	459025	457973	9.8e-43	172.7
NCVOG2775-consensus	scaffold_3	36.14	321	192	13	101	420	455810	454887	9.8e-43	172.7
NCVOG2775-consensus	scaffold_3	33.72	172	107	7	168	333	481906	481397	3.5e-24	111.0
NCVOG2775-consensus	scaffold_3	38.10	252	150	6	188	437	410118	409380	1.2e-42	172.3
NCVOG2775-consensus	scaffold_3	33.51	367	229	15	94	455	544400	545463	3.7e-42	170.7
NCVOG2775-consensus	scaffold_3	28.11	338	223	20	88	419	451423	452391	3.5e-24	111.0
NCVOG2775-consensus	scaffold_3	36.16	177	96	17	219	394	483879	484358	1.1e-18	92.7
NCVOG2775-consensus	scaffold_9	35.58	312	187	14	94	402	294992	295891	9e-42	169.4
NCVOG2775-consensus	scaffold_9	33.42	365	229	14	53	405	292871	293956	5.1e-49	193.5
NCVOG2775-consensus	scaffold_9	31.31	313	199	16	83	389	294077	294982	1.3e-37	155.6
NCVOG2775-consensus	scaffold_23	30.33	455	292	25	113	554	163134	164457	2.7e-41	167.8
NCVOG2775-consensus	scaffold_23	39.20	199	120	1	229	426	278221	278810	2.9e-39	161.1
NCVOG2775-consensus	scaffold_7	30.57	314	213	5	101	413	148324	149250	4.3e-41	167.2
NCVOG2775-consensus	scaffold_7	31.63	313	204	10	104	413	139876	140790	1.9e-36	151.8
NCVOG2775-consensus	scaffold_7	24.24	330	240	10	92	415	138222	139196	3.1e-34	144.4
NCVOG2775-consensus	scaffold_7	33.62	235	148	8	186	413	80412	81110	1.7e-26	118.7
NCVOG2775-consensus	scaffold_7	35.88	170	99	10	166	329	96193	96683	9.6e-20	96.3
NCVOG2775-consensus	scaffold_7	29.75	279	176	20	134	406	141362	142153	1.5e-19	95.6
NCVOG2775-consensus	scaffold_8	35.29	272	169	7	151	417	51471	50665	1e-40	165.9
NCVOG2775-consensus	scaffold_4	29.53	298	206	4	111	405	638909	638022	9.7e-40	162.7
NCVOG2775-consensus	scaffold_22	29.86	365	234	22	50	413	55008	53980	1.5e-39	162.1
NCVOG2775-consensus	scaffold_15	30.50	282	194	2	133	413	366469	365630	1.4e-36	152.1
NCVOG2775-consensus	scaffold_15	31.58	190	119	11	201	380	360348	359787	5e-15	80.5
NCVOG2775-consensus	scaffold_9	32.46	305	199	7	101	402	575721	576620	1.6e-36	151.8
NCVOG2775-consensus	scaffold_15	31.19	311	198	16	101	406	421523	422419	3.5e-36	150.8
NCVOG2775-consensus	scaffold_1	31.92	307	202	7	99	402	706579	707482	4.5e-36	150.5
NCVOG2775-consensus	scaffold_10	35.04	234	151	1	185	418	242643	243338	4.5e-36	150.5
NCVOG2775-consensus	scaffold_7	31.92	307	202	7	99	402	671505	672408	4.6e-36	149.9
NCVOG2775-consensus	scaffold_22	31.97	294	194	6	112	402	299484	300353	1.1e-35	147.0
NCVOG2775-consensus	scaffold_12	31.29	294	196	6	112	402	4343	3474	1.7e-35	148.6
NCVOG2775-consensus	scaffold_5	38.51	174	107	0	232	405	514924	515442	3.4e-35	147.6
NCVOG2775-consensus	scaffold_3	32.46	305	199	7	101	402	8620	7721	6.5e-35	146.7
NCVOG2775-consensus	scaffold_11	29.94	314	214	6	92	402	21747	20820	1e-34	146.0
NCVOG2775-consensus	scaffold_11	28.47	295	200	11	145	431	15055	14183	2.9e-16	84.7
NCVOG2775-consensus	scaffold_11	28.16	316	215	12	113	421	366632	365703	6e-34	143.5
NCVOG2775-consensus	scaffold_10	33.33	309	186	20	117	413	521602	522501	1.1e-33	142.2
NCVOG2775-consensus	scaffold_10	32.02	331	187	38	99	399	523834	524799	1.4e-28	125.2
NCVOG2775-consensus	scaffold_10	27.11	332	222	20	112	435	532697	533649	3.6e-26	117.1
NCVOG2775-consensus	scaffold_16	33.09	269	153	27	155	397	32706	31906	1.2e-33	142.5
NCVOG2775-consensus	scaffold_9	25.68	370	266	9	53	416	3730	4827	1.6e-31	135.4
NCVOG2775-consensus	scaffold_9	33.12	154	100	3	242	395	3274	3723	3.5e-24	111.0
NCVOG2775-consensus	scaffold_21	29.04	334	222	15	112	438	322671	323645	3.1e-31	132.9
NCVOG2775-consensus	scaffold_21	29.77	346	214	29	70	413	312163	313110	1.2e-22	104.3
NCVOG2775-consensus	scaffold_15	27.83	309	205	18	99	398	213696	212804	2.3e-30	131.6
NCVOG2775-consensus	scaffold_13	31.84	223	147	5	149	369	199438	200094	1.3e-29	129.0
NCVOG2775-consensus	scaffold_10	36.84	190	102	18	201	390	466780	466268	7.2e-29	126.1
NCVOG2775-consensus	scaffold_14	30.84	308	205	8	99	402	429949	430853	1.5e-28	125.5
NCVOG2775-consensus	scaffold_11	34.00	250	139	26	193	416	464476	463730	2e-28	123.9
NCVOG2775-consensus	scaffold_11	26.84	395	260	29	77	451	499607	498457	1e-25	114.9
NCVOG2775-consensus	scaffold_15	31.63	294	195	6	112	402	2928	2061	4.4e-27	120.7
NCVOG2775-consensus	scaffold_15	35.15	165	106	1	232	396	103768	103280	4.4e-27	120.7
NCVOG2775-consensus	scaffold_15	23.90	318	221	21	84	398	4374	3484	1.3e-14	79.3
NCVOG2775-consensus	scaffold_17	37.84	185	113	2	237	419	397504	396953	9.3e-27	119.4
NCVOG2775-consensus	scaffold_19	27.42	299	208	9	111	405	2200	1322	3.2e-26	117.8
NCVOG2775-consensus	scaffold_19	26.09	299	211	10	101	397	6067	5198	6.2e-23	106.9
NCVOG2775-consensus	scaffold_19	24.54	273	197	9	109	377	804	4	7e-16	83.4
NCVOG2775-consensus	scaffold_2	26.67	300	215	5	101	398	71442	72329	5.8e-25	113.6
NCVOG2775-consensus	scaffold_13	33.96	159	104	1	204	362	405862	406332	7.3e-25	113.3
NCVOG2775-consensus	scaffold_1	34.85	198	124	5	230	425	948021	947444	6.7e-24	110.1
NCVOG2775-consensus	scaffold_9	36.99	219	124	14	182	387	334237	334887	1.3e-23	109.1
NCVOG2775-consensus	scaffold_6	33.69	282	183	4	107	388	720724	721554	1.7e-23	108.5
NCVOG2775-consensus	scaffold_9	33.64	220	129	17	205	419	102709	102089	6.2e-23	106.9
NCVOG2775-consensus	scaffold_7	32.04	334	192	35	99	400	331671	332660	7.8e-23	106.5
NCVOG2775-consensus	scaffold_7	33.33	231	134	20	163	377	347696	348369	7.8e-23	106.5
NCVOG2775-consensus	scaffold_2	23.46	422	293	30	1	410	8389	7181	9.7e-23	106.2
NCVOG2775-consensus	scaffold_18	32.79	305	198	7	101	402	6229	5330	1.8e-21	102.0
NCVOG2775-consensus	scaffold_18	26.67	345	234	19	46	388	16708	15732	1.8e-21	102.0
NCVOG2775-consensus	scaffold_18	26.94	245	167	12	100	338	7445	6732	9.6e-20	96.3
NCVOG2775-consensus	scaffold_22	35.21	213	134	4	169	381	2907	3530	1e-20	99.5
NCVOG2775-consensus	scaffold_22	31.55	374	226	30	43	402	1833	2903	1e-20	99.5
NCVOG2775-consensus	scaffold_22	28.42	285	191	13	252	533	785	1598	3.3e-15	81.2
NCVOG2775-consensus	scaffold_21	31.91	329	214	10	69	392	105651	106613	2e-20	98.5
NCVOG2775-consensus	scaffold_13	34.45	238	125	31	229	445	413199	412519	9.6e-20	96.3
NCVOG2775-consensus	scaffold_9	33.14	172	101	14	168	330	359382	358887	1.5e-19	95.6
NCVOG2775-consensus	scaffold_18	32.31	294	193	6	112	402	412518	413387	3.1e-19	94.3
NCVOG2775-consensus	scaffold_18	26.75	314	214	16	91	392	419222	420148	5.6e-21	100.1
NCVOG2775-consensus	scaffold_1	34.15	205	128	7	193	397	3159	3749	3.7e-19	94.3
NCVOG2775-consensus	scaffold_10	28.57	336	223	17	96	421	4926	3943	7.1e-19	93.4
NCVOG2775-consensus	scaffold_10	28.12	313	215	10	112	416	10093	9164	1.1e-18	92.7
NCVOG2775-consensus	scaffold_23	28.02	182	129	2	110	289	241042	240500	5.2e-18	90.5
NCVOG2775-consensus	scaffold_9	31.16	353	223	20	69	416	456696	455692	7.2e-18	89.9
NCVOG2775-consensus	scaffold_9	37.50	200	108	17	199	381	473883	473291	4.1e-22	104.0
NCVOG2775-consensus	scaffold_9	27.53	385	246	33	12	385	458708	457627	8.9e-15	79.6
NCVOG2775-consensus	scaffold_24	40.37	109	62	3	248	354	253808	253488	8.6e-18	89.5
NCVOG2775-consensus	scaffold_16	26.32	475	308	42	96	537	417554	418938	1.1e-17	89.2
NCVOG2775-consensus	scaffold_16	27.85	298	202	13	100	388	415478	416356	5.5e-20	96.9
NCVOG2775-consensus	scaffold_6	34.25	146	90	6	302	446	27276	26861	1.6e-17	88.9
NCVOG2775-consensus	scaffold_16	28.57	301	200	15	64	358	293599	292733	3.1e-17	87.9
NCVOG2775-consensus	scaffold_20	26.69	341	207	43	117	428	333518	334495	6e-17	86.0
NCVOG2775-consensus	scaffold_20	25.37	339	224	29	66	378	364414	365414	6e-17	86.0
NCVOG2775-consensus	scaffold_20	25.08	303	208	19	135	431	366104	366968	2.6e-15	80.5
NCVOG2775-consensus	scaffold_20	26.95	397	234	56	193	536	150122	151294	4.2e-15	80.9
NCVOG2775-consensus	scaffold_16	27.40	281	181	23	232	503	133978	134775	3.6e-13	74.4
NCVOG2775-consensus	scaffold_16	30.96	197	117	19	185	364	115426	116003	1.3e-20	99.2
NCVOG2775-consensus	scaffold_4	28.24	301	189	27	201	483	739640	740498	5.6e-13	73.8
NCVOG2775-consensus	scaffold_1	37.97	79	47	2	283	361	247429	247202	7e-13	73.5
NCVOG2775-consensus	scaffold_17	36.26	91	57	1	207	297	156668	156402	8e-12	70.0
NCVOG2775-consensus	scaffold_23	24.84	483	308	55	111	545	148336	149758	3.1e-11	68.0
NCVOG2775-consensus	scaffold_23	31.56	225	149	5	99	322	147091	147748	3.1e-11	68.0
NCVOG2775-consensus	scaffold_11	28.23	124	84	5	166	289	510876	511229	5e-11	66.1
NCVOG0924-consensus	scaffold_10	31.98	197	116	18	3	185	107442	106867	7.3e-18	88.4
NCVOG0924-consensus	scaffold_10	32.57	175	96	22	5	159	268587	268076	3e-11	66.4
NCVOG0893-consensus	scaffold_4	36.39	393	218	32	107	480	595105	593977	1.7e-55	215.5
NCVOG0275-consensus	scaffold_1	32.66	199	116	18	6	191	290355	290929	6.2e-17	85.3
NCVOG0275-consensus	scaffold_14	38.52	122	68	7	8	122	55380	55740	1.2e-15	81.1
NCVOG0275-consensus	scaffold_2	36.59	123	69	9	15	130	762848	763205	1.9e-12	70.5
NCVOG0275-consensus	scaffold_2	32.86	140	81	13	8	136	518140	518548	2.5e-12	70.0
NCVOG0275-consensus	scaffold_1	26.25	160	112	6	7	163	541076	541543	2.5e-11	66.7
NCVOG0275-consensus	scaffold_8	26.63	169	109	15	7	160	371435	371936	7.4e-11	65.2
NCVOG0275-consensus	scaffold_2	24.42	172	127	3	6	176	660212	659706	8.7e-11	64.9
NCVOG5369-consensus	scaffold_1	32.93	164	98	12	25	179	174415	173938	4.4e-13	72.5
NCVOG0729-consensus	scaffold_7	38.05	573	314	41	2	545	451815	453490	4.6e-76	283.3
NCVOG5103-consensus	scaffold_5	28.85	260	164	21	272	512	754228	753458	2.3e-24	110.8
NCVOG5103-consensus	scaffold_5	27.51	229	157	9	296	519	7524	6857	5.2e-17	88.0
NCVOG5103-consensus	scaffold_4	28.80	250	161	17	299	532	601351	602094	9.7e-14	77.2
NCVOG5103-consensus	scaffold_15	24.87	374	237	44	313	647	91205	92306	3.9e-13	75.2
NCVOG5103-consensus	scaffold_6	28.31	166	109	10	380	540	669436	669915	1.6e-12	72.9
NCVOG5103-consensus	scaffold_3	26.15	218	153	8	295	505	796943	797590	5.3e-11	68.1
NCVOG4874-consensus	scaffold_3	44.63	363	182	19	12	365	770225	771278	5.1e-57	219.5
NCVOG4874-consensus	scaffold_4	43.13	371	181	30	11	367	781706	782763	1.2e-49	193.4
NCVOG4605-consensus	scaffold_4	24.11	676	458	55	25	654	124241	122268	2e-15	82.3
NCVOG4605-consensus	scaffold_20	27.36	329	203	36	238	540	178405	177454	9.1e-11	66.8
NCVOG4423-consensus	scaffold_3	35.92	142	91	0	80	221	483906	484328	9.4e-17	85.0
NCVOG4423-consensus	scaffold_16	28.89	225	142	18	3	219	144047	143406	3.7e-11	66.4
NCVOG4001-consensus	scaffold_10	28.30	371	230	36	73	435	521644	522669	3.1e-25	114.0
NCVOG4001-consensus	scaffold_21	34.10	305	174	27	80	382	316303	315467	8.5e-20	94.8
NCVOG4001-consensus	scaffold_1	32.86	213	125	18	45	257	333890	334471	1.7e-15	82.1
NCVOG4001-consensus	scaffold_21	25.73	342	215	39	80	407	322851	323798	4.9e-15	79.0
NCVOG4001-consensus	scaffold_2	30.36	247	155	17	134	371	310205	309500	7.2e-15	80.1
NCVOG4001-consensus	scaffold_3	31.64	335	193	36	53	382	544370	545278	2.5e-14	78.3
NCVOG4001-consensus	scaffold_9	31.32	265	149	33	60	313	334159	334884	4.3e-14	77.5
NCVOG4001-consensus	scaffold_12	32.73	275	161	24	87	358	6052	6810	7.4e-14	76.7
NCVOG4001-consensus	scaffold_22	27.20	375	216	57	45	390	54972	53935	1.5e-13	75.7
NCVOG4001-consensus	scaffold_10	27.73	321	207	25	70	387	9637	8750	1.8e-13	75.4
NCVOG4001-consensus	scaffold_13	30.91	165	99	15	123	287	405886	406332	3.7e-13	74.4
NCVOG4001-consensus	scaffold_15	30.85	295	177	27	23	315	16603	17405	1.1e-12	72.8
NCVOG4001-consensus	scaffold_4	29.41	204	124	20	23	226	638561	638013	1.6e-12	72.3
NCVOG4001-consensus	scaffold_8	33.62	232	135	19	71	301	2645	3279	1.9e-12	72.0
NCVOG4001-consensus	scaffold_8	30.77	338	191	43	85	422	49627	50508	9.6e-17	86.3
NCVOG4001-consensus	scaffold_7	27.47	324	183	52	71	363	331875	332780	3.2e-12	71.2
NCVOG4001-consensus	scaffold_10	27.69	325	202	33	73	394	242404	243281	3.9e-12	71.0
NCVOG4001-consensus	scaffold_23	27.51	378	239	35	48	423	26414	25383	2.3e-11	68.4
NCVOG4001-consensus	scaffold_23	28.06	449	269	54	27	471	23177	21988	9.6e-17	86.3
NCVOG4001-consensus	scaffold_6	30.40	273	162	28	43	315	720823	721554	6.8e-11	66.6
NCVOG4001-consensus	scaffold_9	29.15	199	126	15	51	249	456276	455728	8.6e-11	66.3
NCVOG0605-consensus	scaffold_22	34.45	119	62	16	316	434	147024	147329	1.9e-11	68.4
NCVOG1136-consensus	scaffold_22	49.36	312	126	32	194	479	61086	60174	1.3e-45	182.0
NCVOG0710-consensus	scaffold_8	25.48	259	165	28	35	271	49687	50442	5.7e-11	66.2
NCVOG0822-consensus	scaffold_10	29.41	289	182	22	89	370	521860	522678	2.4e-26	117.5
NCVOG0822-consensus	scaffold_16	30.73	179	111	13	59	236	32360	31867	2.5e-17	88.0
NCVOG0822-consensus	scaffold_23	29.62	314	181	40	13	325	163062	163883	4.7e-17	87.1
NCVOG0822-consensus	scaffold_9	27.27	187	119	17	89	273	4306	4816	2e-15	81.7
NCVOG0822-consensus	scaffold_8	29.81	322	192	34	59	378	2426	3292	1.3e-14	79.0
NCVOG0822-consensus	scaffold_13	32.31	130	76	12	83	212	405955	406305	4.6e-14	77.2
NCVOG0822-consensus	scaffold_10	30.94	181	104	21	59	227	466842	466334	2.2e-13	74.5
NCVOG0822-consensus	scaffold_2	26.69	236	146	27	33	258	310285	309638	8.5e-13	73.0
NCVOG0822-consensus	scaffold_11	30.60	134	84	9	59	191	464142	463772	4.5e-12	69.4
NCVOG0822-consensus	scaffold_3	26.32	266	179	17	32	295	458730	457985	6.9e-12	70.0
NCVOG0822-consensus	scaffold_21	30.61	379	226	37	46	420	316408	315378	2.3e-11	66.6
NCVOG0822-consensus	scaffold_21	26.29	232	161	10	89	318	323058	323726	4.2e-11	65.7
NCVOG0822-consensus	scaffold_12	29.78	319	197	27	130	444	6052	6932	6.8e-11	66.6
NCVOG0822-consensus	scaffold_15	28.57	203	126	19	74	276	103771	103223	8.4e-11	66.3
NCVOG0822-consensus	scaffold_15	28.42	190	122	14	205	386	360306	359760	9.9e-11	66.0
NCVOG0059-consensus	scaffold_1	23.70	346	224	40	85	425	1400874	1401803	3e-15	81.0
NCVOG1149-consensus	scaffold_5	24.00	275	199	10	38	311	305883	306677	1.7e-16	84.7
NCVOG1049-consensus	scaffold_17	36.84	323	181	23	2	324	69635	68739	1.2e-33	141.6
NCVOG1049-consensus	scaffold_1	26.67	345	200	53	5	316	1314662	1315629	1.4e-14	78.3
NCVOG1049-consensus	scaffold_11	28.32	339	206	37	1	326	426542	425603	1.3e-13	75.1
NCVOG1049-consensus	scaffold_5	29.45	275	171	23	7	273	594946	594170	2.3e-13	74.2
NCVOG1049-consensus	scaffold_11	28.11	338	206	37	2	326	225371	226307	2.7e-13	74.0
NCVOG1049-consensus	scaffold_3	34.24	184	105	16	3	185	619735	620238	8.4e-12	69.1
NCVOG1139-consensus	scaffold_18	28.71	310	180	41	55	346	72668	71815	4e-11	66.9
NCVOG0901-consensus	scaffold_13	56.91	181	71	7	5	184	322611	323130	4.6e-47	185.4
NCVOG0890-consensus	scaffold_19	31.45	318	179	39	8	294	201551	200639	1.1e-16	85.2
NCVOG2980-consensus	scaffold_12	27.64	474	284	59	22	473	12923	11618	1.7e-23	108.4
NCVOG2980-consensus	scaffold_23	36.46	469	232	66	16	473	39142	40378	2.6e-19	94.6
NCVOG2980-consensus	scaffold_1	24.86	350	218	45	127	466	115261	114328	6.8e-15	79.9
NCVOG1298-consensus	scaffold_7	22.40	433	305	31	184	589	334284	333001	1.2e-12	72.8
NCVOG1272-consensus	scaffold_1	21.02	880	619	76	1277	2139	487644	490103	5.4e-12	72.4
NCVOG4462-consensus	scaffold_15	32.98	191	122	6	83	272	16677	17231	2.2e-15	81.2
NCVOG4462-consensus	scaffold_9	27.13	247	168	12	23	268	293012	293716	3.2e-14	77.3
NCVOG4462-consensus	scaffold_21	27.78	234	151	18	83	303	316093	315410	1.4e-13	73.7
NCVOG4462-consensus	scaffold_3	27.11	332	222	20	1	328	458793	457859	6.8e-13	73.0
NCVOG4462-consensus	scaffold_4	28.73	181	122	7	67	245	638551	638031	1.6e-12	71.7
NCVOG4462-consensus	scaffold_15	27.22	158	109	6	116	273	103729	103277	2.6e-12	71.0
NCVOG4462-consensus	scaffold_23	30.77	221	142	11	53	272	22611	21982	8.5e-12	69.3
NCVOG4462-consensus	scaffold_5	34.06	138	86	5	131	268	515008	515403	1.4e-11	68.6
NCVOG4462-consensus	scaffold_13	32.08	106	71	1	185	290	405976	406287	3.3e-11	67.3
NCVOG4462-consensus	scaffold_8	25.67	261	187	7	13	272	2480	3241	4.6e-11	66.9
NCVOG0652-consensus	scaffold_10	33.97	368	216	27	71	419	102524	101450	2.2e-46	184.3
NCVOG0652-consensus	scaffold_7	35.22	335	201	16	95	421	660523	661500	1.2e-36	151.4
NCVOG2642-consensus	scaffold_1	39.63	217	117	14	2	204	1048710	1049353	1.8e-26	117.1
NCVOG1062-consensus	scaffold_22	27.10	262	176	15	136	390	307698	306940	2.5e-15	79.1
NCVOG1062-consensus	scaffold_7	27.50	280	182	21	136	408	684613	683819	7.9e-15	79.1
NCVOG1062-consensus	scaffold_1	27.50	280	182	21	136	408	1589217	1588423	8.2e-15	79.1
NCVOG1062-consensus	scaffold_14	27.50	280	182	21	136	408	438300	437506	1.2e-14	79.1
NCVOG1062-consensus	scaffold_13	31.18	186	120	8	136	316	494069	493524	1.7e-13	73.8
NCVOG1062-consensus	scaffold_12	31.18	186	120	8	136	316	500641	500096	1.9e-13	73.8
NCVOG4522-consensus	scaffold_8	43.65	197	97	14	262	444	498967	499550	1.9e-29	128.1
NCVOG1352-consensus	scaffold_15	33.47	242	111	50	2	205	340807	341493	1.8e-18	90.7
NCVOG0522-consensus	scaffold_11	34.48	145	90	5	151	292	183478	183061	5.6e-12	69.6
NCVOG5117-consensus	scaffold_3	26.29	350	239	19	1109	1445	555471	556495	1.6e-12	73.8
NCVOG5117-consensus	scaffold_24	37.84	148	71	21	823	967	208213	208597	1.9e-11	70.0
NCVOG5117-consensus	scaffold_16	33.74	163	79	29	814	966	16163	15739	2.3e-11	70.0
NCVOG5117-consensus	scaffold_22	34.46	177	83	33	779	952	183492	183923	6.4e-11	68.5
NCVOG0052-consensus	scaffold_7	40.62	96	54	3	36	131	486585	486310	1.1e-13	74.8
NCVOG4122-consensus	scaffold_3	29.79	235	155	10	48	277	483713	484397	1.6e-23	108.5
NCVOG4122-consensus	scaffold_3	26.76	355	215	45	137	467	544379	545377	8.8e-15	79.5
NCVOG4122-consensus	scaffold_23	25.06	387	262	28	6	372	263121	261988	4.5e-21	100.4
NCVOG4122-consensus	scaffold_16	29.15	319	201	25	6	310	144050	143130	6.3e-20	96.6
NCVOG4122-consensus	scaffold_20	24.56	456	303	41	46	463	333124	334471	2.3e-13	73.8
NCVOG4122-consensus	scaffold_13	31.14	273	170	18	201	461	126010	126807	2.6e-13	74.6
NCVOG4122-consensus	scaffold_1	28.21	312	199	25	182	470	333608	334534	3.1e-13	74.3
NCVOG4122-consensus	scaffold_13	28.42	278	187	12	119	385	379704	380531	6.6e-13	73.2
NCVOG4122-consensus	scaffold_22	27.89	294	185	27	194	460	295857	294979	4.3e-12	70.5
NCVOG4122-consensus	scaffold_24	24.05	474	321	39	4	471	12145	10826	5.2e-12	70.3
NCVOG4122-consensus	scaffold_24	30.90	288	183	16	96	372	24339	23494	8.8e-15	79.5
NCVOG4122-consensus	scaffold_19	26.21	393	246	44	5	368	364520	365650	8.9e-12	68.9
NCVOG4122-consensus	scaffold_21	27.59	232	157	11	180	403	63930	64613	9.2e-12	69.5
NCVOG4022-consensus	scaffold_2	25.90	251	139	47	109	312	466932	467673	3.7e-11	67.0
NCVOG0312-consensus	scaffold_1	24.36	546	354	59	247	767	488634	490166	1.1e-12	73.6
NCVOG0312-consensus	scaffold_3	21.04	632	451	48	278	877	20612	18774	1.1e-12	73.6
NCVOG0312-consensus	scaffold_3	20.67	919	640	89	54	930	26089	23483	2.5e-21	102.2
NCVOG0312-consensus	scaffold_3	21.18	817	562	82	137	902	28694	26342	1.6e-19	96.2
NCVOG0312-consensus	scaffold_3	21.69	604	431	42	218	798	75367	73620	3.2e-19	95.2
NCVOG0312-consensus	scaffold_3	23.32	566	368	66	336	844	18739	17072	5.2e-16	84.6
NCVOG0312-consensus	scaffold_3	22.72	581	397	52	256	806	138890	137217	8.2e-16	83.9
NCVOG0312-consensus	scaffold_2	19.76	764	542	71	19	738	927157	929352	9.8e-12	68.6
NCVOG0312-consensus	scaffold_24	21.84	577	400	51	255	792	32255	30566	2.1e-11	69.2
NCVOG0312-consensus	scaffold_24	23.38	278	188	25	536	797	28301	27500	2.1e-11	69.2
NCVOG0312-consensus	scaffold_7	21.88	850	576	88	44	832	375101	372650	6.7e-11	67.6
NCVOG0312-consensus	scaffold_7	25.54	231	158	14	575	803	333771	333118	6.7e-11	67.6
NCVOG0032-consensus	scaffold_7	28.78	688	404	86	196	824	636732	638693	4e-27	120.8
NCVOG0032-consensus	scaffold_6	25.69	802	476	120	95	822	390446	388186	8.4e-27	120.3
NCVOG0032-consensus	scaffold_13	30.28	611	327	99	284	842	228150	226472	1.5e-21	102.9
NCVOG0032-consensus	scaffold_15	25.24	630	347	124	207	820	68228	69784	3.1e-18	91.9
NCVOG0032-consensus	scaffold_23	26.29	582	338	91	284	853	35816	34321	5e-18	91.2
NCVOG0032-consensus	scaffold_1	25.99	608	305	145	249	814	68378	69873	6.9e-18	90.7
NCVOG0032-consensus	scaffold_8	26.67	615	328	123	286	882	251092	249566	1.8e-17	89.3
NCVOG0032-consensus	scaffold_12	23.71	700	356	178	216	874	242836	244513	4.7e-17	88.0
NCVOG0032-consensus	scaffold_1	25.34	584	297	139	257	829	996616	995260	1.7e-16	86.1
NCVOG0032-consensus	scaffold_11	23.76	707	391	148	199	880	397890	396152	2.7e-16	85.4
NCVOG0032-consensus	scaffold_19	23.66	672	391	122	167	828	202016	203684	3.4e-15	81.8
NCVOG0032-consensus	scaffold_1	33.12	160	101	6	678	835	1238910	1239374	3.4e-15	81.8
NCVOG0032-consensus	scaffold_12	25.86	638	355	118	217	829	103093	104712	4e-15	81.5
NCVOG0032-consensus	scaffold_16	28.12	633	307	148	222	835	389216	390720	2.1e-14	79.0
NCVOG0032-consensus	scaffold_9	38.57	140	78	8	681	815	393017	393424	2.3e-14	79.0
NCVOG0302-consensus	scaffold_6	30.95	294	189	14	256	536	211061	210188	1e-24	112.7
NCVOG0302-consensus	scaffold_2	31.08	296	181	23	259	535	119431	118561	2.9e-24	111.2
NCVOG0302-consensus	scaffold_3	37.07	232	135	11	258	480	791000	791686	9.9e-24	109.4
NCVOG0302-consensus	scaffold_2	29.69	293	180	26	263	534	551236	552092	1.6e-23	108.8
NCVOG0302-consensus	scaffold_19	30.21	288	181	20	265	534	76975	77827	5.9e-22	103.5
NCVOG0302-consensus	scaffold_19	29.55	291	180	25	280	545	78627	79492	4.4e-22	104.0
NCVOG0302-consensus	scaffold_13	33.45	296	174	23	258	535	169564	170433	1.7e-21	102.0
NCVOG0302-consensus	scaffold_3	33.92	227	140	10	259	479	517961	517298	2e-21	101.8
NCVOG0302-consensus	scaffold_2	25.97	335	222	26	227	539	781898	782879	1.2e-18	92.6
NCVOG0302-consensus	scaffold_19	31.11	315	175	42	259	535	76821	75898	1.5e-17	88.9
NCVOG0302-consensus	scaffold_19	32.99	197	116	16	257	443	131740	131173	7.4e-14	76.6
NCVOG0302-consensus	scaffold_5	30.77	208	118	26	257	444	632324	631722	1.1e-15	82.8
NCVOG0302-consensus	scaffold_18	29.57	230	147	15	262	484	410089	410751	1.4e-15	82.1
NCVOG0302-consensus	scaffold_9	29.65	226	144	15	266	484	573550	574200	1.5e-15	82.1
NCVOG0302-consensus	scaffold_19	32.35	306	175	32	258	535	223042	222146	1.9e-15	81.9
NCVOG0302-consensus	scaffold_8	30.00	220	145	9	238	454	310441	311079	2.3e-15	81.7
NCVOG0302-consensus	scaffold_5	30.04	263	142	42	267	502	327370	328108	2.6e-15	81.4
NCVOG0302-consensus	scaffold_1	28.36	268	173	19	262	519	704402	705167	3.1e-15	81.2
NCVOG0302-consensus	scaffold_15	28.37	215	142	12	255	466	432709	433323	2.1e-14	78.4
NCVOG0302-consensus	scaffold_21	28.37	215	142	12	255	466	15078	14464	2.2e-14	78.4
NCVOG0302-consensus	scaffold_9	31.65	218	129	20	266	467	284076	284710	4.7e-14	77.3
NCVOG0302-consensus	scaffold_27	28.24	216	142	13	255	466	14678	14063	5.3e-14	74.2
NCVOG0302-consensus	scaffold_5	27.41	270	178	18	214	472	399841	399058	8.6e-14	76.4
NCVOG0302-consensus	scaffold_2	27.00	237	156	17	248	470	913036	912346	1.1e-13	74.2
NCVOG0302-consensus	scaffold_4	29.45	309	174	44	258	527	746896	747796	1.6e-13	75.5
NCVOG0302-consensus	scaffold_18	27.61	326	197	39	227	535	299510	298606	2.9e-13	74.7
NCVOG0302-consensus	scaffold_6	26.44	208	145	8	266	471	662735	663337	3.3e-13	74.2
NCVOG0302-consensus	scaffold_6	24.74	194	143	3	2	195	592253	591684	5.3e-13	73.8
NCVOG0302-consensus	scaffold_23	25.60	207	147	7	266	471	145248	144649	1.1e-12	72.7
NCVOG0302-consensus	scaffold_3	29.22	219	139	16	227	443	203631	203020	1.1e-12	72.7
NCVOG0302-consensus	scaffold_1	29.44	248	146	29	267	490	994956	994235	2.1e-12	71.8
NCVOG0302-consensus	scaffold_1	27.64	199	130	14	261	454	1573908	1574470	2.5e-12	70.9
NCVOG0302-consensus	scaffold_14	27.97	261	160	28	267	512	427778	428518	5.8e-12	70.3
NCVOG0302-consensus	scaffold_4	31.33	300	169	37	256	520	297077	297959	6.9e-12	70.1
NCVOG0302-consensus	scaffold_18	30.68	176	104	18	283	443	137968	138475	6.9e-12	70.1
NCVOG0302-consensus	scaffold_4	29.48	363	215	41	213	540	507063	508114	1.1e-11	69.4
NCVOG0302-consensus	scaffold_16	32.80	311	179	30	257	543	330795	331702	1.5e-11	68.8
NCVOG0302-consensus	scaffold_16	29.07	227	142	19	257	470	407617	408274	3.5e-13	74.2
NCVOG0302-consensus	scaffold_9	25.79	411	245	60	173	540	81041	79867	2e-11	68.5
NCVOG0302-consensus	scaffold_21	22.60	323	221	29	154	462	308143	309061	2.3e-11	66.8
NCVOG0302-consensus	scaffold_2	26.02	246	165	17	250	485	328733	328022	2.3e-11	68.3
NCVOG0302-consensus	scaffold_2	27.56	225	141	22	273	481	332411	331762	2.3e-11	68.3
NCVOG0302-consensus	scaffold_18	29.58	213	126	24	266	470	19992	19405	2.7e-11	68.1
NCVOG0302-consensus	scaffold_2	24.59	244	163	21	264	498	339939	340631	3.2e-11	67.9
NCVOG0302-consensus	scaffold_1	29.35	293	155	52	265	534	1465801	1465019	4.3e-11	67.4
NCVOG0302-consensus	scaffold_8	29.52	166	112	5	5	167	484358	483870	5.7e-11	67.0
NCVOG0302-consensus	scaffold_7	28.38	148	101	5	264	410	668145	668573	6.9e-11	66.1
NCVOG0302-consensus	scaffold_7	29.66	145	91	11	267	404	669407	669826	6.9e-11	66.1
NCVOG0302-consensus	scaffold_6	25.41	362	222	48	94	450	702930	701981	7.6e-11	66.4
NCVOG0302-consensus	scaffold_6	27.27	209	142	10	267	470	697641	697033	2e-12	71.6
NCVOG0302-consensus	scaffold_6	27.40	219	144	15	267	479	690554	689934	7.6e-11	66.4
NCVOG0302-consensus	scaffold_1	29.95	197	122	16	265	452	332723	333289	7.8e-11	66.6
NCVOG0302-consensus	scaffold_1	27.21	272	179	19	281	540	880012	880801	9.1e-11	66.4
NCVOG0302-consensus	scaffold_1	29.80	198	117	22	298	481	809045	809607	1.3e-11	69.2
NCVOG0012-consensus	scaffold_2	41.18	153	74	16	277	413	427254	426799	1.7e-16	85.3
NCVOG0012-consensus	scaffold_24	46.21	132	61	10	303	427	208599	208218	3e-16	84.2
NCVOG0012-consensus	scaffold_16	46.27	134	51	21	301	422	15818	16185	2.2e-13	74.9
NCVOG0012-consensus	scaffold_11	33.02	215	115	29	232	426	72512	73122	5.7e-13	73.5
NCVOG0012-consensus	scaffold_4	32.26	248	153	15	195	430	405569	406298	2.2e-12	71.6
NCVOG0012-consensus	scaffold_5	32.76	174	96	21	263	417	753757	753245	4.6e-12	68.8
NCVOG0012-consensus	scaffold_17	27.87	287	187	20	223	492	280713	281555	1.9e-11	68.5
NCVOG0012-consensus	scaffold_5	39.29	112	66	2	303	414	186811	187137	5.1e-11	67.1
NCVOG0012-consensus	scaffold_18	35.03	177	90	25	262	414	71923	72447	8.3e-11	66.4
NCVOG0012-consensus	scaffold_16	33.85	192	96	31	258	424	305572	305026	8.4e-11	66.2
NCVOG0603-consensus	scaffold_20	31.09	460	271	46	10	438	41987	43314	1e-35	148.9
NCVOG1127-consensus	scaffold_8	26.80	306	198	26	54	341	133575	134463	1.4e-23	109.0
NCVOG0281-consensus	scaffold_10	18.91	550	415	31	229	760	347958	346363	5.9e-11	67.7
NCVOG0985-consensus	scaffold_13	29.43	530	240	134	11	428	360327	358807	4.9e-13	73.8
NCVOG2900-consensus	scaffold_3	27.16	162	118	0	7	168	483915	484397	4.6e-15	79.3
NCVOG2900-consensus	scaffold_13	29.77	215	140	11	5	214	126121	126744	8.8e-12	68.4
NCVOG0190-consensus	scaffold_24	38.60	114	57	13	183	286	208530	208203	2.2e-12	71.4
NCVOG0190-consensus	scaffold_17	31.71	123	76	8	172	288	280940	281299	1.7e-11	68.7
NCVOG0190-consensus	scaffold_1	44.23	52	29	0	213	264	717376	717224	4e-11	67.5
NCVOG0215-consensus	scaffold_22	51.16	43	21	0	1	43	63725	63600	8.8e-11	63.4
NCVOG0025-consensus	scaffold_8	30.29	416	240	50	111	522	304560	305662	6.1e-18	90.1
NCVOG0025-consensus	scaffold_8	28.33	420	236	65	109	520	257596	256513	1.3e-16	85.7
NCVOG0025-consensus	scaffold_5	28.74	428	236	69	112	519	699992	698865	2.2e-15	81.6
NCVOG0025-consensus	scaffold_15	29.35	477	269	68	70	520	110872	109589	1.2e-12	72.5
NCVOG0025-consensus	scaffold_3	27.63	409	246	50	112	515	119016	120094	1.3e-11	69.1
NCVOG0025-consensus	scaffold_5	28.27	382	223	51	112	487	90818	89813	1.3e-11	69.1
NCVOG0025-consensus	scaffold_3	23.80	416	264	53	112	515	780414	781535	2.1e-11	68.4
NCVOG0025-consensus	scaffold_12	27.27	407	243	53	97	491	462585	461503	2.3e-11	66.9
NCVOG0025-consensus	scaffold_2	23.78	429	265	62	64	487	385143	386251	3.3e-11	67.8
NCVOG0025-consensus	scaffold_9	24.40	455	299	45	58	493	291048	292325	3.7e-11	67.6
NCVOG0025-consensus	scaffold_13	25.94	424	254	60	91	502	375666	374542	7.5e-11	66.6
NCVOG0271-consensus	scaffold_15	35.12	1176	685	78	23	1153	204355	200934	2.9e-92	338.2
NCVOG0271-consensus	scaffold_4	44.74	1207	562	105	32	1153	86387	82836	2.6e-75	281.9
NCVOG0271-consensus	scaffold_1	28.43	1175	738	103	40	1160	672882	669512	6e-57	220.9
NCVOG0078-consensus	scaffold_4	47.14	140	71	3	60	196	781096	780682	7.5e-19	90.5
NCVOG0078-consensus	scaffold_5	48.20	139	67	5	63	196	252567	252980	9.2e-18	88.5
NCVOG0078-consensus	scaffold_5	48.20	139	67	5	63	196	124812	125225	9.2e-18	88.5
NCVOG0078-consensus	scaffold_5	48.20	139	67	5	63	196	361289	360876	9.2e-18	88.5
NCVOG4568-consensus	scaffold_2	41.74	218	107	20	269	469	510602	509967	4.7e-12	70.5
NCVOG1117-consensus	scaffold_4	26.50	283	185	23	639	918	477729	476952	5.6e-16	84.4
NCVOG0061-consensus	scaffold_9	34.09	572	317	60	5	541	35336	33707	1.7e-29	128.6
NCVOG5031-consensus	scaffold_17	25.98	204	139	12	17	210	300311	300913	1e-11	69.0
NCVOG5031-consensus	scaffold_7	26.44	174	121	7	5	176	365461	364958	2.8e-11	67.7
NCVOG0451-consensus	scaffold_3	37.78	180	111	1	133	312	483882	484415	1.3e-23	108.6
NCVOG0451-consensus	scaffold_21	34.05	232	144	9	145	372	63930	64607	6.1e-20	96.4
NCVOG0451-consensus	scaffold_2	32.53	249	159	9	134	375	595076	595813	1.7e-19	94.9
NCVOG0451-consensus	scaffold_22	31.89	301	190	15	122	407	54969	54070	3.6e-19	93.9
NCVOG0451-consensus	scaffold_13	32.79	247	159	7	134	375	379767	380498	3.4e-18	90.6
NCVOG0451-consensus	scaffold_13	31.80	261	162	16	124	373	125959	126723	2.7e-17	87.6
NCVOG0451-consensus	scaffold_24	30.60	317	200	20	65	374	24567	23659	1.4e-16	85.3
NCVOG0451-consensus	scaffold_24	26.03	292	200	16	59	339	11524	10667	1.4e-16	85.3
NCVOG0451-consensus	scaffold_24	28.75	313	181	42	109	379	36694	35763	3.9e-14	77.1
NCVOG0451-consensus	scaffold_13	35.56	180	111	5	173	347	467921	468457	1.1e-15	80.8
NCVOG0451-consensus	scaffold_23	31.41	277	172	18	134	406	262776	261991	1.3e-15	82.1
NCVOG0451-consensus	scaffold_1	32.60	227	140	13	196	412	3160	3820	1e-14	79.1
NCVOG0451-consensus	scaffold_8	28.33	293	194	16	130	407	2330	3202	3.9e-14	77.1
NCVOG0451-consensus	scaffold_8	26.29	350	231	27	76	408	49385	50397	2.2e-14	78.0
NCVOG0451-consensus	scaffold_16	31.62	234	153	7	147	375	143813	143121	6.1e-14	76.5
NCVOG0451-consensus	scaffold_16	29.93	274	179	13	144	405	32670	31855	2e-15	81.4
NCVOG0451-consensus	scaffold_17	30.26	195	131	5	151	341	96830	96252	1.1e-13	75.6
NCVOG0451-consensus	scaffold_23	31.23	285	184	12	136	408	23258	22411	1.1e-13	75.6
NCVOG0451-consensus	scaffold_23	28.66	321	209	20	105	407	26753	25800	6.1e-20	96.4
NCVOG0451-consensus	scaffold_1	31.54	279	167	24	129	389	333644	334459	1.7e-13	75.0
NCVOG0451-consensus	scaffold_4	31.48	216	137	11	74	282	695025	695657	3.1e-13	74.1
NCVOG0451-consensus	scaffold_10	29.41	289	188	16	140	413	524008	524868	3.2e-12	70.3
NCVOG0451-consensus	scaffold_17	31.71	164	107	5	182	340	322838	322350	3.4e-12	70.5
NCVOG0451-consensus	scaffold_19	33.96	265	156	19	132	377	364880	365671	5.4e-12	69.4
NCVOG0451-consensus	scaffold_21	32.86	283	173	17	141	406	316327	315482	5.8e-12	68.4
NCVOG0451-consensus	scaffold_17	34.15	164	98	10	126	279	152221	152705	7.1e-12	69.6
NCVOG0451-consensus	scaffold_15	30.58	291	176	26	141	407	16230	17093	7.1e-12	69.6
NCVOG0451-consensus	scaffold_11	28.63	227	152	10	174	391	464452	463778	2.8e-11	66.4
NCVOG0451-consensus	scaffold_9	25.42	240	162	17	174	396	294233	294949	5.7e-11	66.6
NCVOG0451-consensus	scaffold_9	26.51	249	163	20	144	373	293441	294181	5.7e-11	66.6
NCVOG0451-consensus	scaffold_9	33.01	209	102	38	147	317	292787	293410	5.7e-11	66.6
NCVOG0541-consensus	scaffold_2	31.80	239	138	25	1	236	229474	228827	6.1e-15	79.3
NCVOG0967-consensus	scaffold_7	22.65	680	467	59	259	903	622382	624346	7.7e-13	73.5
NCVOG1351-consensus	scaffold_24	35.89	248	151	8	102	341	86992	87728	6.6e-28	123.3
NCVOG1351-consensus	scaffold_24	34.20	307	173	29	137	427	176046	176920	7.7e-26	116.2
NCVOG1351-consensus	scaffold_9	32.73	385	208	51	131	480	152876	153965	3.6e-22	104.2
NCVOG1351-consensus	scaffold_11	31.03	232	128	32	137	336	95266	95954	2.8e-14	78.0
NCVOG0531-consensus	scaffold_7	29.13	206	139	7	8	206	446790	446178	1.7e-15	81.8
NCVOG0531-consensus	scaffold_4	25.00	268	183	18	1	260	60992	60222	5.1e-11	66.9
NCVOG0331-consensus	scaffold_5	26.40	303	202	21	43	332	623694	624575	8e-17	85.8
NCVOG0231-consensus	scaffold_5	37.40	131	73	9	192	317	339156	339531	3.8e-14	77.1
NCVOG0231-consensus	scaffold_3	28.73	181	103	26	153	320	530519	530023	3e-12	70.8
NCVOG0301-consensus	scaffold_6	31.27	307	195	16	223	519	211169	210274	2.1e-27	121.6
NCVOG0301-consensus	scaffold_19	33.76	234	150	5	257	485	76951	77649	3.8e-26	117.4
NCVOG0301-consensus	scaffold_19	30.56	288	174	26	272	535	78606	79456	9.4e-21	99.5
NCVOG0301-consensus	scaffold_3	31.76	296	180	22	258	534	791000	791875	1.9e-24	111.8
NCVOG0301-consensus	scaffold_13	34.96	246	144	16	256	488	169558	170283	7.5e-24	109.8
NCVOG0301-consensus	scaffold_3	35.48	248	135	25	265	487	518004	517274	9.6e-23	106.2
NCVOG0301-consensus	scaffold_2	29.35	293	178	29	265	535	119413	118561	5.2e-22	103.7
NCVOG0301-consensus	scaffold_2	33.33	234	142	14	258	478	781997	782684	8.7e-22	103.0
NCVOG0301-consensus	scaffold_2	36.14	202	117	12	264	460	551239	551820	1.2e-21	102.5
NCVOG0301-consensus	scaffold_19	33.01	306	167	38	264	538	223024	222137	1.7e-19	95.4
NCVOG0301-consensus	scaffold_4	32.56	301	163	40	265	529	746917	747790	2.6e-18	91.4
NCVOG0301-consensus	scaffold_19	29.66	263	162	23	246	485	76860	76079	3.6e-18	90.9
NCVOG0301-consensus	scaffold_6	27.19	331	213	28	203	521	702705	701764	3.3e-17	87.5
NCVOG0301-consensus	scaffold_6	27.65	217	149	8	267	478	697641	697003	2.5e-14	77.9
NCVOG0301-consensus	scaffold_7	27.81	187	126	9	259	441	668130	668672	3e-15	80.6
NCVOG0301-consensus	scaffold_9	27.27	209	139	13	266	466	573550	574158	3.1e-14	77.7
NCVOG0301-consensus	scaffold_18	27.75	209	138	13	266	466	410101	410709	3.5e-14	77.5
NCVOG0301-consensus	scaffold_10	35.46	251	124	38	262	478	330412	329683	8.3e-14	76.5
NCVOG0301-consensus	scaffold_15	26.01	223	156	9	262	480	432721	433371	1.3e-13	75.7
NCVOG0301-consensus	scaffold_1	28.85	208	133	15	273	470	879982	880585	1.4e-13	75.7
NCVOG0301-consensus	scaffold_21	26.01	223	156	9	262	480	15066	14416	1.4e-13	75.7
NCVOG0301-consensus	scaffold_1	26.32	209	141	13	266	466	704414	705022	2.3e-13	75.0
NCVOG0301-consensus	scaffold_23	24.29	280	190	22	244	515	145305	144511	2.3e-13	75.0
NCVOG0301-consensus	scaffold_1	28.82	229	144	19	258	470	994983	994313	3.2e-13	74.5
NCVOG0301-consensus	scaffold_27	26.34	224	155	10	262	480	14666	14015	4e-13	71.3
NCVOG0301-consensus	scaffold_16	32.93	249	147	20	264	495	330816	331546	4e-13	74.0
NCVOG0301-consensus	scaffold_16	29.88	241	145	24	250	476	407596	408283	4.5e-16	83.8
NCVOG0301-consensus	scaffold_8	28.57	210	138	12	250	454	310474	311079	7.5e-13	73.3
NCVOG0301-consensus	scaffold_6	24.24	330	222	28	190	509	662529	663457	1e-12	72.5
NCVOG0301-consensus	scaffold_6	23.85	239	166	16	274	505	664515	665201	1e-12	72.5
NCVOG0301-consensus	scaffold_4	31.02	303	168	41	257	521	297080	297962	1.8e-12	72.1
NCVOG0301-consensus	scaffold_3	35.63	174	91	21	274	443	203487	203020	1.8e-12	72.1
NCVOG0301-consensus	scaffold_2	24.29	280	190	22	184	455	339708	340502	2.9e-12	71.3
NCVOG0301-consensus	scaffold_17	28.51	228	139	24	246	471	3722	3108	3.5e-12	71.1
NCVOG0301-consensus	scaffold_7	29.29	198	121	19	266	455	386912	387469	4.9e-12	70.6
NCVOG0301-consensus	scaffold_9	26.51	249	156	27	266	497	284076	284785	1.6e-11	68.9
NCVOG0301-consensus	scaffold_18	27.37	274	179	20	269	530	299369	298579	4.5e-11	67.4
NCVOG0301-consensus	scaffold_18	27.36	201	128	18	266	455	181031	180455	4.5e-11	67.4
NCVOG2860-consensus	scaffold_13	29.20	226	144	16	153	366	126067	126729	7.2e-13	72.8
NCVOG2860-consensus	scaffold_11	28.38	229	156	8	114	335	359825	359145	1.5e-12	71.7
NCVOG0001-consensus	scaffold_1	42.21	289	142	25	313	595	1145461	1144655	8.1e-47	186.3
NCVOG0001-consensus	scaffold_1	39.66	290	153	22	282	554	1580484	1581333	1e-40	165.5
NCVOG0001-consensus	scaffold_8	37.72	289	156	24	277	556	265722	264906	1.8e-34	145.3
NCVOG0001-consensus	scaffold_8	31.30	345	195	42	286	602	264818	263833	2.3e-32	138.3
NCVOG0001-consensus	scaffold_14	38.62	246	141	10	318	561	59762	59054	5e-34	143.8
NCVOG0001-consensus	scaffold_14	35.36	263	148	22	313	570	60578	59844	1.8e-29	128.7
NCVOG0001-consensus	scaffold_22	33.57	283	164	24	320	590	179803	180602	4.8e-33	140.6
NCVOG0001-consensus	scaffold_5	39.67	242	121	25	328	555	58243	57556	9.7e-33	139.5
NCVOG0001-consensus	scaffold_10	35.65	359	191	40	250	581	224512	223480	4.3e-30	130.7
NCVOG0001-consensus	scaffold_10	39.58	240	128	17	333	566	223407	222724	2.4e-38	158.2
NCVOG0001-consensus	scaffold_10	30.23	344	203	37	221	549	285621	284661	1.3e-25	115.9
NCVOG0001-consensus	scaffold_9	39.55	268	142	20	333	592	246367	247123	3e-29	128.0
NCVOG0001-consensus	scaffold_1	45.10	286	143	14	271	555	1438466	1439279	9.7e-28	122.9
NCVOG0001-consensus	scaffold_1	33.89	239	131	27	333	556	1474757	1475430	2.9e-19	94.8
NCVOG0001-consensus	scaffold_7	30.31	386	220	49	246	608	523443	524515	9.7e-28	122.9
NCVOG0001-consensus	scaffold_15	35.46	313	158	44	298	590	92545	93404	3.9e-27	120.9
NCVOG0001-consensus	scaffold_4	40.17	229	120	17	333	555	284538	285188	3.8e-26	117.7
NCVOG0001-consensus	scaffold_4	30.11	269	171	17	299	566	283689	284444	2.6e-25	114.9
NCVOG0001-consensus	scaffold_13	34.44	270	153	24	297	555	44608	43841	9e-26	116.4
NCVOG0001-consensus	scaffold_12	29.10	354	226	25	265	602	284473	283448	1.5e-24	112.4
NCVOG0001-consensus	scaffold_6	41.05	229	119	16	333	557	628983	628336	9.5e-23	106.1
NCVOG0001-consensus	scaffold_17	40.20	199	101	18	333	527	268993	269544	2.7e-22	104.8
NCVOG0001-consensus	scaffold_17	31.71	432	254	41	174	585	324666	323445	3.7e-20	97.5
NCVOG0001-consensus	scaffold_16	30.98	297	161	44	331	604	324294	325114	6.2e-19	93.5
NCVOG0001-consensus	scaffold_3	31.20	234	129	32	333	546	422660	423320	4.7e-13	74.2
NCVOG1197-consensus	scaffold_5	31.60	231	133	25	86	301	319687	319030	1.3e-11	69.2
NCVOG2618-consensus	scaffold_1	27.75	227	143	21	33	247	129475	130123	7.2e-12	68.9
NCVOG4518-consensus	scaffold_5	32.09	536	263	101	19	549	189572	190880	7.5e-20	96.6
NCVOG2058-consensus	scaffold_3	37.28	169	106	0	101	269	483882	484385	6.2e-28	122.9
NCVOG2058-consensus	scaffold_3	28.33	293	184	26	108	374	544406	545281	1.3e-14	78.7
NCVOG2058-consensus	scaffold_2	31.85	292	190	9	90	372	595226	596098	4.9e-27	120.0
NCVOG2058-consensus	scaffold_2	29.39	296	198	11	115	399	493052	493936	3.7e-17	87.1
NCVOG2058-consensus	scaffold_13	31.55	317	200	17	63	369	125884	126810	4.4e-25	113.4
NCVOG2058-consensus	scaffold_16	30.52	344	215	24	12	341	110774	109776	2.2e-22	104.5
NCVOG2058-consensus	scaffold_16	32.79	244	158	6	73	310	143849	143121	2.5e-17	87.7
NCVOG2058-consensus	scaffold_16	31.82	242	149	16	171	397	32574	31855	2.1e-13	74.7
NCVOG2058-consensus	scaffold_24	33.87	313	195	12	95	399	24504	23581	6.8e-18	89.6
NCVOG2058-consensus	scaffold_24	30.08	266	166	20	92	337	11644	10850	6.8e-18	89.6
NCVOG2058-consensus	scaffold_24	33.33	216	127	17	109	307	36332	35688	5.4e-17	86.6
NCVOG2058-consensus	scaffold_19	37.50	256	139	21	107	341	364904	365668	9.6e-18	88.5
NCVOG2058-consensus	scaffold_22	28.25	400	257	30	19	393	54975	53794	3.1e-17	87.4
NCVOG2058-consensus	scaffold_23	31.36	236	154	8	107	338	262683	261991	3.6e-17	87.1
NCVOG2058-consensus	scaffold_9	36.02	161	97	6	93	248	59337	59813	7.5e-16	82.8
NCVOG2058-consensus	scaffold_8	27.78	270	176	19	109	360	2372	3175	1e-14	79.0
NCVOG2058-consensus	scaffold_3	30.03	303	185	27	97	376	455765	454872	2.7e-14	77.6
NCVOG2058-consensus	scaffold_21	31.14	228	151	6	144	367	63933	64607	5.6e-14	76.6
NCVOG2058-consensus	scaffold_21	26.67	315	204	27	112	399	105546	106487	4.3e-12	70.3
NCVOG2058-consensus	scaffold_20	26.87	294	197	18	103	382	333542	334408	8.9e-14	74.9
NCVOG2058-consensus	scaffold_13	30.85	282	188	7	112	386	379704	380546	3.1e-13	74.1
NCVOG2058-consensus	scaffold_6	35.26	190	112	11	94	277	390628	391179	1.4e-12	71.9
NCVOG2058-consensus	scaffold_9	31.70	224	112	41	89	271	292799	293467	3.5e-12	70.6
NCVOG2058-consensus	scaffold_11	31.98	172	109	8	111	277	89281	89784	7.5e-12	69.5
NCVOG0066-consensus	scaffold_6	30.80	513	282	73	93	536	134551	136070	6e-23	106.9
NCVOG0066-consensus	scaffold_18	36.40	228	132	13	164	383	310049	310714	4e-21	100.6
NCVOG0038-consensus	scaffold_21	37.31	938	489	99	84	972	49476	52130	1.5e-45	182.9
NCVOG0038-consensus	scaffold_8	28.67	729	462	58	259	966	489645	487573	8e-37	153.9
NCVOG0228-consensus	scaffold_9	30.16	703	423	68	258	921	112748	110736	9.6e-61	233.1
NCVOG0228-consensus	scaffold_16	29.49	719	454	53	232	922	347182	345108	1.6e-24	112.6
NCVOG1128-consensus	scaffold_17	28.51	228	146	17	137	350	362937	362266	5e-16	83.2
NCVOG1128-consensus	scaffold_10	27.84	194	126	14	137	326	292597	293145	8.2e-13	72.7
NCVOG0280-consensus	scaffold_5	22.44	1368	929	132	347	1628	160016	156056	7.8e-29	128.1
NCVOG0280-consensus	scaffold_19	22.21	1085	724	120	293	1356	217487	220439	2.8e-19	96.4
NCVOG0280-consensus	scaffold_19	22.28	579	394	56	766	1319	220443	222079	9e-12	71.4
NCVOG0280-consensus	scaffold_3	22.00	1232	813	148	359	1548	76647	73281	7.5e-16	85.0
NCVOG0280-consensus	scaffold_3	20.86	1275	894	115	51	1284	141045	137454	8.6e-15	81.4
NCVOG0218-consensus	scaffold_3	29.43	530	319	55	394	890	775129	773611	3.6e-30	131.8
NCVOG0218-consensus	scaffold_5	27.12	472	322	22	494	956	754273	752900	4.3e-29	126.5
NCVOG0218-consensus	scaffold_24	44.02	184	89	14	732	911	208614	208100	1.6e-26	119.5
NCVOG0218-consensus	scaffold_14	28.54	424	264	39	526	929	220561	221766	2.5e-25	115.8
NCVOG0218-consensus	scaffold_4	30.87	311	207	8	591	898	405465	406379	3.2e-25	115.4
NCVOG0218-consensus	scaffold_22	45.51	178	84	13	664	836	183970	183470	1.1e-24	113.6
NCVOG0218-consensus	scaffold_11	29.36	344	224	19	632	958	72571	73581	8.4e-24	110.7
NCVOG0218-consensus	scaffold_18	29.55	379	218	49	465	797	71500	72612	1.4e-22	106.6
NCVOG0218-consensus	scaffold_16	41.09	202	92	27	596	775	15767	16342	1.5e-21	103.3
NCVOG0218-consensus	scaffold_2	40.29	206	99	24	745	927	427221	426610	1.5e-21	103.3
NCVOG0218-consensus	scaffold_12	32.99	291	178	17	607	885	215725	214871	1.9e-21	102.9
NCVOG0218-consensus	scaffold_16	24.49	543	360	50	350	853	306387	304795	8.7e-20	97.2
NCVOG0218-consensus	scaffold_11	32.13	445	257	45	459	875	239190	240432	1.5e-16	86.6
NCVOG0218-consensus	scaffold_11	32.13	445	257	45	459	875	248183	249425	9.8e-18	90.5
NCVOG0218-consensus	scaffold_6	25.22	579	392	41	353	896	711034	712717	2.8e-16	85.5
NCVOG0218-consensus	scaffold_2	24.54	648	378	111	350	898	418627	420517	4.4e-16	85.1
NCVOG0218-consensus	scaffold_22	25.84	329	216	28	467	785	267023	267952	5.7e-15	81.3
NCVOG0218-consensus	scaffold_8	27.72	487	310	42	353	812	262345	263749	8.6e-15	80.8
NCVOG0218-consensus	scaffold_17	34.35	131	83	3	753	883	280964	281344	9.9e-14	77.2
NCVOG0218-consensus	scaffold_11	28.60	542	339	48	368	888	233289	231792	3.4e-13	75.5
NCVOG0218-consensus	scaffold_11	28.60	542	339	48	368	888	242282	240785	3.3e-14	78.8
NCVOG0218-consensus	scaffold_5	22.76	492	330	50	207	688	8088	6742	3.8e-13	75.3
NCVOG0218-consensus	scaffold_20	36.05	147	88	6	658	802	319509	319930	8.6e-13	73.1
NCVOG0218-consensus	scaffold_20	26.82	220	158	3	601	817	235178	235828	3.4e-12	72.1
NCVOG0218-consensus	scaffold_17	44.68	94	45	7	748	834	328193	328467	1.5e-11	69.8
NCVOG0218-consensus	scaffold_23	26.87	521	323	58	391	879	231560	230115	1.7e-11	69.8
NCVOG0218-consensus	scaffold_19	25.49	459	306	36	431	867	354562	355875	2.2e-11	68.8
NCVOG0218-consensus	scaffold_20	33.59	259	149	23	558	798	45780	45040	3e-11	69.0
NCVOG4344-consensus	scaffold_15	31.79	346	214	22	1	340	16305	17285	1e-21	102.6
NCVOG4344-consensus	scaffold_22	27.30	326	223	14	16	341	296094	295162	1.9e-18	91.7
NCVOG4344-consensus	scaffold_19	28.76	372	241	24	1	368	364802	365850	6.4e-18	89.4
NCVOG4344-consensus	scaffold_4	26.93	427	272	40	23	435	639008	637821	1.7e-17	88.6
NCVOG4344-consensus	scaffold_8	32.23	242	151	13	128	363	51387	50686	4.1e-17	87.3
NCVOG4344-consensus	scaffold_3	29.74	380	227	40	11	365	459049	457972	1.8e-15	81.9
NCVOG4344-consensus	scaffold_8	25.34	363	244	27	23	384	2408	3411	2.6e-15	81.3
NCVOG4344-consensus	scaffold_21	31.20	343	189	47	19	332	316675	315704	1.1e-14	77.7
NCVOG4344-consensus	scaffold_7	30.62	209	130	15	19	225	148729	149313	2.7e-14	78.0
NCVOG4344-consensus	scaffold_2	24.09	303	215	15	27	327	8170	7304	5.5e-14	76.9
NCVOG4344-consensus	scaffold_3	35.48	217	128	12	132	346	410037	409424	1.4e-13	75.6
NCVOG4344-consensus	scaffold_23	29.27	287	186	17	43	327	26159	25347	3.3e-13	74.3
NCVOG4344-consensus	scaffold_23	30.15	325	210	17	14	336	22857	21931	8.7e-16	82.9
NCVOG4344-consensus	scaffold_23	29.80	349	215	30	6	351	27131	26169	2.1e-15	81.6
NCVOG4344-consensus	scaffold_15	31.41	156	96	11	195	341	366475	366017	3.8e-13	74.1
NCVOG4344-consensus	scaffold_23	34.34	166	100	9	21	185	278256	278726	3.9e-13	74.1
NCVOG4344-consensus	scaffold_24	30.50	318	190	31	29	327	36635	35721	1.7e-12	72.0
NCVOG4344-consensus	scaffold_9	26.75	243	158	20	94	328	3157	3846	1.5e-11	68.9
NCVOG4344-consensus	scaffold_12	31.72	331	167	59	2	327	5989	6816	3e-11	67.8
NCVOG4344-consensus	scaffold_10	24.46	462	294	55	49	483	524020	525308	3.1e-11	67.3
NCVOG4344-consensus	scaffold_10	26.25	301	193	29	58	344	521665	522519	7e-13	72.8
NCVOG4344-consensus	scaffold_9	29.17	336	193	45	34	340	294974	295930	3.6e-11	67.6
NCVOG4344-consensus	scaffold_9	32.88	292	182	14	47	336	293039	293875	1.5e-15	82.1
NCVOG4344-consensus	scaffold_13	25.40	248	173	12	128	374	199516	200223	4.3e-11	67.3
NCVOG4344-consensus	scaffold_15	30.05	193	123	12	235	423	103531	102984	4.3e-11	67.3
NCVOG4344-consensus	scaffold_2	33.01	103	67	2	234	336	71376	71675	7.4e-11	66.5
NCVOG4344-consensus	scaffold_16	25.80	314	211	22	15	327	32766	31891	7.4e-11	66.5
NCVOG4344-consensus	scaffold_10	27.80	259	172	15	77	328	242548	243293	7.4e-11	66.5
NCVOG2246-consensus	scaffold_6	34.52	394	236	22	30	422	212416	211301	2.1e-49	194.5
NCVOG2246-consensus	scaffold_5	34.59	425	255	23	32	453	222084	220873	1.9e-43	174.7
NCVOG2246-consensus	scaffold_5	35.17	435	256	26	28	453	220762	219514	3.5e-48	190.4
NCVOG4116-consensus	scaffold_2	30.10	206	136	8	238	436	595199	595810	3.9e-12	70.6
NCVOG0226-consensus	scaffold_5	35.33	150	88	9	33	182	754135	753716	4e-14	75.6
NCVOG0226-consensus	scaffold_22	38.40	125	68	9	17	141	148283	147939	1.8e-11	68.5
NCVOG4170-consensus	scaffold_7	31.60	231	140	18	129	344	136598	135928	6.5e-17	86.1
NCVOG1006-consensus	scaffold_1	31.22	189	112	18	11	181	485320	484757	1.8e-23	107.0
NCVOG1006-consensus	scaffold_3	24.16	178	124	11	9	176	691479	690952	3.2e-20	96.2
NCVOG1006-consensus	scaffold_8	26.26	198	117	29	15	183	118239	117649	3.2e-16	82.9
NCVOG1006-consensus	scaffold_9	29.41	119	67	17	73	179	407981	407643	1.5e-11	67.4
NCVOG0720-consensus	scaffold_6	30.77	169	103	14	4	170	705876	706343	2.7e-13	72.8
NCVOG4487-consensus	scaffold_5	30.16	252	118	58	272	482	338984	339681	1e-12	72.9
NCVOG0273-consensus	scaffold_5	32.86	210	118	23	15	203	265123	265739	6.3e-16	82.1
