NCVOG4069-consensus	NODE_42_length_43790_cov_97.854574	31.90	116	75	4	157	272	3978	3646	4.8e-13	80.2
NCVOG4698-consensus	NODE_364_length_16162_cov_68.393597	44.83	29	16	0	120	148	12507	12424	4.9e-17	91.9
NCVOG4698-consensus	NODE_3997_length_778_cov_74.208274	23.53	68	51	1	137	203	432	232	1.2e-15	82.9
NCVOG4698-consensus	NODE_1291_length_4975_cov_66.682728	61.11	18	7	0	131	148	2702	2752	5.4e-14	80.0
NCVOG4698-consensus	NODE_1986_length_2856_cov_56.766823	50.00	22	11	0	131	152	2484	2422	5.7e-14	79.2
NCVOG4698-consensus	NODE_2_length_84164_cov_86.753160	48.39	31	16	0	74	104	55641	55552	1.6e-13	82.5
NCVOG4698-consensus	NODE_2592_length_1958_cov_81.097289	56.52	23	9	1	500	521	392	331	2.9e-12	72.9
NCVOG4698-consensus	NODE_879_length_7319_cov_100.074289	36.36	33	21	0	20	52	2750	2655	4.2e-12	74.3
NCVOG4698-consensus	NODE_5611_length_167_cov_154.855556	56.25	16	7	0	137	152	126	82	6.8e-12	68.2
NCVOG4698-consensus	NODE_4882_length_256_cov_110.055866	56.25	16	7	0	137	152	131	175	1.6e-11	67.5
NCVOG4698-consensus	NODE_374_length_15989_cov_83.156360	23.53	85	64	1	20	104	2239	2487	2.1e-11	73.1
NCVOG4698-consensus	NODE_92_length_33034_cov_105.583907	61.11	18	7	0	131	148	1128	1078	2.8e-11	73.7
NCVOG4698-consensus	NODE_800_length_8145_cov_79.485250	41.38	29	17	0	455	483	2090	2007	5.5e-11	70.8
NCVOG4698-consensus	NODE_4742_length_288_cov_2.104265	31.58	76	49	3	295	368	51	264	6.8e-11	65.6
NCVOG4698-consensus	NODE_4529_length_340_cov_77.855513	56.25	16	7	0	137	152	299	255	9.5e-11	65.4
NCVOG0321-consensus	NODE_72_length_36962_cov_195.291555	27.79	457	286	44	71	503	1037	2324	6.6e-13	79.3
NCVOG4113-consensus	NODE_1291_length_4975_cov_66.682728	26.00	400	273	23	8	394	1389	225	1.7e-15	84.6
NCVOG4113-consensus	NODE_239_length_20910_cov_72.503912	36.15	213	122	14	57	262	1956	2570	2.3e-15	86.3
NCVOG4113-consensus	NODE_3248_length_1342_cov_67.662451	27.91	387	253	26	11	382	109	1231	5.4e-15	81.1
NCVOG4113-consensus	NODE_1179_length_5528_cov_55.123280	28.27	375	240	29	29	381	4214	3126	2.2e-14	81.1
NCVOG4113-consensus	NODE_705_length_9249_cov_72.635095	29.37	269	175	15	41	301	385	1167	3.5e-13	77.8
NCVOG4113-consensus	NODE_368_length_16123_cov_67.801820	29.41	238	152	16	39	268	8061	8747	8.5e-12	74.1
NCVOG4113-consensus	NODE_857_length_7550_cov_73.992373	29.97	287	169	32	98	375	7108	6320	6.8e-11	70.0
NCVOG0669-consensus	NODE_1123_length_5882_cov_53.442377	31.94	191	102	28	277	442	4703	5263	3.7e-12	74.0
NCVOG0121-consensus	NODE_2616_length_1919_cov_60.838219	20.97	124	90	8	25	143	1311	952	8.4e-16	83.4
NCVOG0121-consensus	NODE_1592_length_3838_cov_125.040947	25.40	126	83	11	67	183	421	789	3.1e-12	72.5
NCVOG0121-consensus	NODE_1147_length_5730_cov_84.841202	30.51	59	41	0	88	146	1401	1228	8.6e-12	71.6
NCVOG0333-consensus	NODE_1326_length_4821_cov_54.684233	52.70	74	32	3	605	678	4440	4649	4.6e-11	70.7
NCVOG0333-consensus	NODE_231_length_21561_cov_86.563902	42.50	120	51	18	599	709	21173	21502	9.7e-11	71.8
NCVOG0333-consensus	NODE_231_length_21561_cov_86.563902	44.55	110	45	16	607	709	20747	21046	6.7e-11	72.3
NCVOG0233-consensus	NODE_1267_length_5082_cov_84.506592	25.34	880	530	127	61	862	4611	2128	4.7e-42	174.0
NCVOG0233-consensus	NODE_366_length_16151_cov_103.513500	33.12	927	488	132	55	855	10479	13236	1.5e-37	160.7
NCVOG0233-consensus	NODE_167_length_26025_cov_93.036111	33.82	884	419	166	132	853	22881	25507	3.5e-37	160.2
NCVOG0233-consensus	NODE_620_length_10692_cov_89.205370	25.84	898	558	108	18	840	9192	6631	2.9e-36	155.8
NCVOG0233-consensus	NODE_1610_length_3788_cov_75.601725	27.47	699	322	185	133	656	1662	3715	1e-20	102.7
NCVOG0233-consensus	NODE_637_length_10343_cov_78.670563	24.58	716	334	206	162	674	6980	9095	4.4e-17	92.1
NCVOG0233-consensus	NODE_439_length_14322_cov_83.068014	31.89	900	409	204	136	833	3603	917	1.3e-13	81.0
NCVOG0233-consensus	NODE_1231_length_5261_cov_81.986880	31.11	405	226	53	482	833	3582	4785	1.8e-13	79.1
NCVOG0233-consensus	NODE_695_length_9478_cov_81.999255	33.81	278	146	38	499	738	7854	8680	4.8e-13	78.5
NCVOG0233-consensus	NODE_823_length_7842_cov_52.946297	23.84	688	306	218	203	677	2898	4935	8.5e-13	77.4
NCVOG0233-consensus	NODE_759_length_8516_cov_86.542481	31.40	933	422	218	38	758	5300	8059	1.3e-12	76.9
NCVOG0233-consensus	NODE_537_length_11847_cov_75.757434	22.35	716	447	109	110	815	6712	8547	1.5e-11	73.9
NCVOG0033-consensus	NODE_1241_length_5221_cov_80.731337	25.23	753	478	85	30	740	3039	931	8.1e-12	73.4
NCVOG0023-consensus	NODE_616_length_10792_cov_69.138124	27.68	596	369	62	222	788	7124	5455	2.8e-39	165.9
NCVOG0023-consensus	NODE_3699_length_1011_cov_4016.211991	31.77	299	194	10	522	816	6	881	1.9e-30	133.1
NCVOG0023-consensus	NODE_346_length_17028_cov_60.110082	30.16	431	262	39	376	786	5909	4689	1.4e-27	127.6
NCVOG0023-consensus	NODE_346_length_17028_cov_60.110082	32.48	234	152	6	424	657	119	799	3.8e-24	116.2
NCVOG0023-consensus	NODE_1455_length_4274_cov_127.164840	29.44	231	150	13	422	645	152	815	5.2e-12	73.9
NCVOG1013-consensus	NODE_231_length_21561_cov_86.563902	34.30	379	193	56	201	548	1335	2393	5.7e-51	205.4
NCVOG0013-consensus	NODE_459_length_13902_cov_82.921881	23.14	510	332	60	93	569	9871	11312	1.3e-11	73.8
NCVOG0013-consensus	NODE_9_length_64699_cov_87.173996	27.69	242	145	30	128	339	29878	30596	4e-11	74.3
NCVOG4582-consensus	NODE_1598_length_3829_cov_111.336620	22.75	167	125	4	153	319	2174	1689	4e-17	89.5
NCVOG4582-consensus	NODE_620_length_10692_cov_89.205370	29.23	130	80	12	148	273	885	1247	5.5e-16	87.2
NCVOG4582-consensus	NODE_829_length_7759_cov_74.162067	27.44	164	107	12	125	277	1318	833	2.5e-15	84.5
NCVOG4582-consensus	NODE_1682_length_3576_cov_88.609603	25.26	190	128	14	128	308	3562	3023	2.3e-12	73.6
NCVOG4582-consensus	NODE_2307_length_2349_cov_78.836708	31.11	90	60	2	219	308	762	502	2e-11	69.8
NCVOG4582-consensus	NODE_30_length_48784_cov_85.348471	30.30	99	62	7	174	267	11240	10953	6e-11	72.6
NCVOG4631-consensus	NODE_4529_length_340_cov_77.855513	42.50	40	23	0	353	392	305	189	1.2e-13	75.9
NCVOG4631-consensus	NODE_2592_length_1958_cov_81.097289	30.67	75	46	6	318	392	575	372	9.5e-12	72.1
NCVOG4631-consensus	NODE_361_length_16243_cov_112.909934	50.00	32	15	1	350	380	1104	1012	1.4e-11	74.6
NCVOG4631-consensus	NODE_5611_length_167_cov_154.855556	40.48	42	22	3	354	392	132	10	9.8e-11	65.2
NCVOG0763-consensus	NODE_1598_length_3829_cov_111.336620	25.27	277	188	19	43	313	2633	1845	5.8e-30	131.9
NCVOG0763-consensus	NODE_8_length_66864_cov_82.463473	43.40	106	58	2	203	306	52917	53231	4.7e-26	123.1
NCVOG0763-consensus	NODE_3395_length_1221_cov_66.537587	33.33	111	69	5	197	305	609	289	9.5e-22	103.0
NCVOG0763-consensus	NODE_351_length_16717_cov_76.759570	28.95	228	147	15	94	313	9413	10066	1e-20	103.4
NCVOG0763-consensus	NODE_4331_length_433_cov_117.129213	39.78	93	54	2	201	292	123	395	5.2e-20	95.7
NCVOG0763-consensus	NODE_931_length_6928_cov_106.644140	33.33	114	71	5	198	311	6527	6204	9.9e-20	98.8
NCVOG0763-consensus	NODE_931_length_6928_cov_106.644140	34.62	104	66	2	205	306	6050	5742	1.1e-14	82.0
NCVOG0763-consensus	NODE_462_length_13741_cov_101.571429	31.87	182	109	15	140	310	10076	10602	1e-18	96.4
NCVOG0763-consensus	NODE_829_length_7759_cov_74.162067	24.65	288	200	17	28	303	1150	305	9e-18	92.5
NCVOG0763-consensus	NODE_2386_length_2223_cov_42.985089	32.86	140	69	25	196	310	1491	1907	8.8e-17	87.4
NCVOG0763-consensus	NODE_2973_length_1580_cov_79.402528	20.00	120	95	1	192	311	1420	1067	9.2e-17	86.8
NCVOG0763-consensus	NODE_861_length_7488_cov_109.049386	27.21	294	184	30	25	312	1103	297	9.7e-17	89.0
NCVOG0763-consensus	NODE_197_length_23628_cov_85.143433	26.60	297	186	32	6	293	10765	11583	9.9e-17	90.6
NCVOG0763-consensus	NODE_2997_length_1557_cov_69.864865	40.24	82	49	0	212	293	983	741	1.5e-16	86.1
NCVOG0763-consensus	NODE_1648_length_3658_cov_82.043830	46.25	80	41	2	233	311	1078	1311	1.7e-16	87.2
NCVOG0763-consensus	NODE_1648_length_3658_cov_82.043830	43.48	92	48	4	222	311	1609	1871	1.2e-15	84.4
NCVOG0763-consensus	NODE_12_length_63115_cov_90.241093	26.36	110	79	2	205	313	10423	10100	2.1e-16	90.9
NCVOG0763-consensus	NODE_141_length_28062_cov_78.858496	30.83	120	80	3	190	309	17617	17270	5.3e-16	88.5
NCVOG0763-consensus	NODE_133_length_28591_cov_70.526128	39.64	111	65	2	198	306	16222	16551	5.4e-16	88.4
NCVOG0763-consensus	NODE_1306_length_4931_cov_83.580140	28.07	114	82	0	198	311	1026	688	6.4e-16	85.7
NCVOG0763-consensus	NODE_2983_length_1569_cov_124.695710	20.58	311	234	13	4	305	386	1303	1e-15	83.3
NCVOG0763-consensus	NODE_1589_length_3843_cov_55.247477	24.66	146	108	2	164	307	1680	2106	2e-15	83.7
NCVOG0763-consensus	NODE_4103_length_638_cov_108.918004	31.43	105	69	3	210	311	636	325	3.7e-15	80.2
NCVOG0763-consensus	NODE_2974_length_1579_cov_53.617843	38.18	110	57	11	190	294	431	739	4.5e-15	81.2
NCVOG0763-consensus	NODE_14_length_58709_cov_82.008323	32.77	119	74	6	197	311	443	96	2.5e-14	84.0
NCVOG0763-consensus	NODE_4330_length_433_cov_126.103933	29.46	112	76	3	204	312	81	413	4.1e-14	76.1
NCVOG0763-consensus	NODE_4063_length_683_cov_63.034653	29.46	112	78	1	198	308	320	652	4.6e-14	76.7
NCVOG0763-consensus	NODE_1696_length_3545_cov_50.205306	33.60	125	69	14	189	304	1323	969	5.4e-14	78.8
NCVOG0763-consensus	NODE_375_length_15984_cov_82.582762	30.87	149	100	3	166	312	11860	12300	8.6e-14	80.3
NCVOG0763-consensus	NODE_676_length_9681_cov_55.503853	29.63	135	90	5	182	311	5392	4993	1.9e-13	78.4
NCVOG0763-consensus	NODE_410_length_15113_cov_77.674248	32.39	142	90	6	176	313	4988	5404	2.1e-13	78.9
NCVOG0763-consensus	NODE_1380_length_4578_cov_38.282922	32.41	108	72	1	190	297	748	431	3.2e-13	76.6
NCVOG0763-consensus	NODE_2567_length_1987_cov_133.621466	29.91	117	79	3	198	311	1464	1811	4.7e-13	74.8
NCVOG0763-consensus	NODE_976_length_6669_cov_65.695995	46.15	65	34	1	194	257	6411	6598	5.2e-13	76.4
NCVOG0763-consensus	NODE_1287_length_4995_cov_63.624314	29.46	112	77	2	196	307	247	573	5.8e-13	75.9
NCVOG0763-consensus	NODE_378_length_15887_cov_69.979829	23.20	125	92	4	187	310	11899	11537	6e-13	77.5
NCVOG0763-consensus	NODE_4452_length_365_cov_67.340278	33.90	118	71	7	198	311	346	5	6.1e-13	72.0
NCVOG0763-consensus	NODE_451_length_14102_cov_70.003209	32.73	110	71	3	193	299	3658	3984	8.3e-13	76.8
NCVOG0763-consensus	NODE_854_length_7563_cov_69.142933	43.59	78	44	0	227	304	1010	780	1.6e-12	75.0
NCVOG0763-consensus	NODE_998_length_6492_cov_56.400779	26.01	173	118	10	145	312	952	1452	2.1e-12	74.4
NCVOG0763-consensus	NODE_1347_length_4703_cov_75.346736	29.00	100	67	4	209	307	35	322	2.3e-12	73.8
NCVOG0763-consensus	NODE_4918_length_251_cov_4.252874	30.00	70	49	0	230	299	34	240	2.6e-12	69.4
NCVOG0763-consensus	NODE_459_length_13902_cov_82.921881	25.13	187	138	2	95	281	1245	694	3.5e-12	74.7
NCVOG0763-consensus	NODE_2573_length_1978_cov_218.616193	24.02	229	168	6	87	313	1001	1672	8.6e-12	70.6
NCVOG0763-consensus	NODE_456_length_14002_cov_76.156050	23.12	160	116	7	150	308	11366	10908	9.3e-12	73.3
NCVOG0763-consensus	NODE_1304_length_4936_cov_78.204157	37.50	80	50	0	229	308	1720	1956	1.1e-11	71.7
NCVOG0763-consensus	NODE_627_length_10545_cov_88.584734	45.45	77	36	6	232	308	3907	3698	1.1e-11	72.8
NCVOG0763-consensus	NODE_3747_length_984_cov_168.382580	32.75	171	104	11	148	311	68	561	4e-11	67.4
NCVOG0763-consensus	NODE_485_length_13007_cov_103.934261	38.89	108	66	0	204	311	11280	11600	5.9e-11	70.6
NCVOG0763-consensus	NODE_1304_length_4936_cov_78.204157	31.03	116	76	4	197	310	2697	2359	7.3e-11	68.9
NCVOG0763-consensus	NODE_142_length_28046_cov_96.107405	38.10	105	63	2	204	308	10073	9768	9.7e-11	71.0
NCVOG4723-consensus	NODE_2186_length_2546_cov_40.200891	28.21	78	53	3	101	178	456	677	1.7e-26	119.9
NCVOG4723-consensus	NODE_1584_length_3854_cov_104.372585	31.71	41	28	0	229	269	986	1105	3.3e-21	103.0
NCVOG4723-consensus	NODE_2072_length_2704_cov_102.812714	34.88	43	26	2	79	121	246	127	2e-19	96.6
NCVOG4723-consensus	NODE_157_length_27308_cov_97.357497	27.78	36	26	0	168	203	6640	6744	7.4e-18	94.7
NCVOG4723-consensus	NODE_1773_length_3338_cov_83.015333	33.33	36	24	0	168	203	970	1074	2e-17	90.2
NCVOG4723-consensus	NODE_1427_length_4379_cov_60.569270	34.78	23	15	0	198	220	2457	2392	1.1e-16	88.1
NCVOG4723-consensus	NODE_11293_length_128_cov_74.235294	41.67	24	13	1	114	136	86	18	3.6e-16	81.4
NCVOG4723-consensus	NODE_11392_length_127_cov_216.820000	40.00	30	18	0	175	204	11	97	1.5e-15	79.2
NCVOG4723-consensus	NODE_105_length_31232_cov_95.290579	56.25	16	7	0	164	179	18898	18942	3e-15	86.2
NCVOG4723-consensus	NODE_13721_length_103_cov_110.884615	34.62	26	17	0	146	171	83	9	5.6e-15	77.1
NCVOG4723-consensus	NODE_4855_length_262_cov_2.400000	29.73	74	42	10	145	217	43	234	5.7e-14	75.1
NCVOG4723-consensus	NODE_2808_length_1731_cov_55.123942	50.00	22	10	1	320	341	436	377	3.3e-13	75.3
NCVOG4723-consensus	NODE_14810_length_96_cov_164.263158	38.46	26	16	0	70	95	82	8	4.3e-13	70.7
NCVOG4723-consensus	NODE_11431_length_127_cov_144.560000	40.00	30	17	1	175	203	117	31	5.6e-13	70.7
NCVOG4723-consensus	NODE_7334_length_149_cov_73.638889	46.43	28	13	2	179	205	114	39	6.5e-13	70.8
NCVOG4723-consensus	NODE_12505_length_125_cov_71.208333	35.71	28	18	0	175	202	117	37	2.4e-12	68.6
NCVOG4723-consensus	NODE_5762_length_155_cov_4925.282051	35.71	28	18	0	220	247	133	53	2.9e-12	68.6
NCVOG4723-consensus	NODE_14502_length_96_cov_223.736842	32.26	31	20	1	148	177	1	86	8.2e-12	66.5
NCVOG4723-consensus	NODE_2230_length_2479_cov_87.255620	52.94	17	8	0	26	42	299	252	8.7e-12	71.1
NCVOG4723-consensus	NODE_488_length_12910_cov_84.259877	70.00	10	3	0	332	341	9743	9717	9.1e-12	73.4
NCVOG4723-consensus	NODE_9490_length_145_cov_68.617647	35.71	28	18	0	175	202	136	56	1.2e-11	66.5
NCVOG4723-consensus	NODE_8676_length_146_cov_84.695652	36.00	25	16	0	179	203	35	106	1.2e-11	66.5
NCVOG4723-consensus	NODE_284_length_19116_cov_93.926887	36.00	50	31	1	260	309	7284	7141	1.3e-11	73.4
NCVOG4723-consensus	NODE_11543_length_127_cov_104.560000	35.29	34	20	2	175	206	117	19	4.6e-11	64.4
NCVOG4723-consensus	NODE_1844_length_3186_cov_83.529109	52.94	17	8	0	154	170	1239	1286	4.8e-11	69.0
NCVOG4723-consensus	NODE_7595_length_148_cov_87.295775	34.62	26	17	0	175	200	136	62	5.3e-11	64.4
NCVOG4723-consensus	NODE_3648_length_1042_cov_35.276684	66.67	12	4	0	109	120	979	947	7.4e-11	66.7
NCVOG4723-consensus	NODE_1248_length_5202_cov_52.585366	32.50	40	27	0	199	238	2101	1985	7.5e-11	69.0
NCVOG4723-consensus	NODE_158_length_27168_cov_76.140954	45.83	24	13	0	196	219	6865	6933	7.9e-11	71.3
NCVOG4675-consensus	NODE_4529_length_340_cov_77.855513	33.96	53	35	0	533	585	305	150	3.7e-11	67.0
NCVOG0073-consensus	NODE_847_length_7647_cov_80.534346	39.82	653	349	44	16	640	2575	668	9e-159	562.4
NCVOG0073-consensus	NODE_1553_length_3941_cov_75.390843	35.32	722	368	99	19	666	3630	1543	1.9e-71	271.4
NCVOG0073-consensus	NODE_859_length_7519_cov_95.777643	26.53	554	358	49	12	521	622	2259	4.4e-67	257.8
NCVOG0073-consensus	NODE_2419_length_2170_cov_87.160535	36.20	569	297	66	148	668	51	1698	1e-50	201.7
NCVOG0073-consensus	NODE_1966_length_2893_cov_64.009230	37.99	708	346	93	28	665	396	2437	2.2e-50	201.0
NCVOG0073-consensus	NODE_2156_length_2585_cov_84.672249	40.03	612	297	70	28	586	2163	392	1.4e-46	188.2
NCVOG0073-consensus	NODE_1874_length_3125_cov_103.880577	24.04	782	480	114	24	715	2859	599	2.4e-18	94.7
NCVOG0073-consensus	NODE_4221_length_514_cov_75.370709	34.97	143	80	13	28	167	75	470	3e-17	88.4
NCVOG0073-consensus	NODE_2278_length_2392_cov_62.495896	31.20	125	85	1	260	383	814	443	5.6e-17	89.7
NCVOG4643-consensus	NODE_361_length_16243_cov_112.909934	38.89	54	23	10	102	154	1092	961	2.5e-16	88.9
NCVOG4643-consensus	NODE_4529_length_340_cov_77.855513	44.12	34	17	2	101	134	323	231	5.1e-13	72.3
NCVOG4643-consensus	NODE_4613_length_318_cov_80.539419	35.29	34	22	0	101	134	188	90	4.5e-12	69.1
NCVOG4643-consensus	NODE_121_length_29228_cov_86.446503	40.48	42	23	2	91	132	19459	19575	1.2e-11	74.2
NCVOG4643-consensus	NODE_2592_length_1958_cov_81.097289	38.71	31	19	0	102	132	458	369	1.6e-11	69.9
NCVOG4643-consensus	NODE_787_length_8234_cov_111.427976	28.21	39	28	0	111	149	3286	3399	5.7e-11	70.1
NCVOG2653-consensus	NODE_1356_length_4666_cov_97.732186	21.66	277	192	25	147	410	3273	4056	8.3e-13	75.6
NCVOG2653-consensus	NODE_409_length_15176_cov_82.598715	20.79	279	192	29	145	402	13152	13955	1e-12	77.1
NCVOG2653-consensus	NODE_309_length_18293_cov_86.322464	24.87	197	131	17	55	240	7580	8143	2.8e-11	72.5
NCVOG1068-consensus	NODE_103_length_31729_cov_78.429925	50.00	156	70	8	88	237	4155	3705	1.9e-25	119.6
NCVOG1068-consensus	NODE_857_length_7550_cov_73.992373	46.76	139	66	8	100	234	497	98	1.5e-18	94.6
NCVOG4543-consensus	NODE_341_length_17152_cov_71.868279	30.99	71	46	3	8	78	9611	9411	3e-11	72.6
NCVOG4523-consensus	NODE_2518_length_2038_cov_81.580826	26.82	440	221	101	446	818	706	1914	6.4e-15	82.9
NCVOG5323-consensus	NODE_1017_length_6391_cov_102.538486	59.09	22	8	1	351	371	2922	2980	8.9e-14	79.4
NCVOG5323-consensus	NODE_939_length_6900_cov_84.471347	33.33	60	38	2	353	411	3655	3486	1e-12	76.0
NCVOG5323-consensus	NODE_11717_length_127_cov_81.500000	33.33	36	24	0	184	219	8	112	5.8e-12	67.7
NCVOG5323-consensus	NODE_2247_length_2449_cov_47.224283	28.95	38	27	0	275	312	1722	1832	6.9e-12	71.7
NCVOG5123-consensus	NODE_3355_length_1253_cov_266.526361	35.58	104	57	10	35	134	728	446	7.7e-11	66.2
NCVOG1353-consensus	NODE_182_length_25141_cov_87.562799	53.08	859	270	133	66	793	11070	13619	8.2e-78	295.0
NCVOG1353-consensus	NODE_623_length_10620_cov_99.731955	51.44	871	273	150	70	794	3661	6246	4.6e-72	274.6
NCVOG5135-consensus	NODE_127_length_28904_cov_109.460263	31.16	138	77	18	2	138	23089	23448	1.7e-12	76.1
NCVOG5135-consensus	NODE_1304_length_4936_cov_78.204157	32.50	80	53	1	3	82	1997	1764	7.4e-12	71.4
NCVOG5135-consensus	NODE_913_length_7041_cov_69.576680	23.53	136	96	8	3	137	2572	2955	1.1e-11	71.3
NCVOG4123-consensus	NODE_231_length_21561_cov_86.563902	33.64	217	111	33	86	296	1140	1706	2.3e-18	96.3
NCVOG0433-consensus	NODE_33_length_47967_cov_91.105053	33.33	45	30	0	78	122	19606	19737	3.1e-12	75.5
NCVOG4035-consensus	NODE_1987_length_2855_cov_72.914687	30.34	89	55	7	10	91	2139	2398	3e-12	71.2
NCVOG4035-consensus	NODE_2889_length_1648_cov_83.161680	30.39	102	65	6	8	106	856	567	8.3e-12	69.0
NCVOG4035-consensus	NODE_93_length_33013_cov_83.386295	34.62	52	33	1	17	68	9463	9612	2.5e-11	71.7
NCVOG4035-consensus	NODE_1433_length_4348_cov_23.765340	22.08	77	60	0	17	93	1990	2217	4e-11	68.1
NCVOG0213-consensus	NODE_410_length_15113_cov_77.674248	35.56	135	70	17	13	131	4940	5338	7.9e-12	72.6
NCVOG0213-consensus	NODE_2508_length_2054_cov_40.077896	50.68	73	31	5	62	129	1449	1664	9.6e-12	69.5
NCVOG0305-consensus	NODE_733_length_8895_cov_50.000340	34.85	132	82	4	786	917	1085	705	4.4e-11	72.8
NCVOG4804-consensus	NODE_3067_length_1500_cov_96.835559	62.96	108	37	3	70	177	317	6	3e-25	114.3
NCVOG4804-consensus	NODE_355_length_16558_cov_82.463896	60.34	116	43	3	65	180	14473	14808	6.4e-25	116.7
NCVOG4804-consensus	NODE_313_length_18062_cov_91.548902	60.34	116	43	3	65	180	16152	15817	7.1e-25	116.6
NCVOG0282-consensus	NODE_735_length_8874_cov_86.078777	36.07	122	74	4	400	518	6534	6175	2e-12	76.3
NCVOG0282-consensus	NODE_3314_length_1291_cov_60.451400	35.90	117	59	16	413	522	1174	854	3.1e-12	73.0
NCVOG0282-consensus	NODE_131_length_28783_cov_88.321361	28.79	330	189	46	333	627	2945	3892	2e-11	74.7
NCVOG0282-consensus	NODE_576_length_11263_cov_80.331218	33.81	139	87	5	360	498	10084	9686	4.2e-11	72.3
NCVOG4883-consensus	NODE_238_length_21105_cov_96.395758	30.41	490	244	97	40	460	11821	13195	7.1e-69	264.2
NCVOG4883-consensus	NODE_211_length_22659_cov_78.225179	27.35	117	81	4	235	348	4561	4899	2e-15	86.8
NCVOG0360-consensus	NODE_311_length_18256_cov_108.782881	44.44	315	150	25	24	315	11814	10879	2.2e-31	139.0
NCVOG0979-consensus	NODE_2895_length_1644_cov_151.534780	45.33	364	150	49	4	320	77	1155	1.2e-34	146.5
NCVOG4520-consensus	NODE_829_length_7759_cov_74.162067	26.87	134	90	8	120	245	1315	917	1.3e-30	135.7
NCVOG4520-consensus	NODE_829_length_7759_cov_74.162067	27.34	128	81	12	125	250	883	533	7.1e-22	106.7
NCVOG4520-consensus	NODE_1589_length_3843_cov_55.247477	24.20	219	148	18	88	302	1763	2370	4.3e-24	113.0
NCVOG4520-consensus	NODE_485_length_13007_cov_103.934261	24.79	117	87	1	131	246	11668	11325	4.8e-20	101.3
NCVOG4520-consensus	NODE_485_length_13007_cov_103.934261	29.76	84	55	4	130	212	11293	11058	2.5e-14	82.4
NCVOG4520-consensus	NODE_2739_length_1786_cov_78.862493	20.73	82	65	0	142	223	1180	938	3.1e-14	79.2
NCVOG4520-consensus	NODE_116_length_29765_cov_95.910098	38.46	65	35	5	138	197	12183	12374	2e-13	80.5
NCVOG4520-consensus	NODE_588_length_11130_cov_77.076450	31.37	102	62	8	93	193	5804	6085	1.1e-12	76.7
NCVOG4520-consensus	NODE_459_length_13902_cov_82.921881	34.92	63	40	1	127	188	972	787	1.2e-12	76.8
NCVOG4520-consensus	NODE_459_length_13902_cov_82.921881	21.65	97	72	4	92	184	1419	1132	1.2e-12	76.8
NCVOG4520-consensus	NODE_2032_length_2783_cov_48.240207	22.31	121	88	6	154	274	358	699	4.3e-12	72.7
NCVOG4520-consensus	NODE_1682_length_3576_cov_88.609603	23.02	126	88	9	145	263	3448	3080	5.2e-11	69.5
NCVOG4520-consensus	NODE_1385_length_4572_cov_64.103003	28.89	90	54	10	134	213	3045	2779	6.2e-11	69.6
NCVOG0921-consensus	NODE_154_length_27393_cov_99.492971	30.23	43	30	0	22	64	4150	4275	6.8e-13	76.0
NCVOG0921-consensus	NODE_2775_length_1758_cov_66.100535	32.73	55	30	7	10	57	1432	1271	2.5e-12	70.1
NCVOG0921-consensus	NODE_638_length_10334_cov_108.242956	32.50	40	27	0	17	56	9863	9747	9.9e-12	70.7
NCVOG0921-consensus	NODE_194_length_23791_cov_97.672514	42.86	21	12	0	37	57	14575	14516	1.2e-11	71.6
NCVOG0921-consensus	NODE_1299_length_4955_cov_102.592046	43.24	37	18	3	33	66	4347	4454	2.2e-11	68.5
NCVOG4664-consensus	NODE_571_length_11344_cov_78.818852	38.64	44	27	0	159	202	7870	7998	2.8e-13	78.2
NCVOG4664-consensus	NODE_1347_length_4703_cov_75.346736	25.53	94	61	9	163	247	161	439	4.9e-11	69.5
NCVOG4704-consensus	NODE_1955_length_2910_cov_72.334981	30.56	36	25	0	1	36	976	872	9.7e-13	72.6
NCVOG4704-consensus	NODE_1645_length_3672_cov_62.063978	35.29	34	22	0	2	35	2915	3013	3.6e-12	71.0
NCVOG4074-consensus	NODE_2851_length_1685_cov_39.343284	25.68	74	53	2	72	145	633	421	2.6e-11	67.8
NCVOG2734-consensus	NODE_386_length_15676_cov_87.247708	30.69	202	132	8	53	250	2741	2151	2.4e-12	76.7
NCVOG0274-consensus	NODE_1077_length_6084_cov_109.294323	29.63	1090	553	214	159	1039	4882	1641	2.8e-37	159.1
NCVOG0274-consensus	NODE_652_length_10085_cov_108.467026	36.52	1498	712	239	96	1373	8674	4253	4.9e-25	119.2
NCVOG0274-consensus	NODE_652_length_10085_cov_108.467026	55.41	74	27	6	42	114	8902	8703	4.3e-15	86.1
NCVOG0274-consensus	NODE_169_length_25958_cov_85.647232	30.29	1466	687	335	201	1345	18234	13920	1.4e-23	115.7
NCVOG0074-consensus	NODE_847_length_7647_cov_80.534346	63.79	638	202	29	5	613	2566	656	4.4e-132	473.2
NCVOG0074-consensus	NODE_2156_length_2585_cov_84.672249	54.83	673	228	76	14	611	2163	163	9e-86	317.8
NCVOG0074-consensus	NODE_1966_length_2893_cov_64.009230	51.58	663	246	75	14	603	396	2365	7e-82	305.0
NCVOG0074-consensus	NODE_2419_length_2170_cov_87.160535	43.78	555	248	64	136	637	78	1704	1.7e-62	240.2
NCVOG0074-consensus	NODE_1553_length_3941_cov_75.390843	44.95	663	292	73	12	616	3555	1615	8.7e-60	232.1
NCVOG0074-consensus	NODE_859_length_7519_cov_95.777643	32.90	538	303	58	19	500	682	2280	1.1e-42	176.2
NCVOG0074-consensus	NODE_4221_length_514_cov_75.370709	42.48	113	61	4	27	138	114	440	5.9e-16	83.6
NCVOG0074-consensus	NODE_2278_length_2392_cov_62.495896	32.04	181	99	24	236	394	811	280	5.4e-12	72.6
NCVOG1299-consensus	NODE_1007_length_6430_cov_51.873446	51.11	90	44	0	62	151	5907	6173	3.5e-17	89.2
NCVOG4614-consensus	NODE_127_length_28904_cov_109.460263	25.99	177	109	22	62	233	23086	23562	2.3e-14	83.0
NCVOG5214-consensus	NODE_1176_length_5540_cov_67.955519	24.26	136	87	16	91	218	4268	3888	2.5e-14	80.0
NCVOG5214-consensus	NODE_2973_length_1580_cov_79.402528	31.03	87	56	4	124	209	1417	1169	2.5e-12	71.6
NCVOG4324-consensus	NODE_22_length_51980_cov_103.235530	28.76	525	291	83	139	588	20775	19232	3.4e-13	81.0
NCVOG0244-consensus	NODE_18_length_53638_cov_95.190232	23.00	487	337	38	62	530	7850	9237	2.3e-24	118.0
NCVOG0244-consensus	NODE_18_length_53638_cov_95.190232	26.74	273	178	22	49	316	6965	7721	3.5e-21	107.4
NCVOG0244-consensus	NODE_386_length_15676_cov_87.247708	26.92	234	159	12	27	250	2803	2115	1.2e-22	110.6
NCVOG0244-consensus	NODE_197_length_23628_cov_85.143433	26.64	244	162	17	153	379	12569	13297	9.8e-18	94.8
NCVOG0244-consensus	NODE_2784_length_1753_cov_41.053699	19.81	308	229	18	97	397	1664	785	2.1e-13	76.7
NCVOG0244-consensus	NODE_165_length_26388_cov_89.205161	25.83	422	273	40	16	398	24581	25826	7.8e-12	75.4
NCVOG0134-consensus	NODE_5563_length_172_cov_67.747368	31.82	44	27	3	1	41	3	131	8.8e-11	63.0
NCVOG0304-consensus	NODE_131_length_28783_cov_88.321361	36.30	135	77	9	71	201	2954	3340	8.5e-11	71.8
NCVOG0214-consensus	NODE_451_length_14102_cov_70.003209	32.47	231	141	15	284	509	6885	7540	3.2e-14	82.9
NCVOG0214-consensus	NODE_12_length_63115_cov_90.241093	29.68	219	150	4	284	500	10700	10057	5e-12	77.7
NCVOG0276-consensus	NODE_245_length_20642_cov_85.664511	51.44	381	86	99	59	340	16957	18088	1.7e-72	275.9
NCVOG0276-consensus	NODE_24_length_50133_cov_159.868989	26.24	404	200	98	50	357	19345	18149	4.1e-25	119.8
NCVOG0689-consensus	NODE_485_length_13007_cov_103.934261	23.08	468	318	42	1	435	11950	10589	9.7e-14	80.5
NCVOG0689-consensus	NODE_2592_length_1958_cov_81.097289	30.43	138	94	2	6	142	623	216	7e-11	68.3
NCVOG2204-consensus	NODE_71_length_37042_cov_86.557744	32.96	355	180	58	142	442	5991	4956	1e-12	78.4
NCVOG4620-consensus	NODE_2015_length_2815_cov_96.617969	29.81	161	106	7	364	520	2204	2674	3.4e-11	69.9
NCVOG0387-consensus	NODE_3740_length_987_cov_120.919780	24.74	97	69	4	213	309	150	425	4.9e-12	70.4
NCVOG0640-consensus	NODE_3113_length_1474_cov_30.602004	24.53	106	74	6	147	249	778	1083	8.2e-11	66.6
NCVOG4540-consensus	NODE_47_length_42283_cov_92.715853	33.72	86	53	4	4	88	41402	41647	9.1e-13	77.2
NCVOG4665-consensus	NODE_2592_length_1958_cov_81.097289	32.04	103	59	11	412	514	566	294	5.1e-24	111.9
NCVOG4665-consensus	NODE_127_length_28904_cov_109.460263	36.70	109	60	9	412	512	22981	23301	1.2e-21	108.0
NCVOG4665-consensus	NODE_127_length_28904_cov_109.460263	30.00	110	70	7	410	516	23311	23625	9.5e-18	95.0
NCVOG4665-consensus	NODE_854_length_7563_cov_69.142933	38.46	78	46	2	441	516	778	1008	1.5e-17	92.4
NCVOG4665-consensus	NODE_5611_length_167_cov_154.855556	36.54	52	33	0	461	512	162	10	1.1e-13	74.1
NCVOG4665-consensus	NODE_226_length_21856_cov_102.973508	41.51	53	29	2	458	508	2413	2568	3.3e-13	79.5
NCVOG4665-consensus	NODE_939_length_6900_cov_84.471347	31.87	91	56	6	400	490	3697	3446	4.2e-13	77.5
NCVOG4665-consensus	NODE_361_length_16243_cov_112.909934	47.92	48	22	3	465	512	1119	988	5.4e-13	78.4
NCVOG4665-consensus	NODE_341_length_17152_cov_71.868279	39.29	56	33	1	441	495	9599	9435	9.2e-13	77.7
NCVOG4665-consensus	NODE_4529_length_340_cov_77.855513	36.00	75	33	15	440	514	323	147	1.1e-12	71.8
NCVOG4665-consensus	NODE_4613_length_318_cov_80.539419	38.36	73	32	13	440	512	188	12	5.6e-11	66.0
NCVOG0160-consensus	NODE_847_length_7647_cov_80.534346	22.83	254	181	15	164	408	5496	4756	4.6e-18	94.4
NCVOG4767-consensus	NODE_2592_length_1958_cov_81.097289	40.38	52	28	3	364	415	473	330	3.3e-20	99.0
NCVOG4767-consensus	NODE_4529_length_340_cov_77.855513	36.17	47	30	0	372	418	317	180	9.1e-19	91.7
NCVOG4767-consensus	NODE_4613_length_318_cov_80.539419	35.19	54	30	5	363	411	167	9	1.8e-17	87.3
NCVOG4767-consensus	NODE_1542_length_3992_cov_52.418646	37.50	48	30	0	363	410	1378	1518	9.8e-13	75.3
NCVOG4767-consensus	NODE_226_length_21856_cov_102.973508	33.33	93	53	9	334	422	2305	2565	1.5e-12	77.1
NCVOG4767-consensus	NODE_939_length_6900_cov_84.471347	32.35	68	44	2	361	428	3673	3479	3.6e-11	70.8
NCVOG1340-consensus	NODE_4103_length_638_cov_108.918004	24.32	148	108	4	78	223	41	475	4.5e-14	76.2
NCVOG0030-consensus	NODE_157_length_27308_cov_97.357497	31.56	621	260	165	26	490	16401	14579	2.1e-16	91.0
NCVOG0030-consensus	NODE_822_length_7858_cov_84.510731	28.25	832	453	144	39	747	3664	1257	9.6e-15	83.7
NCVOG4494-consensus	NODE_1318_length_4867_cov_76.632777	30.54	239	135	31	18	230	2542	1844	9.6e-14	79.1
NCVOG4494-consensus	NODE_2652_length_1875_cov_60.239711	28.33	360	224	34	10	355	94	1104	1.5e-11	70.5
NCVOG4494-consensus	NODE_2924_length_1619_cov_36.562905	44.53	128	64	7	78	203	1009	652	3.3e-11	69.1
NCVOG4494-consensus	NODE_190_length_24163_cov_92.180437	36.89	206	125	5	17	219	17041	17641	6.2e-11	72.1
NCVOG0267-consensus	NODE_893_length_7214_cov_55.474989	30.91	372	213	44	321	658	210	1284	4.3e-14	82.0
NCVOG0267-consensus	NODE_217_length_22328_cov_97.219990	31.12	421	244	46	323	720	20218	21400	5.4e-11	73.3
NCVOG0267-consensus	NODE_689_length_9508_cov_80.778496	25.33	383	244	42	325	673	6525	7644	5.9e-11	72.0
NCVOG4507-consensus	NODE_2592_length_1958_cov_81.097289	30.84	107	72	2	19	124	689	375	9.2e-32	138.8
NCVOG4507-consensus	NODE_4529_length_340_cov_77.855513	54.84	31	14	0	94	124	317	228	7.4e-24	110.0
NCVOG4507-consensus	NODE_226_length_21856_cov_102.973508	51.35	37	15	3	88	124	2449	2547	6.3e-22	109.6
NCVOG4507-consensus	NODE_127_length_28904_cov_109.460263	23.76	181	123	15	2	182	22978	23472	8.5e-20	103.0
NCVOG4507-consensus	NODE_114_length_29880_cov_93.132000	50.00	36	17	1	82	117	21331	21230	9.4e-19	99.6
NCVOG4507-consensus	NODE_1542_length_3992_cov_52.418646	54.84	31	13	1	95	124	1393	1482	3.8e-18	94.6
NCVOG4507-consensus	NODE_1380_length_4578_cov_38.282922	28.21	78	54	2	49	124	453	683	2e-17	92.5
NCVOG4507-consensus	NODE_4882_length_256_cov_110.055866	39.29	56	28	6	483	535	92	247	2.5e-16	84.6
NCVOG4507-consensus	NODE_361_length_16243_cov_112.909934	58.82	34	12	2	92	123	1092	994	2e-15	87.6
NCVOG4507-consensus	NODE_5611_length_167_cov_154.855556	38.18	55	30	4	482	535	162	10	2.2e-15	80.9
NCVOG4507-consensus	NODE_659_length_9971_cov_46.389389	22.09	86	67	0	33	118	8599	8345	7.5e-15	85.0
NCVOG4507-consensus	NODE_2739_length_1786_cov_78.862493	46.43	28	15	0	88	115	1156	1076	3.5e-14	80.3
NCVOG4507-consensus	NODE_152_length_27449_cov_99.600541	28.99	69	49	0	69	137	19778	19575	1.3e-13	82.3
NCVOG4507-consensus	NODE_4613_length_318_cov_80.539419	33.78	74	39	10	483	549	215	6	1.6e-13	75.6
NCVOG4507-consensus	NODE_1986_length_2856_cov_56.766823	41.46	41	23	1	102	141	2472	2355	2.2e-13	78.3
NCVOG4507-consensus	NODE_5504_length_178_cov_107.693069	50.00	24	12	0	89	112	72	4	2.7e-13	74.0
NCVOG4507-consensus	NODE_1291_length_4975_cov_66.682728	29.17	72	49	2	49	118	2561	2767	6.3e-13	77.6
NCVOG4507-consensus	NODE_92_length_33034_cov_105.583907	27.14	70	51	0	49	118	1272	1066	1.6e-12	79.0
NCVOG4507-consensus	NODE_2473_length_2107_cov_33.868966	39.39	33	20	0	89	121	540	445	9.9e-12	72.4
NCVOG4507-consensus	NODE_2386_length_2223_cov_42.985089	27.47	182	111	21	30	192	1282	1818	1e-11	72.4
NCVOG4507-consensus	NODE_143_length_28044_cov_74.796124	45.83	24	13	0	496	519	16533	16465	1.6e-11	75.4
NCVOG4507-consensus	NODE_1971_length_2883_cov_100.952602	40.74	27	16	0	94	120	2470	2547	5.6e-11	70.3
NCVOG4507-consensus	NODE_341_length_17152_cov_71.868279	48.00	25	13	0	91	115	9515	9444	6.2e-11	72.8
NCVOG4507-consensus	NODE_854_length_7563_cov_69.142933	31.51	73	46	4	96	168	748	951	9.1e-11	71.0
NCVOG0517-consensus	NODE_1589_length_3843_cov_55.247477	31.19	295	178	25	62	339	1628	2485	8.6e-15	81.7
NCVOG0517-consensus	NODE_485_length_13007_cov_103.934261	20.51	351	257	22	3	340	12019	11003	1.5e-11	72.7
NCVOG0037-consensus	NODE_845_length_7651_cov_86.558226	43.96	439	166	80	90	451	6243	7539	5.5e-32	141.5
NCVOG0037-consensus	NODE_2698_length_1822_cov_102.095702	43.45	557	205	110	445	891	1759	102	7e-25	115.8
NCVOG0037-consensus	NODE_352_length_16592_cov_92.626400	41.58	1152	428	245	115	1022	10910	14339	5.7e-19	99.3
NCVOG2674-consensus	NODE_1244_length_5218_cov_64.474616	24.59	122	89	3	6	124	3081	2723	1.4e-13	76.6
NCVOG0117-consensus	NODE_829_length_7759_cov_74.162067	33.55	152	93	8	338	487	1360	928	5.4e-19	97.3
NCVOG0117-consensus	NODE_976_length_6669_cov_65.695995	41.94	93	47	7	327	412	6327	6598	4.5e-15	84.1
NCVOG0117-consensus	NODE_1589_length_3843_cov_55.247477	25.00	224	158	10	327	540	1754	2422	1.2e-12	75.3
NCVOG0117-consensus	NODE_361_length_16243_cov_112.909934	39.71	68	41	0	355	422	935	1135	1.2e-11	73.9
NCVOG0117-consensus	NODE_2592_length_1958_cov_81.097289	19.11	157	110	17	349	504	713	294	1.4e-11	70.7
NCVOG0117-consensus	NODE_2997_length_1557_cov_69.864865	75.00	36	9	0	372	407	520	416	2.2e-11	69.7
NCVOG0117-consensus	NODE_4331_length_433_cov_117.129213	53.49	43	20	0	370	412	135	260	3.1e-11	67.4
NCVOG0117-consensus	NODE_292_length_18810_cov_76.940800	22.73	198	141	12	310	500	14231	13656	7.8e-11	71.5
NCVOG0007-consensus	NODE_1_length_88318_cov_81.767387	33.50	400	197	69	20	350	60147	58953	3e-13	81.2
NCVOG4795-consensus	NODE_76_length_35354_cov_84.660345	43.33	30	17	0	227	256	10372	10286	1.4e-13	80.6
NCVOG4795-consensus	NODE_2567_length_1987_cov_133.621466	21.09	147	108	8	32	176	1467	1886	7.6e-11	67.3
NCVOG4795-consensus	NODE_10_length_63954_cov_100.638790	32.56	43	29	0	169	211	38284	38159	7.7e-11	72.3
NCVOG1025-consensus	NODE_4331_length_433_cov_117.129213	34.38	32	21	0	57	88	214	306	1.8e-11	65.6
NCVOG1115-consensus	NODE_1523_length_4050_cov_3510.030456	26.36	330	205	38	82	406	2615	3502	1e-17	91.7
NCVOG4814-consensus	NODE_127_length_28904_cov_109.460263	23.87	222	159	10	207	422	22969	23619	2.9e-12	76.7
NCVOG0284-consensus	NODE_1245_length_5217_cov_87.229767	26.51	347	169	86	38	309	3548	4542	2.4e-13	77.3
NCVOG0284-consensus	NODE_2327_length_2311_cov_81.902865	31.85	157	69	38	182	305	939	1391	8.1e-13	74.3
NCVOG0284-consensus	NODE_2161_length_2578_cov_40.337865	30.47	256	132	46	82	310	1723	2428	1.2e-12	73.9
NCVOG0284-consensus	NODE_2507_length_2054_cov_80.090035	32.53	166	80	32	182	321	1062	588	2.4e-12	72.6
NCVOG4493-consensus	NODE_1262_length_5120_cov_50.745191	30.34	89	52	10	76	161	5071	4829	1.9e-19	97.1
NCVOG4493-consensus	NODE_1708_length_3517_cov_73.655814	28.38	74	53	0	156	229	3291	3073	5.7e-19	95.0
NCVOG4493-consensus	NODE_1538_length_3998_cov_30.149197	32.61	46	30	1	153	197	2191	2061	1.2e-12	74.2
NCVOG4493-consensus	NODE_2386_length_2223_cov_42.985089	24.80	125	90	4	123	243	1769	1398	3.3e-12	71.8
NCVOG4493-consensus	NODE_1159_length_5664_cov_30.656882	24.59	61	45	1	153	212	1852	1673	1.5e-11	71.0
NCVOG4493-consensus	NODE_2189_length_2543_cov_52.696675	30.16	63	41	3	85	146	926	1105	3.8e-11	68.5
NCVOG0806-consensus	NODE_53_length_39736_cov_84.548350	42.14	439	165	89	89	447	15957	17235	8.6e-19	98.7
NCVOG0329-consensus	NODE_485_length_13007_cov_103.934261	24.33	637	431	51	228	849	12388	10595	1.3e-14	84.8
NCVOG0029-consensus	NODE_28_length_49333_cov_82.300694	29.39	524	231	139	71	456	29767	28214	9.8e-16	89.2
NCVOG0029-consensus	NODE_765_length_8447_cov_83.113381	33.04	230	132	22	251	460	1550	2222	2.4e-11	72.1
NCVOG0395-consensus	NODE_129_length_28895_cov_83.398348	42.50	80	46	0	3	82	13066	13302	1.3e-24	115.3
NCVOG0395-consensus	NODE_803_length_8124_cov_83.970797	55.36	56	23	2	1	56	820	978	3.6e-22	105.3
NCVOG0873-consensus	NODE_2273_length_2396_cov_174.514015	28.40	81	52	6	31	110	854	1078	1.4e-11	68.9
NCVOG1064-consensus	NODE_3128_length_1457_cov_41.697101	50.00	40	20	0	15	54	776	660	8.7e-18	89.3
NCVOG4646-consensus	NODE_4529_length_340_cov_77.855513	25.33	75	53	3	278	352	326	114	3.2e-25	113.6
NCVOG4646-consensus	NODE_5611_length_167_cov_154.855556	33.33	51	32	2	278	328	153	10	5.7e-25	111.8
NCVOG4646-consensus	NODE_2739_length_1786_cov_78.862493	34.38	64	38	4	273	332	1168	984	2.1e-20	100.0
NCVOG4646-consensus	NODE_2592_length_1958_cov_81.097289	28.57	70	49	1	278	346	497	291	4.8e-20	99.0
NCVOG4646-consensus	NODE_4882_length_256_cov_110.055866	40.62	32	14	5	278	304	116	208	3.7e-17	86.4
NCVOG4646-consensus	NODE_4613_length_318_cov_80.539419	27.42	62	43	2	281	342	185	9	7.2e-16	82.4
NCVOG4646-consensus	NODE_13240_length_113_cov_148.027778	32.43	37	23	2	279	315	110	9	1e-14	77.1
NCVOG4646-consensus	NODE_6018_length_155_cov_116.179487	28.00	50	35	1	279	328	152	9	2.5e-14	76.3
NCVOG4646-consensus	NODE_5504_length_178_cov_107.693069	47.83	23	10	2	278	300	63	4	8.6e-14	74.7
NCVOG4646-consensus	NODE_11482_length_127_cov_115.400000	35.71	28	17	1	441	467	86	10	4.6e-12	68.5
NCVOG4646-consensus	NODE_3627_length_1056_cov_37.567926	30.61	49	29	5	155	198	870	727	4e-11	68.4
NCVOG0566-consensus	NODE_4529_length_340_cov_77.855513	29.63	108	71	5	84	191	320	15	1.2e-11	67.8
NCVOG4154-consensus	NODE_485_length_13007_cov_103.934261	29.96	247	164	9	60	299	11608	10877	4e-16	87.7
NCVOG4154-consensus	NODE_485_length_13007_cov_103.934261	34.11	214	127	14	56	260	12250	11627	1.3e-12	76.1
NCVOG4683-consensus	NODE_59_length_38578_cov_122.924547	31.25	48	33	0	72	119	32253	32113	4.6e-16	88.1
NCVOG4683-consensus	NODE_9926_length_143_cov_69.090909	38.64	44	26	1	93	135	4	130	6.3e-12	66.3
NCVOG5256-consensus	NODE_14554_length_99_cov_212.000000	41.94	31	18	0	246	276	5	94	9.8e-13	70.6
NCVOG0984-consensus	NODE_1578_length_3879_cov_2407.293267	27.46	142	85	18	91	219	2234	1827	8.4e-18	91.1
NCVOG0984-consensus	NODE_1732_length_3466_cov_73.736796	27.08	96	66	4	49	142	655	377	1.1e-16	87.2
NCVOG0984-consensus	NODE_697_length_9409_cov_67.120982	26.56	64	46	1	6	68	6991	7179	2.1e-14	81.1
NCVOG0984-consensus	NODE_2108_length_2661_cov_27.074690	25.89	112	74	9	2	108	2501	2181	1.1e-13	76.9
NCVOG0984-consensus	NODE_1428_length_4372_cov_35.572992	28.81	59	39	3	86	144	2174	2338	1.6e-13	77.0
NCVOG0984-consensus	NODE_1294_length_4968_cov_78.826007	28.38	74	47	6	98	167	3709	3919	4.4e-13	75.8
NCVOG0984-consensus	NODE_1560_length_3928_cov_69.019216	29.69	64	45	0	42	105	1232	1420	8.8e-13	74.4
NCVOG0984-consensus	NODE_662_length_9880_cov_61.470774	37.14	35	22	0	57	91	9676	9777	1.8e-12	74.7
NCVOG0984-consensus	NODE_2451_length_2134_cov_32.094312	28.12	64	46	0	7	70	1590	1402	7.7e-12	70.4
NCVOG0984-consensus	NODE_776_length_8330_cov_115.609475	26.42	106	68	10	20	115	4201	4513	9.5e-12	72.1
NCVOG0984-consensus	NODE_344_length_17077_cov_83.455176	29.51	61	40	3	19	79	15395	15565	1.7e-11	72.3
NCVOG0984-consensus	NODE_4182_length_547_cov_398.631915	25.60	125	85	8	21	142	131	485	3.7e-11	66.2
NCVOG0984-consensus	NODE_1016_length_6396_cov_80.673208	36.67	60	36	2	33	91	963	794	4.5e-11	69.4
NCVOG0789-consensus	NODE_1217_length_5335_cov_71.646824	36.94	222	101	39	17	202	3831	3178	5.6e-21	102.0
NCVOG0356-consensus	NODE_1254_length_5161_cov_82.346971	32.73	55	35	2	298	352	1995	1840	2.3e-11	71.2
NCVOG4036-consensus	NODE_101_length_31859_cov_77.885201	35.42	48	30	1	23	69	9770	9910	3.2e-12	74.5
NCVOG1326-consensus	NODE_1290_length_4986_cov_58.518232	42.24	116	55	12	43	152	982	1308	3.1e-15	82.4
NCVOG0326-consensus	NODE_2_length_84164_cov_86.753160	40.91	198	105	12	269	463	73851	73292	5.9e-14	83.8
NCVOG0326-consensus	NODE_7_length_67604_cov_99.397545	29.26	516	279	86	7	467	31839	33272	1.3e-13	82.4
NCVOG0326-consensus	NODE_72_length_36962_cov_195.291555	34.11	343	196	30	144	467	1360	2330	6.2e-13	79.2
NCVOG0222-consensus	NODE_2939_length_1606_cov_102.973185	23.74	455	314	33	72	504	1343	15	2.1e-18	93.0
NCVOG0002-consensus	NODE_2954_length_1597_cov_118.240132	30.66	437	256	47	355	758	1512	247	6.8e-29	128.6
NCVOG0002-consensus	NODE_193_length_23849_cov_102.314530	30.10	608	350	75	269	833	22275	20565	1.2e-24	118.4
NCVOG0585-consensus	NODE_700_length_9393_cov_82.053564	27.61	402	242	49	138	513	8044	9171	1.7e-77	291.8
NCVOG0585-consensus	NODE_700_length_9393_cov_82.053564	47.73	44	21	2	327	368	9178	9306	5.4e-22	107.5
NCVOG0585-consensus	NODE_805_length_8084_cov_162.478896	30.29	208	115	30	321	512	7355	7933	1.2e-45	185.8
NCVOG0585-consensus	NODE_13516_length_107_cov_2.066667	54.84	31	14	0	483	513	105	16	4.4e-29	124.6
NCVOG0585-consensus	NODE_2197_length_2533_cov_54.855863	39.62	53	31	1	316	367	1700	1855	1.9e-24	113.7
NCVOG0585-consensus	NODE_1176_length_5540_cov_67.955519	16.70	455	343	36	4	440	4750	3447	2e-19	98.2
NCVOG0585-consensus	NODE_1176_length_5540_cov_67.955519	25.76	198	130	17	27	216	5314	4755	5.6e-14	80.1
NCVOG0585-consensus	NODE_10106_length_138_cov_79.196721	43.24	37	21	0	444	480	2	109	7e-18	87.7
NCVOG0585-consensus	NODE_1158_length_5677_cov_47.891549	27.08	96	60	10	313	398	1333	1049	1.2e-16	88.9
NCVOG0585-consensus	NODE_676_length_9681_cov_55.503853	21.54	65	51	0	439	503	5315	5124	1.9e-16	89.1
NCVOG0585-consensus	NODE_1082_length_6058_cov_1608.435379	34.26	108	59	12	17	120	4355	4063	1.9e-16	88.4
NCVOG0585-consensus	NODE_3802_length_947_cov_36.362069	28.40	81	57	1	40	119	886	647	6.4e-16	84.0
NCVOG0585-consensus	NODE_52_length_39831_cov_88.635710	32.94	85	52	5	423	503	26332	26084	4.6e-15	86.6
NCVOG0585-consensus	NODE_2212_length_2501_cov_60.921205	20.00	185	140	8	314	497	651	121	6.4e-15	82.1
NCVOG0585-consensus	NODE_12_length_63115_cov_90.241093	29.12	182	100	29	213	381	42302	42796	1.2e-14	85.8
NCVOG0585-consensus	NODE_7901_length_148_cov_66.591549	36.36	33	21	0	31	63	6	101	4.9e-14	75.1
NCVOG0585-consensus	NODE_1944_length_2937_cov_69.470280	23.59	195	128	21	26	215	1622	1089	1.5e-13	77.7
NCVOG0585-consensus	NODE_111_length_30474_cov_78.449076	26.91	249	148	34	255	497	21280	21923	4.1e-13	79.7
NCVOG0585-consensus	NODE_3192_length_1381_cov_19.139571	36.84	38	24	0	19	56	887	777	5.2e-13	74.9
NCVOG0585-consensus	NODE_904_length_7123_cov_132.135822	31.25	96	60	6	9	99	5702	5421	2.5e-12	75.0
NCVOG0585-consensus	NODE_2973_length_1580_cov_79.402528	20.71	169	130	4	328	494	1402	905	1e-11	70.7
NCVOG0585-consensus	NODE_4060_length_686_cov_83.824302	22.02	109	78	7	298	404	625	317	6e-11	67.0
NCVOG4579-consensus	NODE_1606_length_3798_cov_78.858103	42.31	52	29	1	199	249	837	989	2.2e-13	76.8
NCVOG4579-consensus	NODE_386_length_15676_cov_87.247708	30.34	89	62	0	195	283	2447	2184	6.7e-11	70.6
NCVOG2775-consensus	NODE_197_length_23628_cov_85.143433	31.45	318	212	6	155	470	12518	13454	8e-30	135.0
NCVOG2775-consensus	NODE_386_length_15676_cov_87.247708	32.38	281	165	25	146	403	2947	2118	1.9e-20	103.3
NCVOG2775-consensus	NODE_165_length_26388_cov_89.205161	27.11	332	219	23	12	338	23969	24901	4.9e-17	92.7
NCVOG2775-consensus	NODE_165_length_26388_cov_89.205161	27.85	438	245	71	59	453	25081	26295	4.9e-17	92.7
NCVOG2775-consensus	NODE_205_length_22990_cov_69.299786	28.95	380	229	41	212	574	6974	8032	1.8e-11	74.0
NCVOG2775-consensus	NODE_1270_length_5073_cov_77.093675	27.83	406	256	37	18	403	2993	4144	1.8e-11	71.8
NCVOG4575-consensus	NODE_5611_length_167_cov_154.855556	35.00	40	26	0	63	102	144	28	9.2e-11	63.6
NCVOG4735-consensus	NODE_196_length_23657_cov_79.776124	26.32	76	54	2	177	250	22213	22433	1.9e-13	81.1
NCVOG4735-consensus	NODE_2739_length_1786_cov_78.862493	30.34	89	57	5	189	277	1195	947	1.3e-12	74.6
NCVOG4735-consensus	NODE_5611_length_167_cov_154.855556	34.21	38	25	0	189	226	144	34	1e-11	68.1
NCVOG4735-consensus	NODE_2592_length_1958_cov_81.097289	36.84	38	24	0	189	226	482	372	3.8e-11	69.8
NCVOG1175-consensus	NODE_2825_length_1708_cov_104.837523	34.87	195	118	9	2	194	1144	1704	1.1e-19	96.2
NCVOG0729-consensus	NODE_359_length_16335_cov_84.678538	38.94	470	207	80	2	398	7477	8850	8.7e-25	117.7
NCVOG4625-consensus	NODE_99_length_32118_cov_86.752879	32.00	75	49	2	177	249	5741	5522	2.4e-24	116.8
NCVOG4625-consensus	NODE_4613_length_318_cov_80.539419	29.51	61	38	5	174	230	185	9	8.7e-21	98.3
NCVOG4625-consensus	NODE_121_length_29228_cov_86.446503	30.77	65	38	7	176	233	19480	19671	1.2e-20	104.3
NCVOG4625-consensus	NODE_127_length_28904_cov_109.460263	31.75	63	41	2	167	229	23083	23262	5.9e-20	102.1
NCVOG4625-consensus	NODE_2592_length_1958_cov_81.097289	36.59	41	26	0	189	229	470	351	2.2e-19	96.3
NCVOG4625-consensus	NODE_5611_length_167_cov_154.855556	28.85	52	35	2	163	214	156	10	1.6e-18	89.8
NCVOG4625-consensus	NODE_1944_length_2937_cov_69.470280	27.71	83	56	4	169	247	2397	2152	4.3e-17	89.3
NCVOG4625-consensus	NODE_4882_length_256_cov_110.055866	35.90	39	24	1	189	226	134	247	1.5e-16	83.9
NCVOG4625-consensus	NODE_4529_length_340_cov_77.855513	29.58	71	43	7	163	232	329	138	8.2e-16	81.9
NCVOG4625-consensus	NODE_485_length_13007_cov_103.934261	22.73	198	139	14	168	360	12061	11504	1.9e-15	85.9
NCVOG4625-consensus	NODE_485_length_13007_cov_103.934261	24.59	61	46	0	168	228	11404	11225	4.3e-15	84.8
NCVOG4625-consensus	NODE_1304_length_4936_cov_78.204157	27.42	62	44	1	165	226	2021	1842	2.4e-15	84.2
NCVOG4625-consensus	NODE_2262_length_2418_cov_50.149936	35.42	48	29	2	184	229	396	256	6.5e-15	81.7
NCVOG4625-consensus	NODE_226_length_21856_cov_102.973508	29.79	94	60	6	143	234	2314	2580	9.6e-15	84.3
NCVOG4625-consensus	NODE_2739_length_1786_cov_78.862493	21.92	73	57	0	162	234	1288	1073	1.3e-14	80.3
NCVOG4625-consensus	NODE_1380_length_4578_cov_38.282922	25.00	72	52	2	158	229	471	677	4.7e-14	79.8
NCVOG4625-consensus	NODE_1542_length_3992_cov_52.418646	30.36	56	36	3	176	228	1354	1518	6.8e-14	79.1
NCVOG4625-consensus	NODE_854_length_7563_cov_69.142933	32.18	87	56	3	168	251	778	1029	2.5e-12	74.8
NCVOG4625-consensus	NODE_724_length_9004_cov_80.242484	28.33	60	43	0	175	234	6073	5897	4.3e-12	74.3
NCVOG4625-consensus	NODE_1205_length_5421_cov_62.601235	26.61	109	78	2	43	150	1579	1899	4.4e-12	73.5
NCVOG4625-consensus	NODE_361_length_16243_cov_112.909934	32.50	40	27	0	193	232	1092	976	5.3e-12	74.8
NCVOG4625-consensus	NODE_939_length_6900_cov_84.471347	28.12	96	63	6	138	229	3769	3491	9.3e-12	72.8
NCVOG4625-consensus	NODE_1903_length_3043_cov_64.015499	25.61	82	57	4	148	229	1795	2025	1.8e-11	70.6
NCVOG4625-consensus	NODE_696_length_9440_cov_71.762495	27.27	99	67	5	133	229	6030	6314	5.5e-11	70.7
NCVOG4625-consensus	NODE_1316_length_4882_cov_96.417274	39.39	33	20	0	202	234	2414	2319	7.9e-11	69.2
NCVOG5103-consensus	NODE_658_length_9976_cov_103.604000	43.18	88	44	6	450	533	1297	1043	7e-16	88.3
NCVOG5103-consensus	NODE_485_length_13007_cov_103.934261	28.98	245	169	5	257	499	11935	11213	1.1e-15	88.0
NCVOG5103-consensus	NODE_1768_length_3361_cov_32.348660	35.96	89	52	5	442	529	1539	1290	1.3e-12	75.8
NCVOG4343-consensus	NODE_3420_length_1204_cov_50.126886	32.03	128	85	2	67	194	845	471	2.5e-11	68.9
NCVOG4874-consensus	NODE_376_length_15965_cov_53.133497	35.89	404	188	71	33	367	13361	14561	3.4e-27	125.1
NCVOG4874-consensus	NODE_376_length_15965_cov_53.133497	37.62	404	198	54	16	367	11687	12879	5.9e-27	124.3
NCVOG4001-consensus	NODE_165_length_26388_cov_89.205161	28.30	318	202	26	46	353	24506	25404	6.8e-17	92.2
NCVOG4001-consensus	NODE_386_length_15676_cov_87.247708	27.76	335	202	40	24	341	2909	1977	1.7e-11	73.6
NCVOG4535-consensus	NODE_226_length_21856_cov_102.973508	30.84	107	53	21	707	813	2314	2568	3.6e-21	107.2
NCVOG4535-consensus	NODE_5611_length_167_cov_154.855556	33.96	53	30	5	774	825	147	4	2.3e-16	84.2
NCVOG4535-consensus	NODE_4529_length_340_cov_77.855513	33.33	60	29	11	764	823	332	189	4.2e-16	84.4
NCVOG4535-consensus	NODE_127_length_28904_cov_109.460263	37.78	45	28	0	769	813	23146	23277	7.6e-16	89.9
NCVOG4535-consensus	NODE_2592_length_1958_cov_81.097289	29.76	84	51	8	759	840	506	278	4e-15	83.6
NCVOG4535-consensus	NODE_4613_length_318_cov_80.539419	33.33	57	27	11	769	825	176	42	4.6e-15	80.8
NCVOG4535-consensus	NODE_1542_length_3992_cov_52.418646	39.13	46	24	4	769	814	1399	1521	3.3e-12	75.0
NCVOG5415-consensus	NODE_881_length_7309_cov_81.686809	29.71	138	89	8	51	184	7114	6724	6.9e-19	96.4
NCVOG5415-consensus	NODE_2295_length_2362_cov_26.107612	34.62	78	42	9	63	139	2035	2241	3.1e-11	69.3
NCVOG5415-consensus	NODE_213_length_22643_cov_82.046085	27.18	103	73	2	19	119	750	1055	3.3e-11	72.5
NCVOG0605-consensus	NODE_490_length_12904_cov_64.624932	30.24	248	156	17	221	468	8940	9629	1.3e-16	90.0
NCVOG0605-consensus	NODE_696_length_9440_cov_71.762495	40.16	127	70	6	355	481	5398	5757	1.9e-15	85.7
NCVOG0605-consensus	NODE_2973_length_1580_cov_79.402528	36.26	171	90	19	318	487	1405	950	9.4e-15	80.8
NCVOG0605-consensus	NODE_2015_length_2815_cov_96.617969	29.55	176	111	13	318	488	2135	2635	4.8e-12	72.6
NCVOG0605-consensus	NODE_2592_length_1958_cov_81.097289	28.10	242	147	27	205	442	812	159	1.5e-11	70.5
NCVOG0605-consensus	NODE_82_length_34604_cov_79.806499	27.76	281	184	19	198	469	7601	8410	1.6e-11	74.6
NCVOG2639-consensus	NODE_1990_length_2848_cov_74.058463	42.68	82	43	4	61	138	612	854	1.5e-13	76.3
NCVOG0772-consensus	NODE_2137_length_2621_cov_31.480739	24.63	203	139	14	40	235	137	717	2.1e-11	69.4
NCVOG4619-consensus	NODE_3032_length_1534_cov_162.813315	40.54	37	21	1	38	73	587	484	1.8e-11	69.1
NCVOG1136-consensus	NODE_11_length_63414_cov_87.996874	39.47	375	110	117	220	479	26873	25768	8.8e-12	76.2
NCVOG0698-consensus	NODE_3514_length_1144_cov_32.452671	23.92	209	127	32	70	267	806	252	7.7e-11	66.5
NCVOG0059-consensus	NODE_450_length_14122_cov_77.427219	28.08	317	184	44	71	360	10108	9224	2.7e-11	72.3
NCVOG1049-consensus	NODE_1719_length_3495_cov_112.899356	24.91	281	166	45	2	237	1238	405	1.8e-17	90.4
NCVOG0529-consensus	NODE_1258_length_5149_cov_69.921136	28.57	231	145	20	104	320	1080	409	4.1e-14	79.8
NCVOG4778-consensus	NODE_5611_length_167_cov_154.855556	35.14	37	19	5	197	233	141	49	4e-19	91.7
NCVOG4778-consensus	NODE_2592_length_1958_cov_81.097289	30.49	82	44	13	181	262	521	318	3.5e-17	88.8
NCVOG4778-consensus	NODE_4529_length_340_cov_77.855513	40.54	37	15	7	197	233	314	228	1e-16	84.8
NCVOG4778-consensus	NODE_4882_length_256_cov_110.055866	45.45	22	12	0	212	233	140	202	3.7e-13	72.5
NCVOG4778-consensus	NODE_4613_length_318_cov_80.539419	45.45	22	12	0	212	233	179	117	9.4e-13	71.5
NCVOG4778-consensus	NODE_7532_length_148_cov_97.028169	37.14	35	22	0	186	220	139	38	4.5e-12	68.2
NCVOG4778-consensus	NODE_14532_length_100_cov_216.894737	50.00	16	8	0	350	365	39	83	2.6e-11	65.0
NCVOG4778-consensus	NODE_4932_length_249_cov_2.581395	38.60	57	31	4	117	169	16	181	6.5e-11	65.0
NCVOG4498-consensus	NODE_958_length_6783_cov_86.446168	27.55	98	65	6	44	135	2766	2476	7e-17	90.3
NCVOG4498-consensus	NODE_4741_length_288_cov_2.104265	39.74	78	39	8	28	102	247	44	2.6e-15	80.6
NCVOG3091-consensus	NODE_98_length_32121_cov_84.141961	29.23	195	126	12	45	230	14112	14676	1.8e-12	76.5
NCVOG4655-consensus	NODE_127_length_28904_cov_109.460263	24.81	258	172	22	76	325	23089	23817	4.9e-21	105.6
NCVOG4655-consensus	NODE_4529_length_340_cov_77.855513	33.70	92	54	7	69	159	335	81	1.8e-17	87.3
NCVOG4655-consensus	NODE_4613_length_318_cov_80.539419	35.48	62	40	0	80	141	191	9	2.1e-14	77.0
NCVOG4655-consensus	NODE_2592_length_1958_cov_81.097289	22.46	236	144	39	4	232	804	204	3e-14	79.1
NCVOG4655-consensus	NODE_5611_length_167_cov_154.855556	32.69	52	35	0	71	122	162	10	5.1e-13	71.5
NCVOG4655-consensus	NODE_913_length_7041_cov_69.576680	28.87	142	83	18	65	206	2491	2859	6.3e-13	76.6
NCVOG4662-consensus	NODE_762_length_8482_cov_67.726981	30.59	85	52	7	113	190	407	654	3.9e-11	71.0
NCVOG1298-consensus	NODE_1205_length_5421_cov_62.601235	23.74	257	179	17	310	557	2326	1589	7.6e-11	69.9
NCVOG1272-consensus	NODE_1241_length_5221_cov_80.731337	24.04	1219	788	138	399	1531	4500	1017	8.7e-22	108.0
NCVOG0450-consensus	NODE_231_length_21561_cov_86.563902	28.01	382	246	29	57	419	1032	2144	2.1e-14	83.3
NCVOG0552-consensus	NODE_2592_length_1958_cov_81.097289	34.41	93	57	4	64	154	482	213	2e-11	68.7
NCVOG2955-consensus	NODE_2846_length_1691_cov_33.048947	25.23	214	145	15	11	212	138	755	3.3e-11	68.0
NCVOG4522-consensus	NODE_1962_length_2901_cov_52.017351	54.02	87	40	0	329	415	922	1179	3.6e-20	99.5
NCVOG4522-consensus	NODE_2967_length_1585_cov_56.445623	40.59	202	69	51	292	442	77	677	7.4e-12	71.0
NCVOG4502-consensus	NODE_4529_length_340_cov_77.855513	31.08	74	49	2	577	650	317	105	2.5e-38	157.8
NCVOG4502-consensus	NODE_5611_length_167_cov_154.855556	34.78	46	30	0	575	620	144	10	4.4e-32	136.0
NCVOG4502-consensus	NODE_2592_length_1958_cov_81.097289	41.30	46	25	2	576	621	476	348	5.2e-30	132.7
NCVOG4502-consensus	NODE_4613_length_318_cov_80.539419	31.67	60	40	1	575	634	182	9	5.7e-29	126.6
NCVOG4502-consensus	NODE_4882_length_256_cov_110.055866	36.36	44	26	2	577	620	125	247	2.3e-23	107.7
NCVOG4502-consensus	NODE_9424_length_145_cov_71.750000	37.21	43	27	0	550	592	4	129	9.9e-20	94.7
NCVOG4502-consensus	NODE_4452_length_365_cov_67.340278	33.00	100	65	2	450	547	340	50	5.6e-18	90.3
NCVOG4502-consensus	NODE_4103_length_638_cov_108.918004	25.00	112	83	1	436	547	381	52	2.7e-17	88.8
NCVOG4502-consensus	NODE_3499_length_1155_cov_74.437848	26.72	131	90	6	446	571	450	68	6.4e-16	85.1
NCVOG4502-consensus	NODE_17943_length_79_cov_394.500000	36.36	22	14	0	575	596	74	12	7.5e-15	77.7
NCVOG4502-consensus	NODE_2567_length_1987_cov_133.621466	28.06	139	97	3	440	576	1521	1931	2.4e-14	80.7
NCVOG4502-consensus	NODE_5504_length_178_cov_107.693069	50.00	18	9	0	575	592	54	4	3.3e-14	76.7
NCVOG4502-consensus	NODE_6018_length_155_cov_116.179487	26.09	46	31	3	575	620	152	27	5.3e-14	75.8
NCVOG4502-consensus	NODE_226_length_21856_cov_102.973508	29.90	97	60	8	528	624	2311	2574	4e-13	80.0
NCVOG4502-consensus	NODE_4434_length_374_cov_3.552189	31.43	70	43	5	517	586	252	61	5.6e-13	73.7
NCVOG4502-consensus	NODE_4739_length_288_cov_2.919431	26.67	75	50	5	517	591	216	10	1.7e-12	71.7
NCVOG4502-consensus	NODE_9914_length_143_cov_72.939394	38.71	31	19	0	550	580	142	53	5.1e-12	69.1
NCVOG4502-consensus	NODE_121_length_29228_cov_86.446503	36.23	69	39	5	577	642	19483	19680	5.5e-12	76.7
NCVOG4502-consensus	NODE_7571_length_148_cov_90.788732	33.33	30	20	0	174	203	32	118	7.9e-12	68.5
NCVOG5117-consensus	NODE_2015_length_2815_cov_96.617969	32.12	165	101	11	806	959	2177	2668	4.2e-13	77.9
NCVOG4122-consensus	NODE_231_length_21561_cov_86.563902	35.43	429	253	24	40	466	1015	2228	1.5e-33	147.0
NCVOG4122-consensus	NODE_1270_length_5073_cov_77.093675	30.23	354	189	58	122	432	3587	4596	1.6e-13	78.3
NCVOG4122-consensus	NODE_2251_length_2441_cov_75.480541	32.14	252	150	21	209	451	453	1169	8.7e-13	74.8
NCVOG0312-consensus	NODE_128_length_28901_cov_82.808909	22.58	775	526	74	111	861	17623	19794	2.2e-13	81.4
NCVOG0312-consensus	NODE_371_length_16071_cov_85.176191	24.92	895	583	89	5	858	4395	1874	1.9e-12	77.5
NCVOG0312-consensus	NODE_371_length_16071_cov_85.176191	26.63	552	330	75	309	809	1852	276	1.3e-12	77.9
NCVOG0312-consensus	NODE_1241_length_5221_cov_80.731337	25.00	672	434	70	89	718	2979	1051	7.2e-12	73.9
NCVOG0312-consensus	NODE_629_length_10466_cov_88.864004	24.24	854	543	104	50	832	5609	3168	5e-11	72.1
NCVOG0312-consensus	NODE_250_length_20574_cov_68.170895	26.92	494	304	57	338	794	19149	17735	5.6e-11	72.9
NCVOG0032-consensus	NODE_3281_length_1320_cov_66.298471	32.65	147	96	3	669	814	303	734	2.7e-15	83.2
NCVOG0032-consensus	NODE_830_length_7756_cov_164.509572	27.07	495	245	116	497	875	3562	2103	1.7e-14	83.1
NCVOG0032-consensus	NODE_1637_length_3700_cov_43.866133	25.95	393	262	29	416	803	2271	3362	1e-12	76.1
NCVOG0302-consensus	NODE_785_length_8246_cov_100.183131	29.52	210	144	4	3	210	6811	7429	2e-15	85.6
NCVOG0302-consensus	NODE_871_length_7436_cov_45.868732	28.26	414	227	70	104	468	6616	5445	7.5e-13	76.9
NCVOG0302-consensus	NODE_375_length_15984_cov_82.582762	28.19	408	247	46	172	535	9811	11015	7.2e-11	71.4
NCVOG0012-consensus	NODE_6221_length_153_cov_464.486842	71.93	57	10	6	327	383	153	4	1.1e-13	73.9
NCVOG0012-consensus	NODE_6161_length_154_cov_150.480519	71.93	57	10	6	327	383	153	4	1.8e-13	73.2
NCVOG0012-consensus	NODE_4450_length_366_cov_2.664360	67.24	58	14	5	327	384	2	157	9.3e-13	72.1
NCVOG4851-consensus	NODE_13240_length_113_cov_148.027778	48.28	29	14	1	280	307	113	30	1e-11	66.2
NCVOG5081-consensus	NODE_171_length_25851_cov_96.381974	27.27	154	111	1	8	160	18871	18413	1.2e-25	120.7
NCVOG5081-consensus	NODE_4882_length_256_cov_110.055866	23.53	68	52	0	8	75	235	35	1e-18	90.9
NCVOG5081-consensus	NODE_1306_length_4931_cov_83.580140	28.57	133	87	8	8	134	965	1354	2.3e-17	90.7
NCVOG5081-consensus	NODE_5504_length_178_cov_107.693069	29.55	44	31	0	32	75	16	144	3.9e-14	75.2
NCVOG5081-consensus	NODE_1736_length_3464_cov_84.011518	22.40	250	183	11	116	360	2162	2884	1.6e-11	70.8
NCVOG1155-consensus	NODE_1696_length_3545_cov_50.205306	30.69	202	131	9	85	283	1346	764	1e-13	79.1
NCVOG1155-consensus	NODE_410_length_15113_cov_77.674248	34.02	194	111	17	37	226	4892	5423	2.3e-13	80.1
NCVOG1155-consensus	NODE_1598_length_3829_cov_111.336620	25.99	327	212	30	10	317	2389	1449	3.2e-13	77.6
NCVOG1155-consensus	NODE_214_length_22567_cov_87.919742	59.02	61	21	4	141	197	15354	15175	3.1e-12	76.9
NCVOG1155-consensus	NODE_214_length_22567_cov_87.919742	37.96	108	60	7	144	250	935	1237	1.2e-11	74.9
NCVOG1155-consensus	NODE_2508_length_2054_cov_40.077896	36.61	112	63	8	89	196	1289	1607	7.3e-11	68.9
NCVOG0985-consensus	NODE_28_length_49333_cov_82.300694	29.68	502	257	96	79	489	9137	7666	3.8e-22	110.4
NCVOG4714-consensus	NODE_5611_length_167_cov_154.855556	33.33	36	24	0	51	86	144	40	7.7e-21	97.6
NCVOG4714-consensus	NODE_4882_length_256_cov_110.055866	36.67	30	19	0	57	86	131	217	1.1e-16	84.4
NCVOG4714-consensus	NODE_4613_length_318_cov_80.539419	36.11	36	21	2	51	86	170	72	1.6e-16	84.2
NCVOG4714-consensus	NODE_5504_length_178_cov_107.693069	33.33	30	20	0	51	80	90	4	5.7e-15	78.2
NCVOG4714-consensus	NODE_9777_length_144_cov_69.000000	33.33	42	28	0	228	269	19	141	1.4e-14	76.5
NCVOG4714-consensus	NODE_7145_length_149_cov_110.916667	38.46	26	16	0	91	116	101	27	2.9e-13	72.3
NCVOG4714-consensus	NODE_7599_length_148_cov_87.028169	41.38	29	17	0	24	52	124	41	3.3e-12	68.8
NCVOG4714-consensus	NODE_4375_length_405_cov_8.207317	35.14	37	22	2	107	143	255	154	8.2e-12	68.9
NCVOG4714-consensus	NODE_6974_length_150_cov_77.575342	42.11	19	11	0	323	341	88	35	4.9e-11	64.9
NCVOG0188-consensus	NODE_658_length_9976_cov_103.604000	47.06	51	25	2	751	800	1288	1142	2.4e-11	72.8
NCVOG4744-consensus	NODE_1542_length_3992_cov_52.418646	34.48	58	38	0	63	120	1336	1506	4.9e-15	83.5
NCVOG4744-consensus	NODE_5611_length_167_cov_154.855556	44.90	49	24	3	83	128	153	10	1.6e-11	67.3
NCVOG0025-consensus	NODE_4022_length_751_cov_21.476261	47.96	98	46	5	414	510	130	408	1.6e-16	85.7
NCVOG0025-consensus	NODE_2205_length_2515_cov_60.473339	29.31	423	224	75	113	505	230	1354	6.6e-16	85.4
NCVOG0025-consensus	NODE_703_length_9317_cov_82.228025	24.12	427	257	67	113	501	3142	1958	5.2e-11	71.0
NCVOG0271-consensus	NODE_129_length_28895_cov_83.398348	41.83	1200	505	193	145	1157	15958	12392	5.8e-107	392.6
NCVOG0271-consensus	NODE_803_length_8124_cov_83.970797	30.83	1223	491	355	261	1140	3660	57	1.5e-21	107.0
NCVOG0271-consensus	NODE_1530_length_4023_cov_122.138875	29.01	1210	694	165	81	1153	403	3933	1.6e-17	92.6
NCVOG0271-consensus	NODE_1499_length_4129_cov_3899.241856	28.65	726	348	170	457	1170	2102	3794	2e-17	92.3
NCVOG0078-consensus	NODE_3067_length_1500_cov_96.835559	50.00	118	57	2	89	204	1088	1438	5.2e-11	67.3
NCVOG0261-consensus	NODE_1395_length_4533_cov_55.722010	27.15	221	140	21	415	621	3707	3071	5.2e-13	77.9
NCVOG4162-consensus	NODE_2332_length_2302_cov_83.234157	42.86	70	39	1	3	71	296	90	4.4e-14	76.3
NCVOG4658-consensus	NODE_3742_length_987_cov_38.282418	25.40	63	47	0	281	343	244	429	2.6e-20	98.9
NCVOG4658-consensus	NODE_5251_length_205_cov_277.023438	39.13	23	14	0	509	531	168	103	1.5e-18	90.8
NCVOG4658-consensus	NODE_11143_length_128_cov_90.254902	37.50	32	20	0	421	452	4	96	5.1e-17	85.0
NCVOG4658-consensus	NODE_9747_length_144_cov_72.298507	40.74	27	16	0	421	447	144	67	2.8e-16	82.7
NCVOG4658-consensus	NODE_12283_length_125_cov_674.166667	47.37	19	10	0	263	281	25	78	2.9e-16	82.5
NCVOG4658-consensus	NODE_12889_length_121_cov_153.840909	41.18	17	10	0	534	550	36	83	1.1e-14	77.1
NCVOG4658-consensus	NODE_12788_length_122_cov_187.000000	41.18	17	10	0	534	550	37	84	1.3e-14	77.0
NCVOG4658-consensus	NODE_4932_length_249_cov_2.581395	36.76	68	35	8	537	598	224	36	1.3e-14	78.0
NCVOG4658-consensus	NODE_5805_length_155_cov_1605.384615	54.55	11	5	0	184	194	138	109	5.3e-14	75.3
NCVOG4658-consensus	NODE_12701_length_123_cov_94.956522	35.29	17	11	0	534	550	87	40	1.2e-13	73.8
NCVOG4658-consensus	NODE_12709_length_123_cov_84.195652	35.29	17	11	0	534	550	37	84	1.2e-13	73.8
NCVOG4658-consensus	NODE_9900_length_143_cov_75.106061	29.55	44	27	4	207	250	131	15	1.3e-13	73.9
NCVOG4658-consensus	NODE_9534_length_145_cov_2.323529	43.48	23	13	0	39	61	60	125	1.6e-13	73.6
NCVOG4658-consensus	NODE_12107_length_126_cov_90.897959	37.04	27	17	0	421	447	2	79	1.6e-13	73.3
NCVOG4658-consensus	NODE_13619_length_104_cov_6536.666667	35.29	17	11	0	534	550	19	66	6.4e-13	71.1
NCVOG4658-consensus	NODE_12690_length_123_cov_119.347826	35.29	17	11	0	534	550	87	40	9.3e-13	70.8
NCVOG4658-consensus	NODE_5760_length_155_cov_6729.589744	47.37	19	10	0	263	281	25	78	3.4e-12	69.3
NCVOG4658-consensus	NODE_19478_length_78_cov_7810.000000	41.18	17	10	0	230	246	64	17	4.9e-12	67.8
NCVOG4658-consensus	NODE_12739_length_122_cov_1408.177778	35.29	17	11	0	534	550	37	84	6.6e-12	68.0
NCVOG4658-consensus	NODE_12681_length_123_cov_155.173913	35.29	17	11	0	534	550	88	41	7.4e-12	67.8
NCVOG4658-consensus	NODE_16781_length_81_cov_7732.500000	41.18	17	10	0	230	246	14	61	8.5e-12	67.0
NCVOG4658-consensus	NODE_12237_length_126_cov_71.285714	34.38	32	21	0	60	91	109	17	1.1e-11	67.3
NCVOG4658-consensus	NODE_16471_length_83_cov_7348.500000	41.18	17	10	0	230	246	55	8	1.2e-11	66.5
NCVOG4658-consensus	NODE_8209_length_147_cov_76.871429	25.64	39	29	0	369	407	146	33	1.3e-11	67.3
NCVOG4658-consensus	NODE_4867_length_260_cov_109.344262	47.37	19	10	0	263	281	163	216	1.3e-11	68.1
NCVOG4658-consensus	NODE_7415_length_149_cov_66.166667	30.77	39	27	0	333	371	6	119	1.5e-11	67.0
NCVOG4658-consensus	NODE_16218_length_85_cov_7947.750000	41.18	17	10	0	230	246	63	16	1.7e-11	66.1
NCVOG4658-consensus	NODE_13930_length_99_cov_5530.363636	52.94	17	8	0	263	279	53	6	2e-11	66.1
NCVOG4658-consensus	NODE_24906_length_78_cov_112.000000	61.54	13	5	0	49	61	56	21	3.9e-11	64.8
NCVOG4658-consensus	NODE_24754_length_78_cov_140.000000	61.54	13	5	0	49	61	56	21	3.9e-11	64.8
NCVOG4658-consensus	NODE_12758_length_122_cov_343.200000	35.29	17	11	0	534	550	37	84	5.3e-11	65.0
NCVOG4658-consensus	NODE_17363_length_80_cov_69.333333	61.54	13	5	0	49	61	58	23	5.7e-11	64.3
NCVOG4658-consensus	NODE_17359_length_80_cov_73.000000	61.54	13	5	0	49	61	58	23	5.7e-11	64.3
NCVOG4251-consensus	NODE_1886_length_3101_cov_79.940476	32.16	510	237	109	37	442	422	1921	3.3e-35	149.6
NCVOG4251-consensus	NODE_2542_length_2013_cov_62.591426	27.78	396	205	81	46	369	468	1617	9.6e-23	107.5
NCVOG4251-consensus	NODE_698_length_9401_cov_69.744423	30.89	327	156	70	47	309	3972	3019	4.7e-18	94.2
NCVOG4251-consensus	NODE_489_length_12904_cov_84.956342	25.96	443	234	94	35	388	5542	6846	3.4e-17	91.8
NCVOG4051-consensus	NODE_1257_length_5154_cov_34.548749	25.64	117	74	13	67	172	2822	3163	1.3e-15	83.9
NCVOG4051-consensus	NODE_1415_length_4416_cov_73.950449	20.00	125	91	9	50	169	2914	3273	2.7e-15	82.7
NCVOG4051-consensus	NODE_45_length_42815_cov_86.303858	32.73	55	37	0	131	185	30712	30873	1.8e-12	76.6
NCVOG4051-consensus	NODE_4227_length_508_cov_4.828704	32.65	49	33	0	63	111	425	282	1.5e-11	67.1
NCVOG4051-consensus	NODE_1802_length_3278_cov_72.758825	21.88	64	50	0	122	185	1244	1056	2.2e-11	69.3
NCVOG4051-consensus	NODE_3960_length_844_cov_169.853977	30.36	56	36	3	100	155	237	392	4.7e-11	66.2
NCVOG4468-consensus	NODE_1270_length_5073_cov_77.093675	29.03	93	61	5	267	358	3599	3862	1.4e-15	85.2
NCVOG4468-consensus	NODE_386_length_15676_cov_87.247708	25.68	183	115	21	242	416	2507	2001	1.9e-15	86.4
NCVOG4468-consensus	NODE_205_length_22990_cov_69.299786	22.78	281	187	30	161	434	6876	7634	3e-14	83.0
NCVOG4468-consensus	NODE_165_length_26388_cov_89.205161	22.12	321	221	29	181	482	24108	25033	3.1e-14	83.2
NCVOG4468-consensus	NODE_2937_length_1608_cov_93.123449	24.22	161	114	8	271	425	556	87	1.1e-12	74.0
NCVOG0451-consensus	NODE_2251_length_2441_cov_75.480541	31.82	220	122	28	155	347	489	1142	1.1e-12	74.3
NCVOG0451-consensus	NODE_231_length_21561_cov_86.563902	37.23	274	142	30	109	375	1222	1967	2.9e-11	72.7
NCVOG4301-consensus	NODE_2718_length_1801_cov_124.330046	58.62	29	11	1	9	37	1517	1597	8.8e-21	98.6
NCVOG4301-consensus	NODE_5526_length_175_cov_386.255102	55.56	18	8	0	64	81	42	92	8.8e-16	78.6
NCVOG4301-consensus	NODE_5684_length_160_cov_180.192771	40.74	27	15	1	55	80	30	107	1.8e-13	70.9
NCVOG4301-consensus	NODE_4779_length_280_cov_208.098522	50.00	16	8	0	75	90	112	156	2e-13	71.5
NCVOG4121-consensus	NODE_386_length_15676_cov_87.247708	32.26	155	88	17	157	297	2633	2181	1.8e-22	109.0
NCVOG4121-consensus	NODE_231_length_21561_cov_86.563902	31.82	198	117	18	104	296	1407	1958	1.3e-11	73.4
NCVOG4121-consensus	NODE_231_length_21561_cov_86.563902	27.31	238	137	36	30	244	723	1388	4.6e-16	88.2
NCVOG4121-consensus	NODE_231_length_21561_cov_86.563902	37.96	108	49	18	138	240	2019	2300	1.2e-13	80.2
NCVOG4121-consensus	NODE_890_length_7257_cov_68.109749	34.15	82	48	6	165	242	1110	1346	4.7e-11	70.0
NCVOG5195-consensus	NODE_1768_length_3361_cov_32.348660	45.24	42	21	2	118	157	1503	1381	7.5e-16	83.9
NCVOG5195-consensus	NODE_658_length_9976_cov_103.604000	65.38	26	8	1	125	150	1228	1157	1.8e-14	80.9
NCVOG5195-consensus	NODE_1511_length_4096_cov_129.472886	44.12	34	19	0	119	152	1955	2053	7e-11	67.7
NCVOG0231-consensus	NODE_848_length_7642_cov_62.772241	34.59	133	64	23	202	318	6755	7125	6.7e-11	70.0
NCVOG0031-consensus	NODE_1766_length_3364_cov_2955.395497	23.99	817	481	140	250	1055	3361	1307	2.2e-20	101.8
NCVOG0001-consensus	NODE_137_length_28406_cov_85.072541	40.80	250	117	31	325	555	25575	24871	1.9e-30	137.4
NCVOG0001-consensus	NODE_137_length_28406_cov_85.072541	35.29	272	130	46	333	566	24652	23870	1.1e-26	125.0
NCVOG0001-consensus	NODE_120_length_29316_cov_86.569513	39.24	316	145	47	313	592	6494	7395	6.5e-23	112.5
NCVOG0001-consensus	NODE_353_length_16576_cov_83.575611	33.07	251	116	52	333	542	5567	4855	6.5e-15	85.1
NCVOG0001-consensus	NODE_497_length_12825_cov_87.953875	33.45	275	131	52	357	590	5153	4369	8.4e-14	81.0
NCVOG0001-consensus	NODE_846_length_7648_cov_54.316999	36.31	314	120	80	321	555	1149	220	2.7e-13	78.6
NCVOG0001-consensus	NODE_641_length_10269_cov_88.072305	30.58	448	232	79	173	555	3161	1873	9.4e-13	77.2
NCVOG0001-consensus	NODE_462_length_13741_cov_101.571429	37.44	227	111	31	357	556	2825	3484	6.5e-11	71.5
NCVOG1197-consensus	NODE_926_length_6985_cov_62.642009	27.46	448	311	14	55	492	5975	4649	1.8e-30	135.2
NCVOG1197-consensus	NODE_443_length_14264_cov_62.029957	30.27	479	262	72	61	513	2108	813	1.3e-11	73.7
NCVOG1197-consensus	NODE_693_length_9485_cov_60.513491	30.59	474	264	65	53	513	2475	3731	5.8e-11	70.9
NCVOG4616-consensus	NODE_1589_length_3843_cov_55.247477	23.62	199	139	13	272	470	1751	2305	6.4e-19	95.9
NCVOG4616-consensus	NODE_1306_length_4931_cov_83.580140	25.56	133	99	0	280	412	1113	718	2.9e-18	94.1
NCVOG4616-consensus	NODE_4330_length_433_cov_126.103933	29.51	122	85	1	290	410	6	368	3e-16	83.9
NCVOG4616-consensus	NODE_676_length_9681_cov_55.503853	37.82	119	67	7	280	391	5302	4951	3.7e-15	84.7
NCVOG4616-consensus	NODE_485_length_13007_cov_103.934261	36.44	118	70	5	280	396	11625	11963	2.7e-14	82.3
NCVOG4616-consensus	NODE_4529_length_340_cov_77.855513	35.44	79	49	2	212	288	302	69	3.3e-14	76.8
NCVOG4616-consensus	NODE_2997_length_1557_cov_69.864865	50.00	64	32	0	281	344	923	735	6.2e-14	78.0
NCVOG4616-consensus	NODE_4103_length_638_cov_108.918004	28.99	169	116	4	278	445	603	109	1.2e-13	75.8
NCVOG4616-consensus	NODE_1648_length_3658_cov_82.043830	32.03	128	77	10	283	405	1078	1443	2.1e-13	77.5
NCVOG4616-consensus	NODE_118_length_29564_cov_80.878591	27.85	158	110	4	277	431	5204	4737	2.8e-13	80.1
NCVOG4616-consensus	NODE_4063_length_683_cov_63.034653	27.01	174	121	6	278	445	68	586	4.2e-13	74.1
NCVOG4616-consensus	NODE_976_length_6669_cov_65.695995	41.67	84	46	3	267	349	6391	6631	4.9e-13	77.1
NCVOG4616-consensus	NODE_854_length_7563_cov_69.142933	42.25	71	41	0	278	348	986	777	8.7e-13	76.5
NCVOG4616-consensus	NODE_2592_length_1958_cov_81.097289	24.23	194	142	5	64	254	917	349	2.8e-12	72.9
NCVOG4616-consensus	NODE_2386_length_2223_cov_42.985089	28.19	188	129	6	257	439	1342	1895	3.3e-12	72.8
NCVOG4616-consensus	NODE_4331_length_433_cov_117.129213	49.06	53	27	0	292	344	129	284	4.8e-12	69.9
NCVOG4616-consensus	NODE_1598_length_3829_cov_111.336620	23.35	257	180	17	203	448	2414	1665	7.3e-12	72.5
NCVOG4616-consensus	NODE_160_length_27038_cov_107.162018	27.89	190	129	8	271	459	21539	22080	1.2e-11	74.6
NCVOG4616-consensus	NODE_931_length_6928_cov_106.644140	29.55	132	92	1	280	410	6716	6324	2.5e-11	71.5
NCVOG4616-consensus	NODE_5611_length_167_cov_154.855556	47.50	40	20	1	209	247	150	34	2.7e-11	66.0
NCVOG4616-consensus	NODE_3395_length_1221_cov_66.537587	23.81	210	157	3	215	423	690	74	3.1e-11	68.7
NCVOG4616-consensus	NODE_1304_length_4936_cov_78.204157	48.61	72	32	5	278	346	1819	2025	3.3e-11	70.6
NCVOG4616-consensus	NODE_1183_length_5504_cov_82.665193	30.22	139	87	10	277	415	2541	2924	3.9e-11	70.6
NCVOG4616-consensus	NODE_829_length_7759_cov_74.162067	31.11	180	110	14	276	448	1333	818	6.4e-11	70.3
NCVOG5338-consensus	NODE_236_length_21202_cov_84.358813	29.03	62	44	0	229	290	9588	9770	8.4e-12	75.0
NCVOG1097-consensus	NODE_479_length_13136_cov_94.407458	27.39	157	106	8	38	193	9827	10273	1.2e-15	85.5
NCVOG1097-consensus	NODE_3817_length_938_cov_360.768873	26.26	179	113	19	37	197	575	49	3.6e-11	66.8
NCVOG4518-consensus	NODE_24_length_50133_cov_159.868989	31.03	564	285	104	19	543	27090	28577	1.2e-11	75.6
NCVOG2058-consensus	NODE_231_length_21561_cov_86.563902	37.50	312	168	27	91	399	1272	2132	1.4e-16	90.3
NCVOG2058-consensus	NODE_1270_length_5073_cov_77.093675	32.10	352	154	85	88	354	3596	4644	9.8e-12	72.1
NCVOG5280-consensus	NODE_4529_length_340_cov_77.855513	30.26	76	52	1	6	80	323	99	1.4e-13	74.8
NCVOG5280-consensus	NODE_5611_length_167_cov_154.855556	32.79	61	31	10	4	64	162	13	3.7e-13	72.4
NCVOG5280-consensus	NODE_5504_length_178_cov_107.693069	60.00	20	8	0	6	25	60	4	6.2e-11	65.1
NCVOG0775-consensus	NODE_121_length_29228_cov_86.446503	38.67	75	42	4	44	114	19432	19653	6.8e-22	108.5
NCVOG0775-consensus	NODE_2592_length_1958_cov_81.097289	29.33	75	49	4	48	118	536	315	3.7e-21	102.2
NCVOG0775-consensus	NODE_4613_length_318_cov_80.539419	33.33	48	30	2	68	115	218	84	4.7e-16	82.6
NCVOG0775-consensus	NODE_127_length_28904_cov_109.460263	32.86	70	41	6	60	123	23046	23250	1.6e-15	87.4
NCVOG0775-consensus	NODE_216_length_22475_cov_76.468033	28.07	57	41	0	67	123	4895	5062	3.4e-15	85.9
NCVOG0775-consensus	NODE_1542_length_3992_cov_52.418646	30.51	59	40	1	62	120	1336	1506	6.2e-15	82.5
NCVOG0775-consensus	NODE_913_length_7041_cov_69.576680	27.59	58	42	0	55	112	2689	2859	1.2e-14	82.4
NCVOG0775-consensus	NODE_1380_length_4578_cov_38.282922	38.64	44	26	1	72	115	573	698	3.3e-14	80.3
NCVOG0775-consensus	NODE_5611_length_167_cov_154.855556	34.88	43	25	3	72	114	129	13	4.2e-14	75.2
NCVOG0775-consensus	NODE_1598_length_3829_cov_111.336620	37.50	56	33	2	60	114	1856	1695	1.6e-13	77.8
NCVOG0775-consensus	NODE_1291_length_4975_cov_66.682728	81.25	16	3	0	100	115	2720	2764	2.9e-13	77.3
NCVOG0775-consensus	NODE_196_length_23657_cov_79.776124	20.90	268	195	17	77	337	22240	23002	7.9e-13	78.1
NCVOG0775-consensus	NODE_4529_length_340_cov_77.855513	46.88	32	14	3	87	115	317	225	8.5e-13	71.9
NCVOG0775-consensus	NODE_1645_length_3672_cov_62.063978	36.36	66	37	5	52	117	2900	3079	2.1e-12	74.0
NCVOG0775-consensus	NODE_7_length_67604_cov_99.397545	63.64	22	8	0	99	120	66236	66174	2.4e-12	78.0
NCVOG0775-consensus	NODE_1509_length_4101_cov_45.277833	26.83	82	57	3	44	122	676	436	1e-11	71.9
NCVOG0775-consensus	NODE_341_length_17152_cov_71.868279	30.36	56	39	0	90	145	9533	9369	1e-11	73.9
NCVOG0775-consensus	NODE_2739_length_1786_cov_78.862493	37.21	43	25	2	70	112	1195	1076	2.1e-11	69.6
NCVOG0775-consensus	NODE_92_length_33034_cov_105.583907	81.25	16	3	0	100	115	1113	1069	2.5e-11	73.6
NCVOG0775-consensus	NODE_5504_length_178_cov_107.693069	39.29	28	17	0	87	114	90	10	3.9e-11	65.4
NCVOG0775-consensus	NODE_475_length_13208_cov_83.714569	27.78	72	47	5	43	114	2916	3113	8.2e-11	70.6
NCVOG2616-consensus	NODE_129_length_28895_cov_83.398348	31.34	67	45	1	111	176	1576	1383	2.4e-15	85.6
NCVOG3095-consensus	NODE_2765_length_1765_cov_54.909953	37.21	43	27	0	11	53	811	686	6.4e-14	75.9
NCVOG3095-consensus	NODE_206_length_22943_cov_90.026633	25.93	54	39	1	38	91	1359	1514	9e-14	79.1
NCVOG3095-consensus	NODE_10850_length_129_cov_75.211538	32.14	28	18	1	61	87	37	117	8.4e-11	61.7
NCVOG0038-consensus	NODE_3008_length_1552_cov_3304.974915	35.47	296	163	28	271	564	743	1549	3.2e-27	123.4
NCVOG0038-consensus	NODE_1766_length_3364_cov_2955.395497	29.24	448	250	67	543	985	6	1160	1.8e-16	88.7
NCVOG0228-consensus	NODE_170_length_25877_cov_102.694884	27.19	732	391	142	303	897	7807	5644	5.8e-16	89.8
NCVOG0228-consensus	NODE_76_length_35354_cov_84.660345	27.52	785	419	150	273	922	27616	25318	1.2e-15	89.2
NCVOG0228-consensus	NODE_17_length_58029_cov_104.836934	27.47	881	466	173	192	922	55110	57666	2.1e-11	75.8
NCVOG0280-consensus	NODE_479_length_13136_cov_94.407458	22.94	1094	760	83	331	1377	6797	9967	1.9e-26	124.6
NCVOG0280-consensus	NODE_371_length_16071_cov_85.176191	20.98	1325	935	112	416	1692	4477	698	5.2e-15	86.9
NCVOG0280-consensus	NODE_1241_length_5221_cov_80.731337	24.43	1183	768	126	276	1406	4005	704	4.7e-13	78.7
NCVOG0280-consensus	NODE_165_length_26388_cov_89.205161	22.43	1449	943	181	342	1687	1897	5994	1.7e-12	79.3
NCVOG0280-consensus	NODE_629_length_10466_cov_88.864004	22.57	1360	847	206	378	1574	6108	2171	7.2e-11	72.5
NCVOG0280-consensus	NODE_488_length_12910_cov_84.259877	21.65	1076	745	98	407	1453	6473	9488	8.9e-11	72.5
NCVOG0308-consensus	NODE_1241_length_5221_cov_80.731337	22.14	917	579	135	21	852	3636	1041	5.3e-17	91.1
NCVOG0308-consensus	NODE_371_length_16071_cov_85.176191	21.72	990	666	109	5	939	4036	1244	6.1e-14	82.6
NCVOG0308-consensus	NODE_243_length_20647_cov_84.324842	21.90	781	532	78	17	771	7302	9485	3.7e-11	73.7
NCVOG0308-consensus	NODE_418_length_14897_cov_103.930432	24.17	757	482	92	244	937	10506	12682	6.2e-11	72.4
NCVOG4787-consensus	NODE_183_length_24936_cov_82.550802	34.69	49	30	2	441	489	19573	19436	4.7e-17	93.1
NCVOG4787-consensus	NODE_2997_length_1557_cov_69.864865	40.43	47	21	7	2	48	831	947	6.7e-17	88.6
NCVOG4787-consensus	NODE_10546_length_130_cov_74.660377	43.48	23	13	0	73	95	40	105	1.3e-14	77.5
NCVOG4787-consensus	NODE_12628_length_124_cov_75.446809	38.24	34	21	0	36	69	3	101	4.3e-14	75.6
NCVOG4787-consensus	NODE_4513_length_343_cov_150.142857	32.14	56	35	3	308	360	287	123	7.6e-13	73.0
NCVOG4787-consensus	NODE_4998_length_240_cov_2.723926	29.82	57	39	1	23	78	63	230	1.1e-12	71.9
NCVOG4787-consensus	NODE_4884_length_256_cov_66.201117	37.04	27	17	0	152	178	2	79	1.3e-12	71.8
NCVOG4787-consensus	NODE_6802_length_151_cov_4.472973	36.00	25	16	0	107	131	42	113	4.5e-12	69.2
NCVOG4787-consensus	NODE_4936_length_248_cov_3.461988	34.00	50	29	4	25	74	196	62	7e-11	66.0
NCVOG0108-consensus	NODE_4330_length_433_cov_126.103933	23.66	131	98	2	221	351	12	395	6.9e-18	89.0
NCVOG0800-consensus	NODE_1756_length_3396_cov_39.829165	33.33	42	28	0	40	81	1968	2090	2.5e-13	75.1
NCVOG0800-consensus	NODE_691_length_9495_cov_71.126221	31.37	51	34	1	60	109	8147	7998	1.5e-12	73.9
NCVOG0800-consensus	NODE_3473_length_1171_cov_42.210238	51.85	27	13	0	70	96	828	751	2.5e-12	70.2
NCVOG0800-consensus	NODE_3690_length_1017_cov_50.134963	24.51	102	74	3	12	112	577	285	1.1e-11	67.8
NCVOG0800-consensus	NODE_1974_length_2878_cov_45.947162	35.48	31	20	0	72	102	2419	2508	1.3e-11	69.1
NCVOG0800-consensus	NODE_1746_length_3444_cov_54.361449	35.71	42	26	1	53	94	172	53	3.7e-11	67.9
NCVOG0800-consensus	NODE_592_length_11042_cov_78.837574	33.33	36	24	0	60	95	6699	6803	4.9e-11	69.1
NCVOG0008-consensus	NODE_2009_length_2819_cov_26.768782	32.65	98	43	23	41	138	465	244	1.4e-22	106.6
NCVOG0008-consensus	NODE_3925_length_868_cov_31.241466	29.06	117	77	6	25	140	13	341	1.4e-19	94.9
NCVOG0008-consensus	NODE_621_length_10649_cov_65.525728	26.83	82	58	2	82	161	9379	9141	1.7e-17	91.6
NCVOG0008-consensus	NODE_3637_length_1050_cov_33.573484	27.93	111	75	5	25	134	1032	717	1.1e-16	85.6
NCVOG0008-consensus	NODE_2459_length_2124_cov_40.957987	28.57	77	50	5	57	133	1328	1116	4.9e-16	84.4
NCVOG0008-consensus	NODE_1574_length_3884_cov_47.641113	31.58	57	38	1	132	188	1160	1324	7e-16	84.8
NCVOG0008-consensus	NODE_1155_length_5682_cov_60.408669	27.72	101	70	3	92	191	555	844	6.9e-14	78.7
NCVOG0008-consensus	NODE_1363_length_4645_cov_52.930604	30.51	59	38	3	114	172	651	487	1.8e-13	77.0
NCVOG0008-consensus	NODE_517_length_12210_cov_82.586912	44.00	25	14	0	167	191	6505	6434	3.3e-13	77.6
NCVOG0008-consensus	NODE_4391_length_394_cov_13.271293	26.47	102	69	6	101	202	90	374	1.1e-12	70.9
NCVOG0008-consensus	NODE_2662_length_1862_cov_79.899720	28.36	67	42	6	52	112	1810	1613	2.8e-12	71.8
NCVOG0008-consensus	NODE_365_length_16156_cov_93.426519	32.20	59	35	5	98	156	11417	11575	3.4e-12	74.6
NCVOG0008-consensus	NODE_854_length_7563_cov_69.142933	23.20	194	124	25	3	178	313	868	1.9e-11	71.0
NCVOG0008-consensus	NODE_854_length_7563_cov_69.142933	28.87	97	64	5	7	99	1146	1426	1.9e-11	71.0
NCVOG0008-consensus	NODE_2829_length_1704_cov_40.884521	28.57	91	55	10	114	197	455	715	2.3e-11	68.6
NCVOG0008-consensus	NODE_2503_length_2063_cov_48.545317	43.33	30	17	0	144	173	362	276	2.6e-11	68.7
NCVOG0008-consensus	NODE_1514_length_4083_cov_78.253120	28.08	146	81	24	44	185	671	1041	3.9e-11	69.1
NCVOG0008-consensus	NODE_1514_length_4083_cov_78.253120	50.00	22	11	0	58	79	3452	3514	3.9e-11	69.1
NCVOG0008-consensus	NODE_2284_length_2384_cov_28.057217	34.62	52	34	0	63	114	1424	1576	8.4e-11	67.2
NCVOG0670-consensus	NODE_399_length_15431_cov_71.575746	35.59	59	35	3	386	441	14280	14453	2.1e-21	106.7
NCVOG2246-consensus	NODE_2194_length_2536_cov_61.080521	31.88	436	208	89	70	433	1530	283	1.7e-17	90.6
NCVOG4116-consensus	NODE_2251_length_2441_cov_75.480541	31.17	247	138	32	209	426	444	1172	4.4e-33	142.2
NCVOG4116-consensus	NODE_1270_length_5073_cov_77.093675	26.70	176	110	19	242	407	3587	4084	2.8e-22	107.3
NCVOG4116-consensus	NODE_231_length_21561_cov_86.563902	23.27	447	298	45	1	432	537	1784	4.8e-22	108.7
NCVOG4116-consensus	NODE_1226_length_5291_cov_55.454267	32.73	55	37	0	275	329	568	729	2.9e-13	77.5
NCVOG5270-consensus	NODE_1226_length_5291_cov_55.454267	31.58	57	38	1	127	182	1646	1813	6.6e-23	108.9
NCVOG4740-consensus	NODE_4529_length_340_cov_77.855513	36.73	49	30	1	157	204	314	171	1.4e-20	97.3
NCVOG4740-consensus	NODE_2592_length_1958_cov_81.097289	40.48	42	23	2	157	198	464	348	4.9e-14	78.1
NCVOG4740-consensus	NODE_114_length_29880_cov_93.132000	60.87	23	9	0	157	179	21286	21221	8.2e-14	81.3
NCVOG4740-consensus	NODE_1986_length_2856_cov_56.766823	26.60	94	60	9	160	253	2475	2224	3.6e-12	72.5
NCVOG4740-consensus	NODE_5611_length_167_cov_154.855556	33.33	42	25	3	157	198	141	28	9.5e-12	67.0
NCVOG4740-consensus	NODE_4882_length_256_cov_110.055866	38.46	26	16	0	157	182	128	202	2.3e-11	66.3
NCVOG4796-consensus	NODE_462_length_13741_cov_101.571429	33.33	96	63	1	324	418	10262	10546	1e-13	80.5
NCVOG0660-consensus	NODE_1573_length_3888_cov_39.606927	24.32	148	109	3	6	152	2151	1721	3.4e-14	78.8
NCVOG0660-consensus	NODE_1667_length_3619_cov_130.330322	27.01	137	93	7	46	180	2225	1837	7.3e-12	70.9
NCVOG4487-consensus	NODE_848_length_7642_cov_62.772241	32.84	134	77	13	316	443	6755	7128	1.9e-19	98.9
