NCVOG1046-consensus	NODE_7970_length_242_cov_1.169697	32.05	78	52	1	26	103	236	9	6.4e-11	65.4
NCVOG0321-consensus	NODE_415_length_8532_cov_8.492608	34.38	192	111	15	332	513	8439	7884	8.6e-14	80.5
NCVOG0321-consensus	NODE_84_length_84037_cov_17.666710	34.97	163	96	10	343	502	83898	83434	1.2e-12	80.0
NCVOG0321-consensus	NODE_57_length_111163_cov_8.369824	36.71	158	92	8	348	502	62689	63144	3.4e-12	78.9
NCVOG0321-consensus	NODE_292_length_21429_cov_7.993490	34.04	141	85	8	370	502	16027	16446	5e-11	72.6
NCVOG0669-consensus	NODE_49_length_118394_cov_9.320816	29.36	218	148	6	249	464	97735	98373	1.6e-13	83.3
NCVOG0669-consensus	NODE_1433_length_1538_cov_10.149897	28.35	194	127	12	254	440	674	1237	9.9e-12	71.0
NCVOG2223-consensus	NODE_9_length_228125_cov_8.545933	35.45	189	100	22	698	870	202778	203323	2.5e-15	89.6
NCVOG0233-consensus	NODE_18_length_182556_cov_17.348604	35.08	918	493	103	47	865	45996	43258	3.3e-57	229.6
NCVOG0233-consensus	NODE_18_length_182556_cov_17.348604	35.68	922	484	109	51	869	47843	50587	8.1e-56	225.0
NCVOG0233-consensus	NODE_1545_length_1415_cov_17.484305	38.50	361	194	28	499	832	1085	9	2.8e-53	209.8
NCVOG0233-consensus	NODE_214_length_36746_cov_8.190924	32.47	884	444	153	28	760	20968	23606	5.7e-42	177.0
NCVOG0233-consensus	NODE_355_length_13098_cov_16.458951	27.47	768	393	164	135	738	6312	8612	2.7e-36	156.6
NCVOG0233-consensus	NODE_111_length_68009_cov_8.431402	27.86	865	520	104	66	848	16003	18528	3.1e-32	145.5
NCVOG0233-consensus	NODE_8_length_233160_cov_8.239254	25.83	662	406	85	234	849	11361	9496	4.7e-32	146.1
NCVOG0233-consensus	NODE_60_length_106959_cov_8.464662	23.45	921	572	133	29	868	95728	93147	1.7e-22	113.8
NCVOG0233-consensus	NODE_18_length_182556_cov_17.348604	29.28	707	376	124	136	729	170906	172988	5.6e-20	103.7
NCVOG0233-consensus	NODE_792_length_2971_cov_13.031444	27.87	696	375	127	138	722	2139	105	7.4e-17	89.9
NCVOG0233-consensus	NODE_233_length_31462_cov_8.650438	25.46	711	346	184	140	670	28097	25994	1.1e-15	89.4
NCVOG0233-consensus	NODE_8880_length_224_cov_10.544218	54.05	74	33	1	293	365	224	6	1.3e-12	72.1
NCVOG0233-consensus	NODE_8927_length_224_cov_7.088435	54.05	74	33	1	293	365	224	6	1.3e-12	72.1
NCVOG0233-consensus	NODE_87_length_79182_cov_8.382757	26.85	257	171	17	580	829	16513	17250	7.3e-11	74.7
NCVOG1013-consensus	NODE_43_length_129591_cov_9.505320	35.13	279	145	36	286	543	9641	8853	1.7e-18	100.5
NCVOG1013-consensus	NODE_842_length_2771_cov_14.763177	33.33	285	147	43	202	462	1821	1027	3.8e-17	90.4
NCVOG1013-consensus	NODE_438_length_7274_cov_15.038071	26.23	488	312	48	89	544	3650	5050	8.8e-14	80.7
NCVOG1013-consensus	NODE_176_length_44913_cov_8.346536	35.66	401	207	51	201	569	42294	43430	1.3e-12	79.4
NCVOG1013-consensus	NODE_393_length_9728_cov_7.840535	30.13	312	171	47	222	505	682	1557	4.2e-11	72.2
NCVOG0013-consensus	NODE_54_length_112931_cov_7.971025	28.19	227	125	38	122	347	107838	107272	3e-14	85.9
NCVOG0073-consensus	NODE_102_length_72054_cov_21.514414	38.64	647	352	45	20	640	65989	64113	1.5e-94	352.7
NCVOG0073-consensus	NODE_102_length_72054_cov_21.514414	39.08	650	346	50	20	640	57326	59205	2.6e-94	351.9
NCVOG0073-consensus	NODE_43_length_129591_cov_9.505320	34.51	678	379	65	32	676	74305	76237	9.6e-61	241.3
NCVOG0073-consensus	NODE_122_length_63777_cov_16.596436	35.64	724	359	107	29	669	38073	35989	2.9e-50	205.5
NCVOG0073-consensus	NODE_21_length_165325_cov_9.077641	26.33	471	326	21	70	522	82487	83887	6.1e-40	172.4
NCVOG0898-consensus	NODE_20_length_167807_cov_8.600620	23.40	265	196	7	456	718	156682	157458	4.6e-27	126.4
NCVOG0898-consensus	NODE_6_length_238335_cov_8.219027	22.65	415	285	36	332	724	144464	145659	1.9e-25	124.1
NCVOG0898-consensus	NODE_50_length_117670_cov_8.331193	26.16	237	157	18	482	710	76722	77399	7e-18	98.6
NCVOG0898-consensus	NODE_3537_length_509_cov_5.666667	32.47	77	51	1	595	671	37	261	3.6e-13	75.1
NCVOG0898-consensus	NODE_1766_length_1192_cov_13.380269	25.62	160	106	13	563	717	636	188	3.8e-12	72.9
NCVOG0898-consensus	NODE_1575_length_1383_cov_11.979326	16.19	105	88	0	648	752	1330	1019	4.4e-12	72.9
NCVOG2643-consensus	NODE_753_length_3181_cov_89.631765	29.03	279	163	35	5	264	1607	822	5.4e-14	78.8
NCVOG2643-consensus	NODE_456_length_6639_cov_17.696633	28.67	279	164	35	5	264	1573	2358	7.7e-14	79.3
NCVOG4523-consensus	NODE_7_length_238172_cov_8.142767	30.69	909	392	238	76	823	201355	203839	1.3e-27	130.9
NCVOG4523-consensus	NODE_5110_length_349_cov_10.286765	40.52	116	67	2	641	756	6	344	1.8e-20	99.2
NCVOG4523-consensus	NODE_1775_length_1186_cov_12.191163	39.33	178	104	4	641	818	1181	663	8.1e-11	68.9
NCVOG4523-consensus	NODE_1775_length_1186_cov_12.191163	35.76	165	86	20	13	177	458	27	2.9e-15	83.6
NCVOG1353-consensus	NODE_1331_length_1670_cov_11.825487	60.37	545	164	52	139	633	46	1665	6.5e-73	275.2
NCVOG1353-consensus	NODE_2843_length_663_cov_20.679181	58.72	218	64	26	609	800	1	649	2.6e-38	158.9
NCVOG1353-consensus	NODE_5888_length_308_cov_10.718615	63.73	102	36	1	157	257	308	6	1.9e-29	128.4
NCVOG1353-consensus	NODE_9593_length_212_cov_9.800000	73.91	69	17	1	237	304	209	6	3.8e-18	90.3
NCVOG1353-consensus	NODE_9469_length_215_cov_5.413043	63.89	72	25	1	429	500	215	6	2.3e-15	81.0
NCVOG1353-consensus	NODE_7013_length_267_cov_10.994737	57.78	90	13	25	285	349	267	5	9.4e-15	79.3
NCVOG1353-consensus	NODE_15099_length_155_cov_12.230769	71.43	49	14	0	487	535	1	144	9e-13	72.0
NCVOG1353-consensus	NODE_17240_length_155_cov_8.141026	66.00	50	17	0	397	446	1	147	5.6e-11	66.0
NCVOG0899-consensus	NODE_213_length_37114_cov_8.637525	25.45	55	41	0	104	158	12646	12485	3.1e-12	76.1
NCVOG4445-consensus	NODE_271_length_25408_cov_8.180246	30.93	236	150	13	122	351	6092	6775	1.1e-11	74.6
NCVOG1343-consensus	NODE_780_length_3028_cov_7.853270	29.69	128	77	13	125	249	495	841	6e-15	82.5
NCVOG0243-consensus	NODE_24_length_161948_cov_8.404458	29.26	393	225	53	26	376	92060	90918	8.5e-20	104.2
NCVOG0055-consensus	NODE_58_length_109697_cov_8.162498	30.51	272	138	51	172	392	18836	18034	6.5e-26	124.2
NCVOG0055-consensus	NODE_59_length_109607_cov_8.450297	38.15	173	99	8	224	388	100638	100125	9.3e-25	120.4
NCVOG4105-consensus	NODE_1757_length_1202_cov_11.786667	45.43	405	173	48	323	690	17	1191	1.9e-27	124.1
NCVOG4105-consensus	NODE_827_length_2846_cov_12.518960	26.84	339	223	25	721	1047	2635	1661	1.2e-22	109.4
NCVOG4105-consensus	NODE_11724_length_182_cov_9.000000	46.77	62	31	2	436	497	1	177	1.5e-11	68.6
NCVOG4105-consensus	NODE_8555_length_230_cov_6.542484	42.50	80	42	4	349	428	230	6	6.2e-11	66.9
NCVOG1045-consensus	NODE_801_length_2919_cov_12.009148	34.21	114	70	5	408	520	1571	1897	5e-11	69.9
NCVOG0305-consensus	NODE_174_length_45653_cov_7.745436	34.01	294	155	39	1305	1559	17872	18748	9.2e-22	111.0
NCVOG0305-consensus	NODE_123_length_63369_cov_8.373144	24.49	1082	524	293	777	1571	20216	23426	6.6e-20	105.3
NCVOG0305-consensus	NODE_123_length_63369_cov_8.373144	34.90	298	155	39	777	1040	24985	25856	5.5e-24	118.9
NCVOG0305-consensus	NODE_163_length_49468_cov_8.346156	35.20	196	121	6	1334	1527	36153	36725	2.3e-19	103.1
NCVOG0305-consensus	NODE_31_length_150198_cov_9.066253	31.03	261	151	29	822	1055	116276	117043	4.8e-15	90.4
NCVOG0305-consensus	NODE_150_length_53936_cov_16.790861	29.69	229	149	12	1317	1536	48768	49442	1.4e-14	87.4
NCVOG0305-consensus	NODE_13_length_210826_cov_17.094340	31.47	197	123	12	1358	1549	26927	26361	9.3e-13	82.8
NCVOG0305-consensus	NODE_137_length_58432_cov_8.372170	28.20	266	152	39	1313	1542	29102	28317	1.6e-12	80.6
NCVOG0305-consensus	NODE_807_length_2896_cov_11.987230	29.26	270	162	29	1316	1559	1350	553	6.1e-12	74.4
NCVOG4804-consensus	NODE_72_length_90925_cov_21.489928	59.42	138	46	10	45	180	12501	12887	5.1e-28	129.8
NCVOG4804-consensus	NODE_3_length_251653_cov_8.396632	58.82	136	45	11	45	180	250406	250777	1.2e-26	125.5
NCVOG0282-consensus	NODE_150_length_53936_cov_16.790861	29.52	271	175	16	329	591	48756	49541	5.1e-18	98.0
NCVOG0282-consensus	NODE_163_length_49468_cov_8.346156	27.79	331	219	20	209	533	35742	36683	1.3e-13	83.1
NCVOG2963-consensus	NODE_109_length_71212_cov_8.375919	25.84	329	223	21	3	321	11223	10273	6e-13	80.1
NCVOG4883-consensus	NODE_97_length_75459_cov_8.194357	35.94	281	158	22	182	462	6696	7469	1.1e-24	119.6
NCVOG0360-consensus	NODE_62_length_104144_cov_9.208327	44.67	300	159	7	24	318	27089	27979	6.7e-57	226.6
NCVOG0979-consensus	NODE_3_length_251653_cov_8.396632	46.02	339	144	39	29	328	140697	139684	1.8e-45	189.4
NCVOG0979-consensus	NODE_158_length_51001_cov_8.499018	44.38	338	147	41	29	327	49399	48397	9.8e-40	168.8
NCVOG2734-consensus	NODE_30_length_152246_cov_9.358338	26.21	393	266	24	85	465	129009	127870	3.4e-14	86.4
NCVOG0274-consensus	NODE_85_length_80263_cov_8.493191	36.68	1475	705	229	93	1354	15900	20261	9.3e-61	241.2
NCVOG0274-consensus	NODE_60_length_106959_cov_8.464662	30.99	1152	592	203	210	1176	88364	91744	1.1e-33	151.7
NCVOG0274-consensus	NODE_31_length_150198_cov_9.066253	30.01	1403	613	369	304	1351	29903	34032	5.7e-13	83.4
NCVOG0074-consensus	NODE_102_length_72054_cov_21.514414	63.33	660	215	27	5	637	65992	64020	1.4e-183	647.9
NCVOG0074-consensus	NODE_102_length_72054_cov_21.514414	64.98	631	196	25	5	610	57323	59208	2.4e-182	643.8
NCVOG0074-consensus	NODE_43_length_129591_cov_9.505320	45.83	624	290	48	27	616	74332	76156	4.6e-111	407.9
NCVOG0074-consensus	NODE_122_length_63777_cov_16.596436	50.36	693	224	120	37	610	38007	35953	4.1e-79	300.7
NCVOG0074-consensus	NODE_21_length_165325_cov_9.077641	34.95	535	291	57	11	496	82318	83893	1.5e-43	183.8
NCVOG0074-consensus	NODE_16_length_193818_cov_8.295121	32.09	564	305	78	39	540	109829	108193	1.4e-26	127.4
NCVOG1299-consensus	NODE_6_length_238335_cov_8.219027	59.63	109	33	11	49	146	165786	165463	3e-20	103.5
NCVOG1196-consensus	NODE_210_length_37863_cov_8.169110	22.66	962	643	101	191	1080	22596	25367	4.6e-15	88.0
NCVOG1196-consensus	NODE_10_length_222518_cov_8.528365	21.04	1060	735	102	111	1096	108613	111697	4.9e-15	89.9
NCVOG1196-consensus	NODE_92_length_77288_cov_8.188030	21.43	714	503	58	309	994	53521	55569	4.6e-12	79.0
NCVOG4134-consensus	NODE_50_length_117670_cov_8.331193	35.03	471	212	94	39	458	26817	25541	3.2e-21	108.8
NCVOG0304-consensus	NODE_150_length_53936_cov_16.790861	37.12	132	77	6	83	210	48837	49223	1.4e-13	82.4
NCVOG0304-consensus	NODE_24_length_161948_cov_8.404458	33.10	145	93	4	55	195	8002	8429	8.7e-11	74.6
NCVOG0214-consensus	NODE_34_length_145901_cov_8.426634	35.29	272	158	18	277	543	132351	131578	5.2e-19	102.5
NCVOG0214-consensus	NODE_49_length_118394_cov_9.320816	31.64	354	198	44	201	549	83903	82968	2.5e-14	86.7
NCVOG0214-consensus	NODE_1037_length_2222_cov_12.089977	26.37	455	295	40	97	545	619	1866	3.1e-11	70.7
NCVOG0214-consensus	NODE_13_length_210826_cov_17.094340	32.28	189	125	3	364	549	179956	179395	4.4e-11	74.9
NCVOG0276-consensus	NODE_112_length_67996_cov_8.669459	56.88	378	94	69	49	357	25998	24878	1.1e-60	238.8
NCVOG0276-consensus	NODE_80_length_86389_cov_8.721893	56.43	381	91	75	52	357	53710	52575	4.2e-60	237.2
NCVOG0689-consensus	NODE_130_length_60042_cov_16.526407	24.02	204	146	9	24	219	36385	36990	2.9e-11	74.8
NCVOG4882-consensus	NODE_7_length_238172_cov_8.142767	35.14	370	214	26	400	751	120342	119266	2.5e-24	120.6
NCVOG2204-consensus	NODE_156_length_52176_cov_8.234976	31.94	216	133	14	203	405	10580	11221	7.5e-21	106.3
NCVOG2204-consensus	NODE_2_length_251756_cov_8.340163	37.78	225	95	45	248	428	72145	72811	5.7e-17	95.0
NCVOG2204-consensus	NODE_617_length_3978_cov_14.331710	33.54	158	94	11	238	385	1673	1206	3.9e-13	77.0
NCVOG1060-consensus	NODE_207_length_38452_cov_8.268404	27.57	214	141	14	92	302	26006	25401	1.3e-34	151.5
NCVOG1060-consensus	NODE_133_length_58954_cov_12.614315	28.14	167	110	10	112	278	6727	6260	3.1e-14	84.4
NCVOG5130-consensus	NODE_432_length_7654_cov_8.234394	43.59	117	61	5	31	146	6756	7091	1.6e-14	81.1
NCVOG4966-consensus	NODE_109_length_71212_cov_8.375919	30.88	340	195	40	54	390	11268	10363	6.6e-13	80.5
NCVOG0320-consensus	NODE_122_length_63777_cov_16.596436	35.98	189	99	22	9	179	35601	35054	2.9e-13	80.4
NCVOG0030-consensus	NODE_189_length_42784_cov_8.636968	34.46	534	268	82	28	489	37188	35630	3.5e-28	131.2
NCVOG0030-consensus	NODE_331_length_16321_cov_15.042723	29.63	297	185	24	266	541	7942	7064	1.3e-19	101.3
NCVOG0030-consensus	NODE_331_length_16321_cov_15.042723	41.26	206	79	42	15	193	9212	8643	2.3e-23	113.8
NCVOG0020-consensus	NODE_706_length_3400_cov_12.951249	46.79	327	145	29	34	331	1047	72	1.8e-59	230.3
NCVOG0020-consensus	NODE_8191_length_236_cov_8.220126	58.93	56	23	0	276	331	236	72	3.8e-11	65.9
NCVOG4494-consensus	NODE_2_length_251756_cov_8.340163	32.21	298	170	32	39	334	60054	60854	1.3e-32	147.2
NCVOG4494-consensus	NODE_197_length_40575_cov_8.262852	33.48	227	139	12	9	231	24811	25456	1.5e-32	145.0
NCVOG4494-consensus	NODE_197_length_40575_cov_8.262852	30.28	327	189	39	19	320	23842	24767	3.9e-16	90.6
NCVOG4494-consensus	NODE_844_length_2762_cov_11.908752	40.57	106	63	0	101	206	2445	2759	3.4e-28	126.7
NCVOG4494-consensus	NODE_5_length_243590_cov_8.388583	34.83	178	111	5	38	213	155626	156141	1.5e-27	129.7
NCVOG4494-consensus	NODE_47_length_121688_cov_8.187557	33.50	203	117	18	83	279	15615	15046	4.5e-18	98.6
NCVOG4494-consensus	NODE_60_length_106959_cov_8.464662	34.36	163	101	6	37	193	63650	64131	3.3e-16	92.2
NCVOG4494-consensus	NODE_1983_length_1033_cov_17.888075	30.45	289	170	31	51	319	173	993	1.3e-14	80.2
NCVOG4494-consensus	NODE_99_length_73282_cov_8.392214	22.26	310	226	15	18	320	25462	24564	5.9e-14	84.2
NCVOG4494-consensus	NODE_149_length_54228_cov_11.859763	35.40	113	72	1	72	183	19536	19201	7.5e-13	80.1
NCVOG0077-consensus	NODE_8_length_233160_cov_8.239254	33.69	187	114	10	517	700	23848	24384	1.3e-14	87.8
NCVOG0077-consensus	NODE_2_length_251756_cov_8.340163	31.64	275	171	17	306	572	36645	37439	2.3e-14	87.0
NCVOG5057-consensus	NODE_18_length_182556_cov_17.348604	28.67	279	198	1	1	278	51826	52659	5.1e-25	121.1
NCVOG4357-consensus	NODE_183_length_43671_cov_8.634858	28.71	498	239	116	102	487	10279	8803	5e-33	146.7
NCVOG4357-consensus	NODE_1663_length_1293_cov_9.724507	36.36	220	130	10	275	487	211	858	4.8e-27	121.8
NCVOG4357-consensus	NODE_474_length_6081_cov_10.404064	30.02	473	281	50	55	487	6015	4630	3.3e-26	121.2
NCVOG4357-consensus	NODE_94_length_76742_cov_16.863236	40.13	152	86	5	274	425	76300	76737	1.2e-19	103.1
NCVOG4447-consensus	NODE_42_length_132313_cov_8.305998	28.96	183	114	16	259	428	107548	108084	1.1e-12	80.6
NCVOG0517-consensus	NODE_109_length_71212_cov_8.375919	31.22	237	141	22	106	325	11316	10624	3.2e-14	84.4
NCVOG1337-consensus	NODE_2512_length_781_cov_15.058239	40.00	160	91	5	105	259	232	708	9.9e-25	112.4
NCVOG0037-consensus	NODE_1769_length_1190_cov_10.185984	49.40	336	101	69	546	814	1061	69	2e-40	167.2
NCVOG0037-consensus	NODE_970_length_2410_cov_13.295757	45.45	495	196	74	6	428	1475	6	5.4e-22	107.0
NCVOG0037-consensus	NODE_6492_length_283_cov_8.975728	78.46	65	14	0	691	755	84	275	1.4e-19	95.9
NCVOG0037-consensus	NODE_6847_length_272_cov_9.743590	65.22	69	24	0	746	814	1	204	1.6e-18	92.3
NCVOG0037-consensus	NODE_2828_length_669_cov_9.716216	31.51	146	91	9	885	1021	88	522	9.3e-14	77.8
NCVOG0037-consensus	NODE_10403_length_200_cov_7.813008	58.33	60	25	0	629	688	19	195	4.4e-12	70.5
NCVOG0037-consensus	NODE_17676_length_155_cov_7.538462	72.00	50	14	0	405	454	4	150	5.5e-12	69.8
NCVOG0037-consensus	NODE_17168_length_155_cov_8.230769	72.00	50	14	0	405	454	4	150	5.5e-12	69.8
NCVOG0037-consensus	NODE_14943_length_155_cov_12.910256	72.00	50	14	0	107	156	155	9	6.6e-12	69.5
NCVOG0007-consensus	NODE_19_length_173172_cov_8.529241	34.41	279	152	31	20	267	39797	38966	5.7e-22	111.3
NCVOG1115-consensus	NODE_123_length_63369_cov_8.373144	29.79	386	234	37	58	409	31886	33029	1.3e-32	145.6
NCVOG0005-consensus	NODE_155_length_52630_cov_13.049854	27.37	274	160	39	38	280	23088	23882	9.4e-12	76.2
NCVOG4814-consensus	NODE_109_length_71212_cov_8.375919	24.94	441	285	46	8	436	11503	10300	3e-12	78.3
NCVOG0486-consensus	NODE_88_length_78329_cov_7.937191	30.66	349	192	50	63	371	63795	62782	2.5e-25	121.6
NCVOG0836-consensus	NODE_166_length_47929_cov_8.133996	27.05	584	341	85	61	562	14576	12853	5.3e-18	97.3
NCVOG0284-consensus	NODE_3_length_251653_cov_8.396632	26.89	305	159	64	57	309	75243	76116	3.6e-11	75.3
NCVOG0806-consensus	NODE_168_length_47340_cov_8.513277	48.80	332	159	11	126	447	20502	19513	2.4e-127	460.0
NCVOG0806-consensus	NODE_983_length_2372_cov_12.436601	34.54	388	186	68	124	447	19	1163	9.7e-22	104.9
NCVOG0806-consensus	NODE_5272_length_340_cov_4.068441	35.63	87	51	5	258	343	265	24	1.3e-13	75.1
NCVOG0987-consensus	NODE_2154_length_939_cov_9.082367	25.63	199	139	9	586	779	922	341	7.1e-13	75.7
NCVOG4154-consensus	NODE_1482_length_1475_cov_13.610157	38.56	153	76	18	87	238	966	562	7e-12	70.9
NCVOG4154-consensus	NODE_57_length_111163_cov_8.369824	35.92	142	90	1	122	262	30470	30892	2e-11	75.6
NCVOG4154-consensus	NODE_23_length_164270_cov_8.775721	36.84	171	89	19	100	265	68841	68374	1e-10	73.7
NCVOG1326-consensus	NODE_489_length_5754_cov_8.390875	36.36	154	85	13	1	147	3420	2980	3.3e-22	106.1
NCVOG0036-consensus	NODE_149_length_54228_cov_11.859763	29.94	314	176	44	13	301	4890	4019	2.3e-14	84.5
NCVOG0222-consensus	NODE_174_length_45653_cov_7.745436	25.62	441	309	19	78	504	43200	41896	3.3e-22	110.9
NCVOG0222-consensus	NODE_248_length_29019_cov_8.228991	28.13	423	281	23	90	496	21407	20163	1e-15	88.7
NCVOG0222-consensus	NODE_163_length_49468_cov_8.346156	24.38	443	305	30	66	497	48189	49457	3.1e-15	87.8
NCVOG0222-consensus	NODE_45_length_129298_cov_8.553153	28.41	359	241	16	102	451	129294	128242	3.8e-15	89.0
NCVOG0222-consensus	NODE_336_length_15952_cov_8.405543	25.29	344	233	24	83	408	15918	14908	1.8e-11	73.7
NCVOG0002-consensus	NODE_139_length_58374_cov_16.774736	28.60	563	316	86	332	835	22971	24569	1.6e-22	113.0
NCVOG2775-consensus	NODE_1572_length_1384_cov_15.500383	31.61	386	235	29	210	583	13	1112	6.8e-29	128.2
NCVOG2775-consensus	NODE_89_length_78165_cov_8.349734	33.13	323	208	8	99	415	34788	33829	1.6e-24	119.6
NCVOG2775-consensus	NODE_30_length_152246_cov_9.358338	30.70	329	217	11	99	418	128883	127906	2.3e-18	100.0
NCVOG2775-consensus	NODE_2147_length_944_cov_11.692042	34.58	214	126	14	166	370	316	939	5.3e-16	84.9
NCVOG2775-consensus	NODE_46_length_122696_cov_8.642144	32.63	331	174	49	117	399	76011	75025	4.1e-15	88.9
NCVOG2775-consensus	NODE_20_length_167807_cov_8.600620	32.05	234	142	17	186	402	55608	56306	1.7e-12	80.5
NCVOG2775-consensus	NODE_4907_length_365_cov_7.041667	45.12	82	44	1	289	369	106	348	5.5e-11	66.8
NCVOG0924-consensus	NODE_187_length_42906_cov_8.588223	30.40	125	81	6	3	121	26364	26735	9.7e-11	71.2
NCVOG0893-consensus	NODE_3275_length_560_cov_10.492754	41.30	184	91	17	50	220	4	534	2.1e-25	115.8
NCVOG0893-consensus	NODE_1803_length_1168_cov_16.040330	32.27	251	157	13	203	448	1	726	1.9e-22	107.1
NCVOG0893-consensus	NODE_9072_length_221_cov_8.965278	53.03	66	30	1	156	220	221	27	7.8e-12	69.4
NCVOG0729-consensus	NODE_138_length_58419_cov_8.350108	32.90	617	237	177	5	459	40850	39066	8.7e-12	76.7
NCVOG5103-consensus	NODE_101_length_72085_cov_16.417176	39.80	98	56	3	412	506	36023	35739	1e-11	77.7
NCVOG5103-consensus	NODE_594_length_4123_cov_13.645082	52.86	70	29	4	433	502	1752	1558	9.5e-11	70.4
NCVOG4874-consensus	NODE_3_length_251653_cov_8.396632	42.94	333	141	49	70	368	146180	147126	1.2e-39	170.1
NCVOG4001-consensus	NODE_89_length_78165_cov_8.349734	31.27	323	190	32	59	376	34716	33832	2.1e-11	75.9
NCVOG0605-consensus	NODE_2154_length_939_cov_9.082367	36.69	169	90	17	320	488	937	485	1.4e-21	103.2
NCVOG0605-consensus	NODE_168_length_47340_cov_8.513277	28.77	212	143	8	284	493	34117	34731	6.3e-17	93.3
NCVOG0605-consensus	NODE_390_length_9870_cov_7.942408	29.24	236	157	10	259	489	4566	5249	8.2e-16	87.4
NCVOG0605-consensus	NODE_248_length_29019_cov_8.228991	32.27	251	145	25	256	490	3481	4199	8.3e-14	82.3
NCVOG0605-consensus	NODE_55_length_112891_cov_8.279283	34.54	194	111	16	275	455	73162	72597	1.6e-12	79.9
NCVOG1136-consensus	NODE_551_length_4488_cov_8.643845	41.88	394	149	80	162	479	2604	1440	5.5e-44	179.8
NCVOG1136-consensus	NODE_3343_length_545_cov_8.811966	40.57	175	44	60	252	366	1	518	2.4e-20	98.2
NCVOG0080-consensus	NODE_418_length_8330_cov_9.120441	29.33	416	210	84	132	465	3286	4524	4.5e-13	78.1
NCVOG5391-consensus	NODE_2143_length_947_cov_12.126437	54.76	42	18	1	135	176	673	554	2.3e-13	74.4
NCVOG5391-consensus	NODE_6867_length_272_cov_6.728205	54.05	37	17	0	141	177	145	38	1.7e-12	69.7
NCVOG5391-consensus	NODE_6110_length_299_cov_6.396396	35.38	65	41	1	113	176	195	6	2.1e-12	69.6
NCVOG5391-consensus	NODE_6109_length_299_cov_6.563063	35.38	65	41	1	113	176	195	6	1e-11	67.3
NCVOG0504-consensus	NODE_109_length_71212_cov_8.375919	30.52	308	174	40	360	648	11331	10480	4.5e-12	78.3
NCVOG1049-consensus	NODE_1579_length_1379_cov_11.594470	31.48	216	115	33	2	186	882	248	2.1e-29	129.1
NCVOG1049-consensus	NODE_169_length_47105_cov_10.933084	26.12	268	144	54	51	267	34149	34938	3.7e-25	120.1
NCVOG1049-consensus	NODE_4020_length_438_cov_9.138504	36.08	97	59	3	93	188	320	39	5.4e-25	112.8
NCVOG1049-consensus	NODE_42_length_132313_cov_8.305998	26.15	260	140	52	57	267	13822	14585	5.8e-23	114.3
NCVOG1049-consensus	NODE_7_length_238172_cov_8.142767	31.69	325	152	70	58	314	153047	154008	1.9e-21	108.6
NCVOG1049-consensus	NODE_97_length_75459_cov_8.194357	23.71	291	186	36	5	272	17485	18311	1.5e-15	88.8
NCVOG1049-consensus	NODE_9928_length_207_cov_8.907692	56.25	32	14	0	2	33	104	12	7.6e-11	64.7
NCVOG5185-consensus	NODE_50_length_117670_cov_8.331193	42.86	63	32	4	5	67	97156	97329	9.2e-11	71.7
NCVOG1419-consensus	NODE_31507_length_79_cov_12.500000	57.69	26	11	0	24	49	1	75	5.9e-12	66.8
NCVOG0219-consensus	NODE_9_length_228125_cov_8.545933	35.98	189	99	22	517	689	202778	203323	1.9e-14	86.4
NCVOG2980-consensus	NODE_126_length_62695_cov_8.260101	34.46	473	245	65	65	474	42298	40891	7.7e-44	183.1
NCVOG0450-consensus	NODE_176_length_44913_cov_8.346536	26.85	298	197	21	75	360	42237	43100	1.3e-18	98.7
NCVOG0450-consensus	NODE_7_length_238172_cov_8.142767	26.89	305	193	30	114	400	82640	81765	9.4e-18	97.6
NCVOG0450-consensus	NODE_271_length_25408_cov_8.180246	29.15	271	157	35	177	424	6887	7660	1.3e-14	84.6
NCVOG0450-consensus	NODE_438_length_7274_cov_15.038071	33.55	152	90	11	125	276	4682	5101	5.1e-14	80.8
NCVOG0450-consensus	NODE_438_length_7274_cov_15.038071	30.00	270	172	17	144	403	7274	6493	6.8e-14	80.4
NCVOG0450-consensus	NODE_74_length_89463_cov_7.950708	28.14	199	131	12	83	275	58703	58128	4.4e-13	81.3
NCVOG0450-consensus	NODE_842_length_2771_cov_14.763177	24.63	268	165	37	122	386	1647	949	9.6e-13	75.2
NCVOG0450-consensus	NODE_1914_length_1073_cov_18.878514	30.65	124	80	6	155	278	1065	715	2.5e-12	72.5
NCVOG0450-consensus	NODE_114_length_67568_cov_8.276585	28.53	326	195	38	131	435	12032	12955	5.2e-12	77.3
NCVOG0450-consensus	NODE_1950_length_1055_cov_17.105317	28.73	268	152	39	122	360	2	764	1.8e-11	69.6
NCVOG0450-consensus	NODE_39_length_137684_cov_17.368237	35.44	158	92	10	115	271	115908	116351	4.6e-11	75.2
NCVOG0450-consensus	NODE_39_length_137684_cov_17.368237	28.29	205	135	12	101	304	114338	114916	4.6e-11	75.2
NCVOG0450-consensus	NODE_294_length_21297_cov_8.692413	27.66	329	215	23	80	395	609	1558	7.5e-11	71.8
NCVOG0652-consensus	NODE_2258_length_888_cov_16.006165	28.02	257	137	48	113	322	1	765	8e-18	90.3
NCVOG0652-consensus	NODE_6013_length_302_cov_11.226667	37.86	103	60	4	180	282	1	294	6.4e-14	75.8
NCVOG4522-consensus	NODE_40_length_136345_cov_8.190889	37.31	201	84	42	259	417	40510	39917	2.8e-15	89.3
NCVOG5117-consensus	NODE_76_length_87714_cov_8.442610	33.59	259	150	22	801	1051	19742	20473	5.8e-11	76.2
NCVOG0052-consensus	NODE_206_length_38467_cov_8.297265	40.86	93	51	4	28	117	38121	38391	5.5e-13	78.8
NCVOG4122-consensus	NODE_842_length_2771_cov_14.763177	29.43	333	208	27	104	430	1869	937	1.2e-19	98.1
NCVOG4122-consensus	NODE_271_length_25408_cov_8.180246	27.25	356	226	33	116	460	6269	7267	2.1e-15	87.3
NCVOG4122-consensus	NODE_39_length_137684_cov_17.368237	32.20	236	146	14	151	384	14733	15401	4.3e-15	88.7
NCVOG4122-consensus	NODE_257_length_27887_cov_18.042035	24.49	392	264	32	88	464	9072	7951	8.1e-14	82.2
NCVOG4122-consensus	NODE_43_length_129591_cov_9.505320	30.27	294	182	23	91	373	15076	14234	1.7e-13	83.3
NCVOG4122-consensus	NODE_903_length_2583_cov_16.140463	27.41	270	181	15	176	444	826	62	3.9e-13	76.5
NCVOG4122-consensus	NODE_294_length_21297_cov_8.692413	30.41	411	245	41	61	464	2166	3293	1.5e-12	77.6
NCVOG4122-consensus	NODE_176_length_44913_cov_8.346536	31.43	350	215	25	117	460	42363	43352	3.8e-12	77.3
NCVOG4022-consensus	NODE_28_length_155344_cov_8.499102	26.09	253	135	52	111	312	61281	62031	1.8e-14	86.3
NCVOG0312-consensus	NODE_106_length_71808_cov_8.731817	23.58	581	393	51	283	844	53063	51420	5.2e-16	91.8
NCVOG0032-consensus	NODE_208_length_37940_cov_8.166997	50.79	126	60	2	695	820	5157	5525	5.2e-23	114.1
NCVOG0032-consensus	NODE_121_length_64464_cov_21.279482	31.45	620	336	89	312	850	50132	48304	9.7e-21	107.3
NCVOG0032-consensus	NODE_21_length_165325_cov_9.077641	26.84	637	349	117	243	828	129172	130873	1.5e-16	94.5
NCVOG0032-consensus	NODE_1060_length_2166_cov_12.212542	25.06	431	288	35	406	833	155	1336	8.4e-14	79.3
NCVOG0302-consensus	NODE_124_length_63165_cov_12.287202	28.93	197	138	2	2	198	43843	43262	1.4e-16	92.7
NCVOG0302-consensus	NODE_2438_length_807_cov_8.584932	32.18	174	115	3	2	174	627	115	4e-15	81.6
NCVOG0302-consensus	NODE_24_length_161948_cov_8.404458	31.44	299	173	32	265	535	8017	8898	5.1e-13	82.2
NCVOG0302-consensus	NODE_1_length_300100_cov_8.380634	29.46	224	146	12	2	219	38938	38288	4.9e-12	78.9
NCVOG0012-consensus	NODE_390_length_9870_cov_7.942408	32.13	333	200	26	84	406	4652	5595	4.3e-11	71.7
NCVOG0102-consensus	NODE_6868_length_272_cov_6.625641	50.00	38	14	5	29	63	220	116	2e-11	64.6
NCVOG1127-consensus	NODE_109_length_71212_cov_8.375919	28.64	206	134	13	76	274	20455	19859	6.5e-16	90.8
NCVOG2900-consensus	NODE_1264_length_1766_cov_11.767318	36.61	112	66	5	63	169	1652	1320	4.8e-14	77.8
NCVOG0025-consensus	NODE_74_length_89463_cov_7.950708	26.04	407	255	46	111	496	21530	20396	4.2e-17	94.9
NCVOG0025-consensus	NODE_46_length_122696_cov_8.642144	27.38	431	248	65	103	500	63920	65109	1.9e-13	83.3
NCVOG0025-consensus	NODE_61_length_105466_cov_8.693393	24.02	433	281	48	101	508	26392	27614	2.8e-13	82.4
NCVOG0025-consensus	NODE_157_length_51219_cov_8.508603	26.04	434	269	52	101	521	16018	17193	2.3e-12	78.4
NCVOG0025-consensus	NODE_142_length_56573_cov_9.039401	24.57	403	273	31	91	487	49803	50921	2e-11	75.4
NCVOG0025-consensus	NODE_7_length_238172_cov_8.142767	24.30	428	281	43	82	486	224605	225823	9.7e-11	73.8
NCVOG0271-consensus	NODE_218_length_34929_cov_8.255624	28.44	1157	692	136	84	1118	19054	15637	2.1e-51	208.7
NCVOG0271-consensus	NODE_59_length_109607_cov_8.450297	41.22	1179	479	214	179	1147	80644	84141	1.7e-50	207.3
NCVOG0271-consensus	NODE_237_length_30484_cov_17.564640	33.93	1226	623	187	79	1153	26624	23062	2.1e-30	138.7
NCVOG0078-consensus	NODE_72_length_90925_cov_21.489928	50.41	123	57	4	89	207	11690	11325	7.2e-16	89.8
NCVOG0078-consensus	NODE_3_length_251653_cov_8.396632	48.85	131	63	4	89	216	249905	249521	1.4e-15	89.0
NCVOG0451-consensus	NODE_170_length_46343_cov_8.606363	32.67	251	157	12	134	374	29413	28670	1.1e-12	79.0
NCVOG0331-consensus	NODE_941_length_2489_cov_9.113599	33.94	165	87	22	170	313	2411	1923	5.1e-18	92.1
NCVOG0331-consensus	NODE_22_length_165315_cov_8.315406	28.41	176	110	16	42	203	55526	56044	7.6e-15	87.5
NCVOG0331-consensus	NODE_2297_length_869_cov_14.071970	27.21	147	98	9	41	181	512	88	3.6e-12	71.2
NCVOG0301-consensus	NODE_24_length_161948_cov_8.404458	29.47	302	175	38	265	535	8017	8898	2.7e-11	76.5
NCVOG1121-consensus	NODE_109_length_71212_cov_8.375919	27.08	384	246	34	88	446	11334	10213	3.5e-13	81.6
NCVOG0021-consensus	NODE_66_length_99248_cov_8.293755	27.95	533	335	49	356	863	19710	18189	3.3e-13	83.1
NCVOG0021-consensus	NODE_156_length_52176_cov_8.234976	28.97	428	270	34	356	764	23747	24982	4.3e-12	78.4
NCVOG2860-consensus	NODE_170_length_46343_cov_8.606363	26.89	331	224	18	21	334	29660	28676	9.7e-13	79.0
NCVOG0001-consensus	NODE_149_length_54228_cov_11.859763	40.20	296	140	37	283	549	16721	15865	2.2e-37	161.9
NCVOG0001-consensus	NODE_76_length_87714_cov_8.442610	40.68	236	121	19	328	555	8533	7862	5.6e-35	154.5
NCVOG0001-consensus	NODE_44_length_129392_cov_8.204864	40.00	235	127	14	324	555	92947	92279	1.5e-23	117.1
NCVOG0001-consensus	NODE_44_length_129392_cov_8.204864	41.53	248	112	33	333	556	94007	93296	1.7e-30	140.2
NCVOG0001-consensus	NODE_97_length_75459_cov_8.194357	42.26	239	119	19	331	562	62304	61627	2e-20	106.0
NCVOG0001-consensus	NODE_97_length_75459_cov_8.194357	31.85	314	154	60	331	595	61420	60517	9.8e-22	110.3
NCVOG0001-consensus	NODE_172_length_45859_cov_8.102442	34.90	255	129	37	329	555	9566	8836	2.3e-18	98.4
NCVOG0001-consensus	NODE_162_length_50081_cov_20.837033	42.35	170	79	19	363	524	47808	48281	5.2e-17	94.0
NCVOG0001-consensus	NODE_26_length_158642_cov_8.517781	35.08	325	155	56	311	591	123138	122209	1.9e-13	83.8
NCVOG0001-consensus	NODE_2286_length_876_cov_14.265332	32.30	161	100	9	463	614	757	280	2.6e-13	75.9
NCVOG0001-consensus	NODE_82_length_84227_cov_8.124813	38.61	316	132	62	322	595	33264	34146	6.9e-12	77.8
NCVOG0001-consensus	NODE_225_length_33523_cov_8.220146	40.19	316	148	41	313	603	18942	18046	1.2e-11	75.6
NCVOG0001-consensus	NODE_113_length_67819_cov_8.436051	39.08	325	150	48	308	603	55910	56820	1.4e-11	76.4
NCVOG2608-consensus	NODE_7970_length_242_cov_1.169697	41.25	80	47	0	11	90	240	4	6.4e-13	71.2
NCVOG2058-consensus	NODE_170_length_46343_cov_8.606363	31.50	254	163	11	103	345	29410	28652	1.7e-22	111.5
NCVOG2058-consensus	NODE_294_length_21297_cov_8.692413	34.63	283	161	24	91	367	2676	3467	3e-15	86.3
NCVOG2058-consensus	NODE_294_length_21297_cov_8.692413	28.20	266	170	21	111	370	801	1550	2e-14	83.6
NCVOG2058-consensus	NODE_114_length_67568_cov_8.276585	34.28	283	150	36	86	350	12008	12799	2.4e-14	84.9
NCVOG2058-consensus	NODE_257_length_27887_cov_18.042035	28.04	296	188	25	91	371	8805	7951	1.2e-13	81.4
NCVOG2058-consensus	NODE_438_length_7274_cov_15.038071	31.25	240	145	20	129	364	4544	5208	2.3e-12	75.1
NCVOG2058-consensus	NODE_257_length_27887_cov_18.042035	26.90	316	179	52	98	371	941	1855	4.2e-12	76.2
NCVOG2058-consensus	NODE_903_length_2583_cov_16.140463	34.20	231	131	21	114	339	811	170	5.5e-12	72.4
NCVOG2058-consensus	NODE_43_length_129591_cov_9.505320	28.13	391	232	49	4	382	9792	8736	6.1e-12	77.9
NCVOG2058-consensus	NODE_43_length_129591_cov_9.505320	31.79	280	166	25	114	383	14986	14195	6.1e-12	77.9
NCVOG2058-consensus	NODE_461_length_6437_cov_11.339308	31.43	245	149	19	111	339	1883	1161	7.7e-12	73.2
NCVOG2058-consensus	NODE_271_length_25408_cov_8.180246	26.40	356	216	46	46	367	6155	7183	1.4e-11	74.3
NCVOG2058-consensus	NODE_176_length_44913_cov_8.346536	29.92	264	169	16	111	371	42366	43115	2.1e-11	74.6
NCVOG2058-consensus	NODE_842_length_2771_cov_14.763177	36.52	230	117	29	115	337	1647	1027	5.6e-11	69.2
NCVOG1038-consensus	NODE_7854_length_245_cov_0.839286	34.21	76	45	5	60	132	232	14	3.4e-16	83.2
NCVOG1038-consensus	NODE_4523_length_393_cov_7.632911	22.22	54	42	0	242	295	393	235	1.9e-11	68.0
NCVOG1038-consensus	NODE_91_length_77542_cov_8.377112	34.85	66	42	1	307	372	35031	34840	5.2e-11	74.2
NCVOG0038-consensus	NODE_25_length_161637_cov_8.401820	27.17	784	362	209	346	963	130997	128786	3.8e-14	86.9
NCVOG0038-consensus	NODE_91_length_77542_cov_8.377112	30.58	968	394	278	266	970	72201	69364	8e-12	78.2
NCVOG0228-consensus	NODE_43_length_129591_cov_9.505320	28.93	726	400	116	288	914	20990	23095	2.9e-15	90.2
NCVOG0280-consensus	NODE_210_length_37863_cov_8.169110	21.77	1415	954	153	365	1705	22404	26402	1e-28	134.1
NCVOG0280-consensus	NODE_324_length_17506_cov_8.194561	21.75	947	665	76	414	1319	3452	6184	1.1e-14	86.3
NCVOG0280-consensus	NODE_149_length_54228_cov_11.859763	20.85	1271	876	130	441	1646	41690	38082	2.2e-13	83.6
NCVOG0280-consensus	NODE_22_length_165315_cov_8.315406	21.95	1426	957	156	327	1710	113231	117153	7e-12	80.1
NCVOG0280-consensus	NODE_645_length_3772_cov_14.700947	24.56	456	300	44	810	1239	1	1311	4.1e-11	72.2
NCVOG0218-consensus	NODE_156_length_52176_cov_8.234976	44.24	495	205	71	455	900	25046	23635	1.5e-24	120.0
NCVOG0218-consensus	NODE_66_length_99248_cov_8.293755	39.17	554	276	61	392	922	18272	19806	5e-19	102.6
NCVOG0218-consensus	NODE_167_length_47800_cov_7.770570	36.52	586	234	138	416	901	44182	42564	2.6e-18	99.1
NCVOG0218-consensus	NODE_76_length_87714_cov_8.442610	51.14	264	98	31	603	848	20334	19593	9e-18	98.2
NCVOG0218-consensus	NODE_592_length_4147_cov_7.461179	36.06	513	278	50	416	903	1173	2609	5e-16	88.0
NCVOG0218-consensus	NODE_390_length_9870_cov_7.942408	39.84	384	199	32	522	893	4523	5595	1.1e-15	88.1
NCVOG0218-consensus	NODE_151_length_53317_cov_8.036044	26.31	783	490	87	175	921	2872	5058	3.8e-13	82.1
NCVOG0218-consensus	NODE_176_length_44913_cov_8.346536	29.54	711	359	142	345	927	3079	1018	2.6e-12	79.1
NCVOG0218-consensus	NODE_5_length_243590_cov_8.388583	29.80	594	360	57	392	939	119185	117448	3.8e-12	80.3
NCVOG0218-consensus	NODE_7230_length_254_cov_0.798913	76.09	92	14	8	627	718	253	5	1.4e-11	69.2
NCVOG0218-consensus	NODE_534_length_4712_cov_7.590939	33.40	509	289	50	385	849	2037	3508	2.5e-11	72.6
NCVOG0218-consensus	NODE_3354_length_543_cov_8.019313	61.48	135	43	9	734	864	148	530	3.4e-11	69.0
NCVOG0218-consensus	NODE_969_length_2411_cov_10.727506	29.93	548	335	49	355	864	469	2056	4.6e-11	70.7
NCVOG0018-consensus	NODE_248_length_29019_cov_8.228991	20.51	975	697	78	180	1112	22215	19404	1.2e-14	86.4
NCVOG5370-consensus	NODE_2154_length_939_cov_9.082367	27.98	218	140	17	5	215	247	861	4.9e-12	71.2
NCVOG4170-consensus	NODE_2_length_251756_cov_8.340163	34.10	173	112	2	129	299	12772	12259	2.8e-16	92.3
NCVOG0370-consensus	NODE_220_length_34466_cov_7.860595	34.81	135	61	27	77	211	23969	23649	2.1e-12	76.7
NCVOG0720-consensus	NODE_332_length_16246_cov_8.089307	39.39	165	89	11	3	167	10601	11059	1.7e-21	105.4
NCVOG5160-consensus	NODE_10403_length_200_cov_7.813008	38.00	50	31	0	23	72	19	165	5.2e-12	66.5
NCVOG5160-consensus	NODE_1769_length_1190_cov_10.185984	38.00	50	31	0	23	72	681	535	7.7e-11	65.2
