NCVOG1069-consensus	NODE_161	33.63	113	69	6	331	443	755	1072	2.2e-12	66.7
NCVOG2643-consensus	NODE_84	28.72	289	164	42	5	264	1504	680	4.8e-17	82.1
NCVOG2643-consensus	NODE_28	28.42	292	167	42	1	264	3522	4352	3.2e-15	76.8
NCVOG2643-consensus	NODE_31	26.45	242	160	18	4	233	3977	3273	1.8e-13	71.0
NCVOG2643-consensus	NODE_96	25.50	251	159	28	33	264	1	723	3.8e-12	65.7
NCVOG0055-consensus	NODE_45	33.18	223	132	17	166	385	5878	5257	2e-21	97.9
NCVOG0305-consensus	NODE_62	29.71	175	102	21	91	263	588	124	3.3e-11	65.5
NCVOG0282-consensus	NODE_17	24.62	524	337	58	65	551	4737	6232	7.7e-14	74.2
NCVOG0214-consensus	NODE_151	26.39	341	228	23	221	544	2523	1532	1.2e-13	71.8
NCVOG4640-consensus	NODE_46	29.79	470	282	48	7	443	3952	5261	3.7e-12	68.5
NCVOG4640-consensus	NODE_8	28.57	245	147	28	166	405	6115	5459	4.8e-11	65.5
NCVOG0976-consensus	NODE_182	27.21	294	171	43	117	381	1827	999	8.4e-12	64.5
NCVOG0185-consensus	NODE_148	35.78	109	52	18	32	138	1194	1465	8.7e-12	64.1
NCVOG0185-consensus	NODE_2	34.02	97	57	7	44	138	6566	6834	1e-11	65.8
NCVOG0185-consensus	NODE_182	30.43	138	80	16	5	129	1310	911	2.3e-11	62.4
NCVOG4477-consensus	NODE_7	23.40	188	118	26	736	919	8800	9294	4.8e-11	66.3
NCVOG4707-consensus	NODE_118	36.22	196	104	21	184	374	665	137	1.8e-11	64.0
NCVOG4707-consensus	NODE_182	34.16	243	135	25	152	387	1616	957	5.5e-11	61.8
NCVOG4635-consensus	NODE_24	48.84	43	22	0	202	244	1440	1565	5.7e-12	66.0
NCVOG0329-consensus	NODE_55	38.10	84	45	7	1160	1243	4785	4558	6.9e-20	94.2
NCVOG4154-consensus	NODE_4	23.02	265	182	22	46	299	7609	6855	9.1e-16	79.4
NCVOG5103-consensus	NODE_2	44.17	120	63	4	387	502	6331	6679	7.5e-14	74.9
NCVOG4874-consensus	NODE_137	36.80	413	185	76	15	366	1073	2257	3.9e-21	95.7
NCVOG4605-consensus	NODE_151	25.85	414	272	35	181	560	2595	1368	2.6e-12	67.4
NCVOG4605-consensus	NODE_5	25.89	367	230	42	98	451	7126	8124	3.5e-11	65.4
NCVOG5245-consensus	NODE_92	81.25	32	6	0	125	156	3669	3761	2.3e-11	62.5
NCVOG4672-consensus	NODE_118	27.07	351	212	44	28	343	1173	165	9e-11	61.5
NCVOG0657-consensus	NODE_7	35.48	93	49	11	267	349	8797	9069	9.1e-11	62.9
NCVOG5162-consensus	NODE_105	35.38	65	41	1	6	70	386	198	2.1e-11	61.7
NCVOG5162-consensus	NODE_121	32.84	67	45	0	1	67	1820	2017	4.7e-11	60.4
NCVOG1062-consensus	NODE_95	25.00	260	184	11	126	376	774	4	1.9e-17	84.2
NCVOG5117-consensus	NODE_71	27.27	319	201	31	658	959	3054	2157	7e-17	84.3
NCVOG5117-consensus	NODE_61	33.50	197	108	23	740	927	1018	485	3.7e-13	72.1
NCVOG5117-consensus	NODE_11	30.39	181	113	13	779	951	4214	3690	1.1e-11	68.1
NCVOG5117-consensus	NODE_52	35.25	122	68	11	846	967	1377	1048	2.8e-11	66.0
NCVOG5117-consensus	NODE_69	35.92	103	49	17	850	951	3266	3521	7.7e-11	64.3
NCVOG1120-consensus	NODE_151	27.53	178	120	9	381	553	2239	1721	7.8e-11	62.3
NCVOG0012-consensus	NODE_61	47.14	140	56	18	289	414	413	21	8.7e-18	85.7
NCVOG0012-consensus	NODE_52	35.58	208	103	31	261	444	829	1422	1.4e-17	85.2
NCVOG0012-consensus	NODE_182	46.79	109	51	7	306	412	1295	987	2.1e-17	83.4
NCVOG0012-consensus	NODE_114	43.75	112	61	2	302	411	331	5	3.9e-16	79.8
NCVOG0012-consensus	NODE_61	41.35	133	62	16	297	413	478	869	9e-16	79.0
NCVOG0012-consensus	NODE_65	37.76	143	75	14	278	406	3834	4255	9.5e-16	78.9
NCVOG0012-consensus	NODE_25	49.62	131	48	18	305	417	7351	6980	1.6e-13	72.2
NCVOG0012-consensus	NODE_25	49.62	131	48	18	305	417	103	474	1.6e-13	72.2
NCVOG0012-consensus	NODE_65	40.41	146	79	8	288	425	3736	3308	2.2e-13	71.0
NCVOG0012-consensus	NODE_168	39.13	138	68	16	288	414	2136	1745	2.5e-13	70.1
NCVOG0012-consensus	NODE_89	29.38	337	162	76	85	394	3054	3902	3.2e-13	70.3
NCVOG0012-consensus	NODE_38	40.00	135	70	11	298	421	5392	5787	5.8e-13	70.1
NCVOG0012-consensus	NODE_148	48.21	112	40	18	310	405	1235	1555	8.9e-13	68.3
NCVOG0012-consensus	NODE_11	47.42	97	42	9	329	423	1705	1445	9.5e-13	69.9
NCVOG0012-consensus	NODE_69	40.44	136	65	16	294	414	3673	3286	1e-12	68.7
NCVOG0012-consensus	NODE_139	37.43	171	83	24	279	426	2823	2323	4e-12	66.2
NCVOG0012-consensus	NODE_24	27.32	355	219	39	85	419	3803	4793	5.1e-12	67.2
NCVOG0012-consensus	NODE_173	34.59	185	91	30	264	423	663	131	6.5e-12	65.3
NCVOG0012-consensus	NODE_16	32.64	193	105	25	232	411	2241	1704	1.1e-11	66.2
NCVOG0012-consensus	NODE_16	32.64	193	105	25	232	411	6467	7004	1.1e-11	66.2
NCVOG0012-consensus	NODE_18	46.73	107	49	8	298	398	3423	3728	1.2e-11	66.1
NCVOG0012-consensus	NODE_11	27.43	401	225	66	86	425	2897	4071	2.3e-11	65.3
NCVOG0012-consensus	NODE_11	34.59	185	91	30	264	423	8442	8974	6.1e-12	67.2
NCVOG0012-consensus	NODE_55	27.14	350	220	35	99	432	1029	58	2.6e-11	64.3
NCVOG0012-consensus	NODE_15	30.99	242	116	51	292	482	3562	4270	2.9e-11	64.9
NCVOG0012-consensus	NODE_30	44.44	90	43	7	302	385	7225	6962	3.5e-11	64.3
NCVOG0012-consensus	NODE_6	45.37	108	44	15	321	413	3	321	4.4e-11	64.5
NCVOG0012-consensus	NODE_6	50.00	72	34	2	304	373	7247	7457	4.4e-11	64.5
NCVOG0012-consensus	NODE_20	44.44	108	50	10	316	420	4035	3742	4.6e-11	64.1
NCVOG0012-consensus	NODE_92	51.22	82	28	12	290	362	3710	3939	4.9e-11	63.0
NCVOG0012-consensus	NODE_15	35.76	151	81	16	267	406	3601	3173	8.3e-11	63.4
NCVOG0868-consensus	NODE_148	44.29	70	38	1	155	224	1292	1495	1.5e-11	63.9
NCVOG0868-consensus	NODE_61	40.96	83	45	4	160	241	693	929	3.5e-11	63.4
NCVOG1188-consensus	NODE_182	37.29	177	93	18	48	209	1510	996	6.7e-12	64.3
NCVOG1188-consensus	NODE_61	36.52	178	97	16	34	207	411	899	8.3e-11	61.7
NCVOG0190-consensus	NODE_182	35.90	117	63	12	179	292	1265	945	8.9e-13	68.1
NCVOG0190-consensus	NODE_65	39.53	86	50	2	183	266	4001	4255	2e-12	67.9
NCVOG0190-consensus	NODE_61	37.84	111	56	13	182	286	302	6	2.5e-12	67.6
NCVOG0190-consensus	NODE_52	42.50	80	43	3	182	260	1097	1327	1.4e-11	65.3
NCVOG0190-consensus	NODE_61	40.62	96	48	9	174	262	618	896	6e-11	63.0
NCVOG0190-consensus	NODE_71	31.93	119	73	8	175	289	2240	2581	7.5e-11	62.6
NCVOG0190-consensus	NODE_148	33.80	142	72	22	163	286	1094	1498	9.4e-11	61.7
NCVOG4511-consensus	NODE_182	27.24	301	189	30	5	289	1752	897	1.9e-11	64.1
NCVOG4511-consensus	NODE_8	34.41	186	103	19	23	204	5944	5447	2.5e-11	65.7
NCVOG4511-consensus	NODE_65	30.70	228	128	30	158	378	3715	3120	5.9e-11	63.4
NCVOG4511-consensus	NODE_69	26.90	368	235	34	1	358	3853	2837	8e-11	62.9
NCVOG0231-consensus	NODE_45	30.99	213	109	38	203	386	5836	5230	4e-11	63.6
NCVOG0301-consensus	NODE_166	34.44	151	78	21	377	510	2683	2248	8.3e-13	68.5
NCVOG1121-consensus	NODE_4	24.02	408	265	45	88	451	7460	6253	1.2e-11	66.5
NCVOG0218-consensus	NODE_11	33.15	558	312	61	367	899	2731	4263	2.4e-35	146.1
NCVOG0218-consensus	NODE_11	34.72	288	169	19	608	880	8265	9101	2.9e-17	86.0
NCVOG0218-consensus	NODE_89	36.42	346	176	44	572	877	2898	3896	1.2e-27	119.3
NCVOG0218-consensus	NODE_182	33.81	210	130	9	568	775	1511	906	7.6e-24	106.0
NCVOG0218-consensus	NODE_139	38.21	246	132	20	648	877	3066	2356	3.2e-22	100.9
NCVOG0218-consensus	NODE_65	40.48	210	106	19	645	835	3730	3122	6.4e-22	100.5
NCVOG0218-consensus	NODE_71	33.06	363	187	56	571	886	2114	3150	8.1e-22	100.1
NCVOG0218-consensus	NODE_61	48.18	137	62	9	672	805	383	6	3.5e-21	98.2
NCVOG0218-consensus	NODE_69	37.10	283	152	26	607	867	3640	2841	4.2e-21	97.8
NCVOG0218-consensus	NODE_61	35.42	288	155	31	578	835	534	1377	6.9e-21	97.2
NCVOG0218-consensus	NODE_65	37.08	178	105	7	587	760	3734	4255	1.9e-19	92.3
NCVOG0218-consensus	NODE_52	40.13	152	80	11	711	855	938	1378	2.6e-18	88.8
NCVOG0218-consensus	NODE_25	42.60	223	89	39	714	901	19	642	7e-18	87.8
NCVOG0218-consensus	NODE_25	42.60	223	89	39	714	901	7435	6812	7e-18	87.8
NCVOG0218-consensus	NODE_8	44.23	156	77	10	663	810	5887	5441	2.1e-17	86.6
NCVOG0218-consensus	NODE_173	34.72	288	169	19	608	880	840	4	4.8e-17	83.5
NCVOG0218-consensus	NODE_15	36.41	184	112	5	667	846	3466	3999	1.1e-16	84.1
NCVOG0218-consensus	NODE_17	29.57	602	353	71	350	912	4931	6585	3.1e-16	82.5
NCVOG0218-consensus	NODE_69	33.57	283	159	29	645	899	3659	4465	4.3e-16	81.1
NCVOG0218-consensus	NODE_182	35.74	277	153	25	590	847	1359	2148	1.2e-15	78.8
NCVOG0218-consensus	NODE_94	36.41	195	109	15	686	869	3737	3184	2.9e-15	78.2
NCVOG0218-consensus	NODE_18	39.10	156	86	9	751	900	3344	2895	4e-15	78.8
NCVOG0218-consensus	NODE_38	28.01	407	256	37	432	815	4991	3816	7.9e-15	77.4
NCVOG0218-consensus	NODE_38	33.86	316	168	41	485	773	1457	585	7.9e-14	74.1
NCVOG0218-consensus	NODE_114	50.86	116	46	11	604	709	343	20	1e-14	76.3
NCVOG0218-consensus	NODE_76	33.90	177	105	12	602	769	661	151	5.3e-14	74.1
NCVOG0218-consensus	NODE_38	34.46	177	102	14	663	826	5425	5947	6e-14	74.5
NCVOG0218-consensus	NODE_148	28.95	525	321	52	361	859	1106	2557	6.4e-14	73.3
NCVOG0218-consensus	NODE_168	33.02	215	122	22	530	731	2225	1617	1.3e-13	72.1
NCVOG0218-consensus	NODE_212	37.99	179	96	15	645	808	1680	1167	2.9e-13	70.6
NCVOG0218-consensus	NODE_206	33.76	234	141	14	646	872	19	678	1.2e-12	68.6
NCVOG0218-consensus	NODE_11	30.52	213	130	18	770	975	1711	1115	1.5e-12	70.4
NCVOG0218-consensus	NODE_66	46.75	77	37	4	750	822	3844	3619	1.7e-12	69.2
NCVOG0218-consensus	NODE_30	29.33	208	132	15	740	937	7228	6625	2e-12	69.6
NCVOG0218-consensus	NODE_151	47.86	117	49	12	779	888	2623	2943	2.1e-12	68.2
NCVOG0218-consensus	NODE_15	35.00	180	106	11	748	918	3543	3029	2.2e-12	69.8
NCVOG0218-consensus	NODE_16	34.39	221	118	27	604	801	6628	7265	3.2e-12	69.2
NCVOG0218-consensus	NODE_16	34.39	221	118	27	604	801	2080	1443	3.2e-12	69.2
NCVOG0218-consensus	NODE_6	29.26	581	323	88	354	862	3	1666	5.7e-12	68.6
NCVOG0218-consensus	NODE_6	26.57	621	379	77	357	913	1687	3461	1.5e-13	73.9
NCVOG0218-consensus	NODE_6	34.96	123	76	4	662	780	5347	5712	5.7e-12	68.6
NCVOG0218-consensus	NODE_18	35.03	157	96	6	694	846	3275	3728	7e-12	68.0
NCVOG0218-consensus	NODE_92	53.85	65	28	2	632	695	3751	3939	8.6e-12	66.7
NCVOG0218-consensus	NODE_20	44.95	109	53	7	752	856	4038	3730	1.8e-11	66.7
NCVOG0218-consensus	NODE_8	34.38	192	116	10	589	770	5889	6447	2.4e-11	66.5
NCVOG0218-consensus	NODE_48	35.71	126	74	7	753	876	824	1181	2.5e-11	65.7
NCVOG0218-consensus	NODE_168	36.62	142	83	7	746	881	2234	2647	2.6e-11	64.5
NCVOG0218-consensus	NODE_55	27.78	342	182	65	617	894	1029	16	3.9e-11	64.9
NCVOG0218-consensus	NODE_201	36.31	157	85	15	709	852	1952	1505	7.1e-11	62.7
