NCVOG0719-consensus	Supercontig_9	32.79	122	82	0	116	237	627613	627975	1e-14	79.3
NCVOG2772-consensus	Supercontig_4	24.89	229	154	18	67	282	1365628	1364972	1.9e-12	72.6
NCVOG0669-consensus	Supercontig_8	31.64	177	111	10	273	441	1425759	1425238	1.8e-15	81.7
NCVOG0333-consensus	Supercontig_11	42.86	112	48	16	605	709	469795	469490	2.9e-14	79.2
NCVOG0333-consensus	Supercontig_5	42.86	112	48	16	605	709	1373599	1373294	2.9e-14	79.2
NCVOG2223-consensus	Supercontig_8	43.13	211	113	7	689	896	832243	832860	2.5e-40	166.1
NCVOG0233-consensus	Supercontig_15	35.73	904	424	157	103	853	193201	190509	1.4e-59	229.9
NCVOG0233-consensus	Supercontig_2	36.87	906	458	114	45	847	2102988	2100307	3.3e-59	227.7
NCVOG0233-consensus	Supercontig_2	24.76	828	530	93	61	849	130417	132715	4.9e-37	155.1
NCVOG0233-consensus	Supercontig_10	28.54	792	391	175	116	738	798785	801133	4.4e-32	138.7
NCVOG0233-consensus	Supercontig_12	29.66	671	333	139	162	709	940889	942850	1.6e-31	135.6
NCVOG0233-consensus	Supercontig_6	26.25	937	500	191	101	867	920221	917499	2.9e-29	129.3
NCVOG0233-consensus	Supercontig_9	26.34	820	464	140	22	729	696158	693794	1.5e-24	113.6
NCVOG0233-consensus	Supercontig_16	26.19	695	399	114	136	729	120525	122559	4.6e-20	98.7
NCVOG0233-consensus	Supercontig_3	26.12	601	375	69	92	661	394334	396017	1.6e-19	96.9
NCVOG0233-consensus	Supercontig_1	26.68	626	296	163	216	678	141408	139542	1.1e-18	94.2
NCVOG0233-consensus	Supercontig_2	24.31	798	360	244	166	729	1921032	1918690	1.5e-16	87.1
NCVOG0233-consensus	Supercontig_7	32.35	473	205	115	502	859	1437901	1436490	3.8e-14	78.7
NCVOG0233-consensus	Supercontig_7	28.80	368	144	118	117	369	1440132	1439045	3.8e-14	78.7
NCVOG0233-consensus	Supercontig_24	27.54	759	379	171	102	706	34511	36727	9.7e-14	77.7
NCVOG0233-consensus	Supercontig_22	24.46	699	327	201	152	661	68313	70362	1.9e-13	76.7
NCVOG0233-consensus	Supercontig_7	24.55	277	187	22	536	801	1258039	1258833	2.8e-13	76.2
NCVOG0233-consensus	Supercontig_10	24.17	571	362	71	141	702	916834	915315	3.6e-13	75.4
NCVOG0023-consensus	Supercontig_15	28.97	428	273	31	398	806	18825	20069	8.2e-24	111.2
NCVOG0023-consensus	Supercontig_21	29.55	423	272	26	395	803	322622	323851	4.8e-23	106.8
NCVOG0023-consensus	Supercontig_8	25.12	434	303	22	393	808	609182	607896	4.1e-15	82.3
NCVOG0023-consensus	Supercontig_22	21.50	828	565	85	70	851	18660	21011	7.8e-13	74.7
NCVOG0013-consensus	Supercontig_4	33.13	166	108	3	122	284	588328	588822	2.3e-19	95.8
NCVOG0013-consensus	Supercontig_1	33.53	170	111	2	122	289	882054	881548	1.3e-15	83.4
NCVOG0763-consensus	Supercontig_16	33.33	315	191	19	1	313	55737	54855	1.8e-15	82.0
NCVOG0297-consensus	Supercontig_3	38.76	129	72	7	361	482	761842	762225	2e-13	76.0
NCVOG0297-consensus	Supercontig_11	29.13	309	172	47	263	537	494306	495190	2.2e-11	69.2
NCVOG0297-consensus	Supercontig_9	28.10	153	107	3	13	163	882119	882571	6.6e-11	67.6
NCVOG4988-consensus	Supercontig_14	24.42	471	307	49	3	430	594615	593230	7e-15	80.5
NCVOG0733-consensus	Supercontig_1	27.14	140	88	14	10	142	111306	110911	5e-13	72.7
NCVOG0663-consensus	Supercontig_10	24.10	307	194	39	299	580	60052	60927	3.5e-11	68.7
NCVOG0073-consensus	Supercontig_10	42.43	634	344	21	12	641	46838	44991	6.4e-88	324.3
NCVOG0073-consensus	Supercontig_12	41.42	618	333	29	29	640	628540	630321	6.3e-86	317.6
NCVOG0073-consensus	Supercontig_9	39.53	645	364	26	29	670	455583	457445	2.6e-64	245.8
NCVOG0073-consensus	Supercontig_12	35.69	664	367	60	32	665	444417	446315	1.4e-62	240.1
NCVOG0073-consensus	Supercontig_23	26.07	537	355	42	20	519	165807	167395	1.9e-34	146.4
NCVOG0073-consensus	Supercontig_7	29.53	342	222	19	74	408	1272077	1273063	2.1e-33	143.2
NCVOG0073-consensus	Supercontig_26	31.50	127	87	0	139	265	19648	19271	3.1e-12	72.1
NCVOG0073-consensus	Supercontig_2	23.33	463	300	55	76	493	1676349	1674996	7.7e-11	68.2
NCVOG0679-consensus	Supercontig_1	27.30	282	190	15	1	274	1593561	1592744	3.8e-11	67.5
NCVOG1068-consensus	Supercontig_17	39.20	176	58	49	94	220	173000	173518	1.9e-11	68.3
NCVOG0613-consensus	Supercontig_4	33.76	157	74	30	1	128	1426666	1426204	9.9e-12	68.3
NCVOG0613-consensus	Supercontig_3	30.57	157	76	33	2	126	1520648	1520188	1.6e-11	67.6
NCVOG1353-consensus	Supercontig_20	57.10	634	176	96	101	640	324256	322370	7.7e-37	153.8
NCVOG1353-consensus	Supercontig_20	48.97	194	53	46	643	794	320800	320238	3.5e-15	81.9
NCVOG4445-consensus	Supercontig_1	34.44	180	113	5	177	354	757930	757403	4.7e-15	80.9
NCVOG0243-consensus	Supercontig_2	30.56	373	211	48	5	340	1126958	1125884	1.2e-15	82.9
NCVOG0055-consensus	Supercontig_1	32.35	204	125	13	202	394	376746	377348	8.8e-18	90.1
NCVOG0055-consensus	Supercontig_5	38.59	184	106	7	182	361	485061	485600	3.2e-15	81.6
NCVOG0055-consensus	Supercontig_6	27.93	333	192	48	71	374	353957	353031	1.9e-12	72.4
NCVOG0435-consensus	Supercontig_12	39.88	163	89	9	55	209	633273	632791	9.4e-23	105.6
NCVOG0435-consensus	Supercontig_17	43.64	110	61	1	98	207	77889	77566	8.6e-18	89.1
NCVOG4105-consensus	Supercontig_2	33.05	1077	404	317	9	778	420856	417691	8.6e-25	114.8
NCVOG1045-consensus	Supercontig_15	35.14	111	67	5	408	517	520169	520486	8.1e-14	77.3
NCVOG0305-consensus	Supercontig_12	33.93	280	167	18	1302	1571	612958	613770	2.6e-24	113.7
NCVOG0305-consensus	Supercontig_17	32.13	249	157	12	786	1034	373601	372894	2.4e-16	87.2
NCVOG0305-consensus	Supercontig_5	31.25	208	135	8	1355	1556	1274208	1274822	1.3e-14	81.5
NCVOG0305-consensus	Supercontig_8	31.14	228	145	12	1306	1528	862598	863257	3.2e-14	80.2
NCVOG0305-consensus	Supercontig_2	32.14	168	112	2	820	987	1354769	1355263	8.6e-14	78.7
NCVOG0305-consensus	Supercontig_1	31.85	248	156	13	1300	1538	1864169	1863443	3.4e-13	76.7
NCVOG0305-consensus	Supercontig_7	32.57	261	146	30	1334	1568	539990	540753	6.1e-12	72.6
NCVOG0248-consensus	Supercontig_16	32.73	388	225	36	85	464	248997	247921	6.2e-15	80.9
NCVOG0248-consensus	Supercontig_1	30.02	433	208	95	125	489	947218	948426	8.2e-13	73.9
NCVOG4804-consensus	Supercontig_3	51.05	143	66	4	39	177	1702619	1703044	9e-27	118.9
NCVOG4804-consensus	Supercontig_18	46.06	165	63	26	39	177	498761	499248	1.4e-22	104.1
NCVOG0282-consensus	Supercontig_17	26.35	425	281	32	192	603	374028	372816	1.8e-18	93.5
NCVOG0282-consensus	Supercontig_5	25.62	445	282	49	179	592	1273590	1274867	1.2e-17	90.7
NCVOG0282-consensus	Supercontig_1	30.07	306	179	35	325	603	1864138	1863252	3.5e-16	85.8
NCVOG0282-consensus	Supercontig_5	31.42	261	162	17	324	574	107808	108566	2e-15	83.3
NCVOG0282-consensus	Supercontig_7	31.73	271	154	31	360	606	540023	540803	1.2e-13	77.4
NCVOG0282-consensus	Supercontig_11	27.19	217	146	12	325	539	96839	97456	2.6e-13	76.3
NCVOG0282-consensus	Supercontig_3	27.94	315	199	28	272	571	1202113	1203015	6.2e-13	75.0
NCVOG0282-consensus	Supercontig_3	27.94	315	199	28	272	571	1239625	1240527	3.3e-14	79.3
NCVOG0282-consensus	Supercontig_10	27.88	330	198	40	314	608	886679	887650	7.2e-13	74.8
NCVOG0282-consensus	Supercontig_11	26.93	427	246	66	210	581	493960	495202	1.1e-12	74.2
NCVOG0282-consensus	Supercontig_8	27.74	465	291	45	151	584	862050	863383	8.7e-12	71.2
NCVOG0282-consensus	Supercontig_4	27.27	198	132	12	325	520	1150596	1151156	2.8e-11	69.5
NCVOG0282-consensus	Supercontig_22	24.64	349	234	29	265	595	175983	174973	9.1e-11	67.8
NCVOG2963-consensus	Supercontig_17	33.33	261	145	29	90	321	281883	281106	6.3e-16	83.5
NCVOG2963-consensus	Supercontig_4	27.88	226	149	14	103	322	1365616	1364966	1.1e-15	82.7
NCVOG2963-consensus	Supercontig_12	17.33	329	252	20	9	321	407183	408152	3e-14	78.0
NCVOG2963-consensus	Supercontig_18	27.63	304	194	26	1	291	307074	307937	9.7e-13	73.0
NCVOG2963-consensus	Supercontig_6	32.02	228	137	18	107	321	595732	596395	8.1e-12	69.9
NCVOG2963-consensus	Supercontig_14	26.18	191	131	10	120	308	489739	489194	1.4e-11	69.1
NCVOG2963-consensus	Supercontig_2	22.61	199	148	6	118	314	1424391	1424972	4.6e-11	67.4
NCVOG4883-consensus	Supercontig_3	31.80	261	143	35	40	274	358793	359539	4.2e-14	78.0
NCVOG2979-consensus	Supercontig_9	33.33	144	95	1	106	249	57185	57610	2.6e-16	84.4
NCVOG0360-consensus	Supercontig_18	44.44	297	158	7	24	315	407505	408386	3.1e-51	200.8
NCVOG0979-consensus	Supercontig_26	51.51	299	142	3	31	328	7038	7925	9e-61	231.9
NCVOG0699-consensus	Supercontig_1	31.33	166	110	4	259	421	757888	757397	5e-12	71.1
NCVOG0764-consensus	Supercontig_16	28.75	240	147	24	4	234	333319	333990	1.6e-15	82.0
NCVOG0274-consensus	Supercontig_1	40.26	1314	643	142	174	1368	1015828	1011961	2.2e-64	246.7
NCVOG0274-consensus	Supercontig_1	48.61	72	33	4	23	90	1016762	1016550	2e-14	80.7
NCVOG0274-consensus	Supercontig_12	30.35	1229	666	190	265	1321	733899	730278	2.4e-58	226.6
NCVOG0274-consensus	Supercontig_3	29.97	1485	616	424	307	1369	435552	431147	3.5e-16	86.5
NCVOG0074-consensus	Supercontig_10	63.78	635	228	2	5	637	46817	44916	1.1e-165	582.0
NCVOG0074-consensus	Supercontig_12	66.11	596	202	0	15	610	628540	630324	3.7e-163	573.6
NCVOG0074-consensus	Supercontig_9	59.28	614	246	4	15	626	455583	457415	2.7e-146	517.6
NCVOG0074-consensus	Supercontig_12	44.68	620	300	43	27	616	444444	446261	1.7e-89	328.9
NCVOG0074-consensus	Supercontig_23	32.27	533	313	48	8	493	165813	167401	6.5e-45	180.6
NCVOG0074-consensus	Supercontig_7	36.92	344	206	11	60	394	1272077	1273099	6.5e-26	117.7
NCVOG0074-consensus	Supercontig_2	27.16	405	239	56	49	398	1676388	1675182	1.1e-18	93.7
NCVOG0074-consensus	Supercontig_26	38.28	128	76	3	118	242	19648	19268	8.5e-14	76.7
NCVOG1299-consensus	Supercontig_21	58.02	81	23	11	56	125	236357	236596	1.2e-13	74.9
NCVOG1196-consensus	Supercontig_12	23.33	660	440	66	204	846	406930	408753	4.6e-14	79.1
NCVOG1196-consensus	Supercontig_16	18.11	806	598	62	109	887	55731	53450	5.3e-12	72.3
NCVOG1196-consensus	Supercontig_15	23.50	719	494	56	341	1025	99284	97197	2.7e-11	70.0
NCVOG0064-consensus	Supercontig_17	23.97	363	242	34	23	362	241137	242189	1.4e-19	96.3
NCVOG0064-consensus	Supercontig_6	40.23	87	46	6	74	154	902223	901966	4.4e-11	68.1
NCVOG4414-consensus	Supercontig_1	25.96	208	144	10	68	270	757846	757241	3.4e-13	74.3
NCVOG4324-consensus	Supercontig_6	30.02	513	308	51	121	588	1221205	1222720	4.4e-22	105.0
NCVOG4134-consensus	Supercontig_5	31.91	514	250	100	23	458	1243135	1241681	1.1e-27	123.1
NCVOG0424-consensus	Supercontig_22	37.40	131	76	6	191	320	131321	131695	3.7e-12	71.9
NCVOG0424-consensus	Supercontig_31	44.04	109	58	3	189	295	11465	11777	7.3e-12	67.7
NCVOG0424-consensus	Supercontig_14	37.96	108	66	1	182	289	37106	36789	9.9e-12	70.5
NCVOG0424-consensus	Supercontig_9	30.30	132	91	1	182	313	748245	748634	7e-11	67.7
NCVOG0424-consensus	Supercontig_35	35.71	126	79	2	182	306	2993	3360	7.4e-11	63.2
NCVOG0334-consensus	Supercontig_7	37.03	343	173	43	4	315	151084	150099	2.5e-20	98.2
NCVOG0034-consensus	Supercontig_12	31.54	298	149	55	160	417	625972	625129	3.5e-14	78.2
NCVOG0034-consensus	Supercontig_5	30.30	297	152	55	160	417	1224135	1224974	2.5e-11	68.7
NCVOG0214-consensus	Supercontig_18	42.13	216	105	20	274	487	416185	416771	4.6e-12	72.0
NCVOG0214-consensus	Supercontig_9	28.78	337	208	32	208	515	78327	79325	1.9e-11	69.9
NCVOG0214-consensus	Supercontig_17	25.00	512	335	49	69	544	532229	530744	3.5e-11	68.7
NCVOG0004-consensus	Supercontig_17	34.97	143	70	23	185	307	435911	436323	1.2e-12	73.6
NCVOG0276-consensus	Supercontig_1	63.22	367	87	48	39	357	1402711	1401620	1.5e-61	235.3
NCVOG0276-consensus	Supercontig_25	29.67	364	176	80	39	322	125455	126537	9.1e-13	73.2
NCVOG0689-consensus	Supercontig_16	20.32	433	314	31	47	456	55750	54487	2e-15	82.5
NCVOG0689-consensus	Supercontig_11	11.59	466	397	15	1	456	829581	828204	3e-12	72.0
NCVOG0689-consensus	Supercontig_3	22.90	310	214	25	50	341	1379274	1380179	1.2e-11	69.9
NCVOG0689-consensus	Supercontig_16	22.26	265	185	21	64	324	205470	206210	8.7e-11	67.1
NCVOG4882-consensus	Supercontig_6	32.80	372	200	50	390	726	1397625	1396558	1.7e-22	106.9
NCVOG0777-consensus	Supercontig_8	35.21	355	179	51	126	467	1319169	1318222	3.6e-23	109.8
NCVOG0777-consensus	Supercontig_1	32.82	259	134	40	79	311	1348193	1347466	3.5e-13	76.6
NCVOG0777-consensus	Supercontig_2	34.37	323	159	53	154	450	1782858	1781978	3.3e-12	73.4
NCVOG0777-consensus	Supercontig_4	28.92	332	179	57	121	434	547034	547903	1.8e-11	70.9
NCVOG5130-consensus	Supercontig_7	48.08	104	49	5	4	103	598296	597991	9.6e-14	75.2
NCVOG0185-consensus	Supercontig_9	34.40	125	72	10	24	138	305133	304766	1.6e-12	71.9
NCVOG0185-consensus	Supercontig_14	42.67	75	42	1	16	89	626260	626039	9e-12	67.4
NCVOG4596-consensus	Supercontig_3	26.82	302	184	37	162	444	1379115	1379955	2.5e-11	69.8
NCVOG0320-consensus	Supercontig_16	34.13	208	125	12	8	213	314202	313612	1.8e-18	91.4
NCVOG0030-consensus	Supercontig_21	32.82	521	243	107	39	472	138527	140018	3.5e-28	125.5
NCVOG4494-consensus	Supercontig_8	38.29	222	132	5	16	233	1302626	1303285	6.3e-24	110.8
NCVOG4494-consensus	Supercontig_22	36.24	218	130	9	21	231	87784	88428	2.4e-20	98.9
NCVOG4494-consensus	Supercontig_19	33.33	183	120	2	33	214	218447	217905	2.6e-18	92.2
NCVOG4494-consensus	Supercontig_2	31.76	255	154	20	10	259	589171	588459	6.5e-17	87.5
NCVOG4494-consensus	Supercontig_4	27.93	358	225	33	5	334	112744	111697	6.7e-16	84.1
NCVOG4494-consensus	Supercontig_2	40.44	136	78	3	27	159	300541	300137	6.7e-16	84.1
NCVOG4494-consensus	Supercontig_18	40.91	110	61	4	28	136	519031	518716	4e-12	70.7
NCVOG4494-consensus	Supercontig_10	30.23	172	115	5	27	193	308692	308184	1.1e-11	70.1
NCVOG4477-consensus	Supercontig_3	27.48	222	134	27	652	856	1379250	1379880	4.1e-12	73.5
NCVOG4477-consensus	Supercontig_13	24.28	276	190	19	558	824	318815	319605	1.4e-11	71.8
NCVOG0277-consensus	Supercontig_1	27.27	319	201	31	60	362	1402571	1401665	9.8e-16	83.1
NCVOG0077-consensus	Supercontig_18	32.72	379	224	31	333	706	265003	266058	7.1e-26	117.7
NCVOG0077-consensus	Supercontig_1	30.44	427	234	63	324	701	1294345	1293110	4.2e-23	108.5
NCVOG0077-consensus	Supercontig_7	29.79	423	265	32	301	704	566659	565435	2.4e-19	96.1
NCVOG0077-consensus	Supercontig_8	30.96	436	194	107	342	679	931651	930384	5.9e-17	88.1
NCVOG0077-consensus	Supercontig_1	32.89	301	151	51	386	653	1667587	1668428	1.7e-16	86.6
NCVOG0077-consensus	Supercontig_1	30.02	463	225	99	332	700	896525	895167	5.2e-15	81.6
NCVOG0077-consensus	Supercontig_1	29.65	516	235	128	314	704	967627	966100	8.8e-15	80.9
NCVOG0077-consensus	Supercontig_8	27.16	394	215	72	306	641	286015	287149	1.8e-14	79.9
NCVOG0077-consensus	Supercontig_19	23.10	420	288	35	314	711	315377	314160	1.4e-13	76.9
NCVOG0077-consensus	Supercontig_19	28.43	401	228	59	336	686	317183	316013	1.4e-13	76.9
NCVOG0077-consensus	Supercontig_2	34.30	172	102	11	396	560	2008629	2008145	1.3e-12	73.7
NCVOG0077-consensus	Supercontig_4	28.29	304	156	62	303	553	509574	508695	1.8e-11	69.9
NCVOG0196-consensus	Supercontig_7	32.23	121	75	7	400	520	1168503	1168841	6.2e-11	67.8
NCVOG2647-consensus	Supercontig_19	31.14	228	123	34	13	209	387459	386792	1.1e-16	85.8
NCVOG0267-consensus	Supercontig_12	27.45	470	299	42	291	748	95957	94641	1.6e-28	127.2
NCVOG0267-consensus	Supercontig_5	31.23	413	247	37	328	733	135612	136757	1.3e-25	117.5
NCVOG0267-consensus	Supercontig_3	27.14	560	315	93	222	718	450499	452077	3e-16	86.4
NCVOG0267-consensus	Supercontig_6	24.88	434	258	68	358	741	447759	446519	9.4e-15	81.5
NCVOG0267-consensus	Supercontig_11	25.60	500	253	119	316	718	404617	406039	3.4e-14	79.6
NCVOG0267-consensus	Supercontig_21	32.77	177	108	11	499	670	183363	182856	4.5e-12	72.6
NCVOG0267-consensus	Supercontig_14	25.12	215	156	5	547	759	192108	191476	1.3e-11	71.0
NCVOG0267-consensus	Supercontig_4	24.52	469	277	77	323	737	86766	88092	5.7e-11	68.9
NCVOG4357-consensus	Supercontig_4	34.08	534	279	73	8	481	1377394	1378953	1.4e-42	172.7
NCVOG0046-consensus	Supercontig_9	52.50	80	34	4	8	83	584301	584065	1.1e-12	72.8
NCVOG0037-consensus	Supercontig_9	43.63	1068	363	239	58	890	440752	437584	8.1e-42	171.3
NCVOG0037-consensus	Supercontig_9	51.85	81	35	4	2	80	441041	440808	2.6e-15	83.3
NCVOG0037-consensus	Supercontig_2	41.18	1100	387	260	70	911	765040	768304	1.8e-41	170.2
NCVOG0037-consensus	Supercontig_2	59.38	64	24	2	6	69	764730	764912	6.9e-15	81.8
NCVOG0117-consensus	Supercontig_6	29.94	177	107	17	369	532	596078	596593	8.3e-11	67.3
NCVOG0007-consensus	Supercontig_11	33.17	404	210	60	20	363	660612	659408	7.9e-24	110.0
NCVOG1115-consensus	Supercontig_4	41.63	233	129	7	187	413	1500293	1499601	5.2e-36	150.6
NCVOG0015-consensus	Supercontig_4	31.31	214	133	14	67	267	588129	588762	1.5e-13	76.2
NCVOG0005-consensus	Supercontig_16	24.58	236	169	9	103	335	284624	285310	2.1e-15	82.4
NCVOG0005-consensus	Supercontig_6	29.65	172	108	13	60	225	337027	336536	2.6e-15	82.1
NCVOG0005-consensus	Supercontig_2	25.88	340	193	59	44	326	137893	136891	4.5e-11	68.0
NCVOG0486-consensus	Supercontig_13	29.59	365	200	57	63	380	384286	385345	1.5e-22	105.8
NCVOG0744-consensus	Supercontig_7	29.81	540	253	126	121	538	467231	465627	1e-22	106.8
NCVOG0897-consensus	Supercontig_1	33.33	222	125	23	46	250	933894	934538	2.8e-11	67.9
NCVOG0284-consensus	Supercontig_3	25.29	344	193	64	34	328	1861014	1861997	6.1e-15	79.7
NCVOG0284-consensus	Supercontig_2	35.09	114	69	5	138	250	2085056	2084730	1.4e-11	69.1
NCVOG0284-consensus	Supercontig_5	28.44	218	131	25	36	250	1274076	1274660	1.7e-11	68.8
NCVOG0806-consensus	Supercontig_2	38.65	445	149	124	126	447	1474315	1472997	1.1e-23	109.8
NCVOG0806-consensus	Supercontig_2	29.79	329	188	43	142	447	510609	511522	1.7e-19	95.9
NCVOG0806-consensus	Supercontig_1	29.93	461	225	98	69	447	1093529	1092202	2.8e-16	85.2
NCVOG4676-consensus	Supercontig_22	29.67	209	139	8	59	261	196138	196755	3.9e-12	70.9
NCVOG0329-consensus	Supercontig_8	35.02	317	182	24	1024	1324	831937	832860	1.7e-34	147.3
NCVOG0329-consensus	Supercontig_7	29.12	285	183	19	348	629	598602	597799	2e-14	80.6
NCVOG0329-consensus	Supercontig_14	35.71	98	56	7	1154	1251	291550	291819	3e-13	76.7
NCVOG0329-consensus	Supercontig_11	31.07	206	114	28	1113	1299	631374	631957	7.1e-12	72.1
NCVOG4566-consensus	Supercontig_16	20.58	554	431	9	9	556	53998	55643	4.2e-11	69.1
NCVOG4154-consensus	Supercontig_16	33.15	184	113	10	120	294	55750	55205	1.3e-15	82.5
NCVOG4154-consensus	Supercontig_12	30.00	170	115	4	93	258	407744	408250	2.6e-13	74.8
NCVOG4154-consensus	Supercontig_17	27.84	194	129	11	78	260	281747	281169	9.2e-13	72.9
NCVOG4154-consensus	Supercontig_14	33.96	212	127	13	92	299	489694	489101	1.6e-12	72.2
NCVOG4154-consensus	Supercontig_8	32.26	124	76	8	127	249	1387777	1388120	1.6e-11	67.9
NCVOG4154-consensus	Supercontig_1	39.42	104	58	5	155	253	1066576	1066884	3e-11	67.9
NCVOG4154-consensus	Supercontig_4	37.65	85	53	0	174	258	51572	51823	4.3e-11	67.4
NCVOG4154-consensus	Supercontig_1	28.26	138	98	1	155	291	471393	471803	7.5e-11	66.6
NCVOG0789-consensus	Supercontig_10	30.68	176	112	10	18	189	35715	35209	7.7e-18	89.2
NCVOG0332-consensus	Supercontig_1	26.97	267	171	24	1	259	753478	754227	8.9e-14	76.5
NCVOG0332-consensus	Supercontig_3	25.99	227	153	15	46	257	1485776	1485099	2.3e-11	68.5
NCVOG1326-consensus	Supercontig_2	51.76	85	41	0	60	144	1784236	1784487	1.4e-18	91.3
NCVOG1326-consensus	Supercontig_1	41.61	161	71	23	13	150	1226852	1227329	2e-18	90.8
NCVOG0036-consensus	Supercontig_10	31.74	293	154	46	38	302	689677	690492	4.2e-20	97.5
NCVOG4561-consensus	Supercontig_16	24.37	394	268	30	32	413	53137	54261	8.3e-11	67.0
NCVOG0314-consensus	Supercontig_16	40.24	82	48	1	24	104	84729	84971	9.9e-15	78.0
NCVOG0014-consensus	Supercontig_4	27.02	285	197	11	140	423	588055	588876	2.9e-22	105.3
NCVOG0014-consensus	Supercontig_1	29.05	241	162	9	124	355	882051	881332	1e-17	90.3
NCVOG0014-consensus	Supercontig_5	28.48	165	114	4	144	304	1130701	1131192	5.9e-11	67.8
NCVOG0002-consensus	Supercontig_11	32.67	551	317	54	304	839	780130	781662	1.7e-33	143.3
NCVOG0002-consensus	Supercontig_4	32.66	496	299	35	332	818	1436334	1434928	1.2e-30	133.8
NCVOG1194-consensus	Supercontig_6	41.18	68	38	2	62	127	135035	135231	1e-11	69.7
NCVOG4845-consensus	Supercontig_24	25.14	537	308	94	89	621	9981	8650	9.3e-12	70.7
NCVOG2775-consensus	Supercontig_22	38.35	279	163	9	156	432	196069	196877	1.3e-28	126.5
NCVOG2775-consensus	Supercontig_2	35.24	227	144	3	179	403	319164	318490	6.9e-26	117.5
NCVOG2775-consensus	Supercontig_3	37.11	194	115	7	197	385	688754	689326	5.3e-22	104.6
NCVOG2775-consensus	Supercontig_6	32.75	284	164	27	139	415	1102048	1101270	2.1e-15	82.7
NCVOG2775-consensus	Supercontig_9	32.31	229	142	13	168	393	172907	172262	5.6e-13	74.6
NCVOG2775-consensus	Supercontig_26	31.33	166	104	10	239	402	80727	80261	1.1e-12	72.9
NCVOG2775-consensus	Supercontig_2	42.05	88	49	2	199	284	1260795	1261055	1.9e-11	69.5
NCVOG2775-consensus	Supercontig_15	30.00	190	118	15	196	371	248129	247568	2.7e-11	69.0
NCVOG0924-consensus	Supercontig_3	33.85	192	110	17	3	181	710646	711206	3.8e-17	86.8
NCVOG0893-consensus	Supercontig_20	27.96	676	352	135	63	618	305352	307291	1.6e-14	79.7
NCVOG0275-consensus	Supercontig_6	47.42	97	51	0	7	103	540366	540079	4.7e-19	93.2
NCVOG0275-consensus	Supercontig_6	30.49	164	99	15	5	167	1193604	1194050	2.9e-16	84.0
NCVOG0275-consensus	Supercontig_4	27.06	170	116	8	6	171	1049979	1049485	2.1e-14	77.8
NCVOG0275-consensus	Supercontig_17	32.64	144	69	28	7	122	111834	111410	2.3e-12	71.0
NCVOG0275-consensus	Supercontig_18	35.71	70	45	0	56	125	40120	39914	4.3e-12	70.1
NCVOG0275-consensus	Supercontig_7	28.21	156	97	15	1	143	1021562	1021104	1.9e-11	67.9
NCVOG0275-consensus	Supercontig_9	32.05	78	49	4	56	129	930556	930326	2.8e-11	67.3
NCVOG0275-consensus	Supercontig_18	30.21	96	67	0	7	102	287789	287505	4.5e-11	66.7
NCVOG0729-consensus	Supercontig_8	35.48	372	127	113	5	270	1197468	1196389	4.8e-19	94.7
NCVOG0729-consensus	Supercontig_8	30.37	438	215	90	166	523	1196754	1195476	1.7e-18	92.8
NCVOG5103-consensus	Supercontig_9	28.08	317	212	16	282	590	305421	304504	1.4e-18	94.1
NCVOG5103-consensus	Supercontig_34	28.74	254	164	17	270	521	5691	4978	8.2e-15	77.2
NCVOG5103-consensus	Supercontig_28	35.66	143	78	14	392	521	44243	43821	2e-14	78.6
NCVOG5103-consensus	Supercontig_16	32.50	240	135	27	283	506	54251	53568	6.5e-14	78.6
NCVOG5103-consensus	Supercontig_14	29.39	262	162	23	268	521	37311	36574	1.5e-12	74.0
NCVOG5103-consensus	Supercontig_31	36.79	106	65	2	394	497	11470	11780	1.7e-12	70.6
NCVOG5103-consensus	Supercontig_25	32.10	162	98	12	366	521	47622	48086	1.8e-12	73.8
NCVOG5103-consensus	Supercontig_23	32.91	158	99	7	346	497	22879	22418	4.7e-12	72.4
NCVOG5103-consensus	Supercontig_13	50.00	64	32	0	323	386	653875	653687	1.5e-11	70.3
NCVOG5103-consensus	Supercontig_35	31.54	149	82	20	392	521	2941	3381	1.9e-11	66.0
NCVOG5103-consensus	Supercontig_16	23.00	213	146	18	298	499	205499	206113	3.1e-11	69.7
NCVOG5103-consensus	Supercontig_9	29.80	255	157	22	270	505	748052	748804	3.7e-11	69.4
NCVOG4874-consensus	Supercontig_4	37.85	428	177	89	11	365	911905	910681	1.2e-19	96.2
NCVOG4874-consensus	Supercontig_18	37.67	430	169	99	33	367	469903	468641	4.1e-19	93.4
NCVOG4605-consensus	Supercontig_12	28.48	474	272	67	22	449	699186	700529	1e-12	74.1
NCVOG4423-consensus	Supercontig_1	32.06	131	89	0	88	218	757717	757328	4.2e-17	86.9
NCVOG0992-consensus	Supercontig_16	32.54	252	156	14	12	254	205395	206128	2.8e-15	81.5
NCVOG0992-consensus	Supercontig_4	33.54	164	101	8	39	195	17941	17456	3.7e-13	74.5
NCVOG4001-consensus	Supercontig_22	32.68	254	144	27	40	291	196105	196788	8.3e-12	70.7
NCVOG4001-consensus	Supercontig_3	37.34	158	86	13	106	263	688853	689284	9.9e-11	67.1
NCVOG0605-consensus	Supercontig_16	37.20	293	155	29	199	484	205320	206129	1.3e-27	122.9
NCVOG0605-consensus	Supercontig_11	38.01	271	122	46	254	487	830195	829417	5.8e-23	107.5
NCVOG0605-consensus	Supercontig_10	34.96	266	139	34	200	460	462064	462771	2.4e-17	88.9
NCVOG0605-consensus	Supercontig_4	32.52	206	120	19	212	405	18052	17459	9.1e-14	77.0
NCVOG1136-consensus	Supercontig_2	46.67	375	179	21	124	479	158504	159615	3.3e-63	241.2
NCVOG1136-consensus	Supercontig_4	49.85	325	118	45	194	475	1315524	1314559	2.7e-35	148.5
NCVOG4881-consensus	Supercontig_19	26.34	372	234	40	224	574	494528	493483	4.1e-12	70.5
NCVOG0504-consensus	Supercontig_17	25.26	194	143	2	355	548	281738	281166	5.7e-11	68.2
NCVOG1049-consensus	Supercontig_1	40.51	237	131	10	87	323	2109039	2108362	5.1e-22	103.8
NCVOG1049-consensus	Supercontig_10	28.61	367	200	62	6	322	325843	324786	1.7e-11	68.8
NCVOG4419-consensus	Supercontig_1	30.21	192	130	4	188	375	757900	757328	1.3e-13	76.2
NCVOG1339-consensus	Supercontig_18	28.40	257	140	44	21	245	398424	397693	7.9e-12	70.0
NCVOG0219-consensus	Supercontig_8	31.10	373	236	21	352	715	831781	832860	1.2e-43	176.8
NCVOG0191-consensus	Supercontig_2	35.38	212	88	49	19	228	1782485	1782976	6.1e-18	89.7
NCVOG0191-consensus	Supercontig_34	29.76	205	115	29	25	229	5506	4982	1.3e-14	74.4
NCVOG0191-consensus	Supercontig_35	27.95	229	151	14	6	229	2725	3377	7e-14	71.9
NCVOG0191-consensus	Supercontig_14	30.14	209	117	29	21	229	37114	36578	1.4e-13	75.3
NCVOG0191-consensus	Supercontig_23	30.88	217	134	16	6	217	23022	22416	2e-12	71.4
NCVOG0191-consensus	Supercontig_31	29.82	228	136	24	6	229	11213	11827	4.7e-11	63.6
NCVOG4655-consensus	Supercontig_13	31.05	190	111	20	59	239	319144	319677	7.1e-13	73.7
NCVOG4655-consensus	Supercontig_16	28.15	341	199	46	17	323	55798	54827	2.3e-12	72.0
NCVOG1009-consensus	Supercontig_16	30.19	308	194	21	63	360	53218	54105	3.7e-11	68.3
NCVOG1009-consensus	Supercontig_16	29.06	351	239	10	15	362	54648	55676	2.5e-11	68.9
NCVOG2980-consensus	Supercontig_5	34.05	511	262	75	37	474	1150130	1148617	1.1e-39	163.1
NCVOG2980-consensus	Supercontig_1	26.96	408	237	61	116	474	1449632	1450814	4.1e-17	88.0
NCVOG1298-consensus	Supercontig_12	25.13	382	254	32	225	586	407429	408535	1.8e-16	86.3
NCVOG1298-consensus	Supercontig_4	26.81	317	206	26	261	571	1007645	1006762	1.3e-12	73.5
NCVOG1298-consensus	Supercontig_3	24.59	366	251	25	249	604	563779	564818	1.8e-12	73.0
NCVOG1298-consensus	Supercontig_11	20.91	507	363	38	109	600	577784	576340	2.1e-11	69.5
NCVOG1298-consensus	Supercontig_16	20.97	310	233	12	271	577	55704	54805	2.4e-11	69.2
NCVOG1298-consensus	Supercontig_15	22.03	413	300	22	174	577	99035	97839	7e-11	67.7
NCVOG0657-consensus	Supercontig_2	47.37	57	30	0	278	334	636415	636248	2.6e-13	75.0
NCVOG0657-consensus	Supercontig_7	34.09	88	54	4	260	343	229987	230247	3e-11	68.1
NCVOG0450-consensus	Supercontig_8	28.57	168	98	22	137	289	497047	497526	3.5e-13	74.9
NCVOG0652-consensus	Supercontig_2	29.75	400	215	66	72	414	125897	124732	7.2e-18	90.4
NCVOG0652-consensus	Supercontig_4	27.78	360	197	63	95	413	1206447	1205437	3.4e-15	81.5
NCVOG0652-consensus	Supercontig_16	34.02	194	118	10	92	276	298304	298879	1.4e-14	79.5
NCVOG4522-consensus	Supercontig_2	39.09	220	86	48	262	433	784490	785140	2e-16	85.7
NCVOG4522-consensus	Supercontig_7	32.53	166	98	14	36	198	1018048	1018509	7.7e-11	67.1
NCVOG1352-consensus	Supercontig_2	39.32	117	63	8	61	174	1048281	1047949	4.7e-16	83.5
NCVOG0522-consensus	Supercontig_1	36.20	163	85	19	97	241	1996565	1997045	3.1e-14	77.9
NCVOG0522-consensus	Supercontig_1	30.99	142	84	14	5	140	1794922	1794524	5.5e-11	67.1
NCVOG5117-consensus	Supercontig_7	40.38	156	80	13	811	965	252292	251864	2.2e-17	90.8
NCVOG5117-consensus	Supercontig_2	29.41	306	167	49	682	965	1638459	1639288	1.6e-14	81.3
NCVOG5117-consensus	Supercontig_16	18.27	936	709	56	622	1534	53191	55886	7.4e-14	79.1
NCVOG5117-consensus	Supercontig_10	26.17	298	190	30	683	964	462611	463457	2.9e-12	73.8
NCVOG5117-consensus	Supercontig_2	33.54	164	87	22	846	999	995396	995848	4.7e-12	73.1
NCVOG5117-consensus	Supercontig_1	31.78	258	143	33	728	966	1347482	1348210	7.3e-11	69.1
NCVOG5117-consensus	Supercontig_2	30.32	221	128	26	764	964	1782368	1783009	7.3e-11	69.1
NCVOG0052-consensus	Supercontig_21	39.60	101	58	3	31	131	337385	337095	1.3e-11	66.9
NCVOG4122-consensus	Supercontig_1	34.45	209	128	9	65	270	757876	757271	1e-26	119.9
NCVOG0312-consensus	Supercontig_15	20.96	768	532	75	90	819	98705	96516	1.3e-16	87.3
NCVOG0312-consensus	Supercontig_11	23.25	701	470	68	114	804	577702	575777	3.1e-16	86.1
NCVOG0312-consensus	Supercontig_18	22.39	746	498	81	123	816	208055	210202	3.6e-11	69.3
NCVOG0312-consensus	Supercontig_18	19.90	593	422	53	226	796	211312	212994	1.5e-13	77.2
NCVOG0312-consensus	Supercontig_1	19.71	837	584	88	90	861	1869883	1872317	4.3e-11	69.0
NCVOG0032-consensus	Supercontig_18	36.11	216	120	18	660	859	256020	255382	2.7e-21	102.8
NCVOG0032-consensus	Supercontig_1	27.95	576	316	99	290	814	1117024	1115460	1.8e-18	93.4
NCVOG0032-consensus	Supercontig_14	31.38	188	122	7	678	863	183080	183625	2e-15	83.4
NCVOG0032-consensus	Supercontig_17	26.71	498	255	110	405	873	460857	462104	3.4e-14	78.9
NCVOG0032-consensus	Supercontig_1	36.23	138	85	3	678	815	294164	294565	4.4e-14	78.9
NCVOG0032-consensus	Supercontig_11	26.86	644	302	169	188	804	658784	657288	7.5e-11	68.2
NCVOG0302-consensus	Supercontig_3	34.40	250	138	26	258	482	761501	762240	2.4e-20	99.0
NCVOG0302-consensus	Supercontig_9	32.53	166	110	2	3	168	882089	882577	2.1e-17	89.2
NCVOG0302-consensus	Supercontig_11	31.43	315	177	39	263	544	494303	495226	4.1e-17	88.3
NCVOG0302-consensus	Supercontig_1	30.71	241	152	15	258	489	1864147	1863446	8e-15	80.6
NCVOG0302-consensus	Supercontig_4	27.92	197	132	10	260	453	1150593	1151159	2.6e-14	79.0
NCVOG0302-consensus	Supercontig_11	28.06	196	131	10	260	452	96836	97399	1.6e-13	76.3
NCVOG0302-consensus	Supercontig_21	30.90	178	95	28	330	479	265536	265006	5e-13	74.7
NCVOG0302-consensus	Supercontig_17	28.92	204	131	14	281	480	373565	372987	3.1e-12	72.0
NCVOG0302-consensus	Supercontig_12	31.47	143	90	8	265	402	796061	795645	1.2e-11	70.1
NCVOG0302-consensus	Supercontig_8	24.40	250	173	16	230	472	862517	863236	1.4e-11	69.9
NCVOG0302-consensus	Supercontig_5	26.57	207	136	16	264	461	1274073	1274669	2.2e-11	69.2
NCVOG0302-consensus	Supercontig_2	28.64	220	111	46	320	494	288388	287735	2.2e-11	69.2
NCVOG0302-consensus	Supercontig_2	26.60	188	131	7	3	185	1685447	1686001	6.1e-11	67.8
NCVOG0012-consensus	Supercontig_5	47.97	123	58	6	292	413	151743	152093	1.6e-15	82.9
NCVOG0012-consensus	Supercontig_2	52.46	122	43	15	305	413	1639305	1638949	7.3e-15	80.6
NCVOG0012-consensus	Supercontig_7	31.50	419	231	56	100	477	251271	252459	4.1e-14	78.1
NCVOG0012-consensus	Supercontig_2	37.50	168	92	13	314	474	995757	995279	1.9e-13	75.9
NCVOG0012-consensus	Supercontig_1	35.78	232	111	38	298	496	1347906	1347233	2.4e-12	72.3
NCVOG1127-consensus	Supercontig_3	27.11	225	146	18	55	267	549555	550208	5.9e-20	97.8
NCVOG0868-consensus	Supercontig_14	56.00	50	22	0	158	207	626185	626039	2.5e-11	66.5
NCVOG0868-consensus	Supercontig_18	42.67	75	40	3	158	231	292777	292562	4.4e-11	67.7
NCVOG0985-consensus	Supercontig_11	28.81	413	138	156	79	337	519813	518596	1.1e-12	73.5
NCVOG2900-consensus	Supercontig_1	27.95	161	116	0	32	192	757837	757358	5.7e-17	86.4
NCVOG0190-consensus	Supercontig_2	36.51	126	78	2	165	290	1639347	1638979	1.2e-13	76.6
NCVOG0190-consensus	Supercontig_5	37.32	142	68	21	160	298	151742	152108	9.4e-12	70.4
NCVOG0190-consensus	Supercontig_7	38.95	95	55	3	183	274	252021	252302	1.6e-11	69.6
NCVOG0215-consensus	Supercontig_35	46.94	49	26	0	1	49	2976	3119	5.6e-12	63.8
NCVOG0215-consensus	Supercontig_28	40.98	61	36	0	2	62	44187	44008	2.1e-11	64.6
NCVOG0215-consensus	Supercontig_34	44.23	52	29	0	1	52	5464	5312	4.2e-11	60.9
NCVOG0215-consensus	Supercontig_34	40.32	62	37	0	2	63	5236	5054	2e-11	61.9
NCVOG0215-consensus	Supercontig_31	45.10	51	28	0	2	52	11564	11713	7.6e-11	61.1
NCVOG0025-consensus	Supercontig_1	28.37	430	233	75	113	521	241509	242633	3.4e-21	101.7
NCVOG0025-consensus	Supercontig_14	25.89	448	278	54	91	521	632429	633656	1.1e-20	98.1
NCVOG0025-consensus	Supercontig_5	24.81	403	268	35	113	502	1212165	1213304	1.5e-19	96.2
NCVOG0025-consensus	Supercontig_4	25.71	424	261	54	112	516	706793	707950	7.8e-19	93.9
NCVOG0025-consensus	Supercontig_7	27.70	361	229	32	131	487	1170527	1169536	9.3e-19	93.6
NCVOG0025-consensus	Supercontig_21	24.46	413	268	44	105	486	35758	36944	4.8e-18	91.3
NCVOG0025-consensus	Supercontig_19	26.44	382	253	28	112	491	464221	463157	3e-17	87.4
NCVOG0025-consensus	Supercontig_3	28.32	452	255	69	84	500	288912	290150	4.2e-17	88.2
NCVOG0025-consensus	Supercontig_1	26.15	413	247	58	112	491	349737	350889	7.2e-17	87.4
NCVOG0025-consensus	Supercontig_1	25.90	390	232	57	104	487	1209688	1210701	7.5e-16	84.0
NCVOG0025-consensus	Supercontig_1	24.61	386	233	58	111	491	1794454	1793459	2.8e-14	78.8
NCVOG0025-consensus	Supercontig_13	28.41	447	251	69	104	501	696712	695441	9.5e-14	76.7
NCVOG0025-consensus	Supercontig_3	25.47	424	280	36	105	504	95885	97111	3.5e-13	75.1
NCVOG0025-consensus	Supercontig_13	24.80	496	260	113	119	514	516223	517662	2.2e-12	72.5
NCVOG0025-consensus	Supercontig_4	25.12	422	255	61	112	496	847453	846263	2.2e-12	72.5
NCVOG0025-consensus	Supercontig_11	25.78	446	266	65	113	522	75847	77086	2.6e-12	72.2
NCVOG0025-consensus	Supercontig_16	24.23	421	245	74	113	494	342744	343892	3.9e-11	68.3
NCVOG0271-consensus	Supercontig_5	39.83	1185	502	211	179	1156	890489	886970	1.1e-44	180.9
NCVOG0271-consensus	Supercontig_2	32.66	1234	598	233	80	1107	93637	90030	5.5e-22	105.6
NCVOG0271-consensus	Supercontig_3	28.61	1192	698	153	83	1153	1425244	1428712	1e-15	84.7
NCVOG4568-consensus	Supercontig_16	52.00	175	84	0	308	482	54909	55430	1.3e-12	73.2
NCVOG1061-consensus	Supercontig_18	29.65	172	109	12	15	174	290549	291059	4.1e-13	73.9
NCVOG0061-consensus	Supercontig_2	29.69	586	297	115	61	541	1151239	1149519	4.6e-12	71.5
NCVOG4511-consensus	Supercontig_5	22.70	511	373	22	16	522	278437	276978	5.8e-15	81.4
NCVOG0451-consensus	Supercontig_1	38.14	194	118	2	146	339	757900	757328	9.6e-21	99.9
NCVOG0541-consensus	Supercontig_5	27.46	284	169	37	15	266	962027	962856	8.1e-14	76.4
NCVOG4431-consensus	Supercontig_17	31.85	157	92	15	14	158	281522	281064	6.5e-11	66.7
NCVOG4421-consensus	Supercontig_1	37.38	107	66	1	59	164	757902	757589	6.9e-12	69.2
NCVOG1351-consensus	Supercontig_5	34.71	363	199	38	174	512	1261317	1260286	6.8e-27	120.7
NCVOG0531-consensus	Supercontig_3	26.11	226	144	23	8	210	1288955	1289627	7.8e-21	100.3
NCVOG0301-consensus	Supercontig_3	31.12	241	141	25	266	481	761522	762237	9e-19	93.8
NCVOG0301-consensus	Supercontig_11	31.73	312	171	42	260	537	494291	495199	1.7e-14	79.5
NCVOG0301-consensus	Supercontig_4	25.64	195	133	12	262	452	1150599	1151156	1.1e-11	70.3
NCVOG0301-consensus	Supercontig_20	35.64	101	62	3	386	486	150283	149993	1.2e-11	70.1
NCVOG0301-consensus	Supercontig_11	25.00	196	135	12	262	453	96842	97402	1.5e-11	69.8
NCVOG0301-consensus	Supercontig_21	28.79	264	153	35	254	482	265780	264994	2e-11	69.3
NCVOG1121-consensus	Supercontig_6	23.48	362	251	26	169	510	595673	596729	4.1e-14	78.2
NCVOG0021-consensus	Supercontig_3	36.34	410	230	31	122	525	1379091	1380242	1.4e-31	137.2
NCVOG0021-consensus	Supercontig_1	28.47	274	161	35	569	822	1347461	1348234	6.5e-13	75.2
NCVOG0021-consensus	Supercontig_16	25.21	357	251	16	548	897	53158	54198	1.3e-11	70.8
NCVOG0021-consensus	Supercontig_7	28.67	300	175	39	542	820	252334	251492	1.5e-11	70.6
NCVOG0001-consensus	Supercontig_7	43.36	286	141	21	320	600	497247	498053	3.2e-41	168.5
NCVOG0001-consensus	Supercontig_5	41.70	235	119	18	328	555	274694	274026	5.9e-35	147.7
NCVOG0001-consensus	Supercontig_3	37.86	280	115	59	354	580	1498796	1499614	3.4e-18	92.0
NCVOG0001-consensus	Supercontig_5	45.09	173	80	15	329	497	1341214	1341696	2.6e-17	89.1
NCVOG0001-consensus	Supercontig_5	39.18	245	132	17	328	566	65818	66516	1.7e-16	86.4
NCVOG0001-consensus	Supercontig_5	34.83	379	199	48	216	562	64533	65614	9.9e-31	133.7
NCVOG0001-consensus	Supercontig_10	32.28	285	141	52	329	567	640170	639345	1.2e-14	80.3
NCVOG0001-consensus	Supercontig_18	35.86	290	120	66	321	556	160251	161073	1.2e-14	80.3
NCVOG0001-consensus	Supercontig_18	34.88	301	128	68	312	555	161341	162199	6.3e-15	81.2
NCVOG0001-consensus	Supercontig_1	36.65	382	188	54	242	595	2131635	2132689	4.8e-14	78.2
NCVOG0001-consensus	Supercontig_7	34.12	211	109	30	363	549	63576	64187	7.8e-14	77.6
NCVOG0001-consensus	Supercontig_2	26.40	303	150	73	309	547	2138484	2139358	1.3e-13	75.8
NCVOG0001-consensus	Supercontig_10	30.40	329	166	63	310	595	521162	522077	3.4e-12	72.1
NCVOG0001-consensus	Supercontig_13	34.40	282	110	75	333	547	614596	613784	8e-12	70.5
NCVOG0001-consensus	Supercontig_2	29.55	220	144	11	357	568	1755312	1754669	4.1e-11	68.5
NCVOG0001-consensus	Supercontig_6	31.82	264	125	55	357	572	1436303	1435540	7.7e-11	67.6
NCVOG4616-consensus	Supercontig_16	23.23	353	255	16	94	440	54714	55739	5.2e-11	67.8
NCVOG2058-consensus	Supercontig_1	40.61	197	115	2	111	307	757909	757328	5.3e-29	127.3
NCVOG2058-consensus	Supercontig_6	31.37	204	129	11	150	345	1150914	1150315	2.8e-15	81.7
NCVOG2058-consensus	Supercontig_2	29.73	259	160	22	61	299	319164	318397	6.8e-14	77.1
NCVOG2058-consensus	Supercontig_11	30.71	254	163	13	107	357	245078	245802	5.4e-13	74.1
NCVOG0066-consensus	Supercontig_3	36.54	353	190	34	119	448	1277656	1276636	3.3e-32	138.5
NCVOG0066-consensus	Supercontig_3	32.81	384	193	65	119	439	1278811	1277675	5e-14	78.1
NCVOG0038-consensus	Supercontig_1	31.24	970	392	275	262	970	1030650	1033488	1.1e-18	94.5
NCVOG0038-consensus	Supercontig_4	20.67	1011	621	181	217	1095	381564	378690	1e-12	74.7
NCVOG0228-consensus	Supercontig_11	26.99	730	414	119	288	921	487028	484921	3e-17	89.5
NCVOG0228-consensus	Supercontig_8	30.25	691	349	133	319	893	1075027	1077031	1e-16	87.7
NCVOG1128-consensus	Supercontig_7	24.05	316	223	17	50	354	585117	586035	1e-12	73.2
NCVOG1128-consensus	Supercontig_7	37.00	100	52	11	137	229	866465	866749	8.7e-12	70.1
NCVOG0280-consensus	Supercontig_1	20.94	1280	891	121	400	1650	1704052	1700492	3.7e-20	100.1
NCVOG0280-consensus	Supercontig_15	22.77	1164	796	103	571	1665	99038	95656	1.7e-19	97.8
NCVOG0280-consensus	Supercontig_11	22.95	928	617	98	819	1705	577675	575072	2.1e-18	94.3
NCVOG0218-consensus	Supercontig_1	42.58	256	124	23	597	833	1348215	1347463	4.2e-27	122.5
NCVOG0218-consensus	Supercontig_5	28.62	538	324	60	352	876	278434	276965	4.6e-24	112.4
NCVOG0218-consensus	Supercontig_7	43.35	233	121	11	659	885	251706	252386	1.1e-23	111.1
NCVOG0218-consensus	Supercontig_8	31.44	388	244	22	529	898	927240	928374	2.4e-19	96.7
NCVOG0218-consensus	Supercontig_2	47.09	172	82	9	740	904	1639305	1638799	3.3e-19	96.3
NCVOG0218-consensus	Supercontig_9	37.02	289	167	15	582	857	721378	722223	1.8e-18	93.8
NCVOG0218-consensus	Supercontig_12	32.66	398	215	53	494	863	713111	714212	8.1e-18	91.6
NCVOG0218-consensus	Supercontig_5	51.37	146	61	10	793	931	151779	152196	1.1e-17	91.2
NCVOG0218-consensus	Supercontig_2	52.03	123	52	7	667	784	995757	995398	3.4e-17	89.6
NCVOG0218-consensus	Supercontig_3	31.76	381	229	31	629	983	1862702	1861598	4.3e-16	85.3
NCVOG0218-consensus	Supercontig_18	30.03	383	235	33	492	850	293608	292502	1.3e-15	84.2
NCVOG0218-consensus	Supercontig_8	30.52	557	300	87	363	858	1125264	1126853	1.6e-15	84.0
NCVOG0218-consensus	Supercontig_9	27.07	617	390	60	301	885	525601	523848	2.6e-15	83.3
NCVOG0218-consensus	Supercontig_1	32.27	344	211	22	633	965	1011873	1010888	3.5e-15	82.9
NCVOG0218-consensus	Supercontig_22	25.59	469	321	28	432	879	223983	222613	1.3e-14	81.0
NCVOG0218-consensus	Supercontig_2	26.26	613	396	56	354	919	66697	68499	4.1e-14	79.3
NCVOG0218-consensus	Supercontig_11	38.98	177	95	13	613	777	798008	797484	5.9e-14	78.8
NCVOG0218-consensus	Supercontig_12	27.63	590	375	52	385	934	951988	950304	2.3e-13	75.6
NCVOG0218-consensus	Supercontig_1	36.41	184	105	12	614	786	436956	436411	2.7e-13	76.6
NCVOG0218-consensus	Supercontig_10	32.86	280	173	15	597	862	409632	410465	3e-13	76.5
NCVOG0218-consensus	Supercontig_25	34.98	283	141	43	593	838	105920	105109	5.8e-13	75.5
NCVOG0218-consensus	Supercontig_16	32.46	499	272	65	349	817	54513	55893	6.9e-13	75.2
NCVOG0218-consensus	Supercontig_1	34.27	248	140	23	623	850	610329	611044	9.2e-13	74.8
NCVOG0218-consensus	Supercontig_4	29.23	349	193	54	614	916	830952	831965	1.1e-12	74.6
NCVOG0218-consensus	Supercontig_5	29.13	333	216	20	583	899	417179	416204	1.6e-12	74.0
NCVOG0218-consensus	Supercontig_2	32.35	374	194	59	612	931	1782975	1781880	1.6e-12	74.0
NCVOG0218-consensus	Supercontig_11	31.79	390	216	50	709	1063	891541	892634	2.9e-12	73.2
NCVOG0218-consensus	Supercontig_10	34.49	287	161	27	623	885	43108	43930	3.2e-12	73.0
NCVOG0218-consensus	Supercontig_4	30.48	269	165	22	702	952	547262	548053	4.6e-12	72.5
NCVOG0218-consensus	Supercontig_4	34.75	236	143	11	661	888	531920	532599	2.9e-12	73.2
NCVOG0218-consensus	Supercontig_18	45.00	120	60	6	577	690	103602	103250	1.6e-11	70.7
NCVOG0218-consensus	Supercontig_4	34.88	172	109	3	635	804	535776	535275	2.5e-11	70.0
NCVOG0218-consensus	Supercontig_9	31.01	603	340	76	365	901	306557	304802	3.4e-11	69.6
NCVOG0218-consensus	Supercontig_8	34.08	179	103	15	643	806	171196	170663	4.1e-11	69.4
NCVOG0218-consensus	Supercontig_7	38.96	154	79	15	665	809	1114086	1114526	6.5e-11	68.7
NCVOG0218-consensus	Supercontig_35	25.99	481	321	35	331	780	1953	3346	7.8e-11	64.0
NCVOG0218-consensus	Supercontig_14	30.41	319	194	28	661	952	16535	17473	9.5e-11	68.1
NCVOG0218-consensus	Supercontig_2	28.76	379	222	48	595	932	1781994	1783102	9.5e-11	68.1
NCVOG0218-consensus	Supercontig_4	30.94	278	170	22	694	951	995924	996748	9.5e-11	68.1
NCVOG0218-consensus	Supercontig_6	28.21	312	202	22	520	815	1078461	1077547	9.5e-11	68.1
NCVOG0218-consensus	Supercontig_6	41.18	136	74	6	680	809	1161326	1160922	9.5e-11	68.1
NCVOG4116-consensus	Supercontig_1	27.11	284	194	13	155	433	758155	757331	7.6e-18	90.4
NCVOG0226-consensus	Supercontig_1	41.67	132	74	3	29	157	1593238	1592846	1.8e-12	72.6
NCVOG4587-consensus	Supercontig_2	45.05	91	42	8	56	141	1782768	1782508	9.7e-11	66.1
NCVOG4587-consensus	Supercontig_2	50.75	67	24	9	60	117	1782978	1782781	5.9e-11	66.9
NCVOG0720-consensus	Supercontig_10	45.45	165	82	8	2	166	794108	793641	8.5e-27	118.7
NCVOG4487-consensus	Supercontig_6	26.61	327	189	51	185	482	353932	353037	3.7e-11	68.5
