NCVOG1046-consensus	NODE_932	26.69	326	194	45	36	332	1437	515	1.2e-13	77.9
NCVOG0321-consensus	NODE_19	31.06	322	206	16	188	502	16426	15499	1.7e-27	126.1
NCVOG0321-consensus	NODE_643	32.21	208	136	5	301	506	11397	10786	1.7e-19	97.9
NCVOG0321-consensus	NODE_6569	51.69	89	43	0	415	503	2619	2356	2.8e-17	88.4
NCVOG0321-consensus	NODE_28	44.54	119	64	2	387	503	14669	14320	2.4e-15	85.7
NCVOG0321-consensus	NODE_7	41.30	138	77	4	370	503	37197	37595	2.6e-15	86.0
NCVOG0321-consensus	NODE_405	30.46	197	129	8	311	503	2838	2269	5.5e-15	83.2
NCVOG0321-consensus	NODE_6103	52.11	71	34	0	433	503	92	301	1.5e-13	76.2
NCVOG4113-consensus	NODE_1658	28.15	302	188	29	51	328	1813	2698	2.2e-11	70.0
NCVOG0333-consensus	NODE_554	25.46	546	346	61	123	631	130	1686	1.3e-12	75.6
NCVOG0333-consensus	NODE_633	25.52	580	358	74	90	631	1310	2938	4.5e-11	70.4
NCVOG0333-consensus	NODE_2470	49.38	81	36	5	599	677	5269	5499	6.9e-11	68.8
NCVOG0233-consensus	NODE_111	36.01	897	475	99	43	845	18864	21534	1.2e-56	223.1
NCVOG0233-consensus	NODE_7560	24.13	659	417	83	51	652	358	2245	2.6e-22	105.7
NCVOG0233-consensus	NODE_4105	28.79	778	285	269	171	679	2371	55	1.4e-20	100.8
NCVOG0233-consensus	NODE_4052	36.00	400	150	106	505	798	3230	2042	6.3e-20	98.6
NCVOG0233-consensus	NODE_4552	29.89	890	315	309	179	761	315	2965	5.4e-19	95.3
NCVOG0233-consensus	NODE_3867	26.70	663	309	177	187	675	1008	2978	7.5e-19	95.1
NCVOG0233-consensus	NODE_2554	25.72	657	315	173	187	675	2935	995	2.1e-18	94.0
NCVOG0233-consensus	NODE_486	24.80	766	394	182	187	779	3663	5914	3.4e-18	94.5
NCVOG0233-consensus	NODE_5932	30.33	244	124	46	31	228	2164	2892	5.9e-18	91.5
NCVOG0233-consensus	NODE_1603	25.88	653	312	172	187	671	4418	6349	1.5e-17	91.5
NCVOG0233-consensus	NODE_525	26.26	655	304	179	215	695	11043	9103	2.6e-17	91.5
NCVOG0233-consensus	NODE_1575	32.94	170	109	5	495	659	4263	4769	8.7e-14	79.1
NCVOG0233-consensus	NODE_784	30.51	354	176	70	496	785	8988	10018	3.2e-13	77.7
NCVOG0233-consensus	NODE_784	33.74	246	143	20	131	357	7115	7846	1.4e-12	75.5
NCVOG0233-consensus	NODE_445	32.88	219	108	39	489	668	1483	2128	1.5e-12	75.8
NCVOG0233-consensus	NODE_5436	28.36	268	117	75	510	702	83	881	2.3e-12	73.1
NCVOG0233-consensus	NODE_2586	23.98	738	427	134	73	686	2431	4609	3.4e-12	73.4
NCVOG0233-consensus	NODE_1398	36.28	113	70	2	565	675	6541	6872	1.5e-11	71.7
NCVOG0233-consensus	NODE_2525	42.31	130	46	29	559	659	4278	3892	1.9e-11	70.9
NCVOG0023-consensus	NODE_1739	32.52	489	296	34	354	829	1380	2776	5e-44	179.4
NCVOG0023-consensus	NODE_324	32.82	451	271	32	389	828	5308	4026	1.5e-41	172.4
NCVOG0023-consensus	NODE_2038	31.07	457	282	33	393	835	3119	1815	8.9e-38	158.5
NCVOG0023-consensus	NODE_28	25.82	852	516	116	58	826	31703	34138	1.5e-37	160.2
NCVOG0023-consensus	NODE_4620	30.64	408	253	30	450	848	3656	2499	2.5e-36	152.8
NCVOG0023-consensus	NODE_6574	28.40	493	331	22	371	850	138	1586	6.5e-35	147.7
NCVOG0023-consensus	NODE_2521	32.98	379	228	26	375	746	1412	2484	6.1e-33	142.3
NCVOG0023-consensus	NODE_6837	28.29	601	366	65	246	822	51	1717	4.5e-32	138.2
NCVOG0023-consensus	NODE_382	27.53	454	300	29	375	822	2469	1180	7e-32	140.1
NCVOG0023-consensus	NODE_5485	31.19	388	241	26	431	810	537	1639	8.2e-32	137.7
NCVOG0023-consensus	NODE_8345	30.41	434	257	45	403	818	522	1735	1.9e-31	135.8
NCVOG0023-consensus	NODE_1009	27.70	444	294	27	375	813	3623	4885	4.3e-31	136.8
NCVOG0023-consensus	NODE_639	30.41	434	257	45	403	818	10519	11732	2e-30	134.9
NCVOG0023-consensus	NODE_2785	27.35	468	298	42	371	816	612	1948	7.3e-30	132.0
NCVOG0023-consensus	NODE_7	33.99	306	184	18	450	750	10234	9367	2.4e-29	133.3
NCVOG0023-consensus	NODE_872	30.97	339	209	25	450	782	5312	4356	7.6e-29	129.5
NCVOG0023-consensus	NODE_5044	27.65	434	283	31	403	827	1272	2500	1.6e-28	126.8
NCVOG0023-consensus	NODE_1044	24.69	482	335	28	360	826	6054	7455	2.4e-27	124.4
NCVOG0023-consensus	NODE_3436	27.80	464	294	41	359	806	55	1364	4.3e-26	119.2
NCVOG0023-consensus	NODE_516	30.33	422	249	45	450	845	11335	10144	2.6e-25	118.1
NCVOG0023-consensus	NODE_2771	28.85	305	204	13	375	678	4453	5328	1e-24	114.9
NCVOG0023-consensus	NODE_212	29.74	427	261	39	395	805	8949	7747	2e-24	115.7
NCVOG0023-consensus	NODE_292	28.27	336	217	24	453	782	9335	10285	5e-22	107.5
NCVOG0023-consensus	NODE_104	30.38	395	237	38	450	835	3093	2011	2.2e-21	105.9
NCVOG0023-consensus	NODE_11	29.73	296	199	9	375	669	15526	16386	4.4e-21	105.7
NCVOG0023-consensus	NODE_2120	26.06	353	234	27	484	827	3654	4651	1.2e-20	101.6
NCVOG0023-consensus	NODE_5636	27.99	393	254	29	422	806	1448	2550	2.1e-20	99.7
NCVOG0023-consensus	NODE_1709	27.75	418	259	43	375	781	5671	6805	2.9e-20	100.5
NCVOG0023-consensus	NODE_3839	28.74	334	207	31	467	789	177	1115	3.6e-20	99.4
NCVOG0023-consensus	NODE_3451	26.90	487	319	37	359	835	1839	3199	3.9e-20	99.4
NCVOG0023-consensus	NODE_560	25.43	405	275	27	431	824	2147	3302	8.7e-20	99.7
NCVOG0023-consensus	NODE_266	26.05	453	301	34	404	827	7490	6150	3.7e-19	98.1
NCVOG0023-consensus	NODE_1097	30.90	288	180	19	497	782	5262	4453	7.4e-19	96.2
NCVOG0023-consensus	NODE_104	31.41	347	221	17	361	699	5020	6016	9.1e-19	97.2
NCVOG0023-consensus	NODE_798	26.59	346	235	19	480	820	3153	2165	1e-18	95.9
NCVOG0023-consensus	NODE_2022	25.89	336	223	26	513	838	1771	2719	7.4e-18	92.4
NCVOG0023-consensus	NODE_3319	27.33	311	184	42	445	718	940	26	7.5e-17	88.6
NCVOG0023-consensus	NODE_181	29.30	273	183	10	445	709	1614	2415	1.5e-16	89.6
NCVOG0023-consensus	NODE_7927	23.88	402	268	38	375	770	1034	2136	2.2e-16	85.9
NCVOG0023-consensus	NODE_404	28.00	350	220	32	432	770	2081	3052	2.1e-15	85.3
NCVOG0023-consensus	NODE_3759	26.28	529	303	87	380	835	2631	4158	4.2e-15	82.6
NCVOG0023-consensus	NODE_2916	25.90	305	209	17	437	734	849	1726	5.1e-15	82.6
NCVOG0023-consensus	NODE_4446	31.03	232	152	8	439	665	38	709	7.5e-14	78.3
NCVOG0023-consensus	NODE_20	22.63	358	260	17	428	781	23948	22917	1.2e-12	77.4
NCVOG0023-consensus	NODE_2545	27.34	289	190	20	404	678	4900	4063	2.3e-12	73.9
NCVOG0023-consensus	NODE_2771	26.94	245	166	13	427	664	1422	709	2.6e-12	73.6
NCVOG0023-consensus	NODE_7	25.47	373	237	41	315	654	44678	45767	5.9e-12	75.5
NCVOG0023-consensus	NODE_157	26.50	234	163	9	479	708	10096	10773	8.5e-12	73.9
NCVOG0023-consensus	NODE_7340	32.39	213	125	19	601	810	1075	488	8.9e-12	70.7
NCVOG0023-consensus	NODE_7246	26.59	252	170	15	321	568	1659	2370	1.3e-11	70.1
NCVOG0023-consensus	NODE_1258	25.65	308	190	39	445	717	1184	276	1.9e-11	71.5
NCVOG0023-consensus	NODE_7230	24.91	289	191	26	556	828	3	836	5.9e-11	68.0
NCVOG1013-consensus	NODE_4202	32.15	622	319	103	84	646	318	2040	1.1e-23	110.8
NCVOG1013-consensus	NODE_3231	31.53	444	227	77	114	524	1950	3142	4.9e-16	85.6
NCVOG1013-consensus	NODE_6016	36.03	408	200	61	146	518	1701	575	7.8e-16	84.2
NCVOG1013-consensus	NODE_6534	33.96	371	189	56	186	519	1081	41	1.1e-12	73.5
NCVOG1013-consensus	NODE_2303	27.97	429	261	48	102	508	2687	3884	1.8e-12	74.1
NCVOG1013-consensus	NODE_1913	37.63	287	133	46	316	568	3	820	5.8e-11	69.2
NCVOG0013-consensus	NODE_1265	28.48	158	111	2	122	277	2247	1777	6.9e-12	72.3
NCVOG1192-consensus	NODE_90	32.63	236	121	38	62	265	3514	2836	2e-12	74.9
NCVOG1192-consensus	NODE_868	30.58	242	129	39	59	268	5713	5016	1.7e-11	70.6
NCVOG0073-consensus	NODE_570	37.00	681	347	82	30	640	1500	3497	6.8e-53	209.8
NCVOG0073-consensus	NODE_3863	28.16	412	282	14	138	539	2862	4082	1.5e-43	177.2
NCVOG0073-consensus	NODE_1091	32.94	592	245	152	75	539	6769	8456	3.1e-38	160.7
NCVOG0073-consensus	NODE_1531	34.16	802	367	161	25	694	5474	3173	1.1e-23	112.1
NCVOG0073-consensus	NODE_3886	29.19	298	163	48	287	553	2262	1425	7.7e-14	78.5
NCVOG1068-consensus	NODE_3132	44.63	177	86	12	68	238	1998	1489	4.3e-28	124.1
NCVOG1068-consensus	NODE_4484	50.35	143	65	6	102	238	1743	2168	2e-26	118.2
NCVOG1068-consensus	NODE_7240	43.36	143	75	6	102	238	676	1101	1.4e-20	98.1
NCVOG1068-consensus	NODE_2891	37.42	163	96	6	70	226	3001	3486	6.6e-20	97.0
NCVOG1068-consensus	NODE_5771	36.75	117	73	1	116	231	672	1019	2.6e-12	71.0
NCVOG1068-consensus	NODE_6723	35.04	117	75	1	116	231	672	1019	4.6e-11	66.6
NCVOG1068-consensus	NODE_3112	35.04	117	75	1	116	231	1424	1771	8.8e-11	66.6
NCVOG1364-consensus	NODE_6021	32.06	131	83	6	24	150	973	1352	2.2e-12	72.1
NCVOG4523-consensus	NODE_2578	31.60	462	265	51	398	854	4401	5631	3.2e-30	133.6
NCVOG4523-consensus	NODE_1269	27.40	730	309	221	123	677	6322	8352	2.4e-15	84.7
NCVOG1353-consensus	NODE_614	52.83	814	345	39	25	800	7463	5028	9.3e-185	647.6
NCVOG1353-consensus	NODE_275	51.44	801	355	34	28	800	2105	4484	7.2e-176	618.5
NCVOG1353-consensus	NODE_996	47.87	773	232	171	39	644	2298	5	6.2e-68	259.2
NCVOG1353-consensus	NODE_3982	49.14	869	239	203	109	776	540	3127	6.5e-67	254.6
NCVOG1353-consensus	NODE_3854	49.71	678	187	154	118	643	2245	4259	6.2e-45	181.6
NCVOG0055-consensus	NODE_7165	42.31	156	86	4	228	379	531	75	2.7e-22	104.7
NCVOG4105-consensus	NODE_1255	26.02	1149	326	524	14	662	7185	3834	3.9e-21	104.0
NCVOG0245-consensus	NODE_53	30.59	304	189	22	15	303	16859	17736	4.2e-22	107.2
NCVOG0245-consensus	NODE_138	28.91	294	187	22	25	303	6970	7827	3.6e-21	103.7
NCVOG1045-consensus	NODE_7406	31.53	111	71	5	408	517	21	338	7.8e-11	66.9
NCVOG0305-consensus	NODE_4045	34.69	196	122	6	1334	1527	2547	1975	1.3e-21	105.1
NCVOG0305-consensus	NODE_593	31.28	211	137	8	820	1028	6610	7213	3.3e-18	95.3
NCVOG0305-consensus	NODE_3072	38.89	162	91	8	1303	1462	4782	4318	6.2e-18	93.1
NCVOG0305-consensus	NODE_7138	36.13	119	70	6	1426	1539	931	1281	1.8e-11	70.6
NCVOG0248-consensus	NODE_382	31.20	484	252	81	13	487	10634	11866	1.6e-29	131.5
NCVOG0248-consensus	NODE_952	30.72	332	208	22	42	356	8562	7595	8.7e-25	115.2
NCVOG0248-consensus	NODE_2734	30.65	447	245	65	42	474	22	1206	9.8e-24	110.9
NCVOG0248-consensus	NODE_1498	29.13	460	255	71	42	486	4344	3136	2.1e-20	100.3
NCVOG0248-consensus	NODE_49	29.51	471	257	75	44	503	17786	18993	8e-19	97.1
NCVOG0248-consensus	NODE_1039	32.17	258	150	25	13	262	2850	2147	1.6e-18	94.3
NCVOG0248-consensus	NODE_860	28.44	225	146	15	45	259	3386	2734	3e-13	77.0
NCVOG0105-consensus	NODE_53	27.49	1033	605	144	1	985	10598	7811	5.9e-49	198.1
NCVOG0105-consensus	NODE_100	27.44	798	486	93	254	1018	24396	22190	4e-41	171.8
NCVOG0105-consensus	NODE_193	27.27	385	237	43	656	1018	5458	6532	1.9e-14	82.8
NCVOG1216-consensus	NODE_68	29.37	303	197	17	10	297	15946	16845	1.2e-23	112.4
NCVOG1216-consensus	NODE_1	34.36	195	121	7	10	199	58282	57707	3.1e-22	109.1
NCVOG4804-consensus	NODE_8229	39.88	163	45	53	70	179	930	1415	4.5e-12	69.4
NCVOG4804-consensus	NODE_3574	52.86	70	33	0	70	139	325	531	6.4e-12	70.0
NCVOG4804-consensus	NODE_1673	45.83	96	34	18	44	139	552	322	1.5e-11	69.4
NCVOG4804-consensus	NODE_2389	45.80	131	41	30	70	170	3794	3409	1.8e-11	68.9
NCVOG4184-consensus	NODE_3241	35.82	134	79	7	521	650	1241	856	1.5e-12	73.9
NCVOG2963-consensus	NODE_7584	34.48	203	103	30	100	285	1106	1672	6.4e-13	73.0
NCVOG2963-consensus	NODE_7654	34.74	190	95	29	100	273	1134	607	1.3e-12	71.9
NCVOG2963-consensus	NODE_2588	25.00	192	143	1	106	297	3111	2542	1.8e-11	69.5
NCVOG2963-consensus	NODE_3819	25.35	213	143	16	97	309	1521	934	7.6e-11	67.1
NCVOG0249-consensus	NODE_28	34.96	246	146	14	12	245	4070	3342	1.2e-22	109.6
NCVOG0249-consensus	NODE_30	34.91	232	137	14	12	231	8642	7956	8.3e-20	100.1
NCVOG4883-consensus	NODE_2156	33.85	325	177	38	42	332	3848	4799	2.2e-23	109.8
NCVOG0979-consensus	NODE_1228	46.47	241	126	3	89	328	361	1074	1.2e-50	200.5
NCVOG0262-consensus	NODE_90	35.32	218	128	13	343	552	22476	23111	5.5e-16	87.6
NCVOG0262-consensus	NODE_143	35.32	218	128	13	343	552	10195	9560	1.1e-15	86.4
NCVOG0274-consensus	NODE_28	37.80	1508	761	177	18	1394	21932	26310	2.1e-61	240.1
NCVOG0274-consensus	NODE_30	39.57	1170	546	161	18	1064	24517	27895	3.5e-60	236.1
NCVOG0274-consensus	NODE_923	28.50	849	487	120	50	874	9833	7590	5.2e-46	187.2
NCVOG0274-consensus	NODE_1745	37.64	449	229	51	7	436	1567	332	5.1e-37	156.9
NCVOG0274-consensus	NODE_393	30.36	1100	622	144	16	1008	11316	14477	4.5e-27	124.9
NCVOG0274-consensus	NODE_11	31.20	1452	710	289	178	1379	20602	24813	2.9e-20	103.7
NCVOG0274-consensus	NODE_11	42.00	100	54	4	18	113	20135	20431	7.4e-12	75.8
NCVOG0274-consensus	NODE_1296	24.45	1227	414	513	326	1042	6318	2676	1.3e-12	76.0
NCVOG0274-consensus	NODE_1594	29.34	1002	453	255	265	1013	4489	7465	5.2e-12	73.9
NCVOG0074-consensus	NODE_570	57.48	642	198	75	44	610	1584	3500	2.6e-90	333.5
NCVOG0074-consensus	NODE_3863	33.26	451	279	22	77	505	2715	4064	8.4e-61	234.0
NCVOG0074-consensus	NODE_1091	41.37	568	239	94	142	623	7163	8827	2.2e-60	233.7
NCVOG0074-consensus	NODE_1091	43.10	116	62	4	27	141	6664	6999	1.7e-14	81.3
NCVOG0074-consensus	NODE_1531	50.16	640	188	131	32	541	5411	3506	1.8e-44	180.5
NCVOG0074-consensus	NODE_3886	35.80	324	160	48	229	522	2337	1425	1.1e-25	117.4
NCVOG0074-consensus	NODE_4751	33.21	262	137	38	296	522	2659	1896	5.9e-17	88.1
NCVOG0074-consensus	NODE_3886	40.18	219	80	51	58	229	3541	4182	3.6e-15	82.4
NCVOG0074-consensus	NODE_4059	29.93	451	184	132	37	355	2170	829	1.1e-11	70.7
NCVOG1196-consensus	NODE_480	24.13	717	488	56	292	994	10822	12843	1.1e-20	103.2
NCVOG1196-consensus	NODE_491	19.91	683	503	44	410	1073	8978	10942	2.5e-14	82.0
NCVOG1196-consensus	NODE_2394	23.56	849	554	95	184	986	2085	4475	1e-12	75.5
NCVOG1196-consensus	NODE_1188	21.12	625	442	51	286	886	8510	6730	6.6e-11	70.1
NCVOG1164-consensus	NODE_337	32.67	251	135	34	9	238	4922	5626	4.4e-15	83.1
NCVOG1164-consensus	NODE_1	35.29	170	86	24	92	245	26346	26828	9e-14	80.9
NCVOG0064-consensus	NODE_1501	25.75	334	215	33	23	334	6227	7186	1.5e-14	80.8
NCVOG0424-consensus	NODE_9	34.59	133	85	2	161	292	15266	14878	2.3e-14	82.9
NCVOG0214-consensus	NODE_1964	31.29	278	181	10	271	543	5425	4616	8.7e-23	108.6
NCVOG0214-consensus	NODE_6465	32.76	293	164	33	271	544	872	1705	8.9e-19	94.0
NCVOG0214-consensus	NODE_5910	31.10	283	167	28	255	512	2089	2925	3.6e-18	92.1
NCVOG0214-consensus	NODE_2024	36.00	250	144	16	306	543	4546	5268	2.1e-17	90.7
NCVOG0214-consensus	NODE_2110	34.78	299	168	27	266	544	5404	6268	3.6e-17	89.9
NCVOG0214-consensus	NODE_1139	32.89	225	142	9	294	515	6074	5425	4.5e-15	83.4
NCVOG0214-consensus	NODE_6564	33.73	249	147	18	315	547	1296	571	1.5e-14	79.9
NCVOG0214-consensus	NODE_3156	27.21	408	275	22	324	720	2933	1760	1.1e-13	78.0
NCVOG0214-consensus	NODE_8398	27.08	277	190	12	315	588	1277	487	7.3e-13	73.9
NCVOG0214-consensus	NODE_2858	31.62	234	141	19	318	547	2476	3121	1.3e-12	74.5
NCVOG0214-consensus	NODE_3378	23.96	647	414	78	3	620	1513	3295	4.4e-12	72.6
NCVOG0214-consensus	NODE_1804	32.27	282	165	26	271	546	2497	1727	4.5e-12	73.1
NCVOG0214-consensus	NODE_3022	25.87	286	183	29	297	554	2876	2025	1.8e-11	70.7
NCVOG0214-consensus	NODE_1727	23.61	432	307	23	124	542	5074	6322	4.4e-11	69.9
NCVOG0276-consensus	NODE_68	56.14	342	142	8	19	357	6457	7464	1.2e-90	335.0
NCVOG0276-consensus	NODE_2659	52.86	350	159	6	9	357	3479	4510	1.4e-88	325.8
NCVOG0276-consensus	NODE_1	55.39	343	144	9	19	357	67579	66573	2.5e-86	322.0
NCVOG0276-consensus	NODE_4649	62.50	344	89	40	53	357	1684	659	3.9e-62	237.4
NCVOG0276-consensus	NODE_1800	61.58	341	95	36	53	357	4456	5475	9e-62	237.1
NCVOG0689-consensus	NODE_8398	37.76	98	59	2	49	146	1098	814	5.5e-14	77.0
NCVOG0689-consensus	NODE_1096	33.33	129	85	1	25	152	2214	1831	5.6e-14	79.2
NCVOG2487-consensus	NODE_932	32.35	170	98	17	19	174	4870	4375	7.7e-11	67.4
NCVOG4966-consensus	NODE_2588	24.26	272	180	26	213	480	3123	2377	2.5e-11	69.7
NCVOG3000-consensus	NODE_8398	26.92	156	93	21	63	211	699	1121	2.6e-12	70.4
NCVOG4494-consensus	NODE_993	41.88	117	68	0	47	163	7666	8013	4e-17	89.7
NCVOG4494-consensus	NODE_697	35.95	153	98	0	20	172	6003	6458	4.2e-14	80.0
NCVOG1100-consensus	NODE_5088	24.69	478	302	58	23	468	1857	3201	2e-19	95.7
NCVOG1100-consensus	NODE_7997	27.59	319	196	35	1	303	1942	1046	1.5e-18	92.2
NCVOG1100-consensus	NODE_4800	27.59	319	196	35	1	303	1942	1046	2e-18	92.5
NCVOG1100-consensus	NODE_1135	24.85	330	215	33	104	423	6088	7003	3.1e-11	69.9
NCVOG4477-consensus	NODE_6021	40.68	118	48	22	709	826	1116	1400	4.8e-11	69.8
NCVOG4635-consensus	NODE_6021	42.62	122	65	5	125	244	936	1283	1.2e-11	68.8
NCVOG0077-consensus	NODE_1	33.26	466	264	47	282	714	52438	53788	4.6e-29	132.8
NCVOG0077-consensus	NODE_68	31.53	463	266	51	284	711	21760	20427	1.1e-26	123.6
NCVOG0267-consensus	NODE_308	30.75	322	190	33	357	669	3985	4875	4.8e-11	71.4
NCVOG1137-consensus	NODE_275	39.41	170	96	7	19	184	10200	9707	2.2e-23	109.9
NCVOG1137-consensus	NODE_100	35.56	180	106	10	4	174	2198	1667	4.3e-22	106.2
NCVOG0037-consensus	NODE_4220	44.25	1114	569	52	6	1072	3438	115	4e-119	428.4
NCVOG0037-consensus	NODE_1326	36.57	1091	551	141	6	1072	2	2908	1.1e-76	288.4
NCVOG0037-consensus	NODE_446	45.03	664	344	21	6	649	3315	1338	2e-57	225.2
NCVOG0037-consensus	NODE_2707	35.74	624	348	53	62	657	2362	599	1.5e-38	161.2
NCVOG0037-consensus	NODE_532	38.26	1103	326	355	93	843	7552	10832	4.5e-36	154.2
NCVOG0037-consensus	NODE_2254	41.99	412	172	67	70	415	1246	17	1e-20	102.1
NCVOG3007-consensus	NODE_1315	20.61	1761	1218	180	79	1773	2450	7387	3.1e-12	75.2
NCVOG3007-consensus	NODE_324	20.55	545	394	39	59	592	14302	15849	8.3e-11	71.4
NCVOG0017-consensus	NODE_2690	26.86	376	231	44	2	334	3353	2232	4e-14	78.4
NCVOG0017-consensus	NODE_71	26.56	384	225	57	2	334	6433	5303	2.3e-12	74.9
NCVOG0007-consensus	NODE_8026	36.84	228	113	31	20	218	719	1393	1.3e-22	105.3
NCVOG0007-consensus	NODE_1251	30.06	356	185	64	46	337	2639	1575	7.5e-21	101.5
NCVOG0486-consensus	NODE_7468	32.65	294	175	23	105	382	1169	2026	6.3e-24	109.9
NCVOG0284-consensus	NODE_6797	30.16	305	178	35	38	321	1663	794	1.6e-17	88.5
NCVOG0284-consensus	NODE_143	30.03	303	182	30	38	321	1199	2071	8.6e-15	82.5
NCVOG0806-consensus	NODE_901	33.33	360	107	133	124	350	1365	301	8.4e-31	135.1
NCVOG0806-consensus	NODE_1023	28.18	479	222	122	72	447	6832	8206	1.5e-12	74.3
NCVOG0329-consensus	NODE_4872	31.07	309	189	24	314	615	995	1867	2.6e-11	70.4
NCVOG0076-consensus	NODE_68	31.78	450	270	37	154	594	2655	3917	8.2e-38	160.5
NCVOG0076-consensus	NODE_1	32.21	447	262	41	158	594	71357	70117	1.4e-31	141.2
NCVOG4154-consensus	NODE_2588	31.82	132	86	4	129	260	3093	2713	2.6e-12	72.2
NCVOG4154-consensus	NODE_7609	16.79	131	93	16	138	267	1650	1992	3.2e-12	70.6
NCVOG4154-consensus	NODE_415	49.44	89	35	10	144	232	11729	11496	7.7e-12	72.0
NCVOG4154-consensus	NODE_6413	57.30	89	23	15	165	253	3	221	4.5e-11	67.1
NCVOG0236-consensus	NODE_143	26.47	238	160	15	9	238	8655	9344	1.9e-15	84.3
NCVOG0236-consensus	NODE_90	26.89	238	161	13	8	238	24015	23323	2.2e-15	84.3
NCVOG0236-consensus	NODE_53	29.58	213	136	14	34	235	23550	24176	7.6e-14	79.4
NCVOG0236-consensus	NODE_138	27.10	214	141	15	34	235	15441	16070	3.5e-12	73.5
NCVOG0326-consensus	NODE_19	29.08	251	166	12	223	463	16233	15502	4.3e-16	88.1
NCVOG0326-consensus	NODE_6569	36.56	93	58	1	372	463	2637	2362	2.9e-11	68.3
NCVOG0036-consensus	NODE_2241	46.02	113	61	0	105	217	4383	4718	4.7e-16	84.9
NCVOG0222-consensus	NODE_4872	29.20	435	289	19	84	511	1830	565	9.3e-28	123.6
NCVOG0222-consensus	NODE_4314	22.30	444	327	18	87	514	2229	909	2e-17	89.4
NCVOG0222-consensus	NODE_3496	22.35	349	254	17	154	498	607	1611	9.7e-15	80.8
NCVOG0222-consensus	NODE_7763	23.91	297	219	7	90	383	327	1202	8.9e-13	73.2
NCVOG0222-consensus	NODE_1606	25.07	355	246	20	90	441	1812	2822	2.4e-11	70.2
NCVOG0002-consensus	NODE_1066	30.74	514	316	40	332	835	1987	3435	2.3e-34	147.7
NCVOG0002-consensus	NODE_1154	32.30	418	239	44	332	738	6739	7890	5.3e-25	116.5
NCVOG2775-consensus	NODE_3002	29.80	302	205	7	179	475	1612	2504	1.6e-23	110.3
NCVOG2775-consensus	NODE_13	34.84	221	140	4	178	396	9508	8855	3.2e-20	102.2
NCVOG2775-consensus	NODE_4743	40.00	130	73	5	188	317	3128	3499	8.2e-14	77.5
NCVOG3085-consensus	NODE_4960	32.24	183	104	20	61	226	24	560	4.5e-13	73.9
NCVOG3085-consensus	NODE_3845	32.72	217	118	28	20	226	1002	1595	5.3e-12	70.6
NCVOG3085-consensus	NODE_7804	33.33	207	116	22	38	226	627	1232	1.5e-11	68.2
NCVOG3085-consensus	NODE_7753	33.33	231	126	28	20	228	1413	742	1.5e-11	68.2
NCVOG3085-consensus	NODE_6887	33.77	228	121	30	19	223	879	220	4.4e-11	66.8
NCVOG3085-consensus	NODE_8035	32.66	199	112	22	20	200	748	167	9.4e-11	65.5
NCVOG3085-consensus	NODE_2624	34.23	222	112	34	18	226	4330	3731	9.6e-11	66.8
NCVOG3085-consensus	NODE_2624	33.77	228	121	30	19	223	879	220	3.6e-14	78.2
NCVOG0288-consensus	NODE_2364	28.63	255	165	17	240	483	1171	1914	7.5e-18	91.8
NCVOG0288-consensus	NODE_143	31.54	260	155	23	243	483	6676	5914	4e-17	91.3
NCVOG0288-consensus	NODE_1683	32.14	168	107	7	311	471	5502	5014	3.1e-11	70.1
NCVOG4904-consensus	NODE_6021	38.68	106	61	4	318	423	1002	1304	7.9e-12	71.0
NCVOG1175-consensus	NODE_2776	41.30	138	72	9	84	218	686	298	6e-15	80.5
NCVOG1175-consensus	NODE_80	39.29	140	76	9	84	220	2849	2455	7e-13	76.0
NCVOG1175-consensus	NODE_5177	36.43	140	81	8	85	222	168	566	1.8e-12	71.5
NCVOG1175-consensus	NODE_405	35.46	141	83	8	84	222	3742	3341	1.6e-11	70.5
NCVOG1175-consensus	NODE_19	34.27	143	84	10	81	220	16987	16587	2.7e-11	71.1
NCVOG0729-consensus	NODE_4738	29.56	619	188	248	5	386	2206	398	4e-16	85.1
NCVOG5103-consensus	NODE_3241	31.10	209	92	52	320	528	1262	795	2.1e-21	104.0
NCVOG5103-consensus	NODE_5216	28.96	183	124	6	327	504	2565	2031	1e-14	81.2
NCVOG5103-consensus	NODE_447	27.27	220	143	17	295	505	3896	3268	3.6e-14	81.5
NCVOG5103-consensus	NODE_4770	14.57	199	162	8	297	493	2687	3258	7.3e-14	78.5
NCVOG5103-consensus	NODE_480	32.55	212	127	16	308	519	11743	11159	1.3e-13	79.6
NCVOG5103-consensus	NODE_2776	48.60	107	49	6	395	501	4981	5280	2.3e-13	77.4
NCVOG5103-consensus	NODE_2370	27.49	211	138	15	320	528	2099	1511	5.5e-13	76.3
NCVOG5103-consensus	NODE_324	47.66	107	50	6	395	501	3227	3526	8e-12	73.9
NCVOG5103-consensus	NODE_1739	44.54	119	59	7	395	513	3498	3166	2e-11	71.4
NCVOG5103-consensus	NODE_204	24.71	259	166	29	296	530	14064	13306	2.9e-11	72.3
NCVOG5103-consensus	NODE_1560	48.86	88	38	7	422	502	2719	2977	3.7e-11	70.6
NCVOG5103-consensus	NODE_6326	28.95	228	138	24	285	509	738	125	5.9e-11	68.5
NCVOG4874-consensus	NODE_5600	40.33	419	166	84	15	365	999	2202	1.7e-23	108.8
NCVOG0605-consensus	NODE_8398	35.50	169	97	12	308	472	1179	700	4.4e-17	87.3
NCVOG0605-consensus	NODE_1096	32.99	197	115	17	264	459	2271	1732	1.3e-15	84.6
NCVOG0605-consensus	NODE_1315	40.67	150	76	13	342	487	437	18	3.7e-15	83.0
NCVOG0605-consensus	NODE_2810	23.10	342	231	32	164	491	1889	921	8e-13	74.5
NCVOG0605-consensus	NODE_1661	29.91	214	137	13	255	458	4798	5427	6e-12	72.1
NCVOG0605-consensus	NODE_5347	36.36	154	84	14	352	491	1684	1226	6.7e-12	70.7
NCVOG1136-consensus	NODE_68	44.41	331	164	20	168	480	1178	195	1.3e-40	169.2
NCVOG1136-consensus	NODE_1	47.00	317	148	20	182	480	72738	73679	7.1e-40	168.2
NCVOG0059-consensus	NODE_3751	31.61	310	194	18	145	448	1064	1954	9.9e-24	110.4
NCVOG0059-consensus	NODE_1	32.09	268	166	16	145	406	42320	43090	1.6e-21	107.2
NCVOG0319-consensus	NODE_71	42.13	178	95	8	19	189	3385	3912	3e-22	107.1
NCVOG0319-consensus	NODE_4084	41.01	178	96	9	19	189	2581	3101	5.1e-21	100.3
NCVOG0319-consensus	NODE_49	37.57	173	100	8	19	183	6226	5711	7.8e-16	86.0
NCVOG0319-consensus	NODE_563	49.51	103	48	4	91	189	4102	4407	4.1e-13	75.6
NCVOG0319-consensus	NODE_76	34.64	179	105	12	18	189	15944	15430	1.3e-12	75.1
NCVOG4655-consensus	NODE_1606	25.49	408	267	37	15	397	2886	1712	4.6e-11	68.9
NCVOG2980-consensus	NODE_581	33.96	424	225	55	97	474	3168	4403	3.2e-45	183.3
NCVOG1298-consensus	NODE_480	21.79	390	278	27	204	573	10855	11998	3.7e-12	74.0
NCVOG1272-consensus	NODE_2394	21.19	1430	968	159	373	1736	1392	5399	2.2e-22	108.6
NCVOG2652-consensus	NODE_4344	42.44	205	96	22	18	200	131	742	8.6e-12	69.4
NCVOG4522-consensus	NODE_4414	41.24	194	80	34	247	406	634	60	2.2e-19	95.7
NCVOG1352-consensus	NODE_2280	33.91	115	71	5	61	170	599	258	3.6e-12	71.5
NCVOG0522-consensus	NODE_2211	43.75	80	45	0	162	241	3290	3054	5.1e-11	68.1
NCVOG0052-consensus	NODE_2364	35.00	140	81	10	30	167	2855	3247	5.8e-12	70.7
NCVOG0052-consensus	NODE_143	36.13	119	71	5	27	143	4986	4642	8e-12	72.1
NCVOG4122-consensus	NODE_1792	26.60	282	191	16	134	410	2666	3475	7.2e-14	78.4
NCVOG4122-consensus	NODE_3272	29.54	237	155	12	242	468	464	1165	2.6e-12	72.7
NCVOG1120-consensus	NODE_2858	27.73	220	125	34	325	544	2454	3008	5.6e-11	68.8
NCVOG0312-consensus	NODE_2394	20.99	805	563	73	61	833	3580	5864	6.5e-15	82.6
NCVOG0312-consensus	NODE_2394	21.80	656	439	74	202	815	1578	3446	4.1e-13	76.6
NCVOG0032-consensus	NODE_4389	26.63	612	384	65	233	820	3639	1932	1.1e-16	87.7
NCVOG0032-consensus	NODE_438	26.18	531	296	96	285	786	7893	6529	3.1e-11	71.5
NCVOG0032-consensus	NODE_1105	47.30	74	39	0	725	798	8531	8313	7.7e-11	69.6
NCVOG0302-consensus	NODE_3746	28.99	169	118	2	2	170	938	441	4.8e-16	85.1
NCVOG0302-consensus	NODE_344	28.74	174	121	3	2	174	4008	3496	6.7e-12	73.2
NCVOG0302-consensus	NODE_3239	29.45	146	95	8	360	500	3145	3570	9e-11	67.7
NCVOG0022-consensus	NODE_485	41.46	451	216	48	10	460	6017	4812	1.1e-21	105.2
NCVOG0022-consensus	NODE_3833	49.26	203	90	13	5	207	3703	4269	7.2e-21	100.9
NCVOG0022-consensus	NODE_1692	40.79	456	222	48	5	460	438	1658	1.2e-20	100.9
NCVOG0022-consensus	NODE_3751	28.60	444	259	58	7	448	2608	3766	2.3e-20	99.2
NCVOG0022-consensus	NODE_2270	39.82	452	223	49	10	460	3017	4221	3.2e-20	99.2
NCVOG0022-consensus	NODE_932	46.08	293	137	21	10	302	4150	3338	5.1e-20	99.2
NCVOG0022-consensus	NODE_1	28.76	445	260	57	7	448	43860	45029	1.3e-13	80.8
NCVOG1127-consensus	NODE_53	28.23	372	247	20	19	377	2779	1688	7.6e-31	137.2
NCVOG1127-consensus	NODE_100	30.22	321	207	17	31	339	15958	15014	5.9e-30	133.9
NCVOG1127-consensus	NODE_7839	29.23	195	125	13	76	263	12	575	1.7e-19	95.7
NCVOG0027-consensus	NODE_1881	23.93	560	350	76	32	550	3409	1842	6.5e-13	75.6
NCVOG0027-consensus	NODE_3112	24.36	550	330	86	32	537	3450	4966	3.1e-12	72.9
NCVOG0025-consensus	NODE_6554	26.83	328	200	40	201	521	254	1135	1.4e-14	79.4
NCVOG0025-consensus	NODE_5503	25.00	296	187	35	222	508	859	1665	1.3e-12	73.2
NCVOG0025-consensus	NODE_4118	52.46	61	28	1	441	501	647	471	8.6e-11	67.5
NCVOG0271-consensus	NODE_5382	26.69	1023	642	108	180	1167	252	3098	4.5e-64	245.3
NCVOG0271-consensus	NODE_239	32.36	411	201	77	682	1015	16574	17801	8e-23	110.8
NCVOG0271-consensus	NODE_2178	48.67	113	53	5	1042	1154	4908	5228	6.6e-21	102.9
NCVOG3078-consensus	NODE_53	25.51	341	228	26	16	346	2659	1688	8.3e-22	107.1
NCVOG3078-consensus	NODE_100	26.51	332	217	27	1	321	15921	14981	8.5e-19	96.8
NCVOG0078-consensus	NODE_2389	57.33	75	30	2	126	198	4650	4871	7.6e-11	67.2
NCVOG5301-consensus	NODE_916	42.86	112	62	2	470	581	5959	5633	6.5e-13	76.4
NCVOG5301-consensus	NODE_6016	40.87	115	66	2	467	581	886	551	1e-12	73.9
NCVOG5301-consensus	NODE_3231	27.66	470	286	54	125	582	1875	3139	2.4e-11	70.1
NCVOG0451-consensus	NODE_3272	32.17	286	178	16	116	393	374	1204	1.3e-17	90.0
NCVOG0541-consensus	NODE_7569	32.47	231	149	7	15	243	1331	657	2.2e-25	114.3
NCVOG0967-consensus	NODE_1315	23.77	997	630	130	33	962	4463	7261	3.7e-24	113.8
NCVOG0967-consensus	NODE_4036	22.35	859	581	86	120	935	2842	398	8.1e-18	91.7
NCVOG0967-consensus	NODE_324	22.49	1027	673	123	36	979	11999	14946	3.8e-14	81.5
NCVOG0967-consensus	NODE_4872	21.61	347	260	12	459	796	1815	787	1.3e-13	77.5
NCVOG0031-consensus	NODE_7555	36.25	251	134	26	557	788	219	947	1.6e-22	106.7
NCVOG0031-consensus	NODE_1881	28.23	620	370	75	194	788	3520	1822	4.6e-20	100.2
NCVOG0031-consensus	NODE_3112	27.69	603	366	70	194	780	3339	4978	2.4e-17	90.7
NCVOG1121-consensus	NODE_6021	22.41	299	216	16	235	528	861	1721	2.7e-13	75.3
NCVOG0001-consensus	NODE_3939	42.32	293	148	21	313	600	1763	2590	4.9e-46	184.9
NCVOG0001-consensus	NODE_4031	39.24	237	124	20	328	555	3008	2334	1.4e-35	150.2
NCVOG0001-consensus	NODE_1784	38.54	288	129	48	336	595	6160	6958	1.8e-13	77.5
NCVOG0001-consensus	NODE_4298	29.06	413	218	75	272	617	3350	2147	1.4e-12	73.7
NCVOG0001-consensus	NODE_4298	42.22	90	52	0	460	549	3790	3524	1.4e-12	73.7
NCVOG0001-consensus	NODE_2148	31.72	290	124	74	327	545	857	6	5.6e-12	72.3
NCVOG2608-consensus	NODE_1745	32.63	190	118	10	10	193	2692	3238	2.1e-15	82.4
NCVOG2058-consensus	NODE_3272	32.40	250	151	18	48	289	461	1177	2.6e-16	85.7
NCVOG2058-consensus	NODE_3002	31.39	223	132	21	106	309	1663	2322	1.8e-11	69.7
NCVOG2058-consensus	NODE_1792	27.27	264	176	16	87	346	2720	3472	5.2e-11	68.6
NCVOG0158-consensus	NODE_138	27.70	213	141	13	51	257	12766	13380	8.5e-14	79.1
NCVOG0158-consensus	NODE_53	28.37	215	136	18	51	264	20673	21261	2.3e-12	74.7
NCVOG1348-consensus	NODE_68	36.28	113	69	3	2	111	11112	11447	6.8e-13	75.1
NCVOG1348-consensus	NODE_1	33.98	103	66	2	2	102	62915	62610	8.2e-11	69.6
NCVOG0066-consensus	NODE_2029	36.46	192	115	7	123	309	2	568	1.7e-23	110.6
NCVOG0038-consensus	NODE_603	28.34	1048	536	215	130	989	10631	7576	1.1e-44	182.6
NCVOG0038-consensus	NODE_1	27.51	1087	517	271	74	948	9970	6896	1.5e-43	181.6
NCVOG0038-consensus	NODE_3106	26.14	593	368	70	409	984	818	2434	9.8e-16	85.3
NCVOG0038-consensus	NODE_979	26.28	780	485	90	229	984	4891	7027	2.2e-14	81.7
NCVOG0228-consensus	NODE_5679	32.07	368	225	25	366	712	39	1127	9e-45	180.8
NCVOG0228-consensus	NODE_100	37.46	291	172	10	451	741	11406	10567	1.3e-44	183.2
NCVOG0228-consensus	NODE_8203	30.98	397	243	31	366	741	39	1196	1.8e-43	175.9
NCVOG0228-consensus	NODE_1615	29.09	361	189	67	403	700	6298	7359	2.3e-12	74.4
NCVOG0228-consensus	NODE_5870	28.07	228	135	29	385	589	2366	1712	1.8e-11	70.1
NCVOG0228-consensus	NODE_7983	32.86	140	80	14	451	589	2085	1712	8.5e-11	67.4
NCVOG0280-consensus	NODE_2394	20.88	1432	989	144	409	1759	1749	5848	9.7e-17	89.6
NCVOG0280-consensus	NODE_511	22.63	1180	783	130	492	1591	8504	11884	2.6e-16	89.3
NCVOG0218-consensus	NODE_6326	63.64	198	54	18	660	857	646	110	1e-11	71.1
NCVOG0018-consensus	NODE_554	26.77	1128	700	126	30	1090	401	3600	1.1e-40	169.6
NCVOG0018-consensus	NODE_863	25.67	1157	722	138	44	1116	3399	112	1.7e-34	148.7
NCVOG0018-consensus	NODE_68	23.29	1138	753	120	23	1099	22842	26075	2.2e-30	136.5
NCVOG0018-consensus	NODE_324	25.12	1075	674	131	25	1020	12806	15867	7.9e-29	130.6
NCVOG0018-consensus	NODE_943	25.10	745	476	82	120	811	2211	4345	1e-23	112.9
NCVOG0018-consensus	NODE_104	25.80	690	410	102	406	1049	12979	11087	6.2e-19	98.3
NCVOG0018-consensus	NODE_418	24.74	772	479	102	23	761	3224	5315	1.1e-17	93.4
NCVOG0018-consensus	NODE_633	26.42	1124	712	115	25	1090	1793	4990	1.6e-17	92.6
NCVOG0018-consensus	NODE_633	25.40	626	379	88	407	1013	26	1693	1.6e-21	105.9
NCVOG0018-consensus	NODE_6366	24.62	849	547	93	173	973	2421	13	4e-16	85.8
NCVOG0018-consensus	NODE_8320	25.73	688	422	89	361	1030	14	1853	8.7e-15	81.0
NCVOG0018-consensus	NODE_4036	23.15	907	589	108	152	1005	3880	1328	1.2e-14	81.5
NCVOG0018-consensus	NODE_4036	25.56	493	306	61	212	697	1324	11	4.2e-16	86.4
NCVOG0018-consensus	NODE_1	23.71	831	540	94	137	917	51672	49325	3.2e-13	80.9
NCVOG0018-consensus	NODE_278	25.34	588	377	62	508	1069	11700	10054	1.5e-12	76.6
NCVOG0018-consensus	NODE_6644	26.79	616	380	71	448	1017	2596	827	3.2e-12	72.8
NCVOG0018-consensus	NODE_1315	24.47	1218	766	154	71	1191	3443	6922	4.8e-12	73.9
NCVOG0018-consensus	NODE_1315	25.65	959	601	112	106	1034	791	3418	2.7e-12	74.7
NCVOG0018-consensus	NODE_492	25.00	1004	641	112	77	1009	9249	6382	3.4e-11	71.7
NCVOG0018-consensus	NODE_2925	23.57	1154	710	172	73	1143	1455	4634	4.2e-11	70.1
NCVOG0018-consensus	NODE_2925	25.74	505	310	65	350	823	12	1419	5.8e-14	79.6
NCVOG2246-consensus	NODE_90	25.18	421	255	60	31	445	17604	18701	1.5e-18	95.7
NCVOG2246-consensus	NODE_143	23.46	422	262	61	31	445	15071	13971	7.8e-16	86.5
NCVOG0246-consensus	NODE_68	31.33	300	170	36	7	288	13258	14100	8.9e-14	79.3
NCVOG0246-consensus	NODE_1	31.89	301	168	37	7	288	60696	59855	5.3e-11	71.5
NCVOG0720-consensus	NODE_4695	30.34	145	96	5	22	165	805	386	2.5e-13	74.1
NCVOG0273-consensus	NODE_7627	28.57	189	123	12	18	203	1784	1248	6.3e-13	72.4
NCVOG0273-consensus	NODE_278	40.86	93	55	0	111	203	5231	5506	4.3e-11	69.2
