NCVOG0719-consensus	NODE_4330_length_3718_cov_32.631695	31.25	256	173	3	10	263	3152	2393	2.9e-40	168.0
NCVOG0719-consensus	NODE_1441_length_7337_cov_33.089532	33.33	198	132	0	72	269	6431	7021	2.5e-30	136.0
NCVOG0719-consensus	NODE_22569_length_419_cov_52.631579	28.68	136	97	0	47	182	410	6	7.6e-19	93.7
NCVOG0719-consensus	NODE_4441_length_3642_cov_41.063114	31.21	173	96	23	114	263	3642	3131	2.6e-16	88.4
NCVOG0719-consensus	NODE_6684_length_2555_cov_44.810734	35.11	94	61	0	170	263	4	282	1.9e-13	78.4
NCVOG0719-consensus	NODE_29015_length_299_cov_51.063063	35.11	94	61	0	108	201	4	282	3.8e-12	71.0
NCVOG4382-consensus	NODE_262_length_14285_cov_36.794552	27.62	286	185	22	55	334	10791	9989	7.1e-13	79.7
NCVOG1069-consensus	NODE_4724_length_3479_cov_34.883892	34.71	170	102	9	93	253	704	198	1.5e-18	96.4
NCVOG0669-consensus	NODE_437_length_12004_cov_32.972499	23.71	502	306	77	27	464	9861	11322	4.2e-16	90.2
NCVOG0669-consensus	NODE_7092_length_2400_cov_28.002583	26.33	376	218	59	99	421	2281	1175	2.1e-14	82.2
NCVOG0669-consensus	NODE_8799_length_1846_cov_17.737140	21.45	429	266	71	108	468	120	1394	1.2e-12	76.0
NCVOG0669-consensus	NODE_2226_length_5768_cov_26.675628	25.87	201	137	12	257	448	1877	1287	3e-12	76.3
NCVOG0333-consensus	NODE_7937_length_2102_cov_40.129877	42.86	112	48	16	605	709	1102	1407	2.1e-12	76.0
NCVOG0333-consensus	NODE_6870_length_2479_cov_46.993755	54.05	74	31	3	605	678	439	648	2.9e-12	75.8
NCVOG0333-consensus	NODE_201_length_15424_cov_36.148498	42.86	112	48	16	605	709	9838	9533	8.3e-11	73.6
NCVOG2223-consensus	NODE_9529_length_1651_cov_30.020330	40.21	189	78	35	728	884	1586	1032	2.9e-40	168.5
NCVOG2223-consensus	NODE_15599_length_723_cov_76.544892	36.36	77	48	1	794	870	603	379	8e-11	69.6
NCVOG0233-consensus	NODE_7268_length_2333_cov_84.504876	38.33	780	392	89	94	786	2333	7	3.3e-66	255.2
NCVOG0233-consensus	NODE_1646_length_6849_cov_41.960425	30.73	846	361	225	38	660	1631	4159	1e-54	218.6
NCVOG0233-consensus	NODE_1646_length_6849_cov_41.960425	27.56	254	140	44	650	859	4186	4936	2.1e-14	84.6
NCVOG0233-consensus	NODE_252_length_14381_cov_35.844589	30.48	866	374	228	38	680	4271	1692	1.2e-54	219.4
NCVOG0233-consensus	NODE_3849_length_4059_cov_106.832496	25.90	807	494	104	29	787	354	2603	2.2e-52	210.0
NCVOG0233-consensus	NODE_1633_length_6872_cov_56.593966	25.77	807	495	104	29	787	4592	2343	3.8e-51	206.7
NCVOG0233-consensus	NODE_2376_length_5589_cov_54.836720	25.88	680	414	90	28	668	3589	1710	1.7e-46	190.9
NCVOG0233-consensus	NODE_4935_length_3352_cov_27.824427	34.70	389	186	68	477	806	1059	2189	4.4e-41	172.2
NCVOG0233-consensus	NODE_17169_length_605_cov_37.797348	43.72	183	101	2	499	679	10	555	1.3e-38	161.5
NCVOG0233-consensus	NODE_4039_length_3907_cov_36.413838	28.12	754	391	151	135	738	3435	1180	5.2e-38	162.2
NCVOG0233-consensus	NODE_9044_length_1776_cov_30.572353	36.70	218	133	5	506	718	1612	962	1.9e-34	149.3
NCVOG0233-consensus	NODE_3029_length_4771_cov_41.043247	24.00	929	559	147	28	864	3175	569	7.1e-27	125.5
NCVOG0233-consensus	NODE_680_length_10207_cov_36.856071	37.16	479	234	67	251	664	3780	2375	1.6e-24	118.8
NCVOG0233-consensus	NODE_2131_length_5910_cov_47.746100	25.59	719	462	73	24	721	2943	946	2.5e-23	114.0
NCVOG0233-consensus	NODE_7733_length_2177_cov_65.233333	28.48	330	186	50	450	729	295	1281	5.2e-22	108.2
NCVOG0233-consensus	NODE_587_length_10711_cov_49.326782	25.42	775	390	188	145	735	8662	6365	4.1e-20	104.2
NCVOG0233-consensus	NODE_947_length_8821_cov_46.547919	25.26	772	391	186	145	735	8259	5970	1e-19	102.7
NCVOG0233-consensus	NODE_17502_length_588_cov_56.931507	36.63	172	99	10	45	206	586	74	1.3e-19	98.4
NCVOG0233-consensus	NODE_14983_length_780_cov_82.954481	36.87	179	103	10	38	206	565	32	5.7e-19	96.7
NCVOG0233-consensus	NODE_934_length_8873_cov_67.136994	24.26	812	418	197	145	764	1456	3859	1.7e-18	98.6
NCVOG0233-consensus	NODE_3044_length_4752_cov_44.610481	32.11	190	105	24	508	673	4572	4006	1.3e-15	88.1
NCVOG0233-consensus	NODE_2975_length_4824_cov_38.489994	32.11	190	105	24	508	673	64	630	1.3e-15	88.1
NCVOG0233-consensus	NODE_9153_length_1743_cov_53.957383	31.11	315	158	59	212	467	119	1060	9.6e-15	83.8
NCVOG0233-consensus	NODE_34585_length_242_cov_43.515152	45.00	80	44	0	563	642	1	237	2.3e-14	79.7
NCVOG0233-consensus	NODE_207_length_15282_cov_39.357317	27.22	676	340	152	124	658	8593	10570	7.6e-14	83.9
NCVOG0233-consensus	NODE_37878_length_218_cov_34.666667	50.00	68	34	0	604	671	13	213	1.2e-13	77.2
NCVOG0233-consensus	NODE_36567_length_227_cov_51.740000	49.33	75	37	1	588	661	227	6	1.2e-13	77.1
NCVOG0233-consensus	NODE_24634_length_373_cov_34.513514	38.18	110	67	1	595	703	368	42	2.8e-13	76.7
NCVOG0233-consensus	NODE_1066_length_8401_cov_44.020903	28.11	402	253	36	133	506	7109	8287	1.6e-12	78.6
NCVOG0233-consensus	NODE_10582_length_1406_cov_45.063205	33.50	206	99	38	195	364	77	683	1.9e-12	75.9
NCVOG0233-consensus	NODE_20087_length_491_cov_40.314010	35.90	156	76	24	508	639	19	483	2.1e-12	74.2
NCVOG0233-consensus	NODE_2963_length_4836_cov_38.588569	24.42	856	460	187	29	704	2563	30	5e-12	76.2
NCVOG0233-consensus	NODE_32585_length_260_cov_34.994536	41.67	84	49	0	627	710	4	252	2.9e-11	69.5
NCVOG0233-consensus	NODE_1277_length_7766_cov_30.200286	27.75	191	131	7	570	760	6916	6368	4.4e-11	73.8
NCVOG0233-consensus	NODE_13274_length_959_cov_42.920635	27.11	284	161	46	282	519	88	936	5.7e-11	70.4
NCVOG0233-consensus	NODE_54408_length_155_cov_35.807692	60.42	48	19	0	604	651	146	6	6.3e-11	67.6
NCVOG0013-consensus	NODE_6548_length_2616_cov_27.882631	32.29	223	143	8	122	342	2325	1678	6.2e-21	104.4
NCVOG0013-consensus	NODE_4488_length_3623_cov_50.722786	34.53	223	138	8	122	342	760	113	1.7e-19	100.0
NCVOG0013-consensus	NODE_4488_length_3623_cov_50.722786	33.04	224	138	12	122	341	1408	764	1.7e-19	100.0
NCVOG0013-consensus	NODE_4488_length_3623_cov_50.722786	31.70	224	142	11	122	341	2059	1412	4.1e-17	92.1
NCVOG0013-consensus	NODE_374_length_12603_cov_37.420964	32.90	231	143	12	116	342	7295	7960	2.8e-19	101.1
NCVOG0013-consensus	NODE_499_length_11374_cov_39.835355	28.67	300	197	17	48	342	3916	4776	1.2e-18	98.9
NCVOG0013-consensus	NODE_862_length_9151_cov_38.012012	31.84	245	155	12	122	362	8484	7777	1.1e-17	95.4
NCVOG0013-consensus	NODE_24_length_25101_cov_40.521419	38.96	154	92	2	122	273	678	220	1.4e-17	96.5
NCVOG0013-consensus	NODE_15000_length_779_cov_24.531339	30.67	225	144	12	122	342	710	63	1.5e-17	91.4
NCVOG0013-consensus	NODE_97_length_19213_cov_43.087166	26.73	303	206	16	64	358	14348	13467	4.7e-17	94.3
NCVOG0013-consensus	NODE_1848_length_6432_cov_44.599056	34.21	190	122	3	107	293	3955	3393	6e-17	92.4
NCVOG0013-consensus	NODE_3605_length_4244_cov_50.184065	26.03	315	216	17	48	357	920	15	6.9e-17	91.6
NCVOG0013-consensus	NODE_261_length_14291_cov_38.258900	32.42	219	136	12	122	336	2172	1543	7.5e-17	93.2
NCVOG0013-consensus	NODE_1705_length_6726_cov_48.205896	33.33	225	142	8	122	344	4776	5429	8.7e-16	88.6
NCVOG0013-consensus	NODE_1136_length_8203_cov_42.826975	33.33	225	142	8	122	344	2469	1816	8.8e-16	88.9
NCVOG0013-consensus	NODE_13746_length_901_cov_23.053398	30.29	241	160	8	122	360	148	849	8.9e-16	85.7
NCVOG0013-consensus	NODE_2317_length_5660_cov_54.847931	30.30	231	149	12	116	342	4363	5028	1.3e-15	87.8
NCVOG0013-consensus	NODE_1436_length_7352_cov_34.370584	26.33	300	204	17	48	342	1953	2813	2e-15	87.5
NCVOG0013-consensus	NODE_1436_length_7352_cov_34.370584	30.22	225	145	12	122	342	3030	3677	2e-15	87.5
NCVOG0013-consensus	NODE_613_length_10582_cov_42.243290	31.39	223	145	8	122	342	10459	9812	5.1e-15	86.7
NCVOG0013-consensus	NODE_3872_length_4033_cov_39.478766	33.72	172	107	7	107	273	2952	3454	6e-15	85.1
NCVOG0013-consensus	NODE_601_length_10622_cov_37.541015	32.00	250	154	16	109	350	3527	4245	6.1e-15	86.4
NCVOG0013-consensus	NODE_14952_length_783_cov_85.026912	32.32	164	109	2	122	283	66	550	1.2e-13	78.4
NCVOG0013-consensus	NODE_18827_length_534_cov_28.426696	33.14	169	111	2	122	288	26	529	1.4e-12	74.3
NCVOG0013-consensus	NODE_2191_length_5825_cov_31.757133	30.04	223	145	11	122	339	2053	2700	1.1e-11	74.8
NCVOG0013-consensus	NODE_3050_length_4745_cov_35.983505	31.39	223	145	8	122	342	3919	4566	2.8e-11	73.2
NCVOG0013-consensus	NODE_588_length_10708_cov_48.400903	31.39	223	140	13	122	341	4030	3395	5.1e-11	73.4
NCVOG0013-consensus	NODE_588_length_10708_cov_48.400903	29.63	189	130	3	122	307	3391	2828	1.7e-11	75.1
NCVOG0013-consensus	NODE_588_length_10708_cov_48.400903	29.46	241	162	8	104	342	2686	1985	5.1e-11	73.4
NCVOG0013-consensus	NODE_14088_length_867_cov_30.727848	31.56	225	142	12	122	342	187	834	8.2e-11	69.1
NCVOG0013-consensus	NODE_2004_length_6127_cov_40.705289	32.70	159	103	4	119	273	3213	3686	9.1e-11	71.8
NCVOG0297-consensus	NODE_3802_length_4094_cov_32.449838	30.22	321	206	18	231	537	2298	3243	6.5e-30	134.7
NCVOG0297-consensus	NODE_2968_length_4833_cov_25.945122	30.90	288	183	16	263	537	547	1398	1.1e-29	134.2
NCVOG0297-consensus	NODE_9102_length_1759_cov_49.520809	28.99	138	93	5	14	148	696	292	2.3e-12	75.2
NCVOG0297-consensus	NODE_7296_length_2323_cov_43.837489	39.58	96	54	4	394	487	1101	1379	7.3e-11	70.6
NCVOG0073-consensus	NODE_2369_length_5595_cov_32.187749	38.14	679	339	81	20	640	3405	1441	4.6e-119	432.1
NCVOG0073-consensus	NODE_44_length_23025_cov_51.733833	38.98	667	356	51	19	654	15980	14045	1.1e-99	369.8
NCVOG0073-consensus	NODE_92_length_19485_cov_43.301216	32.07	580	341	53	14	561	19308	17641	2e-61	242.4
NCVOG0073-consensus	NODE_92_length_19485_cov_43.301216	32.55	556	351	24	6	561	15602	14010	8.4e-62	243.7
NCVOG0073-consensus	NODE_92_length_19485_cov_43.301216	31.97	610	363	52	10	584	12362	10593	2e-61	242.4
NCVOG0073-consensus	NODE_92_length_19485_cov_43.301216	31.39	583	347	53	14	561	7374	5687	6.1e-57	227.5
NCVOG0073-consensus	NODE_6425_length_2669_cov_52.922840	33.09	692	377	86	33	668	2264	290	2.8e-61	239.1
NCVOG0073-consensus	NODE_5262_length_3186_cov_39.786427	33.51	573	330	51	19	561	2991	1341	1.2e-60	237.3
NCVOG0073-consensus	NODE_5026_length_3305_cov_44.929080	33.58	545	340	22	17	561	3048	1483	1.5e-47	193.8
NCVOG0073-consensus	NODE_10220_length_1490_cov_46.569002	34.40	436	259	27	136	561	1369	126	6.2e-47	190.6
NCVOG0073-consensus	NODE_2395_length_5559_cov_39.638818	31.15	581	345	55	14	561	104	1775	6.7e-45	185.8
NCVOG0073-consensus	NODE_11015_length_1322_cov_41.544578	31.15	459	263	53	38	461	2	1317	1.5e-44	182.6
NCVOG0073-consensus	NODE_1416_length_7400_cov_47.377714	31.51	584	335	65	14	560	5123	6787	9.7e-43	179.0
NCVOG0073-consensus	NODE_17047_length_611_cov_64.119850	38.16	207	124	4	226	432	1	606	1.7e-42	174.5
NCVOG0073-consensus	NODE_10419_length_1441_cov_32.796921	25.66	417	292	18	131	530	1362	118	3.1e-33	145.1
NCVOG0073-consensus	NODE_107_length_18815_cov_38.118156	33.33	228	145	7	415	640	22	687	5.4e-32	144.6
NCVOG0073-consensus	NODE_10650_length_1394_cov_23.384207	43.62	94	53	0	20	113	301	23	5.2e-18	94.4
NCVOG0073-consensus	NODE_18992_length_528_cov_35.951220	39.50	119	67	5	443	561	525	187	6.3e-18	92.7
NCVOG0073-consensus	NODE_1560_length_7045_cov_45.213117	45.89	231	115	10	20	250	665	6	1.2e-16	92.3
NCVOG0073-consensus	NODE_25347_length_359_cov_25.730496	35.29	119	73	4	467	585	359	18	1.9e-16	87.3
NCVOG0073-consensus	NODE_31333_length_272_cov_40.682051	48.19	83	43	0	415	497	22	267	2.5e-16	86.5
NCVOG0073-consensus	NODE_16742_length_632_cov_34.645045	32.12	137	86	7	19	155	406	20	5.3e-15	83.3
NCVOG0073-consensus	NODE_56369_length_155_cov_28.089744	70.00	50	15	0	154	203	152	6	2.4e-14	79.1
NCVOG0073-consensus	NODE_52081_length_155_cov_45.115385	77.78	45	10	0	161	205	16	147	2.4e-14	79.1
NCVOG0073-consensus	NODE_42753_length_186_cov_32.045872	53.12	64	27	3	187	250	2	181	2.5e-13	76.0
NCVOG0073-consensus	NODE_37844_length_218_cov_40.482270	47.06	68	36	0	19	86	206	6	3.5e-13	75.7
NCVOG0073-consensus	NODE_38309_length_215_cov_34.268116	51.47	68	26	7	183	249	212	30	5.8e-12	71.6
NCVOG0073-consensus	NODE_6946_length_2457_cov_69.823529	21.72	290	207	20	267	549	10	837	1.1e-11	74.3
NCVOG0073-consensus	NODE_55439_length_155_cov_31.871795	57.78	45	19	0	217	261	140	9	8e-11	67.4
NCVOG0898-consensus	NODE_2495_length_5424_cov_32.090331	18.20	610	481	18	96	697	3410	5206	6.3e-16	89.3
NCVOG1068-consensus	NODE_1334_length_7642_cov_36.941044	48.47	163	59	25	102	239	6054	5573	2.5e-24	115.9
NCVOG1068-consensus	NODE_2190_length_5826_cov_33.322143	46.71	167	60	29	102	239	867	1364	4.9e-24	114.5
NCVOG2643-consensus	NODE_16282_length_666_cov_88.008489	28.73	181	116	13	83	262	666	163	5.9e-11	68.1
NCVOG4523-consensus	NODE_549_length_10963_cov_39.535183	32.38	525	289	66	338	852	8678	10069	1.4e-27	129.4
NCVOG4523-consensus	NODE_179_length_16303_cov_39.404906	32.63	521	286	65	338	847	7146	5761	1e-26	127.1
NCVOG4523-consensus	NODE_7563_length_2216_cov_39.338605	41.31	213	115	10	598	808	1430	2035	5.7e-20	101.8
NCVOG4523-consensus	NODE_9465_length_1666_cov_37.085588	39.46	223	123	12	551	770	1029	1661	1.9e-17	93.0
NCVOG1353-consensus	NODE_1036_length_8510_cov_37.102573	56.51	830	274	87	36	780	7248	4776	1.8e-68	264.5
NCVOG1353-consensus	NODE_23_length_25472_cov_40.473518	56.03	846	288	84	22	785	21303	18779	1.1e-67	263.4
NCVOG4445-consensus	NODE_16578_length_644_cov_23.024691	32.86	213	126	17	188	383	641	6	3e-11	69.6
NCVOG4445-consensus	NODE_5541_length_3060_cov_41.686557	28.75	313	196	27	96	385	168	1091	4.4e-11	71.3
NCVOG4445-consensus	NODE_1351_length_7582_cov_47.800400	28.93	318	192	34	93	383	5049	5978	6.1e-11	72.1
NCVOG4445-consensus	NODE_4914_length_3360_cov_26.390682	35.53	152	92	6	214	360	3022	2573	6.2e-11	70.9
NCVOG4045-consensus	NODE_634_length_10441_cov_31.644925	28.83	111	74	5	231	338	6199	5876	3.5e-11	73.3
NCVOG0243-consensus	NODE_18121_length_560_cov_25.679089	31.97	122	79	4	272	390	560	201	4.4e-14	78.8
NCVOG0243-consensus	NODE_15309_length_749_cov_26.632440	32.80	250	136	32	69	296	722	6	1e-12	74.7
NCVOG0243-consensus	NODE_7194_length_2360_cov_30.028909	31.97	122	79	4	272	390	2360	2001	1.5e-12	75.8
NCVOG0055-consensus	NODE_814_length_9347_cov_36.596980	30.86	324	179	45	102	392	2347	1421	3.1e-15	86.8
NCVOG0055-consensus	NODE_10464_length_1431_cov_29.241507	32.77	235	143	15	166	392	480	1154	4.1e-15	83.7
NCVOG0055-consensus	NODE_9676_length_1613_cov_21.005208	30.54	370	202	55	48	370	1148	80	3.3e-12	74.2
NCVOG4105-consensus	NODE_2490_length_5430_cov_39.590884	37.28	1089	529	154	14	971	1433	4611	3e-35	153.9
NCVOG4105-consensus	NODE_2484_length_5436_cov_42.759470	37.60	1085	528	149	14	977	1417	4570	3e-35	153.9
NCVOG1045-consensus	NODE_20379_length_482_cov_76.367901	41.32	121	59	12	129	238	465	109	3.8e-17	89.3
NCVOG0305-consensus	NODE_9176_length_1739_cov_66.448255	35.29	221	135	8	1311	1527	980	333	3.5e-14	82.7
NCVOG0305-consensus	NODE_8866_length_1826_cov_35.202973	25.95	582	393	38	1005	1557	1782	83	1.3e-12	77.6
NCVOG0305-consensus	NODE_9936_length_1553_cov_51.971545	32.60	273	162	22	782	1045	1072	296	3.9e-12	75.8
NCVOG0305-consensus	NODE_7048_length_2416_cov_30.887986	25.90	502	333	39	1033	1513	945	2387	7.4e-12	75.5
NCVOG0248-consensus	NODE_468_length_11725_cov_36.793870	43.75	160	72	18	338	490	6028	6471	3.1e-15	87.4
NCVOG4804-consensus	NODE_27822_length_317_cov_32.558333	67.37	95	31	0	86	180	1	282	2.7e-23	107.6
NCVOG4804-consensus	NODE_3555_length_4285_cov_41.692253	60.00	115	46	0	66	180	1628	1287	1e-22	109.5
NCVOG0844-consensus	NODE_497_length_11386_cov_38.903086	27.53	247	157	22	2	238	2189	1488	4.2e-20	102.6
NCVOG0844-consensus	NODE_692_length_10105_cov_38.153670	26.94	245	157	22	4	238	6869	6174	1.9e-19	100.3
NCVOG4883-consensus	NODE_3004_length_4798_cov_27.462402	32.86	426	252	34	40	460	1479	2666	1.4e-34	150.3
NCVOG0360-consensus	NODE_59_length_21952_cov_39.349943	39.71	345	156	52	24	318	11798	10779	1e-37	162.3
NCVOG0360-consensus	NODE_2200_length_5803_cov_40.722843	38.84	345	159	52	24	318	4098	5119	6.5e-37	157.7
NCVOG0979-consensus	NODE_527_length_11130_cov_39.751561	46.20	329	135	42	31	317	7186	8167	3e-60	236.4
NCVOG0979-consensus	NODE_321_length_13364_cov_35.529766	46.06	330	135	43	31	317	7686	6706	3.9e-59	232.9
NCVOG0699-consensus	NODE_1414_length_7405_cov_41.593946	24.77	323	214	29	167	460	4082	5047	5.3e-11	72.6
NCVOG2734-consensus	NODE_758_length_9675_cov_37.254324	24.32	329	233	16	43	367	6166	7113	5e-19	100.2
NCVOG2734-consensus	NODE_211_length_15234_cov_38.622485	25.76	330	226	19	28	347	8125	7166	3.3e-17	94.8
NCVOG2734-consensus	NODE_9638_length_1621_cov_65.208549	26.52	230	159	10	43	269	1236	571	1e-16	90.0
NCVOG2734-consensus	NODE_16262_length_668_cov_17.313029	25.96	208	145	9	70	275	12	611	5.4e-16	86.3
NCVOG2734-consensus	NODE_5541_length_3060_cov_41.686557	24.15	236	169	10	43	275	606	1289	5.9e-16	88.3
NCVOG2734-consensus	NODE_10801_length_1367_cov_52.182171	26.12	245	164	17	65	299	163	873	6.4e-16	87.1
NCVOG2734-consensus	NODE_137_length_17507_cov_39.708835	28.27	237	161	9	32	265	15921	16606	9e-16	90.3
NCVOG2734-consensus	NODE_831_length_9288_cov_32.066117	22.86	315	224	19	31	335	7968	7054	1.6e-15	88.5
NCVOG2734-consensus	NODE_11830_length_1166_cov_32.516988	23.53	238	172	10	31	265	695	6	3.4e-15	84.4
NCVOG2734-consensus	NODE_12613_length_1041_cov_50.349585	23.86	285	202	15	30	311	40	855	7.5e-15	83.1
NCVOG2734-consensus	NODE_941_length_8858_cov_66.207607	27.21	272	176	22	41	310	6260	7012	8.2e-15	86.1
NCVOG2734-consensus	NODE_18067_length_562_cov_30.781443	31.54	149	100	2	123	269	12	455	1.1e-14	81.7
NCVOG2734-consensus	NODE_10868_length_1350_cov_37.879026	26.09	230	159	11	43	268	1345	680	1.7e-14	82.3
NCVOG2734-consensus	NODE_111_length_18718_cov_36.458184	22.83	311	222	18	3	310	9888	10772	3.2e-14	85.2
NCVOG2734-consensus	NODE_111_length_18718_cov_36.458184	23.75	299	211	17	58	347	8262	9131	3.9e-14	84.9
NCVOG2734-consensus	NODE_3845_length_4064_cov_82.318284	26.44	208	143	10	65	269	908	309	3.6e-14	82.8
NCVOG2734-consensus	NODE_578_length_10775_cov_41.510002	25.00	248	176	10	31	275	9904	10623	4.3e-14	84.0
NCVOG2734-consensus	NODE_251_length_14419_cov_58.625017	26.29	213	146	11	65	273	1492	878	6.8e-14	83.7
NCVOG2734-consensus	NODE_2663_length_5217_cov_39.569066	25.33	225	160	8	52	274	804	151	9.5e-14	81.8
NCVOG2734-consensus	NODE_1388_length_7503_cov_42.165904	23.19	263	186	16	17	268	2702	1932	1.4e-13	81.8
NCVOG2734-consensus	NODE_552_length_10945_cov_38.982057	23.25	271	193	15	43	310	8104	7331	2.5e-13	81.4
NCVOG2734-consensus	NODE_1682_length_6782_cov_41.480388	23.91	322	224	21	31	341	5718	6650	2.6e-13	80.7
NCVOG2734-consensus	NODE_7035_length_2420_cov_35.845497	24.92	325	224	20	37	356	2220	1294	2.9e-13	79.1
NCVOG2734-consensus	NODE_582_length_10737_cov_44.274578	24.39	246	178	8	31	274	3533	2817	2.9e-13	81.2
NCVOG2734-consensus	NODE_1167_length_8130_cov_35.956414	26.22	225	158	8	52	274	672	19	3.4e-13	80.6
NCVOG2734-consensus	NODE_8551_length_1913_cov_42.556645	25.53	235	165	10	44	275	1103	1783	5.2e-13	77.9
NCVOG2734-consensus	NODE_102_length_18984_cov_41.878087	24.56	228	164	8	43	268	13185	13847	5.9e-13	81.0
NCVOG2734-consensus	NODE_3703_length_4167_cov_37.900978	22.58	248	182	10	30	274	1448	2167	6.8e-13	78.6
NCVOG2734-consensus	NODE_70_length_21093_cov_86.530596	24.69	239	172	8	32	268	1542	847	8.5e-13	80.6
NCVOG2734-consensus	NODE_824_length_9313_cov_38.232027	22.56	399	272	37	64	446	7372	8498	9.1e-13	79.4
NCVOG2734-consensus	NODE_1279_length_7764_cov_42.119032	24.92	313	218	17	44	347	2904	1993	1e-12	78.9
NCVOG2734-consensus	NODE_833_length_9285_cov_42.664314	25.33	229	161	10	43	268	2954	2292	1.6e-12	78.5
NCVOG2734-consensus	NODE_805_length_9395_cov_41.993024	21.72	373	266	26	31	394	5735	6797	1.6e-12	78.5
NCVOG2734-consensus	NODE_585_length_10717_cov_42.451786	23.08	260	192	8	28	285	6802	7560	1.7e-12	78.7
NCVOG2734-consensus	NODE_1913_length_6294_cov_51.661251	25.81	217	151	10	55	268	4034	3408	1.9e-12	77.7
NCVOG2734-consensus	NODE_39_length_23339_cov_38.820394	21.30	277	205	13	40	314	14655	15449	2.6e-12	79.2
NCVOG2734-consensus	NODE_2932_length_4870_cov_85.338827	24.23	227	164	8	45	269	2094	2753	2.7e-12	76.8
NCVOG2734-consensus	NODE_648_length_10378_cov_45.443937	25.48	259	174	19	55	311	2678	1956	2.8e-12	77.9
NCVOG2734-consensus	NODE_661_length_10299_cov_47.125905	24.66	223	160	8	55	275	3728	3081	3.4e-12	77.6
NCVOG2734-consensus	NODE_9642_length_1620_cov_49.123785	27.78	198	136	7	116	311	31	606	4.1e-12	74.7
NCVOG2734-consensus	NODE_5533_length_3063_cov_30.811119	23.99	321	225	19	32	341	1431	2366	4.2e-12	75.5
NCVOG2734-consensus	NODE_193_length_15624_cov_38.723033	24.89	229	164	8	43	269	6131	5466	5.4e-12	77.5
NCVOG2734-consensus	NODE_1160_length_8151_cov_35.030220	27.17	254	169	16	25	274	7326	8048	6.2e-12	76.4
NCVOG2734-consensus	NODE_167_length_16736_cov_59.754367	24.24	297	210	15	42	336	11280	10432	7.3e-12	77.2
NCVOG2734-consensus	NODE_16578_length_644_cov_23.024691	24.52	208	147	10	65	269	617	18	8e-12	72.4
NCVOG2734-consensus	NODE_2524_length_5378_cov_39.692177	23.91	297	207	19	50	336	4027	3167	8.4e-12	75.3
NCVOG2734-consensus	NODE_1559_length_7047_cov_46.866141	24.76	210	142	16	66	269	2172	2768	8.8e-12	75.7
NCVOG2734-consensus	NODE_548_length_10965_cov_37.144012	23.44	256	186	10	16	268	4130	3387	9.8e-12	76.2
NCVOG2734-consensus	NODE_693_length_10096_cov_45.159297	22.36	313	225	18	27	336	2608	1718	1e-11	75.9
NCVOG2734-consensus	NODE_2087_length_5998_cov_40.091539	25.35	288	202	13	52	336	1857	1027	1.2e-11	75.0
NCVOG2734-consensus	NODE_4247_length_3777_cov_40.339459	23.99	296	193	32	44	307	1791	907	1.3e-11	74.2
NCVOG2734-consensus	NODE_17862_length_572_cov_34.096970	25.53	188	132	8	65	250	549	7	1.7e-11	71.1
NCVOG2734-consensus	NODE_2003_length_6128_cov_56.229053	24.24	264	185	15	3	258	1751	984	1.8e-11	74.4
NCVOG2734-consensus	NODE_7639_length_2206_cov_33.089713	22.48	298	215	16	19	307	1060	1929	2.1e-11	72.7
NCVOG2734-consensus	NODE_2307_length_5667_cov_44.531664	25.00	236	167	10	44	275	4667	3981	2.9e-11	73.6
NCVOG2734-consensus	NODE_4596_length_3558_cov_37.505602	23.72	333	230	24	27	347	2951	1992	3.7e-11	72.6
NCVOG2734-consensus	NODE_516_length_11273_cov_48.676492	25.24	206	146	8	55	258	9863	10459	5.8e-11	73.6
NCVOG2734-consensus	NODE_5005_length_3316_cov_41.134918	22.82	333	234	23	16	336	1153	2115	5.9e-11	71.8
NCVOG2734-consensus	NODE_2303_length_5671_cov_43.535753	26.73	217	149	10	55	268	1198	572	6.3e-11	72.5
NCVOG2734-consensus	NODE_2539_length_5363_cov_46.358872	25.21	234	154	21	44	268	1392	730	7e-11	72.3
NCVOG2734-consensus	NODE_2169_length_5848_cov_45.357477	24.53	212	152	8	65	274	1305	1919	8e-11	72.2
NCVOG2734-consensus	NODE_1196_length_8051_cov_71.385001	25.96	208	141	13	65	269	4472	3886	9e-11	72.5
NCVOG0274-consensus	NODE_8678_length_1877_cov_55.717778	43.91	640	287	72	229	809	1877	6	4.4e-51	205.3
NCVOG0274-consensus	NODE_8078_length_2055_cov_51.591001	35.53	501	288	35	908	1375	22	1507	3.5e-42	175.9
NCVOG0274-consensus	NODE_1099_length_8294_cov_43.927833	32.34	1416	683	275	201	1364	5563	1424	1e-38	166.4
NCVOG0274-consensus	NODE_30041_length_287_cov_34.104762	59.57	94	38	0	716	809	284	6	1.4e-28	127.8
NCVOG0274-consensus	NODE_17391_length_593_cov_67.120155	43.84	146	67	15	785	930	1	390	8e-25	116.4
NCVOG0274-consensus	NODE_72_length_20502_cov_41.996573	45.83	120	44	21	16	114	379	27	5.4e-19	102.2
NCVOG0274-consensus	NODE_27246_length_326_cov_30.116466	77.78	54	12	0	971	1024	157	315	1.3e-18	94.9
NCVOG0274-consensus	NODE_1055_length_8431_cov_42.616351	31.04	1076	509	233	197	1046	3375	178	1.8e-18	99.2
NCVOG0274-consensus	NODE_23869_length_388_cov_48.459807	51.56	128	46	16	430	541	1	377	8.2e-18	92.5
NCVOG0274-consensus	NODE_22322_length_426_cov_31.000000	42.59	108	54	8	752	859	401	105	1.6e-16	88.3
NCVOG0274-consensus	NODE_17704_length_579_cov_42.442231	34.36	195	90	38	97	255	579	6	5.7e-13	77.0
NCVOG0274-consensus	NODE_51729_length_155_cov_46.769231	73.17	41	11	0	307	347	31	150	1e-11	70.9
NCVOG0274-consensus	NODE_47843_length_159_cov_35.719512	57.78	45	19	0	70	114	2	133	1.6e-11	70.3
NCVOG0074-consensus	NODE_2369_length_5595_cov_32.187749	64.79	605	194	19	25	610	3249	1438	2.3e-197	691.7
NCVOG0074-consensus	NODE_44_length_23025_cov_51.733833	57.59	646	245	29	6	623	15977	14048	5.3e-145	519.8
NCVOG0074-consensus	NODE_5026_length_3305_cov_44.929080	44.58	590	322	5	1	590	3054	1303	1.5e-129	465.6
NCVOG0074-consensus	NODE_92_length_19485_cov_43.301216	42.69	595	335	6	2	596	15575	13812	1.1e-125	455.4
NCVOG0074-consensus	NODE_92_length_19485_cov_43.301216	41.82	672	340	51	2	633	7368	5399	4.9e-93	346.9
NCVOG0074-consensus	NODE_92_length_19485_cov_43.301216	41.69	650	338	41	2	621	19302	17389	1.6e-92	345.2
NCVOG0074-consensus	NODE_92_length_19485_cov_43.301216	43.84	584	289	39	6	552	12335	10597	5.5e-92	343.4
NCVOG0074-consensus	NODE_10220_length_1490_cov_46.569002	44.42	475	226	38	100	542	1487	90	9.8e-95	348.8
NCVOG0074-consensus	NODE_5262_length_3186_cov_39.786427	44.48	571	283	34	2	542	3000	1305	9.1e-92	340.1
NCVOG0074-consensus	NODE_2395_length_5559_cov_39.638818	40.89	604	317	40	6	575	122	1910	4.9e-91	338.4
NCVOG0074-consensus	NODE_1416_length_7400_cov_47.377714	41.21	643	334	44	4	613	5135	7027	1.6e-87	327.2
NCVOG0074-consensus	NODE_1560_length_7045_cov_45.213117	74.32	222	57	0	5	226	668	6	8.9e-87	324.6
NCVOG0074-consensus	NODE_6425_length_2669_cov_52.922840	44.12	646	292	69	27	616	2240	353	1.6e-83	312.5
NCVOG0074-consensus	NODE_17047_length_611_cov_64.119850	71.43	203	58	0	202	404	1	606	7.6e-76	284.8
NCVOG0074-consensus	NODE_11015_length_1322_cov_41.544578	44.12	442	214	33	24	433	2	1317	4.4e-70	266.8
NCVOG0074-consensus	NODE_107_length_18815_cov_38.118156	48.84	258	130	2	380	637	1	765	9.7e-55	219.6
NCVOG0074-consensus	NODE_10419_length_1441_cov_32.796921	32.73	443	265	33	100	510	1413	91	1.5e-43	178.7
NCVOG0074-consensus	NODE_10650_length_1394_cov_23.384207	75.00	100	25	0	5	104	304	8	1.1e-36	155.9
NCVOG0074-consensus	NODE_16742_length_632_cov_34.645045	46.04	139	75	0	1	139	418	5	9.4e-30	131.7
NCVOG0074-consensus	NODE_25347_length_359_cov_25.730496	47.46	118	61	1	439	556	359	12	3.2e-24	112.5
NCVOG0074-consensus	NODE_6946_length_2457_cov_69.823529	27.86	280	191	11	241	514	4	825	3.4e-24	115.2
NCVOG0074-consensus	NODE_18992_length_528_cov_35.951220	41.13	141	81	2	415	555	525	112	8.8e-24	111.6
NCVOG0074-consensus	NODE_31333_length_272_cov_40.682051	60.00	90	36	0	380	469	1	267	7.5e-23	107.6
NCVOG0074-consensus	NODE_37844_length_218_cov_40.482270	76.12	67	16	0	6	72	203	6	7.9e-23	107.2
NCVOG0074-consensus	NODE_24981_length_366_cov_43.387543	47.50	120	61	2	190	307	11	361	1.3e-21	103.8
NCVOG0074-consensus	NODE_42753_length_186_cov_32.045872	78.69	61	13	0	166	226	2	181	3.8e-20	98.1
NCVOG0074-consensus	NODE_35341_length_236_cov_33.490566	58.97	78	32	0	62	139	1	231	1.2e-19	96.7
NCVOG0074-consensus	NODE_38309_length_215_cov_34.268116	69.23	65	18	2	161	225	215	30	2.4e-17	89.0
NCVOG0074-consensus	NODE_56369_length_155_cov_28.089744	86.00	50	7	0	133	182	152	6	3.8e-17	87.8
NCVOG0074-consensus	NODE_55439_length_155_cov_31.871795	76.00	50	12	0	189	238	152	6	5.2e-16	84.1
NCVOG0074-consensus	NODE_34716_length_241_cov_40.603659	50.67	75	37	0	22	96	6	227	5.8e-16	84.5
NCVOG0074-consensus	NODE_43378_length_182_cov_38.609524	66.10	59	20	0	352	410	2	175	8.2e-16	83.6
NCVOG0074-consensus	NODE_52081_length_155_cov_45.115385	88.64	44	5	0	142	185	22	150	1.7e-15	82.3
NCVOG0074-consensus	NODE_44426_length_176_cov_40.535354	66.07	56	19	0	470	525	1	165	8.6e-15	80.2
NCVOG0074-consensus	NODE_6256_length_2741_cov_37.855856	25.69	327	163	80	103	353	2648	1687	5.2e-14	81.6
NCVOG0074-consensus	NODE_37998_length_217_cov_41.371429	62.71	59	21	1	137	195	176	6	5.4e-13	74.5
NCVOG0074-consensus	NODE_53006_length_155_cov_41.064103	70.59	51	15	0	301	351	1	150	2.9e-12	71.6
NCVOG0074-consensus	NODE_5229_length_3200_cov_50.220301	33.20	244	112	51	39	232	2478	3195	5.4e-12	75.1
NCVOG1299-consensus	NODE_6477_length_2645_cov_50.801012	58.73	63	26	0	62	124	2116	1931	1.8e-16	87.6
NCVOG1299-consensus	NODE_55157_length_155_cov_33.038462	60.00	50	20	0	66	115	152	6	1.3e-13	74.0
NCVOG1196-consensus	NODE_5652_length_3013_cov_31.047684	18.52	772	580	49	304	1050	430	2656	1.8e-19	100.6
NCVOG1196-consensus	NODE_2495_length_5424_cov_32.090331	20.66	663	468	58	236	885	3549	5383	7.9e-16	89.4
NCVOG1196-consensus	NODE_9344_length_1694_cov_39.714286	25.28	447	290	44	98	517	1351	75	4.1e-11	72.0
NCVOG0064-consensus	NODE_2947_length_4851_cov_33.548806	26.51	332	212	32	23	334	2708	3664	6e-15	85.1
NCVOG0244-consensus	NODE_10801_length_1367_cov_52.182171	27.23	426	270	40	5	395	100	1359	2.7e-17	91.3
NCVOG0244-consensus	NODE_10868_length_1350_cov_37.879026	26.38	326	217	23	78	398	1225	305	1e-11	72.8
NCVOG0034-consensus	NODE_4356_length_3703_cov_27.448428	30.26	271	165	24	160	427	2982	2236	3.9e-16	88.5
NCVOG0034-consensus	NODE_3023_length_4775_cov_152.289911	32.34	167	101	12	262	427	3183	2719	1.6e-11	73.6
NCVOG0304-consensus	NODE_9176_length_1739_cov_66.448255	31.79	195	122	11	11	201	1112	552	6.1e-11	70.3
NCVOG0276-consensus	NODE_7297_length_2323_cov_33.877560	64.62	195	63	6	169	357	2231	1650	1.1e-82	308.6
NCVOG0276-consensus	NODE_1110_length_8263_cov_36.037381	54.01	387	110	68	36	357	3307	4451	1.6e-81	306.6
NCVOG0276-consensus	NODE_18571_length_543_cov_29.083691	59.23	130	28	25	64	168	1	383	7e-30	131.1
NCVOG2610-consensus	NODE_5377_length_3134_cov_23.516192	28.99	238	158	11	127	360	2116	2805	2.1e-14	82.3
NCVOG4966-consensus	NODE_1710_length_6718_cov_26.755609	29.77	383	230	39	123	481	1880	780	7.6e-13	78.6
NCVOG0030-consensus	NODE_9075_length_1767_cov_41.013609	34.85	462	224	77	67	472	1352	33	4.8e-38	161.0
NCVOG0030-consensus	NODE_31107_length_275_cov_27.126263	58.90	73	30	0	335	407	230	15	2e-21	103.1
NCVOG0030-consensus	NODE_5247_length_3191_cov_36.274566	27.29	480	305	44	26	479	1416	58	3e-20	102.8
NCVOG0030-consensus	NODE_5375_length_3135_cov_21.308044	34.50	171	103	9	335	496	87	592	5.5e-17	91.9
NCVOG0030-consensus	NODE_24577_length_374_cov_34.208754	39.81	103	51	11	111	213	374	102	8.3e-17	88.2
NCVOG0030-consensus	NODE_2143_length_5890_cov_42.205882	28.60	444	257	60	26	435	2110	3344	1.4e-15	88.1
NCVOG0030-consensus	NODE_19009_length_527_cov_81.324444	28.32	173	112	12	256	426	34	519	1.2e-11	71.5
NCVOG0020-consensus	NODE_9379_length_1686_cov_46.073337	49.84	305	149	4	30	331	1568	660	4e-99	362.7
NCVOG0020-consensus	NODE_333_length_13207_cov_37.028104	52.16	301	140	4	34	331	2705	1809	6.9e-99	364.8
NCVOG0020-consensus	NODE_177_length_16321_cov_38.176054	52.16	301	140	4	34	331	13529	14425	1.6e-98	364.0
NCVOG0020-consensus	NODE_16157_length_675_cov_41.931438	46.15	182	94	4	30	208	116	655	7.4e-53	207.6
NCVOG0020-consensus	NODE_43858_length_179_cov_47.686275	50.88	57	28	0	256	312	173	6	9.7e-13	72.4
NCVOG4494-consensus	NODE_4937_length_3351_cov_22.540929	39.34	122	73	1	78	199	1896	1537	2.9e-17	92.4
NCVOG4494-consensus	NODE_14465_length_833_cov_17.235450	39.34	122	73	1	78	199	656	297	3e-16	87.0
NCVOG0757-consensus	NODE_469_length_11722_cov_36.328811	41.86	86	43	7	67	145	7148	6894	7.8e-11	71.0
NCVOG0267-consensus	NODE_636_length_10434_cov_29.451868	29.77	393	232	44	343	718	5271	6365	1.1e-23	116.5
NCVOG0267-consensus	NODE_1788_length_6568_cov_34.275458	31.33	399	236	38	328	718	1847	744	2.6e-23	114.6
NCVOG0267-consensus	NODE_425_length_12095_cov_30.357547	31.33	399	236	38	328	718	2298	1195	4.7e-23	114.6
NCVOG0267-consensus	NODE_3211_length_4585_cov_44.321429	26.32	475	286	64	357	793	2621	1282	3.8e-11	73.6
NCVOG4357-consensus	NODE_324_length_13318_cov_31.691564	30.81	516	247	110	22	433	7883	6357	2.2e-38	164.4
NCVOG0046-consensus	NODE_2152_length_5878_cov_32.410274	46.99	83	42	2	7	88	4680	4922	5.4e-16	88.2
NCVOG0046-consensus	NODE_7343_length_2305_cov_21.749102	43.90	82	43	3	15	95	2200	1964	2.4e-14	81.4
NCVOG0046-consensus	NODE_6018_length_2844_cov_35.514637	35.42	96	58	4	5	96	1419	1703	1.5e-12	75.7
NCVOG0046-consensus	NODE_4613_length_3548_cov_30.116969	35.42	96	58	4	5	96	2542	2258	2.2e-12	75.5
NCVOG0046-consensus	NODE_952_length_8810_cov_39.620978	59.02	61	24	1	6	65	1066	887	9.5e-12	74.7
NCVOG0046-consensus	NODE_281_length_14037_cov_36.308309	61.02	59	22	1	6	63	3172	2999	2e-11	74.3
NCVOG0046-consensus	NODE_4489_length_3623_cov_43.683869	29.91	214	131	19	1	203	2628	3230	5.2e-11	71.0
NCVOG1337-consensus	NODE_8134_length_2040_cov_35.116149	31.76	148	86	15	106	244	1917	1495	1.1e-12	75.4
NCVOG0037-consensus	NODE_6173_length_2773_cov_55.909125	43.13	902	336	177	62	787	2732	55	1.3e-32	144.1
NCVOG0037-consensus	NODE_24567_length_374_cov_42.824916	62.83	113	42	0	391	503	372	37	1e-29	131.6
NCVOG0017-consensus	NODE_5459_length_3097_cov_46.356623	30.99	284	115	81	49	251	2204	1372	4.7e-14	81.0
NCVOG0007-consensus	NODE_5615_length_3028_cov_36.637750	34.21	380	200	50	19	348	1106	2242	1.5e-56	222.2
NCVOG0007-consensus	NODE_896_length_9022_cov_48.352040	34.21	380	200	50	19	348	3282	4418	1.7e-55	220.3
NCVOG1115-consensus	NODE_13068_length_985_cov_26.403084	53.10	113	51	2	305	415	942	607	1.8e-24	114.2
NCVOG0015-consensus	NODE_4488_length_3623_cov_50.722786	35.14	185	109	11	96	269	874	323	3e-19	99.0
NCVOG0015-consensus	NODE_4488_length_3623_cov_50.722786	34.20	193	115	12	89	269	1542	971	1.8e-16	89.7
NCVOG0015-consensus	NODE_601_length_10622_cov_37.541015	34.90	192	114	11	89	269	3764	4336	5e-19	99.8
NCVOG0015-consensus	NODE_601_length_10622_cov_37.541015	31.58	171	103	14	107	263	4511	5016	6.3e-12	76.2
NCVOG0015-consensus	NODE_3605_length_4244_cov_50.184065	37.16	183	104	11	96	267	605	60	1.1e-18	97.3
NCVOG0015-consensus	NODE_97_length_19213_cov_43.087166	32.67	251	154	15	96	333	14060	13317	1.9e-18	98.7
NCVOG0015-consensus	NODE_862_length_9151_cov_38.012012	32.38	210	131	11	96	294	8814	8188	2.8e-18	97.1
NCVOG0015-consensus	NODE_24_length_25101_cov_40.521419	36.22	185	107	11	96	269	792	241	7.6e-18	97.1
NCVOG0015-consensus	NODE_499_length_11374_cov_39.835355	29.12	261	168	17	73	316	4163	4938	8.9e-18	95.7
NCVOG0015-consensus	NODE_499_length_11374_cov_39.835355	30.21	192	122	12	90	269	3350	3918	1.8e-12	78.1
NCVOG0015-consensus	NODE_6548_length_2616_cov_27.882631	36.76	185	106	11	96	269	2115	1564	9.3e-18	93.5
NCVOG0015-consensus	NODE_3050_length_4745_cov_35.983505	33.49	212	127	14	72	269	3944	4572	9.6e-18	94.3
NCVOG0015-consensus	NODE_1848_length_6432_cov_44.599056	38.36	159	91	7	96	247	3809	3336	1.3e-17	94.3
NCVOG0015-consensus	NODE_9486_length_1661_cov_33.530303	35.78	204	118	13	79	269	1343	743	2.2e-17	91.6
NCVOG0015-consensus	NODE_9486_length_1661_cov_33.530303	35.86	198	114	13	79	263	587	5	1e-17	92.7
NCVOG0015-consensus	NODE_14088_length_867_cov_30.727848	31.89	185	115	11	96	269	73	624	5e-17	89.5
NCVOG0015-consensus	NODE_1705_length_6726_cov_48.205896	34.69	196	117	11	90	274	4644	5228	1.9e-16	90.5
NCVOG0015-consensus	NODE_613_length_10582_cov_42.243290	33.33	195	118	12	87	269	10383	9806	1.1e-15	88.7
NCVOG0015-consensus	NODE_15000_length_779_cov_24.531339	32.29	192	118	12	90	269	625	57	1.9e-15	84.1
NCVOG0015-consensus	NODE_261_length_14291_cov_38.258900	34.43	183	109	11	96	267	1854	1309	2.6e-15	87.8
NCVOG0015-consensus	NODE_261_length_14291_cov_38.258900	31.28	179	112	11	96	263	2394	1861	1.4e-14	85.4
NCVOG0015-consensus	NODE_16457_length_653_cov_30.217014	32.97	185	113	11	96	269	73	624	2.8e-15	83.3
NCVOG0015-consensus	NODE_2317_length_5660_cov_54.847931	31.86	204	127	12	78	269	4538	5142	3.9e-15	85.9
NCVOG0015-consensus	NODE_1436_length_7352_cov_34.370584	34.11	214	128	13	69	269	3053	3683	1.9e-14	84.0
NCVOG0015-consensus	NODE_13746_length_901_cov_23.053398	30.14	209	134	12	73	269	182	801	2.1e-14	80.8
NCVOG0015-consensus	NODE_588_length_10708_cov_48.400903	32.90	155	98	6	99	247	2089	1628	4.6e-13	80.0
NCVOG0015-consensus	NODE_1390_length_7486_cov_38.513295	33.96	159	98	7	96	247	2166	2639	5.6e-13	79.2
NCVOG0015-consensus	NODE_3872_length_4033_cov_39.478766	34.38	160	98	7	96	248	2990	3466	1.4e-12	77.0
NCVOG0015-consensus	NODE_18827_length_534_cov_28.426696	33.96	159	98	7	96	247	20	493	7.3e-12	71.6
NCVOG0005-consensus	NODE_16714_length_634_cov_26.145422	29.50	139	86	12	104	235	122	520	2.5e-13	76.7
NCVOG0005-consensus	NODE_6330_length_2711_cov_35.203493	26.16	172	107	20	120	274	1012	1515	4.3e-13	78.0
NCVOG0005-consensus	NODE_5784_length_2945_cov_34.569038	35.71	126	68	13	44	156	19	393	6.8e-13	77.5
NCVOG0005-consensus	NODE_2991_length_4810_cov_28.549546	23.81	294	165	59	37	274	4395	3526	1.9e-11	73.4
NCVOG0486-consensus	NODE_3359_length_4448_cov_25.361016	33.53	331	195	25	63	376	3274	4239	6.2e-47	190.9
NCVOG0486-consensus	NODE_15732_length_713_cov_25.658805	32.10	243	143	22	118	345	4	708	2.9e-30	132.9
NCVOG0744-consensus	NODE_3481_length_4343_cov_47.792126	25.45	495	267	102	125	519	2841	1368	1.2e-34	150.5
NCVOG0744-consensus	NODE_40880_length_197_cov_64.550000	37.50	64	40	0	275	338	4	192	8e-11	66.9
NCVOG0836-consensus	NODE_320_length_13382_cov_36.099587	27.23	705	347	166	20	562	3416	5503	1.7e-15	88.8
NCVOG0836-consensus	NODE_19_length_27325_cov_36.584263	26.67	705	350	167	20	562	14164	12076	6.3e-15	87.9
NCVOG0284-consensus	NODE_4593_length_3559_cov_33.322229	39.13	138	67	17	182	309	1086	1475	1.1e-13	79.9
NCVOG0284-consensus	NODE_1823_length_6481_cov_24.224703	36.96	138	70	17	182	309	3973	3584	2.9e-12	76.0
NCVOG0816-consensus	NODE_4385_length_3677_cov_28.405278	32.00	100	67	1	39	138	793	500	1e-11	72.1
NCVOG0806-consensus	NODE_316_length_13416_cov_43.052328	49.20	376	172	19	85	441	685	1805	2.1e-95	353.7
NCVOG0806-consensus	NODE_393_length_12380_cov_44.041453	49.73	376	170	19	85	441	956	2076	7.5e-83	311.9
NCVOG0806-consensus	NODE_1645_length_6850_cov_48.194449	32.09	374	197	57	124	447	6713	5618	3.1e-19	99.7
NCVOG4676-consensus	NODE_10868_length_1350_cov_37.879026	33.86	254	145	23	23	267	1345	629	1.1e-13	78.4
NCVOG4676-consensus	NODE_10801_length_1367_cov_52.182171	35.85	212	123	13	63	264	283	900	1.4e-12	74.8
NCVOG4676-consensus	NODE_5541_length_3060_cov_41.686557	30.74	283	168	28	21	295	1491	2276	4.1e-12	74.4
NCVOG4676-consensus	NODE_8551_length_1913_cov_42.556645	32.39	213	133	11	63	267	1187	1813	3.6e-11	70.6
NCVOG4676-consensus	NODE_2303_length_5671_cov_43.535753	31.80	283	165	28	21	295	1339	554	3.8e-11	72.1
NCVOG0329-consensus	NODE_9529_length_1651_cov_30.020330	37.04	189	78	41	1162	1312	1586	1032	5.4e-21	105.1
NCVOG0329-consensus	NODE_2316_length_5662_cov_44.370278	27.68	495	319	39	122	581	671	2128	7.8e-14	83.1
NCVOG0329-consensus	NODE_1578_length_6984_cov_46.212538	23.86	637	433	52	122	720	2667	802	1.6e-12	79.0
NCVOG0029-consensus	NODE_7932_length_2104_cov_19.933399	38.21	212	124	7	119	323	1332	1964	1.1e-33	146.4
NCVOG0029-consensus	NODE_7971_length_2090_cov_41.981619	37.14	210	123	9	119	323	1838	1232	3e-27	124.9
NCVOG0029-consensus	NODE_4778_length_3441_cov_70.209869	23.44	401	281	26	46	431	2253	1087	8e-27	124.2
NCVOG0029-consensus	NODE_4118_length_3857_cov_36.434656	28.09	445	253	67	16	410	2468	1198	9.5e-27	124.1
NCVOG0029-consensus	NODE_9108_length_1758_cov_132.070791	27.14	280	181	23	147	413	1563	757	3.6e-22	107.8
NCVOG0029-consensus	NODE_1181_length_8086_cov_72.100762	24.44	401	277	26	46	431	2969	4135	5.1e-22	109.5
NCVOG0029-consensus	NODE_1465_length_7274_cov_59.470057	24.14	377	263	23	46	407	4417	5520	5.4e-22	109.3
NCVOG0029-consensus	NODE_3019_length_4778_cov_50.882578	23.93	305	211	21	138	431	4622	3741	2.4e-20	103.2
NCVOG0029-consensus	NODE_691_length_10105_cov_53.745612	24.54	383	263	26	46	413	5894	4782	2.5e-20	104.2
NCVOG0029-consensus	NODE_13661_length_910_cov_554.891957	26.71	277	190	13	73	341	900	88	4.9e-17	89.8
NCVOG0029-consensus	NODE_7869_length_2126_cov_30.859932	24.33	337	223	32	31	347	1570	603	6.9e-16	87.2
NCVOG0029-consensus	NODE_1782_length_6580_cov_55.528833	34.38	160	97	8	121	272	160	632	1.6e-12	77.7
NCVOG1326-consensus	NODE_17080_length_609_cov_44.990602	39.78	93	46	10	56	144	347	604	5.3e-11	67.3
NCVOG0314-consensus	NODE_4578_length_3570_cov_31.520756	37.50	80	49	1	26	104	158	394	9.7e-13	75.1
NCVOG0222-consensus	NODE_5529_length_3064_cov_47.428189	28.22	450	302	21	71	501	1578	2918	1.1e-23	113.6
NCVOG0222-consensus	NODE_3273_length_4532_cov_50.970370	24.79	476	329	29	51	501	865	2277	4.7e-22	108.7
NCVOG0222-consensus	NODE_1549_length_7069_cov_33.977260	26.39	413	292	12	78	490	4578	3379	2e-19	100.6
NCVOG0222-consensus	NODE_927_length_8907_cov_39.467157	25.66	452	302	34	71	499	8168	6849	1.2e-18	98.4
NCVOG0222-consensus	NODE_442_length_11980_cov_35.510880	28.03	446	298	23	62	498	9657	10949	5.5e-17	93.3
NCVOG0222-consensus	NODE_5221_length_3203_cov_35.951056	25.49	357	260	6	73	428	947	1999	1.7e-16	89.7
NCVOG0222-consensus	NODE_5006_length_3316_cov_28.502316	26.44	348	246	10	117	457	586	1615	1.1e-14	83.8
NCVOG0222-consensus	NODE_2316_length_5662_cov_44.370278	22.25	427	317	15	90	506	2109	847	3.3e-14	82.9
NCVOG0222-consensus	NODE_2316_length_5662_cov_44.370278	20.25	474	352	26	53	504	4704	3298	3e-16	89.7
NCVOG0222-consensus	NODE_146_length_17133_cov_39.632622	29.94	334	217	17	100	422	8980	8000	9.1e-12	76.4
NCVOG0222-consensus	NODE_9649_length_1618_cov_47.556781	21.86	430	323	13	87	516	95	1342	1.2e-11	72.6
NCVOG0222-consensus	NODE_104_length_18965_cov_35.797332	25.75	400	276	21	125	514	12846	11685	1.8e-11	75.6
NCVOG0222-consensus	NODE_2729_length_5140_cov_40.072882	27.92	351	236	17	87	430	4464	3445	6.7e-11	71.8
NCVOG0014-consensus	NODE_9486_length_1661_cov_33.530303	33.63	223	148	0	117	339	1414	749	7.9e-28	126.5
NCVOG0014-consensus	NODE_9486_length_1661_cov_33.530303	31.10	209	144	0	131	339	724	101	9.2e-23	109.7
NCVOG0014-consensus	NODE_14088_length_867_cov_30.727848	32.16	227	154	0	113	339	157	834	1.6e-27	124.6
NCVOG0014-consensus	NODE_3605_length_4244_cov_50.184065	26.84	313	222	7	32	339	1093	168	2.5e-24	116.2
NCVOG0014-consensus	NODE_6548_length_2616_cov_27.882631	30.66	212	147	0	130	341	2196	1564	4.4e-24	114.7
NCVOG0014-consensus	NODE_862_length_9151_cov_38.012012	26.91	301	217	3	56	353	8802	7903	6.2e-24	116.0
NCVOG0014-consensus	NODE_261_length_14291_cov_38.258900	31.72	227	155	0	113	339	1986	1309	7.3e-24	116.4
NCVOG0014-consensus	NODE_1436_length_7352_cov_34.370584	31.51	219	150	0	121	339	2700	3353	2.6e-23	113.6
NCVOG0014-consensus	NODE_1436_length_7352_cov_34.370584	29.41	204	144	0	136	339	1665	2273	2e-18	97.4
NCVOG0014-consensus	NODE_601_length_10622_cov_37.541015	31.72	227	155	0	113	339	3437	4114	4.9e-23	113.2
NCVOG0014-consensus	NODE_499_length_11374_cov_39.835355	29.96	227	159	0	113	339	4099	4776	6.7e-23	112.9
NCVOG0014-consensus	NODE_499_length_11374_cov_39.835355	24.63	341	249	8	6	339	2898	3912	1.1e-18	99.0
NCVOG0014-consensus	NODE_15000_length_779_cov_24.531339	30.88	204	141	0	136	339	779	171	1e-22	108.4
NCVOG0014-consensus	NODE_4488_length_3623_cov_50.722786	29.52	227	160	0	113	339	898	221	2.4e-22	109.4
NCVOG0014-consensus	NODE_4488_length_3623_cov_50.722786	29.11	213	150	1	130	341	2038	1403	1.2e-19	100.4
NCVOG0014-consensus	NODE_3050_length_4745_cov_35.983505	31.28	227	156	0	113	339	3889	4566	2.5e-22	109.7
NCVOG0014-consensus	NODE_13746_length_901_cov_23.053398	28.16	245	176	0	113	357	118	849	4.4e-22	106.5
NCVOG0014-consensus	NODE_374_length_12603_cov_37.420964	28.99	238	169	0	102	339	7250	7960	7.3e-22	109.6
NCVOG0014-consensus	NODE_1255_length_7817_cov_32.433463	26.06	284	206	4	102	384	2726	1889	1.5e-20	104.6
NCVOG0014-consensus	NODE_1705_length_6726_cov_48.205896	28.45	232	165	1	109	339	4303	4991	2.1e-20	103.9
NCVOG0014-consensus	NODE_1705_length_6726_cov_48.205896	29.51	183	124	5	171	348	5028	5573	1.4e-13	81.2
NCVOG0014-consensus	NODE_1136_length_8203_cov_42.826975	28.88	232	164	1	109	339	2942	2254	2.4e-20	103.9
NCVOG0014-consensus	NODE_1136_length_8203_cov_42.826975	29.51	183	124	5	171	348	2217	1672	1.6e-13	81.3
NCVOG0014-consensus	NODE_2317_length_5660_cov_54.847931	28.10	242	172	2	113	353	4567	5286	3.5e-20	102.9
NCVOG0014-consensus	NODE_16457_length_653_cov_30.217014	29.13	206	146	0	134	339	4	618	1.6e-19	97.6
NCVOG0014-consensus	NODE_97_length_19213_cov_43.087166	29.38	211	149	0	136	346	14231	13602	2.3e-19	101.9
NCVOG0014-consensus	NODE_613_length_10582_cov_42.243290	28.38	222	159	0	118	339	10582	9920	3.4e-19	100.5
NCVOG0014-consensus	NODE_24_length_25101_cov_40.521419	28.64	206	147	0	136	341	963	349	6.7e-19	100.7
NCVOG0014-consensus	NODE_588_length_10708_cov_48.400903	26.55	226	166	0	121	346	2962	2288	2.9e-17	94.1
NCVOG0014-consensus	NODE_588_length_10708_cov_48.400903	25.24	210	156	1	120	329	3724	3101	5e-14	83.3
NCVOG0014-consensus	NODE_588_length_10708_cov_48.400903	27.06	218	156	3	131	346	2284	1643	2e-13	81.3
NCVOG0014-consensus	NODE_1848_length_6432_cov_44.599056	28.28	198	142	0	142	339	3962	3372	6e-17	92.3
NCVOG0014-consensus	NODE_18827_length_534_cov_28.426696	29.38	177	125	0	151	327	2	529	7e-17	88.5
NCVOG0014-consensus	NODE_2171_length_5847_cov_40.990121	28.51	235	159	9	109	341	3062	3734	2.9e-15	86.6
NCVOG0014-consensus	NODE_1390_length_7486_cov_38.513295	28.30	212	152	0	142	353	2013	2645	1.2e-14	84.9
NCVOG0014-consensus	NODE_539_length_11023_cov_38.879773	28.30	212	152	0	142	353	2139	2771	4.3e-14	83.6
NCVOG0014-consensus	NODE_816_length_9334_cov_42.193583	25.86	232	169	3	121	350	4449	5138	1.8e-12	78.0
NCVOG0014-consensus	NODE_19991_length_494_cov_50.587530	25.68	148	110	0	136	283	455	15	3.2e-12	72.9
NCVOG0014-consensus	NODE_542_length_11002_cov_42.944073	26.90	171	118	7	113	283	10499	10987	1.5e-11	75.2
NCVOG0002-consensus	NODE_8090_length_2051_cov_66.434650	30.57	229	152	7	332	557	680	9	1.5e-20	103.2
NCVOG4845-consensus	NODE_8698_length_1872_cov_34.469081	27.91	430	258	52	119	514	519	1743	1.4e-15	86.2
NCVOG0743-consensus	NODE_504_length_11354_cov_42.941208	27.45	204	141	7	47	243	4535	5143	9.9e-19	98.7
NCVOG0743-consensus	NODE_139_length_17270_cov_41.968999	26.96	204	142	7	47	243	11321	10713	5.2e-18	96.9
NCVOG2775-consensus	NODE_758_length_9675_cov_37.254324	38.46	364	207	17	52	413	5995	7038	1.2e-30	138.5
NCVOG2775-consensus	NODE_758_length_9675_cov_37.254324	32.82	323	207	10	98	420	5023	5958	4.2e-20	103.5
NCVOG2775-consensus	NODE_112_length_18714_cov_37.367944	40.99	322	184	6	99	419	15588	16535	7.1e-30	136.9
NCVOG2775-consensus	NODE_831_length_9288_cov_32.066117	37.33	367	212	18	53	418	8001	6955	8.5e-30	135.6
NCVOG2775-consensus	NODE_7035_length_2420_cov_35.845497	39.05	338	196	10	88	420	2319	1324	1.6e-29	132.8
NCVOG2775-consensus	NODE_1682_length_6782_cov_41.480388	39.88	341	195	10	85	420	5532	6536	1.6e-29	134.2
NCVOG2775-consensus	NODE_582_length_10737_cov_44.274578	38.98	354	200	16	53	405	3962	2949	1.8e-29	134.7
NCVOG2775-consensus	NODE_805_length_9395_cov_41.993024	38.15	325	198	3	99	422	5603	6568	2.5e-29	134.1
NCVOG2775-consensus	NODE_5541_length_3060_cov_41.686557	39.88	321	186	7	96	413	627	1574	3e-29	132.2
NCVOG2775-consensus	NODE_5541_length_3060_cov_41.686557	36.84	285	177	3	98	381	1623	2468	2.2e-24	116.0
NCVOG2775-consensus	NODE_5541_length_3060_cov_41.686557	40.10	207	123	1	186	392	6	620	2e-18	96.2
NCVOG2775-consensus	NODE_7639_length_2206_cov_33.089713	38.92	316	190	3	99	413	1261	2199	4.2e-29	131.3
NCVOG2775-consensus	NODE_7639_length_2206_cov_33.089713	39.03	310	184	5	112	420	10	924	1.7e-26	122.6
NCVOG2775-consensus	NODE_848_length_9224_cov_40.570460	39.48	309	184	3	95	402	6730	7647	5.1e-29	133.0
NCVOG2775-consensus	NODE_848_length_9224_cov_40.570460	38.15	325	193	8	84	402	5593	6558	4.9e-26	123.1
NCVOG2775-consensus	NODE_848_length_9224_cov_40.570460	37.70	183	114	0	209	391	7663	8208	3.8e-13	80.3
NCVOG2775-consensus	NODE_5005_length_3316_cov_41.134918	35.09	379	223	23	55	412	1171	2298	1.2e-28	130.4
NCVOG2775-consensus	NODE_5005_length_3316_cov_41.134918	37.99	179	111	0	206	384	2375	2908	7.3e-16	87.9
NCVOG2775-consensus	NODE_552_length_10945_cov_38.982057	37.94	369	210	19	53	420	8371	7322	1.3e-28	132.0
NCVOG2775-consensus	NODE_552_length_10945_cov_38.982057	33.82	408	241	29	6	387	9613	8402	1.5e-25	121.8
NCVOG2775-consensus	NODE_2303_length_5671_cov_43.535753	37.54	341	203	10	85	420	1555	551	1.3e-28	131.0
NCVOG2775-consensus	NODE_11830_length_1166_cov_32.516988	40.26	308	181	3	99	405	1025	111	1.5e-28	128.5
NCVOG2775-consensus	NODE_9638_length_1621_cov_65.208549	36.15	379	228	14	33	402	1518	400	1.7e-28	128.8
NCVOG2775-consensus	NODE_70_length_21093_cov_86.530596	40.87	323	184	7	99	419	1779	829	1.7e-28	132.5
NCVOG2775-consensus	NODE_10868_length_1350_cov_37.879026	37.84	333	197	10	93	420	1339	359	2.4e-28	128.0
NCVOG2775-consensus	NODE_899_length_9018_cov_37.427133	38.92	316	190	3	99	413	1974	1036	2.4e-28	130.8
NCVOG2775-consensus	NODE_899_length_9018_cov_37.427133	34.82	247	159	2	166	412	2946	2215	8.6e-18	95.7
NCVOG2775-consensus	NODE_111_length_18718_cov_36.458184	39.63	323	189	6	99	420	9633	10583	3.2e-28	131.4
NCVOG2775-consensus	NODE_111_length_18718_cov_36.458184	41.02	295	171	3	94	387	7338	8213	6e-28	130.5
NCVOG2775-consensus	NODE_111_length_18718_cov_36.458184	36.72	354	208	16	53	405	8346	9359	1.1e-24	119.7
NCVOG2775-consensus	NODE_111_length_18718_cov_36.458184	40.08	257	153	1	131	387	6558	7322	5.1e-21	107.5
NCVOG2775-consensus	NODE_578_length_10775_cov_41.510002	36.60	377	231	8	45	420	9517	10623	4.9e-28	130.0
NCVOG2775-consensus	NODE_102_length_18984_cov_41.878087	34.95	372	225	17	53	422	12717	13784	5.5e-28	130.7
NCVOG2775-consensus	NODE_1279_length_7764_cov_42.119032	35.68	398	244	12	25	413	3219	2038	6.1e-28	129.2
NCVOG2775-consensus	NODE_941_length_8858_cov_66.207607	36.44	376	231	8	44	413	6194	7306	7.6e-28	129.1
NCVOG2775-consensus	NODE_398_length_12342_cov_36.585487	39.75	322	186	8	99	418	1762	818	8.4e-28	129.4
NCVOG2775-consensus	NODE_398_length_12342_cov_36.585487	35.86	304	192	3	85	387	2695	1793	5.7e-22	110.1
NCVOG2775-consensus	NODE_398_length_12342_cov_36.585487	41.33	196	114	1	186	381	808	227	6.4e-16	89.9
NCVOG2775-consensus	NODE_2524_length_5378_cov_39.692177	39.02	305	183	3	99	402	3919	3014	1e-27	128.0
NCVOG2775-consensus	NODE_1493_length_7188_cov_37.333708	37.91	306	187	3	99	403	2520	1612	1.1e-27	128.3
NCVOG2775-consensus	NODE_216_length_15138_cov_43.021911	35.58	385	227	21	53	434	10453	11550	1.4e-27	129.0
NCVOG2775-consensus	NODE_216_length_15138_cov_43.021911	33.94	383	234	19	28	406	12572	13672	1.2e-13	82.6
NCVOG2775-consensus	NODE_4247_length_3777_cov_40.339459	40.51	316	182	6	99	413	1665	736	1.5e-27	126.9
NCVOG2775-consensus	NODE_833_length_9285_cov_42.664314	33.94	383	230	23	52	413	3125	1986	1.7e-27	128.0
NCVOG2775-consensus	NODE_251_length_14419_cov_58.625017	35.38	359	208	24	53	389	1825	758	2e-27	128.3
NCVOG2775-consensus	NODE_153_length_17040_cov_35.619407	38.68	318	192	3	99	415	5146	4202	2.4e-27	128.4
NCVOG2775-consensus	NODE_3703_length_4167_cov_37.900978	36.46	362	226	4	45	405	962	2035	3.4e-27	125.8
NCVOG2775-consensus	NODE_211_length_15234_cov_38.622485	38.83	309	186	3	98	405	9835	8918	3.7e-27	127.6
NCVOG2775-consensus	NODE_211_length_15234_cov_38.622485	38.78	312	186	5	96	405	8851	7928	4.4e-28	130.6
NCVOG2775-consensus	NODE_211_length_15234_cov_38.622485	37.87	338	204	6	84	420	7204	6209	3.7e-27	127.6
NCVOG2775-consensus	NODE_211_length_15234_cov_38.622485	40.89	225	132	1	178	402	7912	7244	3.2e-19	101.2
NCVOG2775-consensus	NODE_3845_length_4064_cov_82.318284	35.50	369	219	19	53	420	1142	93	4.1e-27	125.5
NCVOG2775-consensus	NODE_824_length_9313_cov_38.232027	35.66	387	226	23	48	413	7126	8277	5.9e-27	126.2
NCVOG2775-consensus	NODE_824_length_9313_cov_38.232027	35.15	293	186	4	95	387	6247	7110	8.7e-19	99.1
NCVOG2775-consensus	NODE_1313_length_7688_cov_45.699120	39.87	306	180	4	99	402	4989	5897	6.1e-27	125.9
NCVOG2775-consensus	NODE_1313_length_7688_cov_45.699120	33.14	347	215	17	99	445	5982	6968	4.5e-22	109.7
NCVOG2775-consensus	NODE_178_length_16321_cov_42.803004	38.70	323	192	6	99	420	3788	2838	6.6e-27	126.8
NCVOG2775-consensus	NODE_178_length_16321_cov_42.803004	39.80	294	172	5	96	387	4688	3819	4.2e-24	117.5
NCVOG2775-consensus	NODE_178_length_16321_cov_42.803004	37.75	302	185	3	99	399	1907	1011	1.8e-23	115.4
NCVOG2775-consensus	NODE_178_length_16321_cov_42.803004	36.55	290	181	3	99	387	2798	1938	3.2e-22	111.3
NCVOG2775-consensus	NODE_585_length_10717_cov_42.451786	38.22	348	199	16	53	399	6382	7377	6.8e-27	126.2
NCVOG2775-consensus	NODE_8551_length_1913_cov_42.556645	35.13	390	231	22	12	392	779	1906	8.9e-27	123.3
NCVOG2775-consensus	NODE_151_length_17049_cov_36.082135	36.55	342	211	6	65	402	11824	10808	1.2e-26	126.1
NCVOG2775-consensus	NODE_151_length_17049_cov_36.082135	40.00	315	184	5	101	413	2788	1856	7.8e-21	106.7
NCVOG2775-consensus	NODE_470_length_11721_cov_45.876503	36.22	370	216	20	52	419	2409	1357	1.4e-26	125.3
NCVOG2775-consensus	NODE_314_length_13439_cov_35.698473	35.29	391	225	28	53	420	4328	5482	1.4e-26	125.4
NCVOG2775-consensus	NODE_12613_length_1041_cov_50.349585	38.68	287	173	3	96	381	1	852	1.8e-26	121.4
NCVOG2775-consensus	NODE_1381_length_7515_cov_40.741866	36.71	316	197	3	99	413	2773	1835	4e-26	123.1
NCVOG2775-consensus	NODE_661_length_10299_cov_47.125905	37.76	294	180	3	98	390	3935	3063	4.9e-26	123.3
NCVOG2775-consensus	NODE_661_length_10299_cov_47.125905	37.66	308	185	7	84	386	4880	3966	2.9e-20	104.1
NCVOG2775-consensus	NODE_428_length_12081_cov_52.104299	38.51	322	192	6	100	420	4792	3845	5.1e-26	123.5
NCVOG2775-consensus	NODE_496_length_11413_cov_34.142025	37.96	324	195	6	96	418	5703	6656	6.6e-26	123.0
NCVOG2775-consensus	NODE_496_length_11413_cov_34.142025	32.35	306	189	18	88	392	4833	5696	1.4e-14	85.4
NCVOG2775-consensus	NODE_535_length_11046_cov_44.095633	36.66	371	214	21	53	420	4937	3882	8.8e-26	122.5
NCVOG2775-consensus	NODE_535_length_11046_cov_44.095633	36.29	383	228	16	17	387	6099	4968	2.2e-21	107.9
NCVOG2775-consensus	NODE_5533_length_3063_cov_30.811119	38.06	360	205	18	53	409	1395	2426	1.3e-25	120.2
NCVOG2775-consensus	NODE_516_length_11273_cov_48.676492	36.07	366	215	19	53	417	9857	10897	1.5e-25	121.8
NCVOG2775-consensus	NODE_1559_length_7047_cov_46.866141	34.50	371	231	12	44	405	1947	3047	1.7e-25	121.0
NCVOG2775-consensus	NODE_2169_length_5848_cov_45.357477	34.23	371	232	12	44	405	885	1985	2.1e-25	120.4
NCVOG2775-consensus	NODE_137_length_17507_cov_39.708835	33.98	362	230	9	58	416	14760	15824	2.9e-25	121.5
NCVOG2775-consensus	NODE_137_length_17507_cov_39.708835	39.81	314	181	8	98	405	15882	16814	5.5e-19	100.6
NCVOG2775-consensus	NODE_167_length_16736_cov_59.754367	37.99	308	188	3	99	405	11346	10432	3.4e-25	121.2
NCVOG2775-consensus	NODE_13210_length_967_cov_69.362921	35.74	305	193	3	99	402	935	30	5.4e-25	116.4
NCVOG2775-consensus	NODE_1414_length_7405_cov_41.593946	35.24	315	201	3	99	412	4067	5002	6.2e-25	119.2
NCVOG2775-consensus	NODE_1414_length_7405_cov_41.593946	36.81	307	184	10	98	402	5212	6103	2.3e-17	94.0
NCVOG2775-consensus	NODE_648_length_10378_cov_45.443937	34.84	376	220	25	53	427	3179	2127	6.2e-25	119.6
NCVOG2775-consensus	NODE_457_length_11789_cov_41.449710	34.99	403	236	26	20	405	8891	10069	7.8e-25	119.5
NCVOG2775-consensus	NODE_697_length_10063_cov_44.887242	34.46	354	226	6	72	425	4195	3155	1e-24	118.9
NCVOG2775-consensus	NODE_697_length_10063_cov_44.887242	37.31	260	160	3	112	370	4969	4199	3.8e-17	93.7
NCVOG2775-consensus	NODE_697_length_10063_cov_44.887242	38.12	223	135	3	195	417	3142	2486	1.1e-15	88.9
NCVOG2775-consensus	NODE_693_length_10096_cov_45.159297	38.06	360	212	11	50	405	1593	542	1e-24	118.9
NCVOG2775-consensus	NODE_693_length_10096_cov_45.159297	40.45	309	176	8	98	405	3214	2312	3.9e-20	103.6
NCVOG2775-consensus	NODE_693_length_10096_cov_45.159297	42.34	222	127	1	178	399	2296	1637	4.5e-19	100.1
NCVOG2775-consensus	NODE_193_length_15624_cov_38.723033	33.68	380	233	19	53	431	5804	4722	1.1e-24	119.4
NCVOG2775-consensus	NODE_193_length_15624_cov_38.723033	35.98	328	204	6	99	425	3920	2955	1.8e-23	115.4
NCVOG2775-consensus	NODE_193_length_15624_cov_38.723033	37.16	261	160	4	99	357	4715	3942	4.3e-16	90.9
NCVOG2775-consensus	NODE_193_length_15624_cov_38.723033	39.36	188	114	0	194	381	2945	2385	1.4e-14	85.8
NCVOG2775-consensus	NODE_2003_length_6128_cov_56.229053	40.07	272	161	2	111	381	1553	744	1.3e-24	117.8
NCVOG2775-consensus	NODE_485_length_11513_cov_42.104495	37.10	310	192	3	94	402	9337	10257	1.8e-24	118.3
NCVOG2775-consensus	NODE_485_length_11513_cov_42.104495	35.33	334	209	7	85	413	6625	7617	2.8e-22	111.0
NCVOG2775-consensus	NODE_485_length_11513_cov_42.104495	36.02	322	200	6	98	418	7864	8811	7.3e-22	109.6
NCVOG2775-consensus	NODE_485_length_11513_cov_42.104495	39.53	172	104	0	218	389	8815	9327	2.8e-13	81.1
NCVOG2775-consensus	NODE_248_length_14464_cov_36.020852	35.77	355	212	16	52	405	4156	3140	2e-24	118.4
NCVOG2775-consensus	NODE_248_length_14464_cov_36.020852	32.14	280	170	20	93	361	4972	4163	1.1e-13	82.8
NCVOG2775-consensus	NODE_2663_length_5217_cov_39.569066	37.35	340	199	14	36	366	1005	4	2.4e-24	116.7
NCVOG2775-consensus	NODE_41_length_23204_cov_38.269382	35.50	369	224	14	61	420	16439	17527	2.8e-24	118.6
NCVOG2775-consensus	NODE_10801_length_1367_cov_52.182171	34.24	403	226	39	52	420	124	1314	4.5e-24	113.8
NCVOG2775-consensus	NODE_39_length_23339_cov_38.820394	35.65	317	199	5	89	402	14361	15302	4.7e-24	117.9
NCVOG2775-consensus	NODE_39_length_23339_cov_38.820394	35.39	308	196	3	99	405	13308	14222	1.5e-22	112.8
NCVOG2775-consensus	NODE_801_length_9411_cov_40.551425	36.59	317	196	5	99	413	6125	5187	5.8e-24	116.3
NCVOG2775-consensus	NODE_35_length_23508_cov_41.675188	39.44	284	169	3	99	381	7985	7143	5.9e-24	117.6
NCVOG2775-consensus	NODE_79_length_20236_cov_46.846520	36.25	309	192	5	112	419	3141	4052	6.3e-24	117.3
NCVOG2775-consensus	NODE_2450_length_5490_cov_44.934602	35.08	362	217	18	53	413	1399	368	6.5e-24	115.3
NCVOG2775-consensus	NODE_258_length_14310_cov_39.587537	38.98	313	188	3	94	405	11869	12798	6.9e-24	116.6
NCVOG2775-consensus	NODE_258_length_14310_cov_39.587537	36.45	321	201	3	94	413	10879	11832	2.7e-23	114.6
NCVOG2775-consensus	NODE_3243_length_4559_cov_33.678938	36.05	319	201	3	96	413	695	1642	9.3e-24	114.5
NCVOG2775-consensus	NODE_3243_length_4559_cov_33.678938	34.23	333	213	6	94	425	1877	2857	3.7e-23	112.6
NCVOG2775-consensus	NODE_3243_length_4559_cov_33.678938	37.86	206	127	1	184	389	68	679	4.2e-16	89.1
NCVOG2775-consensus	NODE_2062_length_6044_cov_50.355790	35.81	310	195	4	95	402	4491	3571	9.8e-24	114.9
NCVOG2775-consensus	NODE_1167_length_8130_cov_35.956414	36.79	299	186	3	90	387	894	7	1.3e-23	114.9
NCVOG2775-consensus	NODE_1351_length_7582_cov_47.800400	33.33	336	213	11	98	429	5226	6209	1.5e-23	114.6
NCVOG2775-consensus	NODE_1351_length_7582_cov_47.800400	34.14	290	184	7	99	385	6222	7076	1.3e-20	104.8
NCVOG2775-consensus	NODE_2539_length_5363_cov_46.358872	37.33	359	210	15	33	381	1677	619	3.5e-23	112.9
NCVOG2775-consensus	NODE_4596_length_3558_cov_37.505602	38.49	304	185	2	99	402	2873	1971	4.4e-23	111.9
NCVOG2775-consensus	NODE_2307_length_5667_cov_44.531664	35.04	371	227	14	46	405	4919	3819	8.5e-23	111.7
NCVOG2775-consensus	NODE_102_length_18984_cov_41.878087	33.14	338	214	12	99	432	2721	1735	1.6e-22	112.5
NCVOG2775-consensus	NODE_102_length_18984_cov_41.878087	32.67	300	197	5	99	396	1731	844	1.5e-20	106.0
NCVOG2775-consensus	NODE_102_length_18984_cov_41.878087	30.48	315	199	20	95	392	3667	2737	2.1e-13	82.2
NCVOG2775-consensus	NODE_1720_length_6694_cov_41.301043	33.85	325	208	7	96	419	1242	289	7.4e-22	108.8
NCVOG2775-consensus	NODE_1913_length_6294_cov_51.661251	39.30	285	170	3	131	413	4046	3198	8.6e-22	108.5
NCVOG2775-consensus	NODE_2932_length_4870_cov_85.338827	34.67	375	230	15	43	413	1774	2858	1e-21	107.8
NCVOG2775-consensus	NODE_2462_length_5470_cov_44.491378	34.71	314	202	3	90	402	3585	4517	2.4e-21	106.8
NCVOG2775-consensus	NODE_548_length_10965_cov_37.144012	35.09	322	205	4	85	405	4355	3402	5.2e-21	106.7
NCVOG2775-consensus	NODE_16578_length_644_cov_23.024691	42.72	213	121	1	170	382	638	6	5.5e-21	102.5
NCVOG2775-consensus	NODE_6081_length_2813_cov_36.043129	31.19	388	238	29	25	406	1612	2703	8.6e-21	104.0
NCVOG2775-consensus	NODE_16262_length_668_cov_17.313029	43.30	224	125	2	179	402	3	665	8.7e-21	101.9
NCVOG2775-consensus	NODE_2602_length_5301_cov_37.961907	35.74	319	194	11	96	407	4086	5027	1.1e-20	104.5
NCVOG2775-consensus	NODE_2087_length_5998_cov_40.091539	35.77	369	229	8	54	417	1689	595	9.5e-20	101.6
NCVOG2775-consensus	NODE_2430_length_5518_cov_42.078846	35.85	318	191	13	112	420	2264	3198	9.8e-20	101.5
NCVOG2775-consensus	NODE_262_length_14285_cov_36.794552	33.33	336	213	11	96	424	10858	9866	1e-19	102.7
NCVOG2775-consensus	NODE_106_length_18870_cov_64.531102	36.90	355	187	37	98	421	10610	11653	1.5e-19	102.6
NCVOG2775-consensus	NODE_106_length_18870_cov_64.531102	32.37	346	220	14	88	426	9578	10591	4e-17	94.5
NCVOG2775-consensus	NODE_106_length_18870_cov_64.531102	39.38	226	130	7	201	420	11696	12365	3.9e-14	84.6
NCVOG2775-consensus	NODE_16211_length_671_cov_50.840067	38.74	222	135	1	181	402	2	661	9.1e-19	95.2
NCVOG2775-consensus	NODE_1388_length_7503_cov_42.165904	35.19	287	175	11	98	381	2753	1920	1.7e-18	97.8
NCVOG2775-consensus	NODE_9642_length_1620_cov_49.123785	41.38	203	119	0	213	415	1	606	3.6e-18	94.5
NCVOG2775-consensus	NODE_2808_length_5038_cov_40.939528	29.68	374	247	16	50	413	1520	420	5e-18	95.7
NCVOG2775-consensus	NODE_1196_length_8051_cov_71.385001	36.95	249	148	9	170	417	4493	3778	1.5e-17	94.8
NCVOG2775-consensus	NODE_17862_length_572_cov_34.096970	41.30	184	108	0	204	387	570	22	1.7e-17	90.8
NCVOG2775-consensus	NODE_613_length_10582_cov_42.243290	36.36	319	186	17	112	419	2685	1764	3.6e-17	93.9
NCVOG2775-consensus	NODE_728_length_9868_cov_28.935962	35.92	309	194	4	107	412	8013	8933	4.1e-17	93.6
NCVOG2775-consensus	NODE_18067_length_562_cov_30.781443	41.76	182	106	0	198	379	15	557	7.2e-17	88.6
NCVOG2775-consensus	NODE_1593_length_6950_cov_35.750909	34.16	281	184	1	101	381	2801	1965	7.6e-17	92.2
NCVOG2775-consensus	NODE_782_length_9534_cov_39.015227	29.82	332	224	9	19	349	9270	8306	2.4e-16	91.0
NCVOG2775-consensus	NODE_782_length_9534_cov_39.015227	33.33	354	210	26	101	431	2798	1749	1.6e-16	91.6
NCVOG2775-consensus	NODE_1288_length_7741_cov_29.298930	37.58	314	177	19	95	399	6582	5674	3e-16	90.4
NCVOG2775-consensus	NODE_962_length_8747_cov_81.949250	32.92	407	236	37	33	405	6726	7930	6.4e-16	89.5
NCVOG2775-consensus	NODE_17481_length_589_cov_62.041016	42.78	187	106	1	199	385	558	4	6.9e-16	85.4
NCVOG2775-consensus	NODE_19686_length_503_cov_90.629108	44.10	161	90	0	211	371	1	480	1e-15	84.7
NCVOG2775-consensus	NODE_1482_length_7211_cov_43.292122	42.94	170	97	0	212	381	7209	6703	1e-14	85.2
NCVOG2775-consensus	NODE_1396_length_7472_cov_41.846518	33.33	294	190	6	90	381	5679	6545	1.1e-14	85.2
NCVOG2775-consensus	NODE_83_length_20059_cov_45.790762	36.65	322	192	12	91	406	9974	10914	2.4e-14	85.4
NCVOG2775-consensus	NODE_612_length_10587_cov_39.065038	32.36	309	206	3	99	405	6922	7838	2.8e-14	84.3
NCVOG2775-consensus	NODE_718_length_9937_cov_37.880223	34.21	342	203	22	81	406	4734	3730	2.9e-14	84.1
NCVOG2775-consensus	NODE_718_length_9937_cov_37.880223	30.03	353	218	29	89	417	3681	2641	8.3e-14	82.6
NCVOG2775-consensus	NODE_8119_length_2044_cov_34.763599	40.59	170	101	0	202	371	1	507	3.5e-14	81.6
NCVOG2775-consensus	NODE_7525_length_2243_cov_34.575254	30.94	307	185	27	114	396	1831	923	3.8e-14	81.6
NCVOG2775-consensus	NODE_2579_length_5324_cov_39.130145	33.66	303	199	2	101	402	3987	4889	1.1e-13	81.3
NCVOG2775-consensus	NODE_2520_length_5388_cov_34.928639	31.87	273	177	9	133	399	2937	2131	1.7e-13	80.7
NCVOG2775-consensus	NODE_4115_length_3861_cov_73.073203	30.13	385	222	47	53	405	2147	1041	2.8e-13	79.5
NCVOG2775-consensus	NODE_3238_length_4561_cov_32.983051	39.43	175	106	0	210	384	3	524	3e-13	79.6
NCVOG2775-consensus	NODE_130_length_17749_cov_47.209031	31.44	369	225	28	51	405	6182	7243	3.7e-13	81.3
NCVOG2775-consensus	NODE_3048_length_4746_cov_33.122510	31.58	285	191	4	92	374	3098	2253	3.8e-13	79.3
NCVOG2775-consensus	NODE_6579_length_2603_cov_36.355899	30.85	282	175	20	137	401	2603	1770	4.5e-13	78.2
NCVOG2775-consensus	NODE_4916_length_3360_cov_57.243680	29.97	327	213	16	96	407	1532	2506	8.8e-13	77.6
NCVOG2775-consensus	NODE_971_length_8705_cov_45.167014	26.30	403	256	41	53	414	4526	3321	1e-12	78.8
NCVOG2775-consensus	NODE_7641_length_2206_cov_22.597933	32.30	322	207	11	98	413	1355	408	1.4e-12	76.4
NCVOG2775-consensus	NODE_4421_length_3654_cov_44.503774	32.22	270	174	9	133	396	1795	998	2.7e-12	76.1
NCVOG2775-consensus	NODE_1160_length_8151_cov_35.030220	36.43	258	161	3	96	352	7290	8054	3.4e-12	77.0
NCVOG2775-consensus	NODE_5621_length_3025_cov_41.226255	29.94	314	204	16	54	355	1828	2754	5.3e-12	74.9
NCVOG2775-consensus	NODE_17525_length_587_cov_52.127451	40.70	172	98	4	225	395	586	87	6.1e-12	72.3
NCVOG2775-consensus	NODE_1910_length_6297_cov_40.644855	35.07	268	158	16	150	402	2465	3262	6.3e-12	75.7
NCVOG2775-consensus	NODE_15330_length_747_cov_95.998507	37.62	210	127	4	163	371	627	10	6.9e-12	72.5
NCVOG2775-consensus	NODE_204_length_15370_cov_36.641666	34.13	293	166	27	113	384	7853	7008	2.2e-11	75.2
NCVOG2775-consensus	NODE_204_length_15370_cov_36.641666	37.50	200	123	2	166	364	3145	2556	2.2e-11	75.2
NCVOG2775-consensus	NODE_2420_length_5524_cov_73.155315	29.53	359	224	29	55	388	1701	640	2.7e-11	73.4
NCVOG0893-consensus	NODE_6928_length_2461_cov_28.169044	31.32	348	168	71	46	324	283	1313	1.6e-22	110.0
NCVOG0893-consensus	NODE_6672_length_2560_cov_25.281112	29.57	345	175	68	46	324	414	1437	3.3e-22	109.0
NCVOG0275-consensus	NODE_7442_length_2270_cov_33.411765	36.36	132	80	4	7	135	1777	2166	5.3e-15	82.9
NCVOG0275-consensus	NODE_5945_length_2878_cov_21.948270	51.22	82	40	0	7	88	2478	2236	5.4e-15	83.2
NCVOG0275-consensus	NODE_15051_length_774_cov_35.071736	29.03	124	86	2	7	128	756	388	8.5e-12	70.7
NCVOG0275-consensus	NODE_21806_length_440_cov_40.134986	34.95	103	63	4	36	135	34	336	9.7e-11	66.3
NCVOG0729-consensus	NODE_7575_length_2224_cov_41.695855	33.60	616	227	182	10	458	430	2221	2.6e-19	98.6
NCVOG0729-consensus	NODE_20867_length_467_cov_76.051282	38.12	160	68	31	272	404	467	5	4.4e-16	85.7
NCVOG5103-consensus	NODE_22406_length_424_cov_26.224784	79.17	48	10	0	453	500	391	251	9.5e-15	82.0
NCVOG5103-consensus	NODE_1643_length_6854_cov_26.564704	38.61	101	61	1	396	496	1626	1330	5.6e-13	80.2
NCVOG5103-consensus	NODE_4110_length_3865_cov_31.900211	36.99	219	107	31	305	502	689	1302	1.7e-12	77.7
NCVOG4874-consensus	NODE_10551_length_1413_cov_81.716317	44.21	380	150	62	33	362	1413	313	1.7e-43	177.8
NCVOG4874-consensus	NODE_10214_length_1491_cov_37.565771	37.31	394	158	89	58	366	157	1317	8.1e-19	95.9
NCVOG4874-consensus	NODE_55428_length_155_cov_31.910256	70.83	48	14	0	81	128	10	150	3.3e-11	67.3
NCVOG4874-consensus	NODE_36980_length_224_cov_48.074830	57.81	64	26	1	162	224	224	40	4.9e-11	67.3
NCVOG4001-consensus	NODE_10801_length_1367_cov_52.182171	31.63	392	220	48	44	420	250	1323	4.2e-12	74.1
NCVOG0605-consensus	NODE_5377_length_3134_cov_23.516192	37.72	289	168	12	203	486	1939	2781	2.1e-37	159.1
NCVOG0605-consensus	NODE_381_length_12506_cov_41.011103	25.38	331	224	23	179	493	10041	9081	1.3e-14	85.4
NCVOG1136-consensus	NODE_8833_length_1835_cov_30.101251	46.58	307	111	53	193	448	1275	364	4.7e-22	107.3
NCVOG1136-consensus	NODE_916_length_8930_cov_32.819157	45.76	330	134	45	193	479	1472	492	6.5e-21	105.8
NCVOG0822-consensus	NODE_941_length_8858_cov_66.207607	25.28	352	234	29	42	389	6251	7228	2.6e-12	77.3
NCVOG0822-consensus	NODE_137_length_17507_cov_39.708835	27.37	358	223	37	66	416	15252	16232	3.6e-12	77.8
NCVOG0822-consensus	NODE_17862_length_572_cov_34.096970	31.00	200	121	17	126	323	555	4	5.6e-12	72.2
NCVOG0822-consensus	NODE_18067_length_562_cov_30.781443	29.83	181	114	13	118	296	24	530	2.5e-11	70.0
NCVOG0822-consensus	NODE_10868_length_1350_cov_37.879026	28.29	304	190	28	89	389	1285	452	2.7e-11	71.2
NCVOG0822-consensus	NODE_7035_length_2420_cov_35.845497	29.59	267	165	23	67	329	1902	1162	6.6e-11	70.7
NCVOG1049-consensus	NODE_335_length_13182_cov_60.011293	29.62	287	127	75	55	267	3185	2339	3.1e-12	77.0
NCVOG0219-consensus	NODE_9529_length_1651_cov_30.020330	40.74	189	77	35	547	703	1586	1032	3.5e-36	154.7
NCVOG0901-consensus	NODE_12059_length_1126_cov_31.331429	47.27	110	38	20	75	164	960	636	3.1e-16	85.9
NCVOG0901-consensus	NODE_42233_length_189_cov_39.446429	50.00	50	24	1	107	155	151	5	2e-12	70.6
NCVOG2980-consensus	NODE_3729_length_4146_cov_57.288873	26.83	369	228	42	116	472	3881	2872	1.3e-35	153.5
NCVOG2980-consensus	NODE_12027_length_1133_cov_48.026515	36.59	82	52	0	385	466	1127	885	7.1e-13	76.1
NCVOG2980-consensus	NODE_43358_length_182_cov_42.561905	52.83	53	25	0	399	451	182	27	1.4e-11	69.1
NCVOG1272-consensus	NODE_538_length_11034_cov_42.332390	20.13	1704	1149	212	473	2133	2641	7224	6.3e-13	81.7
NCVOG0450-consensus	NODE_1830_length_6461_cov_51.524279	41.34	283	142	24	133	408	1757	967	2.2e-61	239.6
NCVOG0450-consensus	NODE_9367_length_1689_cov_31.071916	46.84	269	122	21	141	401	2	766	8.2e-49	195.9
NCVOG0450-consensus	NODE_1838_length_6448_cov_47.054152	36.28	317	152	50	105	372	4925	5867	5.9e-37	158.5
NCVOG0450-consensus	NODE_7041_length_2419_cov_24.702818	34.60	341	189	34	100	415	1092	2084	2.2e-26	122.0
NCVOG0450-consensus	NODE_12814_length_1015_cov_26.194030	47.88	165	69	17	139	289	426	908	1.3e-20	101.5
NCVOG0450-consensus	NODE_1126_length_8234_cov_45.646684	35.74	249	124	36	117	333	6831	7560	2.2e-19	100.5
NCVOG0450-consensus	NODE_33380_length_252_cov_52.971429	48.19	83	42	1	121	203	2	244	2e-17	88.9
NCVOG0450-consensus	NODE_42821_length_185_cov_53.351852	56.67	60	26	0	299	358	2	178	3.3e-17	87.7
NCVOG0450-consensus	NODE_7454_length_2265_cov_39.670475	34.53	139	86	5	147	281	421	11	7.6e-12	73.6
NCVOG0652-consensus	NODE_20755_length_472_cov_1.498734	42.50	160	85	7	165	323	9	467	2.9e-28	125.8
NCVOG0652-consensus	NODE_1353_length_7573_cov_33.651147	27.69	325	208	27	116	414	2752	3720	2.9e-16	89.9
NCVOG0652-consensus	NODE_4266_length_3765_cov_29.194685	31.41	312	195	19	122	418	3759	2839	1e-15	87.1
NCVOG0652-consensus	NODE_361_length_12817_cov_36.211460	31.56	320	196	23	116	418	8101	7163	2.4e-15	87.6
NCVOG0652-consensus	NODE_8715_length_1868_cov_40.960916	24.39	328	198	50	135	413	1	976	6.6e-12	73.4
NCVOG0652-consensus	NODE_3865_length_4042_cov_35.223707	25.92	355	212	51	109	413	421	1477	2.2e-11	72.8
NCVOG0835-consensus	NODE_615_length_10572_cov_27.143878	41.41	128	75	0	2	129	6408	6028	3.2e-24	116.2
NCVOG0835-consensus	NODE_615_length_10572_cov_27.143878	41.86	129	74	1	131	259	5193	4813	2.8e-18	96.4
NCVOG0835-consensus	NODE_6528_length_2622_cov_23.302947	38.58	127	78	0	3	129	2509	2132	3.3e-23	110.8
NCVOG0835-consensus	NODE_6528_length_2622_cov_23.302947	41.09	129	73	3	131	259	1246	872	1.6e-19	98.5
NCVOG0835-consensus	NODE_18640_length_540_cov_41.956803	43.81	105	59	0	25	129	1	312	5.9e-23	107.7
NCVOG1062-consensus	NODE_12169_length_1107_cov_70.820388	24.71	259	183	12	130	379	920	156	1.8e-13	78.1
NCVOG1062-consensus	NODE_55_length_22402_cov_41.063785	24.48	290	202	17	128	408	14314	15156	1.4e-12	79.4
NCVOG1062-consensus	NODE_7806_length_2150_cov_44.322238	24.91	285	198	16	132	408	748	1575	1.9e-12	75.6
NCVOG1062-consensus	NODE_7263_length_2336_cov_68.318282	25.35	284	191	21	136	408	1778	960	2.1e-12	75.6
NCVOG1062-consensus	NODE_415_length_12200_cov_48.201518	24.91	285	198	16	132	408	2492	1665	5.1e-12	76.7
NCVOG1062-consensus	NODE_1449_length_7315_cov_57.981348	26.67	255	174	13	136	379	2949	3704	5.4e-12	75.9
NCVOG1062-consensus	NODE_3241_length_4559_cov_121.927265	24.02	254	177	16	163	408	2464	1730	3.2e-11	72.6
NCVOG4522-consensus	NODE_1104_length_8282_cov_29.709445	40.61	197	68	49	260	407	714	129	7.2e-20	102.1
NCVOG4122-consensus	NODE_758_length_9675_cov_37.254324	30.14	418	250	42	89	465	5410	6657	7.4e-26	122.3
NCVOG4122-consensus	NODE_112_length_18714_cov_37.367944	30.26	390	234	38	92	443	15305	16469	4.2e-24	117.4
NCVOG4122-consensus	NODE_582_length_10737_cov_44.274578	31.26	419	248	40	84	462	4070	2817	1.3e-23	115.0
NCVOG4122-consensus	NODE_11830_length_1166_cov_32.516988	34.50	371	204	39	119	451	1118	12	1.3e-23	111.7
NCVOG4122-consensus	NODE_831_length_9288_cov_32.066117	31.74	419	243	43	89	465	7995	6745	5.1e-23	112.8
NCVOG4122-consensus	NODE_314_length_13439_cov_35.698473	28.42	461	288	42	47	465	4010	5389	6.1e-23	113.1
NCVOG4122-consensus	NODE_7639_length_2206_cov_33.089713	29.98	417	252	40	89	465	79	1326	1.3e-21	106.0
NCVOG4122-consensus	NODE_7639_length_2206_cov_33.089713	30.50	282	164	32	89	340	1366	2202	4.3e-22	107.6
NCVOG4122-consensus	NODE_428_length_12081_cov_52.104299	29.74	417	253	40	89	465	4888	3641	2e-21	107.9
NCVOG4122-consensus	NODE_258_length_14310_cov_39.587537	27.13	435	276	41	48	443	10480	11775	4.9e-21	106.8
NCVOG4122-consensus	NODE_258_length_14310_cov_39.587537	28.20	344	213	34	96	405	11812	12840	3.9e-16	90.6
NCVOG4122-consensus	NODE_824_length_9313_cov_38.232027	30.77	403	242	37	78	443	7015	8220	5.6e-21	106.0
NCVOG4122-consensus	NODE_578_length_10775_cov_41.510002	31.14	411	241	42	61	430	9487	10713	6.5e-21	106.0
NCVOG4122-consensus	NODE_470_length_11721_cov_45.876503	30.07	439	265	42	47	443	2736	1423	3.2e-20	103.9
NCVOG4122-consensus	NODE_5541_length_3060_cov_41.686557	31.18	417	247	40	89	465	48	1295	5.5e-20	101.1
NCVOG4122-consensus	NODE_5541_length_3060_cov_41.686557	29.55	379	230	37	119	460	1335	2468	7.6e-27	123.9
NCVOG4122-consensus	NODE_70_length_21093_cov_86.530596	29.44	394	239	39	74	430	2007	835	4.5e-19	100.9
NCVOG4122-consensus	NODE_235_length_14765_cov_42.128268	31.52	368	223	29	96	456	10070	9036	5.6e-19	100.1
NCVOG4122-consensus	NODE_2307_length_5667_cov_44.531664	29.20	435	264	44	4	400	5073	3792	8e-19	98.1
NCVOG4122-consensus	NODE_398_length_12342_cov_36.585487	29.09	416	254	41	89	463	2452	1208	1.4e-18	98.4
NCVOG4122-consensus	NODE_848_length_9224_cov_40.570460	30.81	422	250	42	83	462	6229	7491	3.3e-18	96.8
NCVOG4122-consensus	NODE_585_length_10717_cov_42.451786	31.35	421	249	40	85	465	6079	7338	4.7e-18	96.5
NCVOG4122-consensus	NODE_193_length_15624_cov_38.723033	30.19	414	249	40	89	462	3815	2577	6.8e-18	96.5
NCVOG4122-consensus	NODE_193_length_15624_cov_38.723033	29.17	360	220	35	119	443	4907	3831	1.2e-17	95.7
NCVOG4122-consensus	NODE_552_length_10945_cov_38.982057	31.89	417	244	40	89	465	8563	7316	1.8e-17	94.6
NCVOG4122-consensus	NODE_552_length_10945_cov_38.982057	29.83	238	143	24	74	287	9343	8633	2.1e-13	81.1
NCVOG4122-consensus	NODE_111_length_18718_cov_36.458184	29.59	419	255	40	89	467	9639	10892	2.5e-17	94.9
NCVOG4122-consensus	NODE_111_length_18718_cov_36.458184	28.95	418	257	40	89	466	6963	8213	4e-27	127.5
NCVOG4122-consensus	NODE_1288_length_7741_cov_29.298930	29.24	407	244	44	87	465	7080	5911	4.7e-17	92.7
NCVOG4122-consensus	NODE_485_length_11513_cov_42.104495	28.18	440	274	42	74	471	9208	10524	4.8e-17	93.3
NCVOG4122-consensus	NODE_485_length_11513_cov_42.104495	24.20	467	310	44	41	465	6442	7833	8.8e-22	109.0
NCVOG4122-consensus	NODE_485_length_11513_cov_42.104495	27.10	417	264	40	89	465	7873	9120	3.1e-20	103.9
NCVOG4122-consensus	NODE_10801_length_1367_cov_52.182171	29.98	417	240	52	78	443	100	1344	1.7e-16	88.4
NCVOG4122-consensus	NODE_516_length_11273_cov_48.676492	29.13	381	234	36	118	462	9368	10507	3.7e-16	90.3
NCVOG4122-consensus	NODE_4247_length_3777_cov_40.339459	28.09	413	261	36	89	465	1953	718	3.8e-16	88.7
NCVOG4122-consensus	NODE_102_length_18984_cov_41.878087	24.77	444	289	45	62	463	3383	2068	1.6e-15	88.9
NCVOG4122-consensus	NODE_1351_length_7582_cov_47.800400	23.74	455	300	47	49	463	5337	6677	2e-15	87.3
NCVOG4122-consensus	NODE_962_length_8747_cov_81.949250	30.98	368	209	45	100	430	6885	7957	3.8e-14	83.2
NCVOG4122-consensus	NODE_2663_length_5217_cov_39.569066	32.28	254	147	25	122	350	786	28	4e-14	82.4
NCVOG4122-consensus	NODE_941_length_8858_cov_66.207607	30.21	341	207	31	61	370	6290	7309	4.7e-14	83.0
NCVOG4122-consensus	NODE_697_length_10063_cov_44.887242	27.29	414	261	40	89	462	3916	2678	6.4e-14	82.7
NCVOG4122-consensus	NODE_2955_length_4841_cov_44.082074	26.44	450	300	31	9	448	569	1852	7.9e-14	81.3
NCVOG4122-consensus	NODE_151_length_17049_cov_36.082135	29.66	408	247	40	100	467	2953	1733	8.9e-14	83.0
NCVOG4122-consensus	NODE_151_length_17049_cov_36.082135	28.97	390	240	37	113	465	11725	10559	1e-24	119.3
NCVOG4122-consensus	NODE_1414_length_7405_cov_41.593946	27.51	389	247	35	89	443	3788	4948	1.2e-13	81.3
NCVOG4122-consensus	NODE_1414_length_7405_cov_41.593946	28.95	373	228	37	120	460	5045	6139	3.7e-21	106.3
NCVOG4122-consensus	NODE_3243_length_4559_cov_33.678938	26.38	417	267	40	89	465	116	1363	1.3e-13	80.5
NCVOG4122-consensus	NODE_661_length_10299_cov_47.125905	27.95	415	253	46	94	465	4802	3570	1.4e-13	81.6
NCVOG4122-consensus	NODE_535_length_11046_cov_44.095633	31.28	374	210	47	108	435	4676	3561	2.6e-13	80.8
NCVOG4122-consensus	NODE_535_length_11046_cov_44.095633	26.27	373	248	27	112	465	6354	5271	1.8e-13	81.3
NCVOG4122-consensus	NODE_137_length_17507_cov_39.708835	27.03	418	261	44	89	462	14889	16139	1.5e-12	78.9
NCVOG4122-consensus	NODE_9638_length_1621_cov_65.208549	31.14	350	207	34	85	400	1311	265	1.6e-12	75.4
NCVOG4122-consensus	NODE_16262_length_668_cov_17.313029	30.37	214	127	22	101	293	3	638	2e-12	73.8
NCVOG4122-consensus	NODE_2462_length_5470_cov_44.491378	29.10	378	229	39	62	400	3526	4652	2.6e-12	76.4
NCVOG4122-consensus	NODE_457_length_11789_cov_41.449710	28.21	319	189	40	89	368	9041	9991	3.9e-12	77.0
NCVOG4122-consensus	NODE_548_length_10965_cov_37.144012	30.65	261	153	28	138	370	4154	3375	5.2e-12	76.5
NCVOG4122-consensus	NODE_79_length_20236_cov_46.846520	28.27	329	202	34	107	405	2991	3962	1.7e-11	75.7
NCVOG4122-consensus	NODE_648_length_10378_cov_45.443937	29.91	341	209	30	119	430	2975	1959	1.9e-11	74.6
NCVOG4122-consensus	NODE_83_length_20059_cov_45.790762	26.54	407	251	48	100	466	10234	11427	2e-11	75.4
NCVOG4122-consensus	NODE_2539_length_5363_cov_46.358872	31.33	316	186	31	118	402	1557	613	2e-11	73.5
NCVOG4122-consensus	NODE_728_length_9868_cov_28.935962	31.40	328	192	33	175	469	7986	8966	2.6e-11	74.0
NCVOG4122-consensus	NODE_899_length_9018_cov_37.427133	27.57	399	244	45	110	465	2205	1018	2.8e-11	73.7
NCVOG4122-consensus	NODE_9367_length_1689_cov_31.071916	26.18	233	165	7	238	468	20	700	2.9e-11	71.3
NCVOG4122-consensus	NODE_18067_length_562_cov_30.781443	33.33	177	100	18	121	279	30	557	4.1e-11	69.2
NCVOG4122-consensus	NODE_1493_length_7188_cov_37.333708	27.13	328	205	34	107	404	2733	1765	7e-11	72.1
NCVOG0312-consensus	NODE_1017_length_8584_cov_43.513577	21.08	911	626	93	6	874	164	2732	9.4e-12	76.3
NCVOG0032-consensus	NODE_12047_length_1129_cov_27.597909	36.13	155	97	2	720	872	451	912	5.5e-15	84.0
NCVOG0032-consensus	NODE_1851_length_6429_cov_35.498898	26.49	653	364	116	226	814	3731	5514	4.1e-14	83.6
NCVOG0302-consensus	NODE_3802_length_4094_cov_32.449838	32.76	290	173	22	263	534	2389	3243	5.2e-21	105.2
NCVOG0302-consensus	NODE_2968_length_4833_cov_25.945122	31.58	304	186	22	249	534	502	1398	6.1e-21	105.2
NCVOG0302-consensus	NODE_9102_length_1759_cov_49.520809	31.95	169	113	2	2	170	732	235	9.9e-17	89.7
NCVOG0302-consensus	NODE_9936_length_1553_cov_51.971545	26.81	235	151	21	263	487	1078	410	2.6e-11	71.6
NCVOG0302-consensus	NODE_8866_length_1826_cov_35.202973	26.81	235	151	21	263	487	826	158	3e-11	71.6
NCVOG0603-consensus	NODE_186_length_16045_cov_39.404058	32.49	354	168	71	40	334	3796	4812	1.3e-17	95.5
NCVOG0985-consensus	NODE_8340_length_1977_cov_36.461579	29.05	358	143	111	86	340	155	1193	2.7e-20	101.6
NCVOG0985-consensus	NODE_3404_length_4404_cov_36.379478	33.70	184	95	27	86	250	2407	1885	5.1e-15	85.3
NCVOG0985-consensus	NODE_4125_length_3853_cov_36.220074	28.21	351	141	111	93	340	2436	1419	6.6e-15	84.7
NCVOG0025-consensus	NODE_7869_length_2126_cov_30.859932	29.27	410	234	56	113	522	1576	518	2.1e-34	148.6
NCVOG0025-consensus	NODE_6916_length_2464_cov_36.760369	24.74	384	267	22	112	487	2244	1138	2.7e-24	115.3
NCVOG0025-consensus	NODE_838_length_9267_cov_36.688139	24.87	390	264	29	112	487	8415	7302	8.2e-23	112.3
NCVOG0025-consensus	NODE_6785_length_2513_cov_24.420599	23.99	496	289	88	103	517	855	2312	1.4e-19	99.7
NCVOG0025-consensus	NODE_5338_length_3154_cov_31.766006	24.70	421	263	54	91	503	1893	3014	5.6e-18	94.6
NCVOG0025-consensus	NODE_4076_length_3883_cov_46.635313	27.37	391	247	37	111	491	3345	2269	2.1e-17	93.0
NCVOG0025-consensus	NODE_1579_length_6984_cov_41.880122	26.92	416	264	40	113	521	4516	5653	3.1e-17	93.3
NCVOG0025-consensus	NODE_1061_length_8416_cov_36.812553	26.92	416	264	40	113	521	3746	2609	4.5e-17	93.1
NCVOG0025-consensus	NODE_10367_length_1455_cov_25.497097	30.97	155	98	9	341	491	688	242	2.9e-16	87.8
NCVOG0025-consensus	NODE_4371_length_3690_cov_39.117908	23.93	422	248	73	112	493	2301	3458	2.8e-14	82.6
NCVOG0025-consensus	NODE_17315_length_597_cov_31.298077	42.67	75	43	0	419	493	317	538	5e-14	79.1
NCVOG0025-consensus	NODE_12784_length_1019_cov_13.833333	45.33	75	36	5	448	522	985	779	8.6e-14	79.1
NCVOG0025-consensus	NODE_21121_length_460_cov_28.673629	50.00	58	28	1	444	501	455	288	2e-13	76.7
NCVOG0025-consensus	NODE_16807_length_628_cov_35.136116	31.43	105	70	2	382	486	265	570	2.9e-13	76.7
NCVOG0025-consensus	NODE_4334_length_3716_cov_42.849409	25.89	448	267	65	102	501	2174	3445	6e-13	78.2
NCVOG0025-consensus	NODE_21392_length_452_cov_38.360000	38.16	76	47	0	413	488	208	432	6.3e-13	75.1
NCVOG0025-consensus	NODE_2580_length_5323_cov_37.079489	26.50	483	228	127	111	522	3487	4760	9.3e-13	78.1
NCVOG0025-consensus	NODE_3624_length_4228_cov_29.174531	38.16	76	47	0	413	488	2392	2616	8.4e-11	71.2
NCVOG0271-consensus	NODE_2959_length_4838_cov_36.754043	37.02	524	252	78	700	1153	4833	3293	1.2e-79	301.3
NCVOG0271-consensus	NODE_2268_length_5707_cov_88.205151	40.02	1232	504	235	145	1144	1826	5481	3.8e-58	230.1
NCVOG0271-consensus	NODE_215_length_15172_cov_41.171249	31.30	1227	592	251	76	1074	6809	3223	1.2e-22	113.6
NCVOG0271-consensus	NODE_28508_length_307_cov_39.265217	51.69	89	40	3	879	964	269	6	2.1e-18	93.9
NCVOG0271-consensus	NODE_21384_length_452_cov_62.408000	46.59	88	47	0	682	769	187	447	2.2e-18	94.4
NCVOG0271-consensus	NODE_30937_length_277_cov_2.960000	49.40	83	41	1	1022	1104	263	21	2.9e-16	86.6
NCVOG0271-consensus	NODE_21477_length_450_cov_1.391421	48.78	82	41	1	900	980	179	417	1.1e-14	82.1
NCVOG0271-consensus	NODE_38305_length_215_cov_34.753623	50.70	71	31	4	945	1011	215	6	3.1e-13	76.2
NCVOG0271-consensus	NODE_50424_length_155_cov_55.987179	56.00	50	22	0	1044	1093	152	6	4.4e-11	68.6
NCVOG0061-consensus	NODE_8106_length_2048_cov_51.139016	29.55	599	306	116	61	553	152	1911	1.8e-51	205.4
NCVOG0061-consensus	NODE_24561_length_374_cov_51.084175	36.97	119	69	6	357	469	13	366	4.8e-20	98.5
NCVOG0061-consensus	NODE_29621_length_292_cov_33.958140	32.65	98	60	6	458	553	7	285	5.7e-11	68.0
NCVOG5301-consensus	NODE_2932_length_4870_cov_85.338827	32.54	252	148	22	451	692	479	1187	5.2e-11	72.6
NCVOG0451-consensus	NODE_1414_length_7405_cov_41.593946	30.11	279	178	17	129	390	3833	4666	8.8e-13	78.3
NCVOG0451-consensus	NODE_4914_length_3360_cov_26.390682	34.48	203	129	4	154	352	3172	2567	4.5e-12	74.8
NCVOG0451-consensus	NODE_962_length_8747_cov_81.949250	33.21	277	142	43	144	377	7050	7873	1.6e-11	74.4
NCVOG0967-consensus	NODE_2316_length_5662_cov_44.370278	20.89	991	697	87	6	962	3718	916	2.3e-12	77.7
NCVOG0331-consensus	NODE_10564_length_1410_cov_56.000000	34.58	107	62	8	163	261	465	782	7.5e-11	69.2
NCVOG0301-consensus	NODE_3802_length_4094_cov_32.449838	29.86	278	171	24	264	522	2392	3207	7.4e-18	94.7
NCVOG0301-consensus	NODE_2968_length_4833_cov_25.945122	28.92	287	180	24	255	522	520	1362	1e-17	94.4
NCVOG0001-consensus	NODE_5841_length_2924_cov_42.571128	42.86	287	145	19	313	591	1155	1979	3.8e-52	208.3
NCVOG0001-consensus	NODE_9116_length_1755_cov_27.771752	46.94	196	96	8	333	522	684	106	5.9e-44	180.4
NCVOG0001-consensus	NODE_6350_length_2697_cov_41.901908	40.00	265	131	28	312	551	909	1687	1.6e-40	169.6
NCVOG0001-consensus	NODE_250_length_14458_cov_38.187748	41.56	243	116	26	333	551	1079	1798	4.1e-40	170.7
NCVOG0001-consensus	NODE_2669_length_5206_cov_53.508286	40.08	237	122	20	328	555	969	295	4.3e-39	165.8
NCVOG0001-consensus	NODE_558_length_10904_cov_49.457283	41.20	250	128	19	320	562	9433	8723	7.7e-32	142.7
NCVOG0001-consensus	NODE_558_length_10904_cov_49.457283	41.32	242	125	17	331	566	8581	7892	2.4e-41	174.3
NCVOG0001-consensus	NODE_6981_length_2441_cov_21.619712	45.02	251	104	34	327	555	1596	887	1.3e-27	126.6
NCVOG0001-consensus	NODE_24195_length_382_cov_32.563934	49.59	121	56	5	441	556	3	362	1.1e-25	117.5
NCVOG0001-consensus	NODE_21112_length_460_cov_35.733681	43.52	108	58	3	313	420	141	452	3.9e-17	89.3
NCVOG0001-consensus	NODE_423_length_12120_cov_39.060865	45.76	118	51	13	385	497	11164	11486	3.3e-14	84.3
NCVOG0001-consensus	NODE_5211_length_3208_cov_24.135101	34.14	290	124	67	322	555	2143	1312	4.7e-13	78.6
NCVOG0001-consensus	NODE_526_length_11134_cov_41.644750	34.62	312	144	60	326	596	5712	6585	1.5e-12	78.7
NCVOG0001-consensus	NODE_2853_length_4966_cov_38.241358	36.54	208	87	45	428	591	15	622	8.4e-12	75.1
NCVOG0001-consensus	NODE_2816_length_5024_cov_21.025470	29.07	289	118	87	339	543	3867	4721	1.1e-11	74.7
NCVOG2058-consensus	NODE_4914_length_3360_cov_26.390682	33.94	221	142	4	122	338	3172	2513	9.8e-13	76.9
NCVOG2058-consensus	NODE_4247_length_3777_cov_40.339459	32.36	275	165	21	93	346	1824	1003	1.3e-12	76.7
NCVOG2058-consensus	NODE_10801_length_1367_cov_52.182171	35.17	290	164	24	107	372	19	885	3.7e-12	73.7
NCVOG2058-consensus	NODE_582_length_10737_cov_44.274578	35.20	304	170	27	91	367	3434	2526	4.8e-12	76.3
NCVOG2058-consensus	NODE_17481_length_589_cov_62.041016	36.73	196	109	15	101	281	584	4	7.6e-11	68.1
NCVOG2058-consensus	NODE_9638_length_1621_cov_65.208549	34.21	304	173	27	91	367	1173	265	7.9e-11	69.5
NCVOG2058-consensus	NODE_79_length_20236_cov_46.846520	31.19	311	187	27	92	375	3141	4070	9.3e-11	73.0
NCVOG0228-consensus	NODE_9803_length_1581_cov_54.968085	31.93	379	190	68	581	893	1572	447	5.1e-29	131.1
NCVOG0228-consensus	NODE_18781_length_535_cov_70.687773	32.30	161	85	24	459	597	490	21	1.2e-18	95.2
NCVOG0280-consensus	NODE_538_length_11034_cov_42.332390	21.59	1524	1047	148	326	1794	2986	7269	3.9e-33	148.6
NCVOG0280-consensus	NODE_247_length_14480_cov_28.207734	22.16	1327	910	123	364	1641	4944	1193	2.4e-16	93.2
NCVOG0280-consensus	NODE_5473_length_3092_cov_44.021559	21.83	623	410	77	927	1513	1851	113	8.3e-12	75.9
NCVOG0280-consensus	NODE_6020_length_2844_cov_35.126129	20.67	803	545	92	625	1400	600	2806	4.6e-11	73.3
NCVOG0218-consensus	NODE_9722_length_1602_cov_37.440656	39.67	421	213	41	477	872	319	1520	2.6e-11	72.6
NCVOG0218-consensus	NODE_5111_length_3257_cov_14.217925	36.54	739	266	203	358	901	302	2427	4.9e-11	72.7
NCVOG0218-consensus	NODE_7243_length_2346_cov_15.200529	34.63	693	325	128	353	924	2123	109	8.1e-11	71.5
NCVOG0018-consensus	NODE_2316_length_5662_cov_44.370278	21.11	1189	828	110	63	1184	5520	2090	6.1e-23	113.2
NCVOG0018-consensus	NODE_1578_length_6984_cov_46.212538	22.69	1102	768	84	63	1105	59	3286	5.6e-22	110.3
NCVOG0018-consensus	NODE_242_length_14534_cov_37.848309	20.77	1016	742	63	147	1130	3721	6672	4.2e-15	88.5
NCVOG0018-consensus	NODE_3273_length_4532_cov_50.970370	19.85	1088	807	65	88	1144	20	3174	9.3e-12	75.7
NCVOG0820-consensus	NODE_2340_length_5636_cov_42.714517	35.75	193	107	17	71	247	2759	3327	3.6e-31	139.1
NCVOG0820-consensus	NODE_114_length_18684_cov_40.956092	28.75	400	249	36	71	442	9448	10604	4.1e-31	140.6
NCVOG0820-consensus	NODE_8065_length_2058_cov_28.647653	31.73	208	116	26	71	253	1123	1738	2.3e-24	115.1
NCVOG4344-consensus	NODE_831_length_9288_cov_32.066117	36.42	324	194	12	19	341	8385	7450	1.4e-16	91.5
NCVOG4344-consensus	NODE_137_length_17507_cov_39.708835	34.69	320	196	13	23	340	15114	16037	3.4e-16	91.1
NCVOG4344-consensus	NODE_137_length_17507_cov_39.708835	33.62	354	209	26	5	346	16071	17087	6.5e-16	90.2
NCVOG4344-consensus	NODE_2307_length_5667_cov_44.531664	35.28	309	186	14	29	336	4784	3900	7.3e-16	88.4
NCVOG4344-consensus	NODE_2539_length_5363_cov_46.358872	31.17	369	236	18	22	387	1530	472	3.8e-14	82.6
NCVOG4344-consensus	NODE_2087_length_5998_cov_40.091539	35.40	322	191	17	14	332	1545	625	3.8e-14	82.8
NCVOG4344-consensus	NODE_661_length_10299_cov_47.125905	33.23	331	206	15	12	341	4922	3975	7.5e-13	79.3
NCVOG4344-consensus	NODE_302_length_13612_cov_37.130477	29.63	324	215	13	20	342	7191	8123	1.7e-12	78.4
NCVOG4344-consensus	NODE_1913_length_6294_cov_51.661251	36.65	281	165	13	14	294	4031	3231	1.8e-12	77.3
NCVOG4344-consensus	NODE_582_length_10737_cov_44.274578	35.67	328	195	16	14	340	3755	2820	2e-12	77.9
NCVOG4344-consensus	NODE_8551_length_1913_cov_42.556645	34.93	292	175	15	27	317	1076	1906	3.1e-12	74.8
NCVOG4344-consensus	NODE_111_length_18718_cov_36.458184	34.76	328	200	14	14	341	7164	8102	3.7e-12	77.8
NCVOG4344-consensus	NODE_5541_length_3060_cov_41.686557	33.33	366	221	23	14	378	348	1372	4.1e-12	75.1
NCVOG4344-consensus	NODE_5541_length_3060_cov_41.686557	33.23	313	191	18	14	324	1437	2324	7e-15	84.3
NCVOG4344-consensus	NODE_535_length_11046_cov_44.095633	34.16	322	200	12	19	340	5414	4488	6.5e-12	76.2
NCVOG4344-consensus	NODE_2462_length_5470_cov_44.491378	33.97	315	194	14	22	336	3744	4643	8.1e-12	74.9
NCVOG4344-consensus	NODE_1313_length_7688_cov_45.699120	34.26	324	199	14	19	341	5010	5939	9.3e-12	75.2
NCVOG4344-consensus	NODE_2808_length_5038_cov_40.939528	30.64	346	191	49	23	331	1439	441	9.5e-12	74.6
NCVOG4344-consensus	NODE_941_length_8858_cov_66.207607	33.96	318	197	13	19	336	6389	7300	1.8e-11	74.4
NCVOG4344-consensus	NODE_1682_length_6782_cov_41.480388	37.50	328	189	16	14	340	5595	6530	2.3e-11	73.7
NCVOG4344-consensus	NODE_4596_length_3558_cov_37.505602	36.71	316	184	16	22	336	2843	1944	2.3e-11	72.8
NCVOG4344-consensus	NODE_2062_length_6044_cov_50.355790	30.96	394	252	20	19	407	4455	3328	2.6e-11	73.4
NCVOG4344-consensus	NODE_1720_length_6694_cov_41.301043	29.00	331	212	23	13	332	1269	316	5.6e-11	72.4
NCVOG4344-consensus	NODE_7641_length_2206_cov_22.597933	31.50	327	203	21	22	342	1223	291	5.6e-11	70.8
NCVOG4344-consensus	NODE_11830_length_1166_cov_32.516988	37.93	319	184	14	14	332	917	6	7.5e-11	69.5
NCVOG4344-consensus	NODE_79_length_20236_cov_46.846520	32.32	328	209	13	5	332	3084	4025	8.1e-11	73.5
NCVOG0670-consensus	NODE_831_length_9288_cov_32.066117	22.41	473	320	47	5	452	2677	1328	1.1e-13	82.4
NCVOG2246-consensus	NODE_4557_length_3579_cov_28.702170	28.48	151	108	0	187	337	455	6	3.2e-11	72.2
NCVOG4170-consensus	NODE_2985_length_4817_cov_33.629114	32.57	175	115	3	129	302	852	337	5.3e-20	101.4
NCVOG0370-consensus	NODE_9587_length_1637_cov_20.798077	33.33	162	79	29	52	211	1419	1018	2.3e-11	70.5
NCVOG1044-consensus	NODE_1906_length_6308_cov_41.091318	23.31	296	200	27	174	463	3296	4113	4.5e-11	72.6
NCVOG0720-consensus	NODE_7817_length_2144_cov_33.021287	41.82	165	88	8	3	167	1673	1206	5.3e-33	142.4
