NCVOG0333-consensus	NODE_5172_length_1009_cov_11.659329	48.35	91	38	9	605	695	304	62	7.6e-12	71.3
NCVOG0333-consensus	NODE_3105_length_2087_cov_7.150098	53.42	73	31	3	605	677	891	1097	4.1e-11	69.9
NCVOG0233-consensus	NODE_4551_length_1241_cov_1.817032	41.67	384	195	29	450	804	84	1232	1.1e-62	240.8
NCVOG0233-consensus	NODE_5026_length_1054_cov_2.775776	37.91	335	192	16	35	359	1028	45	3e-47	189.2
NCVOG0233-consensus	NODE_1022_length_5696_cov_11.202092	29.12	704	398	101	135	738	2786	4891	5.2e-38	161.0
NCVOG0233-consensus	NODE_1742_length_3827_cov_2.883351	24.43	929	546	156	52	865	1010	3660	6.7e-32	140.1
NCVOG0233-consensus	NODE_131_length_14131_cov_13.075874	32.92	814	407	139	88	764	1725	4157	1.7e-27	127.3
NCVOG0233-consensus	NODE_405_length_9411_cov_6.652202	30.08	718	404	98	103	729	2934	5057	2.9e-23	112.7
NCVOG0233-consensus	NODE_54_length_18088_cov_17.975545	25.60	703	445	78	110	788	5151	7088	2.5e-22	110.5
NCVOG0233-consensus	NODE_488_length_8568_cov_9.240573	27.65	792	406	167	118	757	361	2680	1.1e-20	104.0
NCVOG0013-consensus	NODE_1518_length_4286_cov_8.148192	32.79	183	121	2	122	302	3035	3580	8.3e-24	112.8
NCVOG0297-consensus	NODE_512_length_8374_cov_8.683616	30.98	255	154	22	301	545	8175	7450	2.2e-22	109.0
NCVOG0297-consensus	NODE_531_length_8218_cov_7.252481	30.09	216	139	12	329	537	6390	7019	8e-20	100.4
NCVOG0297-consensus	NODE_1726_length_3868_cov_19.868870	41.32	121	63	8	372	488	156	503	6.1e-18	93.1
NCVOG0297-consensus	NODE_99_length_15131_cov_10.718559	32.49	197	116	17	356	537	2908	2327	2.4e-16	89.7
NCVOG0297-consensus	NODE_413_length_9333_cov_6.305993	29.37	160	110	3	14	171	3646	4119	3.9e-14	81.7
NCVOG0297-consensus	NODE_850_length_6358_cov_18.579089	25.00	336	219	33	216	537	4526	5471	6.3e-14	80.5
NCVOG0297-consensus	NODE_309_length_10410_cov_6.055142	27.92	308	191	31	227	527	8453	9289	6.5e-13	77.8
NCVOG0663-consensus	NODE_120_length_14443_cov_20.461357	23.74	556	356	68	90	588	8391	10022	4.5e-14	82.3
NCVOG0073-consensus	NODE_165_length_13215_cov_8.368845	38.33	660	353	54	23	640	13020	11084	1.7e-91	340.0
NCVOG0073-consensus	NODE_6_length_27036_cov_5.834884	39.03	497	282	21	168	653	7963	9418	7.7e-80	302.3
NCVOG0073-consensus	NODE_208_length_11980_cov_9.469099	40.12	643	351	34	39	679	7875	9704	2.7e-71	272.7
NCVOG0073-consensus	NODE_505_length_8428_cov_6.958199	36.35	531	309	29	154	675	4849	3324	3e-44	182.4
NCVOG0073-consensus	NODE_1881_length_3550_cov_6.544778	24.59	610	384	76	53	605	3091	1326	2.9e-14	81.5
NCVOG0073-consensus	NODE_1845_length_3604_cov_6.502530	36.69	139	77	11	16	153	411	28	1.2e-11	72.8
NCVOG1068-consensus	NODE_1668_length_3984_cov_3.644184	52.78	72	33	1	126	196	1973	1761	1.5e-11	70.7
NCVOG2643-consensus	NODE_4364_length_1315_cov_1.914286	32.56	258	136	38	32	262	1301	564	1.7e-14	79.0
NCVOG0613-consensus	NODE_309_length_10410_cov_6.055142	35.85	106	63	5	17	118	4829	5140	1.8e-18	94.1
NCVOG4523-consensus	NODE_3168_length_2034_cov_3.443658	31.29	684	364	106	167	818	158	1976	6.8e-49	196.0
NCVOG1353-consensus	NODE_686_length_7293_cov_37.929677	61.15	749	270	21	72	801	6039	3802	0	982.8
NCVOG1353-consensus	NODE_686_length_7293_cov_37.929677	63.43	484	166	11	327	801	3050	1608	5.1e-203	709.3
NCVOG4045-consensus	NODE_2140_length_3156_cov_7.000322	33.33	207	104	34	177	354	1248	1844	4e-13	76.3
NCVOG0055-consensus	NODE_1610_length_4100_cov_9.228925	35.40	161	95	9	229	380	2451	2928	4.1e-17	90.1
NCVOG0055-consensus	NODE_1662_length_4002_cov_5.928807	30.59	219	136	16	189	397	2249	1616	5.6e-11	69.7
NCVOG4105-consensus	NODE_1311_length_4781_cov_13.942458	33.09	1094	597	135	46	1038	3710	534	1.8e-139	498.1
NCVOG4105-consensus	NODE_305_length_10436_cov_11.513292	23.87	599	395	61	53	642	4682	6319	2.5e-20	103.4
NCVOG1045-consensus	NODE_415_length_9323_cov_4.839232	25.04	591	255	188	147	556	6452	4704	3.9e-18	95.0
NCVOG1045-consensus	NODE_30_length_20476_cov_14.319475	26.49	336	220	27	229	549	18269	17309	3.4e-17	93.0
NCVOG0305-consensus	NODE_4998_length_1063_cov_4.988095	34.83	201	123	8	1330	1527	285	869	4.8e-17	89.7
NCVOG0305-consensus	NODE_812_length_6550_cov_8.087914	33.20	241	147	14	782	1019	4774	5456	7.3e-13	78.5
NCVOG0305-consensus	NODE_2199_length_3091_cov_4.519104	29.02	255	170	11	1306	1553	400	1149	2.9e-12	75.4
NCVOG0305-consensus	NODE_2056_length_3275_cov_11.947826	31.19	218	141	9	1313	1525	2069	2707	4.2e-12	75.0
NCVOG0305-consensus	NODE_5136_length_1019_cov_2.103734	33.33	174	108	8	1311	1476	524	6	7.2e-12	72.5
NCVOG0305-consensus	NODE_506_length_8428_cov_6.568204	30.77	221	140	13	779	995	3535	2903	1.3e-11	74.7
NCVOG0305-consensus	NODE_85_length_16074_cov_7.007616	26.78	295	195	21	1275	1556	10192	9335	4.1e-11	74.0
NCVOG0105-consensus	NODE_4931_length_1089_cov_1.842360	30.90	178	112	11	709	886	503	6	1e-17	91.4
NCVOG0105-consensus	NODE_7315_length_515_cov_2.204348	31.33	150	98	5	747	895	501	67	1.2e-12	73.5
NCVOG4804-consensus	NODE_1146_length_5275_cov_39.881801	56.57	99	42	1	83	180	4883	5176	1.2e-23	111.0
NCVOG0282-consensus	NODE_812_length_6550_cov_8.087914	29.78	413	259	31	192	588	4354	5538	3.5e-19	98.6
NCVOG0282-consensus	NODE_506_length_8428_cov_6.568204	27.91	301	203	14	287	581	3650	2783	8.3e-15	84.5
NCVOG0282-consensus	NODE_850_length_6358_cov_18.579089	28.31	378	238	33	201	570	4314	5363	2.6e-13	79.1
NCVOG0282-consensus	NODE_2199_length_3091_cov_4.519104	23.88	402	281	25	198	588	31	1191	5.8e-13	76.9
NCVOG0282-consensus	NODE_85_length_16074_cov_7.007616	24.93	381	252	34	221	585	10396	9311	9.7e-13	78.5
NCVOG0282-consensus	NODE_4998_length_1063_cov_4.988095	36.31	179	103	11	351	526	297	806	3.8e-12	72.6
NCVOG4883-consensus	NODE_5742_length_843_cov_1.876904	38.60	215	114	18	182	392	241	840	2.4e-26	118.5
NCVOG4883-consensus	NODE_6519_length_665_cov_2.472131	32.86	213	128	15	100	307	57	662	1.2e-17	89.3
NCVOG2979-consensus	NODE_7061_length_562_cov_1.970414	29.29	140	98	1	110	249	18	431	3.8e-16	83.2
NCVOG0360-consensus	NODE_3924_length_1539_cov_4.067385	41.36	324	179	11	1	315	222	1180	2.5e-51	201.9
NCVOG0979-consensus	NODE_1181_length_5178_cov_3.582943	38.38	284	113	62	80	303	595	1433	2.3e-23	111.0
NCVOG0764-consensus	NODE_597_length_7772_cov_5.243618	30.95	126	81	6	2	122	2647	3018	6.2e-11	69.8
NCVOG0274-consensus	NODE_4104_length_1451_cov_1.925501	53.02	281	118	14	182	459	590	1396	6.6e-68	259.0
NCVOG0274-consensus	NODE_233_length_11531_cov_5.813001	34.53	1338	732	144	84	1383	5706	9392	1.2e-52	211.3
NCVOG0274-consensus	NODE_1781_length_3756_cov_3.672521	37.53	986	511	105	477	1368	3	2920	3.1e-46	188.4
NCVOG0274-consensus	NODE_74_length_16735_cov_9.521163	31.14	1079	580	163	248	1176	14737	11543	8.6e-30	135.9
NCVOG0074-consensus	NODE_208_length_11980_cov_9.469099	55.73	585	252	7	27	610	7881	9614	1.9e-157	558.4
NCVOG0074-consensus	NODE_165_length_13215_cov_8.368845	59.69	645	213	47	15	612	13002	11075	5.6e-154	547.0
NCVOG0074-consensus	NODE_6_length_27036_cov_5.834884	52.54	493	217	17	147	627	7963	9421	5.7e-123	445.0
NCVOG0074-consensus	NODE_6_length_27036_cov_5.834884	62.50	88	32	1	5	91	6640	6900	4.9e-19	99.7
NCVOG0074-consensus	NODE_505_length_8428_cov_6.958199	47.00	500	247	18	131	624	4855	3395	1.6e-109	398.6
NCVOG0074-consensus	NODE_1881_length_3550_cov_6.544778	29.46	645	379	76	39	623	3091	1212	5.3e-32	139.9
NCVOG0074-consensus	NODE_1845_length_3604_cov_6.502530	46.51	129	63	6	6	132	399	28	5e-18	93.5
NCVOG0074-consensus	NODE_159_length_13349_cov_5.584098	23.75	341	241	19	109	448	9604	8643	2e-11	73.4
NCVOG0074-consensus	NODE_2215_length_3064_cov_4.032569	22.92	480	324	46	182	635	293	1669	6.5e-11	69.6
NCVOG1299-consensus	NODE_786_length_6702_cov_6.173161	46.85	143	63	13	1	130	2606	2181	1.3e-16	87.6
NCVOG0064-consensus	NODE_147_length_13649_cov_7.515816	21.82	385	264	37	23	383	4591	5699	1.1e-14	83.9
NCVOG2254-consensus	NODE_2545_length_2636_cov_5.988764	35.49	324	193	16	47	358	1803	847	7e-29	129.8
NCVOG4324-consensus	NODE_580_length_7874_cov_7.269088	33.54	486	282	41	109	587	3627	2275	8e-48	193.6
NCVOG4134-consensus	NODE_958_length_5891_cov_7.917752	32.75	229	109	45	234	456	1461	895	1.9e-11	71.8
NCVOG4134-consensus	NODE_958_length_5891_cov_7.917752	39.83	118	66	5	31	146	2745	2408	1.9e-11	71.8
NCVOG0304-consensus	NODE_812_length_6550_cov_8.087914	32.65	196	120	12	30	220	4690	5249	2.9e-12	74.8
NCVOG0304-consensus	NODE_4998_length_1063_cov_4.988095	36.80	125	68	11	82	201	297	650	3.3e-12	72.0
NCVOG0304-consensus	NODE_506_length_8428_cov_6.568204	33.14	169	102	11	36	200	3595	3113	7.6e-12	73.8
NCVOG0304-consensus	NODE_512_length_8374_cov_8.683616	36.09	133	73	12	95	219	8181	7798	1.9e-11	72.5
NCVOG0214-consensus	NODE_5231_length_994_cov_3.739084	36.45	214	129	7	306	515	637	8	2.6e-24	112.8
NCVOG0214-consensus	NODE_2700_length_2464_cov_5.641345	34.15	205	118	17	319	515	2450	1866	6.8e-16	86.1
NCVOG0214-consensus	NODE_335_length_10122_cov_5.846727	27.05	281	180	25	263	521	4484	5314	7.9e-13	78.0
NCVOG0276-consensus	NODE_4180_length_1409_cov_14.045052	57.53	372	95	63	49	357	1187	79	4.6e-90	330.6
NCVOG2204-consensus	NODE_239_length_11480_cov_6.931204	29.38	439	226	84	51	406	4819	6129	8.3e-39	163.6
NCVOG1060-consensus	NODE_3791_length_1604_cov_5.629438	35.48	186	112	8	134	318	885	1418	7e-17	87.9
NCVOG5130-consensus	NODE_10182_length_271_cov_5.782407	46.59	88	44	3	27	111	2	262	3e-11	65.1
NCVOG0976-consensus	NODE_2700_length_2464_cov_5.641345	27.60	192	125	14	194	382	2458	1923	9.8e-12	71.3
NCVOG0976-consensus	NODE_5231_length_994_cov_3.739084	30.77	130	87	3	256	382	589	203	5.6e-11	67.5
NCVOG3000-consensus	NODE_2700_length_2464_cov_5.641345	26.04	169	112	13	43	206	1978	2457	9.7e-11	67.3
NCVOG0030-consensus	NODE_843_length_6371_cov_21.552565	35.83	508	265	61	23	490	2180	3633	2.6e-38	161.9
NCVOG0030-consensus	NODE_478_length_8633_cov_3.201446	26.42	439	264	59	42	469	3891	5056	1e-13	80.6
NCVOG0030-consensus	NODE_5601_length_883_cov_1.858696	35.92	103	62	4	390	490	2	301	2.2e-13	76.2
NCVOG0030-consensus	NODE_3723_length_1652_cov_1.871634	27.08	336	188	57	146	464	1648	764	4.8e-13	76.0
NCVOG0030-consensus	NODE_133_length_14078_cov_11.783784	27.25	422	237	70	38	439	6879	5767	2.3e-11	73.6
NCVOG0277-consensus	NODE_4180_length_1409_cov_14.045052	26.84	354	191	68	60	362	1136	133	2e-11	69.4
NCVOG0077-consensus	NODE_2817_length_2340_cov_14.290153	30.35	257	163	16	310	560	1161	426	2.1e-18	94.3
NCVOG0267-consensus	NODE_344_length_10028_cov_19.432525	29.47	380	233	35	366	737	3484	2429	3.5e-34	149.5
NCVOG0267-consensus	NODE_203_length_12109_cov_5.655384	26.22	286	189	22	453	733	8069	7266	2.2e-18	97.3
NCVOG0267-consensus	NODE_548_length_8100_cov_8.114836	33.10	142	93	2	533	674	3618	3202	3.7e-16	89.3
NCVOG0267-consensus	NODE_503_length_8448_cov_4.781246	29.04	396	247	34	327	718	2308	3402	1.7e-15	87.2
NCVOG0267-consensus	NODE_628_length_7645_cov_12.562582	47.96	98	46	5	575	671	4472	4194	2.3e-14	83.2
NCVOG0267-consensus	NODE_43_length_18924_cov_19.553712	28.87	426	254	49	282	675	12340	11121	4.3e-14	83.6
NCVOG0267-consensus	NODE_1591_length_4131_cov_3.821148	37.17	113	67	4	608	720	1306	1629	9.4e-14	80.3
NCVOG0267-consensus	NODE_3800_length_1601_cov_3.758085	29.75	158	98	13	343	500	435	4	1.1e-11	72.1
NCVOG0037-consensus	NODE_851_length_6344_cov_6.274288	49.71	1048	480	47	70	1073	5140	2009	8.5e-216	752.0
NCVOG1115-consensus	NODE_230_length_11618_cov_11.775145	45.56	169	87	5	243	406	2186	2689	2.4e-29	132.1
NCVOG0015-consensus	NODE_1518_length_4286_cov_8.148192	32.81	192	117	12	86	265	2890	3460	2.8e-13	77.5
NCVOG0836-consensus	NODE_170_length_12994_cov_6.149471	24.11	423	238	83	109	463	7209	8427	1.6e-19	100.3
NCVOG0284-consensus	NODE_3079_length_2103_cov_10.079590	37.36	182	102	12	154	328	1103	576	4.4e-24	111.8
NCVOG0284-consensus	NODE_6228_length_727_cov_2.500000	35.16	91	54	5	219	309	63	317	3.2e-11	67.6
NCVOG0806-consensus	NODE_366_length_9740_cov_21.216107	43.93	387	152	65	126	447	6807	7960	5.3e-56	220.5
NCVOG2958-consensus	NODE_1538_length_4240_cov_6.553883	36.67	90	56	1	126	214	3989	3723	1.8e-11	70.7
NCVOG0029-consensus	NODE_1294_length_4839_cov_2.654891	31.33	498	246	96	56	465	2849	1383	4.6e-37	156.9
NCVOG0029-consensus	NODE_2556_length_2624_cov_3.464383	22.39	527	346	63	42	532	2581	1093	3.2e-11	70.2
NCVOG0395-consensus	NODE_200_length_12193_cov_8.716428	43.53	85	47	1	1	84	4682	4933	3.4e-11	69.7
NCVOG0242-consensus	NODE_3323_length_1933_cov_4.214058	26.54	260	162	29	375	612	1349	594	5.5e-14	79.3
NCVOG0242-consensus	NODE_532_length_8215_cov_12.320221	55.56	45	18	2	18	62	4848	4973	1.1e-11	73.7
NCVOG0036-consensus	NODE_385_length_9588_cov_7.379524	35.36	263	159	11	58	317	4623	5380	2.5e-21	104.9
NCVOG0222-consensus	NODE_348_length_9950_cov_6.762708	26.78	478	301	49	46	497	8548	9907	1.8e-16	89.5
NCVOG0014-consensus	NODE_1518_length_4286_cov_8.148192	29.23	284	191	10	64	339	2632	3466	5.6e-28	126.5
NCVOG2775-consensus	NODE_35_length_19664_cov_8.293743	37.30	185	115	1	232	416	9254	8706	9.4e-19	98.2
NCVOG0893-consensus	NODE_180_length_12825_cov_13.658105	30.63	271	173	15	133	400	4531	5304	1.2e-20	104.3
NCVOG5369-consensus	NODE_3874_length_1568_cov_13.861864	32.32	164	92	19	25	179	707	249	3.6e-15	81.0
NCVOG0729-consensus	NODE_3340_length_1914_cov_3.011296	37.03	370	202	31	160	509	1890	817	3.9e-54	212.3
NCVOG0729-consensus	NODE_3051_length_2122_cov_5.478955	27.49	211	143	10	65	275	2116	1517	2.7e-16	86.7
NCVOG0729-consensus	NODE_6430_length_684_cov_1.414944	50.00	68	34	0	33	100	462	662	4.6e-12	71.1
NCVOG4874-consensus	NODE_5798_length_824_cov_2.656697	37.61	218	79	57	13	174	5	648	2.3e-23	108.3
NCVOG4874-consensus	NODE_1284_length_4861_cov_3.586767	38.67	181	91	20	191	370	4252	3770	4.4e-18	93.3
NCVOG4605-consensus	NODE_5231_length_994_cov_3.739084	34.96	226	137	10	228	451	677	29	5.3e-14	78.5
NCVOG4605-consensus	NODE_2700_length_2464_cov_5.641345	33.48	221	125	22	221	438	2434	1836	2e-11	71.2
NCVOG0605-consensus	NODE_2700_length_2464_cov_5.641345	36.10	205	102	29	298	490	2464	1904	1.4e-13	77.8
NCVOG0605-consensus	NODE_5231_length_994_cov_3.739084	34.30	207	91	45	294	483	537	4	3.1e-13	75.3
NCVOG1136-consensus	NODE_4270_length_1358_cov_2.368381	55.47	137	57	4	343	479	1074	679	4.9e-49	194.7
NCVOG1136-consensus	NODE_7211_length_535_cov_2.825000	43.50	177	58	42	204	338	531	6	6.8e-19	93.2
NCVOG0191-consensus	NODE_834_length_6418_cov_9.422442	37.21	172	77	31	22	193	1062	1481	2.8e-17	90.3
NCVOG4655-consensus	NODE_2875_length_2284_cov_3.481830	26.67	210	149	5	59	267	679	1293	3.4e-11	69.4
NCVOG0901-consensus	NODE_8215_length_393_cov_6.124260	41.89	74	42	1	92	164	54	272	1.3e-16	83.8
NCVOG2980-consensus	NODE_2008_length_3369_cov_2.900724	28.21	351	216	36	123	473	1395	2336	2.6e-29	130.4
NCVOG2980-consensus	NODE_544_length_8119_cov_7.721602	32.61	368	203	45	111	474	3042	2067	5.5e-20	100.7
NCVOG2980-consensus	NODE_70_length_16835_cov_12.786472	23.45	388	229	68	80	446	5837	4818	3.7e-11	72.4
NCVOG1062-consensus	NODE_1263_length_4917_cov_2.048745	30.10	309	205	11	130	429	2601	1684	1.9e-29	131.5
NCVOG4522-consensus	NODE_366_length_9740_cov_21.216107	41.81	177	61	42	308	442	9657	9134	5.9e-17	90.8
NCVOG5117-consensus	NODE_3249_length_1983_cov_4.001556	37.59	133	80	3	828	959	18	407	7e-12	73.6
NCVOG0052-consensus	NODE_435_length_9048_cov_6.050928	33.93	112	69	5	30	139	2682	3005	5.2e-15	83.3
NCVOG4022-consensus	NODE_1279_length_4879_cov_4.858002	29.22	243	155	17	30	256	4763	4041	4.1e-11	70.0
NCVOG1120-consensus	NODE_5231_length_994_cov_3.739084	25.60	207	153	1	355	560	631	14	1.6e-16	86.7
NCVOG0312-consensus	NODE_215_length_11792_cov_4.520150	24.06	848	550	94	36	804	2741	254	1.7e-13	80.7
NCVOG0312-consensus	NODE_178_length_12864_cov_5.819892	24.27	717	434	109	218	839	3176	1081	3e-11	73.3
NCVOG0032-consensus	NODE_674_length_7344_cov_5.673206	25.12	633	381	93	257	880	1590	3227	2.7e-18	95.9
NCVOG0032-consensus	NODE_411_length_9355_cov_4.733871	26.55	614	324	127	257	856	2725	4224	2.7e-17	92.9
NCVOG0032-consensus	NODE_84_length_16158_cov_6.343601	24.57	647	398	90	257	861	6770	4989	7.8e-16	88.8
NCVOG0032-consensus	NODE_766_length_6784_cov_9.043543	27.25	334	163	80	498	828	199	966	1.2e-14	83.7
NCVOG0032-consensus	NODE_1772_length_3774_cov_3.453617	23.10	671	362	154	183	814	3116	1452	5.6e-12	73.9
NCVOG0302-consensus	NODE_512_length_8374_cov_8.683616	34.45	238	145	11	303	534	8175	7480	5.4e-24	114.3
NCVOG0302-consensus	NODE_850_length_6358_cov_18.579089	33.64	220	135	11	264	478	4656	5294	4.1e-18	94.4
NCVOG0302-consensus	NODE_531_length_8218_cov_7.252481	32.77	235	142	16	308	534	6342	7019	1.5e-17	92.8
NCVOG0302-consensus	NODE_99_length_15131_cov_10.718559	31.40	207	135	7	336	535	2941	2324	1e-16	91.0
NCVOG0302-consensus	NODE_413_length_9333_cov_6.305993	31.36	169	114	2	2	170	3610	4107	5.8e-13	77.8
NCVOG0302-consensus	NODE_4998_length_1063_cov_4.988095	27.84	273	175	22	280	541	282	1058	4.5e-12	71.7
NCVOG0302-consensus	NODE_2056_length_3275_cov_11.947826	29.61	233	148	16	267	493	2078	2743	7.5e-11	69.3
NCVOG0302-consensus	NODE_1321_length_4757_cov_7.291791	30.14	146	96	6	396	535	2229	1795	1e-10	69.4
NCVOG0603-consensus	NODE_1664_length_3993_cov_13.068817	37.65	162	97	4	181	341	1996	1523	1.2e-19	98.4
NCVOG0868-consensus	NODE_735_length_6947_cov_8.392339	53.97	63	28	1	159	220	5712	5897	9.8e-12	72.8
NCVOG0025-consensus	NODE_1681_length_3961_cov_13.762417	30.05	426	234	64	104	521	1376	270	6.1e-21	103.0
NCVOG0025-consensus	NODE_351_length_9921_cov_15.269200	35.00	180	109	8	340	518	7687	7172	2.5e-19	98.9
NCVOG0025-consensus	NODE_1850_length_3609_cov_5.662071	26.98	367	232	36	113	470	205	1219	5.8e-18	93.0
NCVOG0025-consensus	NODE_1864_length_3588_cov_7.795358	36.25	160	98	4	335	494	1103	639	1.2e-17	91.9
NCVOG0025-consensus	NODE_27_length_20898_cov_8.487118	29.05	358	203	51	113	470	19956	20873	3.7e-15	86.2
NCVOG0025-consensus	NODE_706_length_7158_cov_16.328594	28.40	419	238	62	112	521	5900	4806	3.7e-14	81.3
NCVOG0025-consensus	NODE_2556_length_2624_cov_3.464383	24.74	388	236	56	128	510	2581	1574	1.3e-13	78.1
NCVOG0025-consensus	NODE_161_length_13317_cov_10.444009	24.34	267	175	27	222	488	4395	5111	2.5e-12	76.2
NCVOG0025-consensus	NODE_1809_length_3695_cov_15.625275	35.58	104	65	2	385	488	3001	2699	2.9e-11	70.7
NCVOG0025-consensus	NODE_272_length_10910_cov_5.950622	28.03	239	158	14	274	510	8205	7528	7.2e-11	71.0
NCVOG0271-consensus	NODE_21_length_22846_cov_5.138783	36.67	1140	658	64	27	1149	12768	9493	1.4e-139	500.8
NCVOG0271-consensus	NODE_200_length_12193_cov_8.716428	44.83	939	455	63	149	1042	7167	4408	6.7e-101	371.4
NCVOG0271-consensus	NODE_200_length_12193_cov_8.716428	68.75	112	33	2	1042	1153	3118	2792	6.6e-32	142.2
NCVOG0271-consensus	NODE_195_length_12368_cov_5.752538	28.08	1161	669	166	145	1153	776	4211	3e-23	113.5
NCVOG0711-consensus	NODE_4004_length_1499_cov_5.941136	29.84	191	110	24	58	241	939	1453	6.7e-12	70.5
NCVOG0061-consensus	NODE_322_length_10191_cov_16.235497	27.08	613	373	74	2	557	5039	6823	4.7e-18	94.9
NCVOG1351-consensus	NODE_554_length_8038_cov_4.936623	30.30	165	111	4	251	415	6376	5897	8.2e-17	90.4
NCVOG0531-consensus	NODE_182_length_12791_cov_15.692839	26.96	230	130	38	7	198	8906	8224	8.7e-13	77.4
NCVOG0301-consensus	NODE_850_length_6358_cov_18.579089	32.51	283	175	16	262	535	4650	5474	1.8e-23	112.1
NCVOG0301-consensus	NODE_512_length_8374_cov_8.683616	31.37	204	129	11	297	495	8193	7603	7.4e-23	110.5
NCVOG0301-consensus	NODE_99_length_15131_cov_10.718559	32.69	208	130	10	337	535	2941	2324	2.1e-19	99.9
NCVOG0301-consensus	NODE_531_length_8218_cov_7.252481	30.87	230	148	11	303	529	6330	6992	2e-18	95.8
NCVOG0301-consensus	NODE_1726_length_3868_cov_19.868870	36.14	166	92	14	319	478	18	488	2.6e-15	84.4
NCVOG0301-consensus	NODE_1670_length_3980_cov_10.741911	32.43	185	111	14	311	487	3168	2635	1e-14	82.4
NCVOG0301-consensus	NODE_4998_length_1063_cov_4.988095	30.96	197	126	10	280	471	282	848	1.1e-12	73.7
NCVOG0301-consensus	NODE_2056_length_3275_cov_11.947826	29.52	210	136	12	267	470	2078	2686	3.8e-11	70.3
NCVOG0301-consensus	NODE_85_length_16074_cov_7.007616	27.23	224	143	20	265	477	10084	9443	5e-11	72.2
NCVOG0301-consensus	NODE_4064_length_1472_cov_3.471418	31.85	135	83	9	364	492	82	474	7e-11	68.2
NCVOG0021-consensus	NODE_834_length_6418_cov_9.422442	50.36	137	68	0	256	392	1417	1010	4.4e-29	131.7
NCVOG0021-consensus	NODE_2183_length_3109_cov_4.921415	30.10	196	136	1	327	521	2104	2686	2.3e-19	98.4
NCVOG0001-consensus	NODE_455_length_8821_cov_8.789870	43.14	299	146	24	313	603	4251	5096	9.8e-46	186.8
NCVOG0001-consensus	NODE_1808_length_3701_cov_4.167581	40.00	280	153	15	302	569	1792	2619	1.9e-45	184.6
NCVOG0001-consensus	NODE_1469_length_4366_cov_5.366272	33.21	277	165	20	261	531	3597	2812	3.4e-30	134.2
NCVOG0001-consensus	NODE_968_length_5860_cov_75.030146	43.23	229	114	16	331	555	3341	2694	1.5e-27	125.8
NCVOG0001-consensus	NODE_968_length_5860_cov_75.030146	40.16	249	130	19	326	566	2543	1833	1.7e-37	158.8
NCVOG0001-consensus	NODE_872_length_6201_cov_7.702571	37.34	233	129	17	333	559	4684	5346	1.4e-24	116.0
NCVOG0001-consensus	NODE_1600_length_4114_cov_8.574526	34.33	268	146	30	250	510	2640	1909	1.3e-23	112.2
NCVOG0001-consensus	NODE_4016_length_1495_cov_2.798611	46.48	142	67	9	402	543	1342	947	2.4e-22	106.5
NCVOG0001-consensus	NODE_4373_length_1311_cov_3.237261	37.11	194	96	26	298	483	528	4	7.9e-22	104.6
NCVOG0001-consensus	NODE_228_length_11653_cov_12.556906	36.33	267	143	27	333	591	10495	11231	1.6e-17	93.5
NCVOG0001-consensus	NODE_2636_length_2528_cov_4.858067	39.37	254	132	22	312	556	1793	1074	6.9e-17	89.2
NCVOG0001-consensus	NODE_1329_length_4734_cov_4.452447	31.78	343	146	88	333	608	2742	3700	2.3e-16	88.3
NCVOG0001-consensus	NODE_1902_length_3529_cov_2.588946	37.09	213	115	19	363	570	857	264	2.6e-13	77.8
NCVOG0001-consensus	NODE_6966_length_580_cov_2.356190	36.89	103	65	0	454	556	580	275	6.8e-13	73.8
NCVOG0001-consensus	NODE_1616_length_4088_cov_9.876767	34.47	264	152	21	333	593	1121	387	8.5e-11	69.6
NCVOG4518-consensus	NODE_1339_length_4705_cov_4.782151	32.60	543	263	103	14	553	2465	3790	7.2e-19	96.5
NCVOG0038-consensus	NODE_1280_length_4879_cov_2.404436	36.16	849	418	124	140	967	2284	54	5.8e-41	170.9
NCVOG0228-consensus	NODE_394_length_9520_cov_8.066455	27.07	713	419	101	259	890	6588	4519	6.8e-41	171.4
NCVOG1128-consensus	NODE_2850_length_2314_cov_9.019052	28.93	159	103	10	141	295	2	457	1.6e-13	77.2
NCVOG0280-consensus	NODE_178_length_12864_cov_5.819892	22.80	1263	831	144	305	1479	4470	853	5.4e-21	106.7
NCVOG0280-consensus	NODE_215_length_11792_cov_4.520150	22.33	936	643	84	669	1566	2671	5	6.6e-19	99.6
NCVOG0218-consensus	NODE_2432_length_2778_cov_8.917340	39.05	315	181	11	560	866	2141	1209	1.7e-15	85.5
NCVOG0218-consensus	NODE_1871_length_3574_cov_6.046888	29.18	898	454	182	243	981	394	2973	4.4e-14	81.2
NCVOG0218-consensus	NODE_1111_length_5370_cov_10.804516	31.83	553	310	67	350	848	3817	2209	1.7e-13	79.8
NCVOG0218-consensus	NODE_32_length_20004_cov_8.208511	43.40	235	118	15	604	834	13850	13182	5.7e-13	80.0
NCVOG0218-consensus	NODE_2012_length_3366_cov_12.386590	34.53	643	298	123	369	915	1186	2964	2.6e-12	75.2
NCVOG0218-consensus	NODE_5803_length_821_cov_1.936031	41.44	263	131	23	616	860	817	49	3e-11	69.6
NCVOG4170-consensus	NODE_346_length_9957_cov_14.974551	35.84	173	106	5	129	299	8928	9434	2.1e-17	92.0
