NCVOG0719-consensus	scaffold_8	30.15	262	140	43	47	265	586257	587035	3.3e-22	104.3
NCVOG1069-consensus	scaffold_11	36.50	137	82	5	95	231	420432	420824	1.4e-18	92.9
NCVOG0321-consensus	scaffold_13	25.05	543	352	55	8	504	270580	268986	2.9e-15	82.1
NCVOG0669-consensus	scaffold_3	23.29	395	257	46	77	435	196230	195079	1.5e-12	72.9
NCVOG0333-consensus	scaffold_1	41.67	120	52	18	599	709	603059	602730	2.7e-16	86.0
NCVOG0333-consensus	scaffold_1	52.86	70	30	3	605	674	603263	603066	3.1e-14	79.1
NCVOG2223-consensus	scaffold_4	43.00	100	55	2	706	804	36232	35939	1.1e-12	74.4
NCVOG0233-consensus	scaffold_5	36.97	898	459	107	51	847	1111508	1114174	3.8e-60	231.9
NCVOG0233-consensus	scaffold_5	35.28	873	445	120	104	858	847938	845331	2.2e-56	219.4
NCVOG0233-consensus	scaffold_29	25.12	864	555	92	45	867	8546	6125	1.6e-46	186.7
NCVOG0233-consensus	scaffold_1	27.36	881	469	171	131	843	1941246	1938616	4.4e-32	138.7
NCVOG0233-consensus	scaffold_4	36.67	240	142	10	499	729	897248	897961	1.3e-31	137.2
NCVOG0233-consensus	scaffold_1	26.19	886	484	170	104	844	341748	339173	6.1e-28	124.9
NCVOG0233-consensus	scaffold_1	26.37	804	413	179	136	762	1061624	1064020	2.8e-26	119.4
NCVOG0233-consensus	scaffold_5	25.29	941	518	185	93	868	46040	48795	3.8e-22	105.7
NCVOG0233-consensus	scaffold_8	30.19	626	338	99	136	674	519816	521654	3.6e-21	102.4
NCVOG0233-consensus	scaffold_10	27.03	725	391	138	136	732	437292	435163	3.5e-17	89.2
NCVOG0233-consensus	scaffold_26	27.43	773	408	153	95	733	10289	12543	2.4e-13	76.4
NCVOG0233-consensus	scaffold_33	31.11	900	386	234	145	811	128915	126236	2.2e-11	69.9
NCVOG0233-consensus	scaffold_2	26.98	189	125	13	580	767	670213	669686	8.8e-11	67.9
NCVOG0023-consensus	scaffold_61	29.54	474	308	26	371	836	12552	13914	2.1e-27	120.2
NCVOG0023-consensus	scaffold_45	27.78	540	351	39	311	833	50556	52104	1.2e-24	112.9
NCVOG0023-consensus	scaffold_21	27.59	540	352	39	311	833	217734	219282	2.9e-24	112.7
NCVOG0023-consensus	scaffold_24	27.06	521	340	40	335	833	6737	8228	1.9e-21	103.4
NCVOG0023-consensus	scaffold_11	26.10	456	305	32	340	782	385990	384691	7.5e-17	88.1
NCVOG0023-consensus	scaffold_42	23.54	480	346	21	379	838	15377	16810	6.4e-16	84.1
NCVOG0023-consensus	scaffold_38	24.77	650	430	59	147	760	52031	53888	1.2e-15	83.5
NCVOG0023-consensus	scaffold_31	28.10	331	216	22	480	806	131727	130796	3.2e-14	79.3
NCVOG0013-consensus	scaffold_20	26.16	237	168	7	115	347	249906	250604	1.3e-13	76.7
NCVOG0297-consensus	scaffold_29	29.71	276	169	25	224	482	63723	64507	1.7e-15	82.9
NCVOG0297-consensus	scaffold_26	24.71	348	217	45	236	538	59026	60058	7.6e-11	67.5
NCVOG0073-consensus	scaffold_7	42.08	625	337	25	20	640	174612	176420	4.7e-101	367.9
NCVOG0073-consensus	scaffold_3	38.60	658	368	36	29	678	975864	977748	7.6e-91	334.0
NCVOG0073-consensus	scaffold_3	26.57	527	366	21	17	530	1054577	1053024	4.4e-47	188.6
NCVOG0073-consensus	scaffold_4	36.79	655	377	37	19	666	6381	4510	8.9e-46	184.3
NCVOG0073-consensus	scaffold_2	25.43	645	412	69	19	607	642914	641022	1.7e-38	160.2
NCVOG0073-consensus	scaffold_5	24.31	473	303	55	16	449	984773	986138	2.3e-13	76.6
NCVOG0073-consensus	scaffold_7	34.48	116	76	0	150	265	345269	345613	4.5e-11	69.0
NCVOG0268-consensus	scaffold_8	24.00	400	275	29	211	584	115346	114161	2.4e-11	69.3
NCVOG1068-consensus	scaffold_2	52.98	151	70	1	90	239	368388	368837	1.9e-41	168.0
NCVOG5053-consensus	scaffold_2	37.90	124	71	6	52	173	753438	753786	2.4e-11	67.7
NCVOG0063-consensus	scaffold_12	29.66	145	96	6	1	142	116109	116531	6e-16	82.5
NCVOG4523-consensus	scaffold_1	33.33	942	420	208	16	818	76138	78737	6.2e-30	131.9
NCVOG1353-consensus	scaffold_4	56.89	835	296	64	28	800	969922	967435	4.1e-206	716.7
NCVOG4445-consensus	scaffold_5	31.98	344	219	15	47	385	1071554	1070560	3.2e-34	144.7
NCVOG4445-consensus	scaffold_5	31.49	181	110	14	146	319	1072076	1071558	9.3e-17	86.6
NCVOG4445-consensus	scaffold_2	31.87	342	219	14	47	384	1033542	1034534	7.7e-32	136.7
NCVOG4445-consensus	scaffold_1	32.38	244	149	16	95	334	403523	404213	2.3e-21	102.0
NCVOG4445-consensus	scaffold_14	30.38	316	205	15	73	385	429536	430444	9.3e-21	99.9
NCVOG4445-consensus	scaffold_14	29.06	351	231	18	47	385	426198	427225	3.8e-21	101.2
NCVOG4445-consensus	scaffold_7	40.00	140	81	3	215	351	829096	828684	2.7e-18	91.7
NCVOG4445-consensus	scaffold_40	31.30	262	167	13	95	354	31022	30273	2.7e-17	87.6
NCVOG4505-consensus	scaffold_13	27.66	235	151	19	53	280	55879	56544	7e-11	67.0
NCVOG4123-consensus	scaffold_2	36.00	150	92	4	154	303	1033845	1034279	2.2e-16	85.5
NCVOG4123-consensus	scaffold_5	33.33	141	90	4	156	296	1071785	1071378	1.9e-15	82.4
NCVOG4123-consensus	scaffold_14	34.48	145	91	4	156	300	426809	427228	7.2e-13	73.8
NCVOG4123-consensus	scaffold_14	30.29	208	109	36	153	331	429482	430081	7.2e-13	73.8
NCVOG4123-consensus	scaffold_40	33.33	141	90	4	160	300	30773	30366	1.7e-12	71.8
NCVOG1343-consensus	scaffold_5	33.74	243	148	13	1	235	484721	484011	2.9e-27	121.6
NCVOG0055-consensus	scaffold_1	33.99	253	126	41	182	394	1029759	1030507	2e-21	102.3
NCVOG0055-consensus	scaffold_1	35.71	168	93	15	195	351	943456	943940	1.9e-19	95.8
NCVOG0055-consensus	scaffold_8	29.76	252	155	22	182	411	453230	452486	3.2e-19	95.0
NCVOG4115-consensus	scaffold_5	23.42	222	162	8	36	255	1071105	1070461	5.1e-11	67.2
NCVOG4105-consensus	scaffold_15	36.78	1142	595	127	14	1074	277734	281014	1.4e-78	293.5
NCVOG4105-consensus	scaffold_4	23.81	886	544	131	20	862	395024	397414	2.4e-16	86.8
NCVOG1045-consensus	scaffold_11	27.94	247	164	14	318	556	410490	411209	1.7e-16	86.3
NCVOG0225-consensus	scaffold_2	32.22	180	97	25	105	262	601842	601315	2.6e-14	78.2
NCVOG0305-consensus	scaffold_29	34.31	239	141	16	1331	1559	115257	115952	6.3e-24	112.5
NCVOG0305-consensus	scaffold_29	33.79	219	124	21	1315	1514	63827	64474	4.5e-14	79.7
NCVOG0305-consensus	scaffold_11	30.18	285	182	17	1282	1557	27963	27136	1.3e-20	101.5
NCVOG0305-consensus	scaffold_6	32.84	271	168	14	774	1034	403920	403125	1.3e-17	91.5
NCVOG0305-consensus	scaffold_5	30.62	258	167	12	778	1035	920241	920975	1.3e-17	91.5
NCVOG0305-consensus	scaffold_1	30.59	304	181	30	1276	1556	1391716	1392601	1.9e-17	90.9
NCVOG0305-consensus	scaffold_4	30.32	310	199	17	774	1072	43347	42443	5.1e-17	89.5
NCVOG0305-consensus	scaffold_51	27.92	308	208	14	1252	1551	13301	14203	6.1e-17	87.3
NCVOG0305-consensus	scaffold_1	37.18	156	93	5	1355	1507	1576950	1577408	1.4e-15	84.7
NCVOG0305-consensus	scaffold_8	31.37	204	136	4	822	1024	143011	142416	8.6e-15	82.1
NCVOG0305-consensus	scaffold_14	31.36	220	145	6	1305	1521	266758	267405	5.2e-14	79.5
NCVOG0305-consensus	scaffold_23	33.58	137	88	3	1424	1557	83515	83114	6.9e-14	79.1
NCVOG0305-consensus	scaffold_12	37.12	132	80	3	1431	1560	210899	211288	1.4e-13	78.1
NCVOG0305-consensus	scaffold_6	27.51	269	175	20	780	1034	348631	349416	3.1e-13	76.9
NCVOG0305-consensus	scaffold_55	28.00	225	148	14	1344	1556	3796	4461	6.3e-13	73.7
NCVOG0305-consensus	scaffold_8	33.88	245	136	26	1334	1555	423349	422629	1.4e-12	74.7
NCVOG0305-consensus	scaffold_5	29.64	253	150	28	1306	1534	830219	830958	3.8e-12	73.3
NCVOG0305-consensus	scaffold_4	27.52	327	198	39	733	1035	977677	978607	5e-12	72.9
NCVOG0305-consensus	scaffold_6	35.06	174	103	10	779	948	783386	782886	2.3e-11	70.7
NCVOG0305-consensus	scaffold_23	29.24	236	136	31	1314	1521	288670	287979	4e-11	69.9
NCVOG0305-consensus	scaffold_9	27.59	261	159	30	1316	1549	64587	65353	8e-11	68.9
NCVOG0248-consensus	scaffold_14	31.62	487	275	58	45	489	90225	88816	1.8e-19	96.0
NCVOG0248-consensus	scaffold_20	27.48	433	214	100	135	489	242420	241201	4.4e-12	71.5
NCVOG0248-consensus	scaffold_1	27.38	504	272	94	53	466	1467568	1469058	8.9e-11	67.2
NCVOG0105-consensus	scaffold_23	21.89	699	472	74	261	912	282155	280145	7.4e-26	118.3
NCVOG0105-consensus	scaffold_27	21.24	937	611	127	23	896	256770	254159	3.2e-20	99.2
NCVOG0105-consensus	scaffold_15	21.19	939	611	129	23	896	440240	442849	2.5e-18	93.3
NCVOG0105-consensus	scaffold_8	27.42	186	123	12	641	820	412863	412327	1.2e-13	77.7
NCVOG0105-consensus	scaffold_28	20.52	887	564	141	8	818	14001	16463	5.1e-12	72.3
NCVOG4804-consensus	scaffold_22	63.46	104	38	0	83	186	211495	211187	5.3e-24	109.7
NCVOG4804-consensus	scaffold_8	58.33	108	45	0	72	179	305384	305704	1.4e-22	105.0
NCVOG0282-consensus	scaffold_4	30.75	335	200	32	290	602	43467	42496	6.4e-23	108.3
NCVOG0282-consensus	scaffold_6	26.98	441	292	30	171	589	404380	403089	5.2e-22	105.3
NCVOG0282-consensus	scaffold_6	26.57	542	306	92	155	635	385958	384437	1.7e-15	83.6
NCVOG0282-consensus	scaffold_1	24.96	593	375	70	62	618	1391063	1392730	2.9e-20	99.5
NCVOG0282-consensus	scaffold_14	29.21	267	178	11	276	539	266626	267399	3.4e-20	99.2
NCVOG0282-consensus	scaffold_11	26.14	329	225	18	291	607	28005	27044	2.6e-17	89.7
NCVOG0282-consensus	scaffold_6	30.04	223	144	12	277	497	783515	782880	3.1e-17	89.4
NCVOG0282-consensus	scaffold_51	27.35	351	214	41	238	584	13305	14239	1.1e-16	85.6
NCVOG0282-consensus	scaffold_8	35.29	187	110	11	350	533	423352	422819	2.9e-16	86.1
NCVOG0282-consensus	scaffold_1	31.09	267	159	25	270	517	1721067	1720292	8.4e-16	84.6
NCVOG0282-consensus	scaffold_55	27.98	386	242	36	315	678	3677	4783	8.8e-16	82.4
NCVOG0282-consensus	scaffold_6	26.02	588	368	67	37	588	347794	349449	1.7e-15	83.6
NCVOG0282-consensus	scaffold_1	26.52	460	301	37	173	601	536935	538287	3.4e-15	82.6
NCVOG0282-consensus	scaffold_6	31.10	254	137	38	323	549	138651	139368	4e-15	82.4
NCVOG0282-consensus	scaffold_7	28.57	273	161	34	336	582	51244	50459	1.6e-14	80.4
NCVOG0282-consensus	scaffold_1	26.00	427	257	59	215	590	1576446	1577699	2.7e-14	79.6
NCVOG0282-consensus	scaffold_29	25.29	514	338	46	38	519	62945	64429	1.1e-13	77.6
NCVOG0282-consensus	scaffold_29	25.00	560	348	72	90	628	114598	116111	7.8e-14	78.1
NCVOG0282-consensus	scaffold_29	25.76	198	135	12	325	520	147821	148381	1.1e-13	77.6
NCVOG0282-consensus	scaffold_8	23.74	514	340	52	26	515	569237	567799	2.2e-13	76.6
NCVOG0282-consensus	scaffold_29	34.97	163	90	16	424	582	99431	98982	3.7e-13	75.8
NCVOG0282-consensus	scaffold_7	30.66	349	209	33	245	571	833909	832905	2.1e-12	73.3
NCVOG0282-consensus	scaffold_9	25.41	370	202	74	219	549	218225	217226	2.1e-11	70.0
NCVOG0282-consensus	scaffold_4	25.05	523	337	55	176	662	977363	978849	2.1e-11	70.0
NCVOG0282-consensus	scaffold_1	27.24	290	156	55	282	522	1851870	1851026	2.9e-11	69.5
NCVOG0282-consensus	scaffold_20	36.46	96	53	8	430	520	118788	118513	7e-11	68.3
NCVOG2963-consensus	scaffold_9	30.28	218	142	10	109	321	177252	177887	2.4e-20	98.3
NCVOG2963-consensus	scaffold_1	30.09	216	137	14	104	316	1371947	1371336	1.7e-13	75.5
NCVOG2963-consensus	scaffold_2	28.63	227	142	20	99	315	1209696	1210343	3.4e-12	71.2
NCVOG2963-consensus	scaffold_20	36.00	100	53	11	119	217	255617	255883	3.6e-11	67.8
NCVOG4883-consensus	scaffold_33	32.16	426	255	34	40	460	83430	82243	2e-34	145.6
NCVOG2979-consensus	scaffold_1	30.77	247	166	5	2	246	1811231	1810503	2.4e-22	104.6
NCVOG0360-consensus	scaffold_24	42.45	318	155	28	24	315	264873	263933	5.2e-45	180.2
NCVOG0979-consensus	scaffold_3	51.52	328	156	3	2	328	210909	209935	5.3e-62	236.8
NCVOG0699-consensus	scaffold_14	28.75	313	215	8	123	429	429551	430480	1.6e-28	126.0
NCVOG0699-consensus	scaffold_5	31.65	278	178	12	164	430	1072067	1071240	6.1e-15	80.9
NCVOG0699-consensus	scaffold_5	33.03	221	141	7	197	411	1071230	1070578	7.2e-15	80.6
NCVOG0699-consensus	scaffold_2	29.49	217	148	5	219	431	1033485	1034129	1.7e-14	79.4
NCVOG0699-consensus	scaffold_7	36.51	126	76	4	309	430	829102	828732	3.5e-14	78.3
NCVOG0764-consensus	scaffold_8	24.38	283	200	14	5	278	750645	751463	6.4e-13	73.2
NCVOG0274-consensus	scaffold_13	33.95	1461	757	208	65	1370	299719	303931	8.7e-46	184.9
NCVOG0274-consensus	scaffold_20	39.06	1485	718	187	47	1368	85903	90278	9.6e-45	181.5
NCVOG0274-consensus	scaffold_4	26.49	1457	673	398	265	1332	742724	747062	6.9e-28	125.5
NCVOG0174-consensus	scaffold_5	24.20	314	211	27	154	451	1072058	1071153	1.5e-17	90.0
NCVOG0174-consensus	scaffold_5	24.10	195	142	6	255	443	1071039	1070458	1.4e-14	80.2
NCVOG0174-consensus	scaffold_40	27.43	175	121	6	271	442	30782	30270	6e-12	70.6
NCVOG0074-consensus	scaffold_7	63.31	635	231	2	5	637	174609	176510	1.1e-160	565.5
NCVOG0074-consensus	scaffold_3	56.48	648	255	27	6	627	975771	977708	7.9e-139	492.9
NCVOG0074-consensus	scaffold_4	47.84	625	303	23	2	616	6399	4567	4.1e-110	397.5
NCVOG0074-consensus	scaffold_3	32.70	526	329	25	3	506	1054577	1053012	4.9e-42	171.3
NCVOG0074-consensus	scaffold_2	35.39	421	238	34	6	394	642911	641658	5e-24	111.5
NCVOG0074-consensus	scaffold_5	28.42	570	343	65	9	535	984794	986428	1.5e-20	99.9
NCVOG0074-consensus	scaffold_7	31.42	226	143	12	27	242	344956	345616	8.3e-16	84.2
NCVOG1299-consensus	scaffold_10	43.20	125	56	15	5	115	93729	94097	6.4e-18	89.1
NCVOG1299-consensus	scaffold_10	36.67	210	53	80	17	146	145689	146313	2.6e-19	93.7
NCVOG1299-consensus	scaffold_6	38.98	177	68	40	5	142	310509	311031	3.2e-14	76.8
NCVOG1196-consensus	scaffold_8	23.26	602	413	49	414	997	115099	113390	3.5e-17	89.6
NCVOG1196-consensus	scaffold_15	24.68	474	316	41	321	787	79464	78148	4.5e-15	82.6
NCVOG0064-consensus	scaffold_1	23.85	369	235	46	23	362	46370	47422	4.7e-17	88.0
NCVOG0064-consensus	scaffold_6	24.58	301	201	26	69	362	896054	896890	3.4e-11	68.5
NCVOG0064-consensus	scaffold_1	25.78	322	203	36	28	333	1066209	1067105	6e-11	67.7
NCVOG4414-consensus	scaffold_7	29.30	157	105	6	61	216	829138	828690	1.9e-12	71.8
NCVOG4414-consensus	scaffold_5	27.44	164	114	5	71	234	1071617	1071144	3.1e-12	71.1
NCVOG4414-consensus	scaffold_5	27.45	153	106	5	71	223	1070988	1070548	3.1e-12	71.1
NCVOG4414-consensus	scaffold_2	28.42	190	127	9	40	228	1034022	1034564	2.1e-11	68.4
NCVOG4414-consensus	scaffold_40	25.25	198	136	12	71	263	30707	30138	4.4e-11	66.5
NCVOG4324-consensus	scaffold_8	30.71	482	274	60	134	588	101197	102540	4.5e-20	98.4
NCVOG4134-consensus	scaffold_1	35.96	495	259	58	5	458	1605071	1603647	2.3e-36	152.0
NCVOG0424-consensus	scaffold_4	38.13	139	77	9	184	318	1150829	1150431	8.4e-16	84.1
NCVOG0424-consensus	scaffold_7	31.55	206	130	11	145	348	650615	651198	2.4e-15	82.6
NCVOG0334-consensus	scaffold_15	38.07	331	187	18	3	327	89404	88451	5.6e-52	203.4
NCVOG0034-consensus	scaffold_2	32.19	292	155	43	160	417	247844	248685	5.9e-14	77.5
NCVOG0034-consensus	scaffold_2	29.79	339	203	35	68	381	849151	850134	2.7e-12	71.9
NCVOG0304-consensus	scaffold_1	27.95	254	162	21	54	287	1720885	1720134	3.1e-15	81.9
NCVOG0304-consensus	scaffold_7	31.98	172	105	12	56	221	833618	833124	1.1e-11	70.1
NCVOG0304-consensus	scaffold_6	33.73	166	93	17	55	211	403910	403440	1.8e-11	69.5
NCVOG0304-consensus	scaffold_1	35.47	172	90	21	48	202	1576746	1577246	2.4e-11	69.0
NCVOG0304-consensus	scaffold_6	30.56	180	116	9	72	251	717333	716824	3.8e-11	68.3
NCVOG0304-consensus	scaffold_1	30.61	196	101	35	55	219	537404	537976	6.1e-11	67.7
NCVOG0304-consensus	scaffold_8	34.68	124	72	9	82	201	423349	422996	8.3e-11	67.2
NCVOG0214-consensus	scaffold_17	26.62	308	205	21	253	549	164297	165183	3.3e-14	79.2
NCVOG0214-consensus	scaffold_14	27.25	389	248	35	154	525	4225	5328	7.4e-14	78.0
NCVOG0214-consensus	scaffold_14	26.86	283	191	16	221	489	2876	3711	7.4e-14	78.0
NCVOG0214-consensus	scaffold_55	28.85	364	226	33	212	560	5823	6841	2.5e-11	67.4
NCVOG0004-consensus	scaffold_33	32.30	226	138	15	70	293	80837	80202	6.2e-20	97.8
NCVOG0276-consensus	scaffold_3	59.68	377	109	43	24	357	546240	547367	6.9e-62	236.4
NCVOG0276-consensus	scaffold_1	65.84	322	87	23	59	357	1762161	1761201	9.9e-62	235.9
NCVOG0276-consensus	scaffold_6	29.64	334	174	61	49	322	623324	624315	2.1e-16	85.4
NCVOG4882-consensus	scaffold_1	34.64	358	202	32	391	724	98681	97647	1.2e-30	134.1
NCVOG4882-consensus	scaffold_3	34.57	188	120	3	736	922	324743	324193	8.5e-19	94.8
NCVOG0178-consensus	scaffold_5	23.85	348	243	22	196	528	1071701	1070686	5.4e-12	71.4
NCVOG2204-consensus	scaffold_25	30.00	410	227	60	88	437	272446	271224	4.3e-44	177.6
NCVOG0777-consensus	scaffold_5	36.32	190	94	27	151	321	593784	593246	6e-13	75.9
NCVOG0777-consensus	scaffold_7	24.59	614	394	69	321	887	640249	638495	2.3e-12	73.9
NCVOG4665-consensus	scaffold_28	29.86	211	117	31	310	511	13029	13592	4.5e-12	71.5
NCVOG4665-consensus	scaffold_9	25.77	194	138	6	297	488	177234	177800	1.3e-11	70.0
NCVOG1060-consensus	scaffold_11	32.71	321	179	37	53	348	196660	197573	1.8e-21	102.3
NCVOG4020-consensus	scaffold_4	26.77	523	330	53	5	482	534466	536003	7.7e-15	80.8
NCVOG0185-consensus	scaffold_2	30.21	235	150	14	11	242	753628	752964	1e-16	85.9
NCVOG0185-consensus	scaffold_11	35.77	123	71	8	32	147	560212	559852	1.2e-13	75.3
NCVOG0185-consensus	scaffold_1	36.29	124	69	10	32	147	1955263	1955621	1e-11	66.1
NCVOG0185-consensus	scaffold_32	35.96	114	61	12	31	139	92971	93284	1.5e-11	68.7
NCVOG0320-consensus	scaffold_2	37.25	204	112	16	7	206	505891	505319	4.4e-22	103.5
NCVOG0030-consensus	scaffold_6	32.73	553	309	63	26	527	475769	474158	4.9e-39	161.6
NCVOG0030-consensus	scaffold_7	33.07	499	235	99	68	484	460890	459458	2.4e-26	119.4
NCVOG0030-consensus	scaffold_6	24.35	464	291	60	43	495	1016891	1018132	3.3e-13	75.8
NCVOG0030-consensus	scaffold_3	26.26	438	244	79	28	433	383553	382384	2.2e-11	69.7
NCVOG4494-consensus	scaffold_10	36.16	224	135	8	16	233	418789	418127	1.9e-20	99.3
NCVOG4494-consensus	scaffold_27	35.06	154	99	1	3	156	139799	139344	3.8e-18	91.7
NCVOG4494-consensus	scaffold_34	36.36	143	91	0	30	172	67743	68168	6.3e-16	84.3
NCVOG4494-consensus	scaffold_30	33.02	212	119	23	43	233	101963	102589	5.8e-15	81.1
NCVOG4494-consensus	scaffold_29	38.41	138	81	4	24	157	23591	23997	6.9e-13	74.2
NCVOG4477-consensus	scaffold_60	27.20	125	80	11	683	801	20976	21332	3.7e-13	74.5
NCVOG4477-consensus	scaffold_28	32.14	140	81	14	673	800	13218	13628	3.6e-11	70.5
NCVOG0277-consensus	scaffold_1	30.16	315	194	26	60	362	1762143	1761246	2.5e-15	81.8
NCVOG0277-consensus	scaffold_3	28.71	317	197	29	60	362	546420	547322	2.2e-14	78.7
NCVOG0077-consensus	scaffold_14	28.57	532	299	81	224	702	242674	241168	8.1e-22	104.3
NCVOG0077-consensus	scaffold_9	39.58	144	80	7	446	582	264482	264910	1.5e-18	93.4
NCVOG0077-consensus	scaffold_37	29.88	425	227	71	335	712	2299	1106	1.2e-15	83.3
NCVOG0077-consensus	scaffold_37	33.52	176	109	8	539	706	1087	563	1.2e-15	83.3
NCVOG0077-consensus	scaffold_20	42.86	112	58	6	588	695	290137	289811	1.2e-14	80.6
NCVOG0077-consensus	scaffold_54	34.62	156	90	12	538	690	1920	1485	1.4e-14	78.1
NCVOG0077-consensus	scaffold_9	29.55	467	268	61	277	701	132511	133847	1.9e-14	79.8
NCVOG0077-consensus	scaffold_5	23.87	310	156	80	329	563	1018776	1019687	4.7e-12	71.9
NCVOG0077-consensus	scaffold_16	32.45	339	182	47	326	625	139955	138966	1.8e-11	69.9
NCVOG0077-consensus	scaffold_5	35.11	94	60	1	468	560	1174861	1174583	3.1e-11	69.2
NCVOG0077-consensus	scaffold_45	32.71	107	69	3	588	693	48092	48403	4e-11	67.7
NCVOG0077-consensus	scaffold_4	29.67	455	207	113	338	688	1164344	1163010	5.2e-11	68.4
NCVOG0077-consensus	scaffold_35	31.13	106	71	2	588	693	108530	108222	7.2e-11	67.9
NCVOG0077-consensus	scaffold_24	32.71	107	69	3	588	693	4843	5154	8.6e-11	67.7
NCVOG0077-consensus	scaffold_21	32.71	107	69	3	588	693	215260	215571	8.6e-11	67.7
NCVOG0196-consensus	scaffold_2	36.69	139	78	10	359	492	753809	753413	2.8e-12	72.4
NCVOG0196-consensus	scaffold_1	45.71	70	36	2	418	485	1955191	1955397	2.5e-11	66.0
NCVOG0267-consensus	scaffold_22	27.87	470	297	42	291	748	21544	20228	4.2e-20	99.3
NCVOG0267-consensus	scaffold_30	26.85	432	273	43	332	748	75901	77109	1e-19	98.0
NCVOG0267-consensus	scaffold_1	28.78	337	208	32	418	741	968198	967248	8.3e-17	88.3
NCVOG0267-consensus	scaffold_28	29.97	317	188	34	418	718	247101	247988	1.8e-16	86.8
NCVOG0267-consensus	scaffold_1	28.30	477	277	65	273	718	630182	631503	4e-16	86.1
NCVOG0267-consensus	scaffold_6	27.85	596	367	63	287	870	974686	976301	2.5e-13	76.8
NCVOG0267-consensus	scaffold_1	26.14	440	249	76	320	687	1952120	1953418	5.8e-12	69.1
NCVOG0267-consensus	scaffold_27	30.10	515	311	49	234	733	120182	118747	6.9e-11	68.7
NCVOG4357-consensus	scaffold_17	34.26	537	287	66	5	487	370188	371759	2.1e-22	105.3
NCVOG0517-consensus	scaffold_1	28.46	253	167	14	89	337	1372061	1371336	5.1e-23	107.3
NCVOG0517-consensus	scaffold_9	29.50	261	154	30	77	331	177213	177920	1.8e-17	88.8
NCVOG0517-consensus	scaffold_1	26.78	183	123	11	128	304	284593	285117	4.7e-14	77.5
NCVOG0046-consensus	scaffold_6	53.85	78	32	4	8	83	21596	21372	1.5e-14	79.0
NCVOG0046-consensus	scaffold_4	53.97	63	28	1	11	72	981205	981390	3.5e-13	74.4
NCVOG0046-consensus	scaffold_9	50.00	74	33	4	9	78	378543	378761	2.6e-12	71.6
NCVOG0046-consensus	scaffold_9	53.97	63	28	1	8	69	439635	439450	4.2e-12	70.9
NCVOG0046-consensus	scaffold_1	41.41	99	51	7	3	95	1429707	1429417	1.3e-11	69.2
NCVOG1137-consensus	scaffold_25	39.88	163	90	8	2	158	279449	278974	1.7e-25	114.7
NCVOG0037-consensus	scaffold_23	47.11	1074	465	103	70	1042	214758	211554	1.8e-178	625.3
NCVOG0037-consensus	scaffold_3	46.54	1143	514	97	24	1073	335267	338676	1.3e-154	546.1
NCVOG0117-consensus	scaffold_1	29.74	195	124	13	325	508	1371932	1371357	1.1e-11	70.2
NCVOG0117-consensus	scaffold_9	29.85	201	119	22	358	536	177297	177894	5.3e-11	68.0
NCVOG0007-consensus	scaffold_18	34.56	379	213	35	20	363	127680	128813	8.4e-46	183.0
NCVOG1115-consensus	scaffold_1	40.33	305	166	16	118	409	1194889	1195791	3.2e-38	158.0
NCVOG0015-consensus	scaffold_54	28.85	156	106	5	90	240	18360	18824	7.9e-11	65.1
NCVOG0005-consensus	scaffold_1	31.51	219	140	10	56	268	1037302	1036661	1.2e-17	89.9
NCVOG0005-consensus	scaffold_6	24.50	302	215	13	41	335	242789	241905	1e-12	73.5
NCVOG0486-consensus	scaffold_27	30.00	380	212	54	40	381	135971	137057	7.1e-32	136.8
NCVOG0486-consensus	scaffold_25	26.96	408	236	62	2	362	169663	170838	9.8e-14	76.6
NCVOG0744-consensus	scaffold_1	31.47	537	295	73	43	516	365702	364125	2.3e-22	105.7
NCVOG0284-consensus	scaffold_4	29.81	322	169	57	27	311	769397	770295	2.2e-13	75.2
NCVOG0806-consensus	scaffold_8	45.15	443	215	28	21	447	221296	222585	3.2e-105	380.7
NCVOG0806-consensus	scaffold_2	31.87	433	222	73	74	447	353610	352363	2.3e-16	85.5
NCVOG4676-consensus	scaffold_37	28.97	252	160	19	67	311	57196	56480	5.2e-12	70.0
NCVOG2958-consensus	scaffold_6	33.98	206	108	28	78	255	361950	361338	1.4e-24	112.2
NCVOG2958-consensus	scaffold_4	33.81	139	89	3	129	264	150447	150860	1.6e-18	92.0
NCVOG0987-consensus	scaffold_5	32.60	181	96	26	161	325	593826	593317	1.5e-12	74.5
NCVOG0987-consensus	scaffold_22	35.77	137	69	19	145	276	94554	94189	9.8e-11	68.5
NCVOG0329-consensus	scaffold_4	31.42	226	134	21	1124	1331	36274	35613	4.8e-12	72.8
NCVOG0029-consensus	scaffold_18	34.74	498	300	25	15	493	80718	82184	1.1e-69	262.9
NCVOG0029-consensus	scaffold_3	28.27	375	204	65	160	484	505404	504332	4.3e-25	114.8
NCVOG0029-consensus	scaffold_53	28.64	419	184	115	123	426	13864	15113	4.9e-20	95.9
NCVOG0029-consensus	scaffold_9	28.64	419	184	115	123	426	111501	112750	2.1e-19	95.9
NCVOG0029-consensus	scaffold_1	23.60	356	231	41	41	365	1808953	1809987	1.2e-17	90.2
NCVOG0029-consensus	scaffold_5	23.67	338	231	27	26	344	403121	402141	2.6e-16	85.7
NCVOG0029-consensus	scaffold_4	30.95	210	131	14	147	344	255959	255343	1.2e-15	83.4
NCVOG0029-consensus	scaffold_19	27.69	130	92	2	238	365	25161	25547	4.3e-14	78.3
NCVOG0029-consensus	scaffold_51	20.62	514	341	67	19	484	19922	18451	9.5e-13	71.9
NCVOG0029-consensus	scaffold_4	22.78	360	237	41	26	348	500149	501207	7.1e-12	70.9
NCVOG0029-consensus	scaffold_27	23.59	195	127	22	221	412	26865	26343	8.9e-12	70.6
NCVOG0029-consensus	scaffold_25	24.24	425	275	47	32	429	254289	253090	2.7e-11	69.0
NCVOG4566-consensus	scaffold_9	26.53	245	165	15	259	500	177241	177932	5.6e-11	68.8
NCVOG4154-consensus	scaffold_60	31.65	158	93	15	140	292	20979	21419	1.6e-13	72.9
NCVOG4154-consensus	scaffold_13	33.33	147	87	11	125	260	116749	116312	3e-13	74.6
NCVOG4154-consensus	scaffold_19	31.39	137	87	7	124	253	50539	50132	3.8e-11	67.6
NCVOG1066-consensus	scaffold_6	35.98	164	85	20	4	162	694722	695165	1.4e-13	75.9
NCVOG1066-consensus	scaffold_6	30.14	209	120	26	4	201	667923	667345	6.6e-12	70.3
NCVOG1066-consensus	scaffold_38	27.68	336	178	65	4	325	8419	9270	9.3e-12	69.2
NCVOG1066-consensus	scaffold_45	28.27	336	175	66	4	325	25860	25012	2e-11	67.6
NCVOG1066-consensus	scaffold_42	26.44	329	190	52	4	325	18610	17762	8.4e-11	65.7
NCVOG4416-consensus	scaffold_1	30.36	168	116	1	95	262	403520	404017	3.9e-17	87.4
NCVOG4416-consensus	scaffold_5	26.59	173	126	1	99	271	1071126	1070614	1.5e-15	82.2
NCVOG4416-consensus	scaffold_5	25.00	180	129	6	97	271	1071866	1071333	1.6e-13	75.4
NCVOG4416-consensus	scaffold_2	23.89	180	136	1	94	273	1033596	1034129	1.3e-14	79.0
NCVOG4416-consensus	scaffold_7	33.96	106	68	2	156	260	829075	828768	3.2e-11	67.8
NCVOG1326-consensus	scaffold_34	42.38	151	73	14	8	147	65878	65438	5.7e-32	135.8
NCVOG1326-consensus	scaffold_1	48.84	129	46	20	42	150	680754	680371	4.1e-27	119.7
NCVOG1326-consensus	scaffold_18	37.81	201	71	54	2	150	35327	34738	8.8e-13	72.1
NCVOG0036-consensus	scaffold_19	42.50	120	61	8	82	193	87358	87002	5.4e-17	87.2
NCVOG1206-consensus	scaffold_19	35.95	153	89	9	32	176	177006	176558	1.3e-15	82.5
NCVOG0314-consensus	scaffold_1	43.90	82	45	1	24	104	1889692	1889450	6.9e-14	75.2
NCVOG0314-consensus	scaffold_28	41.46	82	47	1	24	104	70756	70514	4.8e-13	72.4
NCVOG0222-consensus	scaffold_1	23.25	314	227	14	192	496	1694950	1695869	5.1e-12	71.3
NCVOG0014-consensus	scaffold_20	25.43	232	167	6	130	355	249948	250636	4e-14	78.4
NCVOG0002-consensus	scaffold_2	32.19	497	303	34	332	818	955341	953926	5e-52	204.9
NCVOG0002-consensus	scaffold_30	35.46	454	264	29	332	774	132251	133549	3.3e-46	185.6
NCVOG0002-consensus	scaffold_5	18.78	394	301	19	421	810	733460	734593	1.7e-16	86.9
NCVOG0002-consensus	scaffold_18	31.76	85	58	0	679	763	262955	263206	1.8e-15	83.5
NCVOG0002-consensus	scaffold_14	24.26	272	154	52	332	555	172105	171305	8.4e-12	71.3
NCVOG0002-consensus	scaffold_7	30.00	120	80	4	656	771	222391	222037	3.4e-11	69.3
NCVOG1194-consensus	scaffold_16	56.86	51	21	1	62	111	428666	428519	5.2e-16	83.8
NCVOG1194-consensus	scaffold_2	37.60	125	68	10	14	131	753687	753329	8.5e-16	83.3
NCVOG1194-consensus	scaffold_11	36.79	106	56	11	62	159	560097	559794	1.1e-13	75.8
NCVOG0780-consensus	scaffold_37	24.83	290	184	34	111	374	92181	93023	5.4e-14	76.9
NCVOG0780-consensus	scaffold_37	25.36	209	133	23	157	345	90647	91257	1.6e-14	78.7
NCVOG0780-consensus	scaffold_37	26.15	218	127	34	110	297	91327	91961	5.4e-14	76.9
NCVOG4845-consensus	scaffold_1	32.20	177	113	7	138	310	1530964	1531482	5.5e-13	74.8
NCVOG2775-consensus	scaffold_37	30.18	434	274	29	163	574	57268	55997	3.6e-38	157.8
NCVOG2775-consensus	scaffold_3	38.05	226	136	4	204	425	293887	293213	6.3e-30	131.0
NCVOG2775-consensus	scaffold_8	37.11	159	99	1	230	387	46660	47133	5.3e-21	101.3
NCVOG2775-consensus	scaffold_6	31.67	221	133	18	199	415	277307	276694	2.7e-16	85.7
NCVOG2775-consensus	scaffold_3	30.26	195	110	26	163	334	684232	683660	5.9e-16	84.6
NCVOG2775-consensus	scaffold_9	35.38	277	164	15	140	403	569710	568891	9.2e-15	80.4
NCVOG2775-consensus	scaffold_9	34.81	316	173	33	86	396	572372	571514	1.5e-19	96.3
NCVOG2775-consensus	scaffold_9	26.80	291	174	39	164	434	568710	567898	2.7e-17	88.8
NCVOG2775-consensus	scaffold_1	29.27	205	132	13	211	402	275828	275217	5.1e-14	78.1
NCVOG2775-consensus	scaffold_5	39.58	96	55	3	191	284	265053	265334	7.5e-14	77.6
NCVOG2775-consensus	scaffold_1	36.50	137	79	8	208	336	484304	483897	2.4e-13	75.9
NCVOG2775-consensus	scaffold_6	33.15	178	112	7	201	372	872208	872735	2.9e-13	75.6
NCVOG2775-consensus	scaffold_14	35.64	101	60	5	224	324	193478	193194	1.2e-11	70.3
NCVOG2775-consensus	scaffold_27	32.79	247	160	6	175	416	265783	266517	5.2e-11	67.8
NCVOG2775-consensus	scaffold_15	32.79	247	160	6	175	416	431227	430493	6.6e-11	67.8
NCVOG2775-consensus	scaffold_5	29.67	246	157	16	182	423	1187724	1188416	9.7e-11	67.2
NCVOG0924-consensus	scaffold_6	34.27	178	99	18	3	165	781278	780757	8.6e-16	82.4
NCVOG0924-consensus	scaffold_2	32.83	198	112	21	3	181	547057	546473	9.1e-14	75.7
NCVOG0893-consensus	scaffold_10	31.52	479	219	109	107	480	368760	370173	3.3e-11	69.2
NCVOG0275-consensus	scaffold_1	38.93	131	75	5	7	133	1846459	1846845	2.3e-19	94.3
NCVOG0275-consensus	scaffold_1	51.22	82	40	0	7	88	1075417	1075175	2.2e-16	84.4
NCVOG0275-consensus	scaffold_14	30.65	124	83	3	45	167	286335	286697	2e-13	74.6
NCVOG0275-consensus	scaffold_6	35.94	64	41	0	54	117	336415	336227	3.1e-12	70.6
NCVOG0275-consensus	scaffold_11	35.71	84	53	1	39	121	68396	68644	8.2e-12	69.2
NCVOG0275-consensus	scaffold_17	28.46	130	90	3	35	163	274099	273721	3.9e-11	66.9
NCVOG0729-consensus	scaffold_7	40.83	529	281	32	2	513	606701	605163	4.2e-85	314.2
NCVOG4874-consensus	scaffold_12	44.63	363	185	16	13	365	160759	161826	2.3e-72	271.3
NCVOG4874-consensus	scaffold_13	46.20	342	163	21	30	366	403206	402232	7.7e-65	246.3
NCVOG4605-consensus	scaffold_12	23.89	586	393	53	4	554	156950	155268	2.1e-18	93.1
NCVOG4605-consensus	scaffold_14	29.91	321	198	27	202	503	2815	3742	3.8e-14	78.9
NCVOG4605-consensus	scaffold_55	27.38	431	262	51	5	414	6159	7344	4.1e-13	73.3
NCVOG4605-consensus	scaffold_25	23.12	532	355	54	224	725	214717	216237	5.7e-13	75.0
NCVOG4605-consensus	scaffold_10	22.99	748	492	84	8	727	325485	323419	1e-11	70.8
NCVOG4605-consensus	scaffold_36	23.89	720	468	80	50	727	121533	119517	1.3e-11	70.3
NCVOG4605-consensus	scaffold_18	26.17	428	256	60	110	526	97342	98475	4.7e-11	68.6
NCVOG4423-consensus	scaffold_5	31.78	214	137	9	15	225	1071973	1071357	7.4e-27	119.4
NCVOG4423-consensus	scaffold_5	34.59	159	103	1	68	225	1071111	1070638	6.8e-24	109.6
NCVOG4423-consensus	scaffold_2	35.85	159	101	1	68	225	1033896	1034369	3e-22	104.1
NCVOG4423-consensus	scaffold_2	33.33	135	90	0	81	215	1033488	1033889	1.8e-16	84.9
NCVOG4423-consensus	scaffold_14	35.81	148	94	1	79	225	429482	429922	5.2e-21	100.0
NCVOG4423-consensus	scaffold_14	35.66	143	92	0	83	225	426722	427147	5.2e-21	100.0
NCVOG4423-consensus	scaffold_14	33.99	153	94	7	74	225	430274	430709	4.9e-19	93.4
NCVOG4423-consensus	scaffold_1	33.10	145	97	0	81	225	403589	404020	6.3e-21	99.7
NCVOG4423-consensus	scaffold_40	34.75	141	92	0	80	220	30701	30282	1.6e-19	94.2
NCVOG4423-consensus	scaffold_7	36.17	141	89	1	80	219	829102	828687	6.7e-16	83.0
NCVOG5245-consensus	scaffold_31	66.67	42	14	0	118	159	51700	51822	2.9e-11	67.2
NCVOG4001-consensus	scaffold_5	28.91	460	244	83	42	464	1071965	1070731	2.4e-18	92.5
NCVOG4001-consensus	scaffold_9	30.34	267	142	44	80	311	569616	568846	1.1e-14	80.1
NCVOG0605-consensus	scaffold_7	34.59	185	111	10	254	437	640246	639726	7.1e-13	74.1
NCVOG0605-consensus	scaffold_20	28.31	219	134	23	255	472	6395	5808	3.5e-12	71.8
NCVOG2639-consensus	scaffold_2	34.92	126	72	10	20	138	554034	554399	1.4e-13	75.0
NCVOG2639-consensus	scaffold_4	35.48	124	70	10	20	136	641273	641632	3.8e-11	66.9
NCVOG1136-consensus	scaffold_25	52.73	311	121	26	193	479	96661	97584	2.6e-71	268.1
NCVOG0710-consensus	scaffold_40	29.12	182	124	5	128	308	30659	30131	6.5e-11	66.1
NCVOG0822-consensus	scaffold_37	27.97	236	150	20	64	298	57199	56552	3.3e-11	68.0
NCVOG0059-consensus	scaffold_5	31.28	243	150	17	121	350	535736	536441	1.1e-17	90.0
NCVOG1049-consensus	scaffold_6	25.27	368	214	61	4	322	197359	196299	5.3e-18	90.5
NCVOG1049-consensus	scaffold_7	26.07	326	203	38	23	322	383772	382834	8.5e-17	86.5
NCVOG1049-consensus	scaffold_3	29.30	355	190	61	7	314	329960	330977	1.6e-15	82.2
NCVOG1049-consensus	scaffold_1	25.81	372	221	55	4	324	196441	197525	3.9e-12	71.0
NCVOG4419-consensus	scaffold_5	26.72	378	249	28	59	415	1072094	1070989	2e-16	85.7
NCVOG4419-consensus	scaffold_40	27.98	218	151	6	170	381	30920	30270	2.4e-15	81.3
NCVOG4419-consensus	scaffold_2	26.79	336	229	17	71	391	1033488	1034486	1.1e-14	79.8
NCVOG4419-consensus	scaffold_1	28.15	238	158	13	185	414	403502	404195	1.3e-14	79.6
NCVOG1339-consensus	scaffold_23	33.06	245	145	19	14	255	286352	287035	4e-12	71.0
NCVOG4109-consensus	scaffold_40	27.32	205	129	20	164	362	30821	30258	7.9e-11	66.1
NCVOG0219-consensus	scaffold_4	36.36	165	97	8	462	623	36415	35939	2.6e-18	92.7
NCVOG4655-consensus	scaffold_60	25.95	343	216	38	18	337	20816	21784	2.2e-11	66.2
NCVOG1009-consensus	scaffold_29	24.57	350	249	15	39	376	39256	40291	2e-13	75.9
NCVOG1009-consensus	scaffold_6	25.48	365	249	23	8	362	1031852	1032898	6.3e-11	67.6
NCVOG0901-consensus	scaffold_3	48.02	202	79	26	5	180	1066145	1066747	6.2e-46	182.5
NCVOG2980-consensus	scaffold_5	29.17	480	293	47	14	472	561190	559836	2.4e-36	152.0
NCVOG1298-consensus	scaffold_8	27.55	363	224	39	232	576	115030	114008	4.9e-13	74.9
NCVOG1298-consensus	scaffold_15	22.80	329	236	18	247	571	79608	78667	5.7e-13	74.7
NCVOG4462-consensus	scaffold_3	36.52	178	101	12	99	273	293815	293312	5.1e-11	67.6
NCVOG0450-consensus	scaffold_12	40.20	301	142	38	119	396	343929	344783	5.7e-19	94.2
NCVOG0652-consensus	scaffold_11	34.39	346	211	16	85	422	431689	432699	1.7e-40	165.6
NCVOG4522-consensus	scaffold_4	39.85	271	108	55	218	433	287054	286261	8.7e-21	100.2
NCVOG4522-consensus	scaffold_2	25.67	300	194	29	35	331	621492	622310	8.6e-11	67.0
NCVOG1352-consensus	scaffold_12	39.29	140	73	12	59	191	83846	84247	5.9e-17	86.6
NCVOG4422-consensus	scaffold_2	26.00	300	201	21	48	332	1033599	1034477	6.5e-14	77.1
NCVOG4422-consensus	scaffold_14	26.20	187	134	4	57	240	430506	431060	3e-12	71.6
NCVOG4422-consensus	scaffold_5	23.64	275	178	32	61	329	1071188	1070449	4.3e-11	67.7
NCVOG0522-consensus	scaffold_3	44.74	76	40	2	162	236	261371	261592	4e-12	71.0
NCVOG5117-consensus	scaffold_5	28.15	405	238	53	741	1122	593270	594391	1.4e-19	98.1
NCVOG5117-consensus	scaffold_7	30.53	226	153	4	740	963	640519	639851	1.2e-17	91.7
NCVOG5117-consensus	scaffold_20	31.08	296	158	46	714	996	6500	5715	6.9e-17	89.2
NCVOG5117-consensus	scaffold_8	28.88	374	227	39	701	1039	448189	447089	1.1e-14	81.9
NCVOG5117-consensus	scaffold_5	30.88	272	174	14	727	992	826258	825470	4.7e-14	79.8
NCVOG5117-consensus	scaffold_1	28.12	345	185	63	697	985	1382362	1383372	4e-12	73.4
NCVOG5117-consensus	scaffold_6	28.03	239	153	19	776	1000	213694	214392	3.1e-11	70.4
NCVOG5117-consensus	scaffold_14	33.98	256	133	36	782	1012	357722	358447	5.9e-11	69.5
NCVOG0052-consensus	scaffold_13	42.86	98	52	4	35	131	117564	117841	1.7e-15	81.7
NCVOG0052-consensus	scaffold_24	35.14	111	64	8	34	144	186696	187001	1.6e-14	78.5
NCVOG4122-consensus	scaffold_5	36.58	380	236	5	89	463	1071692	1070560	1.2e-52	206.1
NCVOG4122-consensus	scaffold_5	41.41	128	70	5	322	444	1072076	1071696	3.9e-17	88.2
NCVOG4122-consensus	scaffold_2	36.24	356	223	4	92	443	1033503	1034567	7e-36	150.4
NCVOG4122-consensus	scaffold_1	33.96	265	168	7	118	378	403502	404282	3.5e-28	124.8
NCVOG4122-consensus	scaffold_40	33.33	255	163	7	106	353	30911	30150	2e-24	111.6
NCVOG4122-consensus	scaffold_14	35.28	394	239	16	85	471	429482	430631	9.5e-24	110.1
NCVOG4122-consensus	scaffold_14	31.74	293	178	22	194	467	426375	427237	9.5e-24	110.1
NCVOG4122-consensus	scaffold_7	35.62	146	93	1	114	258	829108	828678	3.1e-16	85.2
NCVOG4022-consensus	scaffold_15	33.59	131	83	4	91	221	338088	337711	5.1e-14	77.3
NCVOG1200-consensus	scaffold_46	28.12	160	110	5	188	347	58727	58266	5.5e-13	73.8
NCVOG1200-consensus	scaffold_23	35.64	101	63	2	188	287	313320	313028	2.1e-12	69.8
NCVOG1200-consensus	scaffold_17	33.33	93	62	0	188	280	410972	410697	1.6e-11	69.8
NCVOG0032-consensus	scaffold_10	26.16	864	477	161	63	822	261018	263435	1.3e-22	107.3
NCVOG0032-consensus	scaffold_1	27.49	764	357	197	255	830	1084075	1081828	6.9e-22	104.9
NCVOG0032-consensus	scaffold_19	30.07	459	234	87	284	665	101207	99864	9.1e-20	97.8
NCVOG0032-consensus	scaffold_19	37.21	172	100	8	677	845	99208	98715	2.5e-16	86.4
NCVOG0032-consensus	scaffold_11	26.40	606	325	121	257	829	277922	276378	5.2e-18	92.0
NCVOG0032-consensus	scaffold_20	25.30	577	314	117	286	843	305848	304421	5.5e-18	90.8
NCVOG0032-consensus	scaffold_34	25.71	560	295	121	285	829	100912	102270	2e-17	90.1
NCVOG0032-consensus	scaffold_1	29.85	670	320	150	271	834	623258	621388	3.9e-17	89.1
NCVOG0032-consensus	scaffold_14	25.00	908	518	163	21	882	199260	201623	4.6e-17	88.8
NCVOG0032-consensus	scaffold_19	27.29	601	352	85	287	823	15362	17074	7.6e-17	88.1
NCVOG0032-consensus	scaffold_20	26.79	642	324	146	222	814	174139	172508	1.8e-16	86.9
NCVOG0032-consensus	scaffold_31	30.99	171	111	7	678	847	57443	56952	2.5e-16	86.4
NCVOG0032-consensus	scaffold_1	28.55	543	292	96	286	813	1754887	1753511	6.8e-16	85.0
NCVOG0032-consensus	scaffold_9	23.76	665	364	143	197	837	435964	437592	1.9e-15	83.5
NCVOG0032-consensus	scaffold_7	26.15	650	374	106	257	886	369654	371336	2.2e-15	83.3
NCVOG0032-consensus	scaffold_21	28.30	212	140	12	680	881	50071	49445	1e-14	81.1
NCVOG0032-consensus	scaffold_9	30.57	350	200	43	307	643	83590	82640	9.5e-13	74.5
NCVOG0032-consensus	scaffold_9	29.82	171	107	13	679	845	80953	80471	9.5e-13	74.5
NCVOG0032-consensus	scaffold_18	24.61	764	390	186	136	847	130617	132503	1.1e-12	74.3
NCVOG0302-consensus	scaffold_26	29.18	329	180	53	255	535	59092	60058	8.6e-18	90.6
NCVOG0302-consensus	scaffold_18	30.86	175	119	2	2	176	375209	374694	1.3e-16	86.2
NCVOG0302-consensus	scaffold_29	33.62	232	136	18	266	480	63827	64516	7.8e-16	84.1
NCVOG0302-consensus	scaffold_1	30.35	313	182	36	263	544	537413	538333	9e-15	80.5
NCVOG0302-consensus	scaffold_4	23.53	289	179	42	256	534	43350	42583	7.1e-14	77.5
NCVOG0302-consensus	scaffold_6	35.66	143	83	9	267	403	783371	782955	1.5e-13	76.5
NCVOG0302-consensus	scaffold_6	27.21	272	182	16	197	456	404093	403293	2.2e-13	75.9
NCVOG0302-consensus	scaffold_51	30.21	192	125	9	256	443	13466	14023	2.6e-13	73.7
NCVOG0302-consensus	scaffold_1	29.12	285	170	32	267	529	1391828	1392643	2.7e-13	75.6
NCVOG0302-consensus	scaffold_14	27.24	301	181	38	250	527	266740	267594	9.9e-13	73.8
NCVOG0302-consensus	scaffold_10	31.43	140	88	8	352	486	162543	162136	3.5e-11	68.6
NCVOG0012-consensus	scaffold_5	31.54	447	230	76	85	481	594384	593131	6.1e-24	110.9
NCVOG0012-consensus	scaffold_20	54.69	128	40	18	300	412	6043	6414	9.1e-21	100.3
NCVOG0012-consensus	scaffold_20	38.92	167	93	9	230	390	148013	148499	1.3e-13	76.5
NCVOG0012-consensus	scaffold_22	47.32	112	49	10	305	408	94515	94189	3e-19	95.3
NCVOG0012-consensus	scaffold_8	44.88	127	60	10	297	415	447390	447761	4e-19	94.9
NCVOG0012-consensus	scaffold_2	38.82	170	86	18	231	393	1074714	1075183	3.4e-17	88.4
NCVOG0012-consensus	scaffold_5	29.48	407	231	56	79	464	1057040	1058136	7.7e-17	87.3
NCVOG0012-consensus	scaffold_7	37.04	216	114	22	300	499	639793	640411	3.4e-16	85.1
NCVOG0012-consensus	scaffold_7	50.83	120	43	16	305	414	650757	651095	3.4e-15	81.8
NCVOG0012-consensus	scaffold_1	34.78	207	126	9	298	499	1763318	1763921	1e-15	83.6
NCVOG0012-consensus	scaffold_13	51.81	83	32	8	331	413	487436	487657	1e-15	82.0
NCVOG0012-consensus	scaffold_6	32.19	351	187	51	85	414	1032158	1033093	1.3e-15	83.2
NCVOG0012-consensus	scaffold_17	37.66	154	83	13	244	388	215297	214853	1.5e-15	83.0
NCVOG0012-consensus	scaffold_7	25.45	444	285	46	16	422	207945	206662	5.9e-15	81.0
NCVOG0012-consensus	scaffold_14	33.59	259	126	46	211	423	358602	357829	6.7e-15	80.8
NCVOG0012-consensus	scaffold_1	37.13	202	96	31	284	454	1520848	1521438	6.7e-15	80.8
NCVOG0012-consensus	scaffold_6	35.37	147	91	4	287	430	214352	213918	3e-14	78.7
NCVOG0012-consensus	scaffold_21	33.73	166	100	10	282	439	212469	212951	3.9e-14	78.3
NCVOG0012-consensus	scaffold_5	34.08	223	118	29	302	499	558931	559578	4.4e-14	78.1
NCVOG0012-consensus	scaffold_13	26.04	457	284	54	8	428	422665	421382	4.4e-14	78.1
NCVOG0012-consensus	scaffold_3	39.47	152	76	16	287	432	1035237	1034815	5.8e-14	77.7
NCVOG0012-consensus	scaffold_2	30.58	206	131	12	210	408	123149	122552	1.7e-13	76.2
NCVOG0012-consensus	scaffold_1	34.09	176	103	13	274	436	1955116	1955636	2.5e-13	72.4
NCVOG0012-consensus	scaffold_33	46.41	153	72	10	285	427	18515	18070	5.1e-13	74.6
NCVOG0012-consensus	scaffold_29	45.00	100	51	4	321	417	49177	49466	1.1e-12	73.4
NCVOG0012-consensus	scaffold_1	30.02	443	220	90	95	492	1383782	1382604	1.1e-12	73.4
NCVOG0012-consensus	scaffold_6	35.16	128	73	10	285	403	21022	21399	1.3e-12	73.2
NCVOG0012-consensus	scaffold_28	37.78	135	63	21	305	418	98033	97634	1.7e-12	72.8
NCVOG0012-consensus	scaffold_60	37.66	154	75	21	305	437	2077	1625	2.8e-12	69.5
NCVOG0012-consensus	scaffold_32	35.54	121	72	6	290	404	40947	40592	2.9e-12	72.1
NCVOG0012-consensus	scaffold_6	39.64	111	56	11	318	426	525636	525938	4.4e-12	71.5
NCVOG0012-consensus	scaffold_18	28.30	318	150	78	106	413	256541	255803	5.8e-12	71.1
NCVOG0012-consensus	scaffold_3	48.19	83	36	7	294	375	322629	322854	7.5e-12	70.7
NCVOG0012-consensus	scaffold_11	41.94	124	64	8	299	414	90312	89944	1.1e-11	70.1
NCVOG0012-consensus	scaffold_1	34.76	164	94	13	278	436	214083	213623	1.5e-11	69.7
NCVOG0012-consensus	scaffold_8	35.75	179	97	18	219	385	829749	829236	1.5e-11	69.5
NCVOG0012-consensus	scaffold_40	46.49	114	46	15	312	412	18487	18809	1.9e-11	68.6
NCVOG0012-consensus	scaffold_18	45.79	107	52	6	297	399	395836	395525	2.4e-11	68.6
NCVOG0012-consensus	scaffold_55	47.57	103	39	15	309	403	13249	13523	2.5e-11	66.8
NCVOG0012-consensus	scaffold_5	38.78	147	66	24	315	439	974329	974752	2.9e-11	68.7
NCVOG0012-consensus	scaffold_31	38.02	121	69	6	320	439	101072	101416	2.9e-11	68.7
NCVOG0012-consensus	scaffold_46	41.38	116	57	11	305	413	51992	52324	4.4e-11	66.8
NCVOG0012-consensus	scaffold_54	33.33	189	109	17	231	408	11739	11204	6.4e-11	65.4
NCVOG0012-consensus	scaffold_6	35.29	153	69	30	303	429	311792	311353	9.8e-11	67.0
NCVOG0603-consensus	scaffold_15	32.67	450	248	55	15	425	219473	220771	2.9e-25	115.1
NCVOG1127-consensus	scaffold_2	27.85	219	149	9	58	267	276413	275764	1.3e-18	93.4
NCVOG0868-consensus	scaffold_2	61.11	72	26	2	153	222	753619	753407	4.8e-20	97.5
NCVOG0868-consensus	scaffold_1	51.56	64	29	2	160	222	1955275	1955460	4.3e-12	67.9
NCVOG0868-consensus	scaffold_1	49.12	57	29	0	164	220	722223	722390	7.6e-12	70.3
NCVOG0868-consensus	scaffold_15	45.45	77	41	1	151	227	42780	43004	9e-12	70.0
NCVOG0868-consensus	scaffold_36	37.50	96	57	3	160	253	76227	76508	4.1e-11	67.7
NCVOG0868-consensus	scaffold_25	48.57	70	33	3	176	244	281326	281522	7.6e-11	67.0
NCVOG0985-consensus	scaffold_1	27.21	555	278	126	59	497	394054	395683	2.1e-12	72.6
NCVOG1188-consensus	scaffold_5	41.03	156	78	14	55	204	825435	825875	3.4e-13	74.3
NCVOG0188-consensus	scaffold_2	73.17	41	11	0	754	794	753514	753395	4.8e-11	68.7
NCVOG2900-consensus	scaffold_40	34.27	178	117	0	7	184	30782	30252	1.7e-27	120.7
NCVOG2900-consensus	scaffold_2	33.49	209	135	4	7	214	1033854	1034468	8.3e-27	119.2
NCVOG2900-consensus	scaffold_2	34.58	107	70	0	49	155	1033530	1033847	4e-15	80.4
NCVOG2900-consensus	scaffold_5	32.62	187	126	0	7	193	1071063	1070506	2.5e-24	110.9
NCVOG2900-consensus	scaffold_5	29.32	191	130	5	7	192	1071887	1071318	2.7e-21	100.8
NCVOG2900-consensus	scaffold_14	33.51	185	122	1	10	193	429503	430054	7.5e-23	106.0
NCVOG2900-consensus	scaffold_14	31.84	179	118	4	2	179	430539	431063	2.3e-20	97.8
NCVOG2900-consensus	scaffold_14	25.94	212	151	6	3	212	426614	427234	2e-16	84.6
NCVOG2900-consensus	scaffold_14	33.33	144	92	4	45	187	430061	430480	7.3e-16	82.8
NCVOG2900-consensus	scaffold_14	32.81	128	83	3	47	174	426180	426551	2.7e-14	77.6
NCVOG2900-consensus	scaffold_1	28.34	187	134	0	7	193	403505	404062	8.1e-20	95.9
NCVOG0190-consensus	scaffold_6	38.60	114	65	5	182	290	1032767	1033105	3.1e-16	85.3
NCVOG0190-consensus	scaffold_11	43.01	93	44	9	162	254	560172	559924	3.2e-15	81.5
NCVOG0190-consensus	scaffold_2	50.00	90	37	8	182	269	753613	753365	1.4e-13	76.5
NCVOG0190-consensus	scaffold_32	30.15	272	150	40	182	424	92953	93716	2.7e-13	75.5
NCVOG0190-consensus	scaffold_5	33.88	121	73	7	178	291	593625	593266	2e-12	72.7
NCVOG0190-consensus	scaffold_2	42.86	98	38	18	197	290	483695	483941	5.3e-12	71.3
NCVOG0190-consensus	scaffold_1	31.22	205	125	16	157	356	1955197	1955771	5.8e-12	67.9
NCVOG0190-consensus	scaffold_53	29.05	148	91	14	156	296	8898	8479	8.9e-12	68.4
NCVOG0190-consensus	scaffold_14	29.95	217	115	37	162	351	358284	357667	1e-11	70.3
NCVOG0190-consensus	scaffold_5	28.83	222	106	52	164	340	558850	559489	1e-11	70.3
NCVOG0190-consensus	scaffold_5	35.14	111	65	7	182	288	1057759	1058077	1.2e-11	70.1
NCVOG0190-consensus	scaffold_8	29.93	147	84	19	183	310	447462	447899	2e-11	69.4
NCVOG0190-consensus	scaffold_36	40.74	81	42	6	186	265	76224	76448	2.4e-11	68.9
NCVOG0190-consensus	scaffold_7	30.99	171	107	11	122	289	650579	651062	3.2e-11	68.6
NCVOG0190-consensus	scaffold_1	37.82	119	61	13	177	288	1520884	1521211	3.2e-11	68.6
NCVOG0190-consensus	scaffold_9	29.05	148	91	14	156	296	106537	106118	3.8e-11	68.4
NCVOG2977-consensus	scaffold_18	28.31	166	105	14	27	184	8216	8692	8.3e-13	72.7
NCVOG2977-consensus	scaffold_27	29.60	125	83	5	58	179	176251	175886	1.1e-12	72.0
NCVOG2977-consensus	scaffold_60	27.18	103	73	2	88	188	21000	21305	4.4e-12	67.7
NCVOG2977-consensus	scaffold_11	24.72	178	116	18	20	189	384884	384384	2.1e-11	68.0
NCVOG0025-consensus	scaffold_27	28.12	448	246	76	119	500	27763	26455	2.9e-25	115.3
NCVOG0025-consensus	scaffold_51	25.71	389	253	36	112	491	19895	18813	7.4e-25	112.0
NCVOG0025-consensus	scaffold_14	35.26	173	105	7	350	521	12	509	1e-21	103.5
NCVOG0025-consensus	scaffold_1	29.84	429	221	80	111	515	1339389	1338278	8.4e-21	100.5
NCVOG0025-consensus	scaffold_6	24.69	401	259	43	105	486	527600	526475	2.1e-19	95.8
NCVOG0025-consensus	scaffold_4	24.50	404	266	39	112	508	500149	501261	2.6e-19	95.6
NCVOG0025-consensus	scaffold_3	25.13	390	235	57	104	487	437988	439001	3.6e-17	88.4
NCVOG0025-consensus	scaffold_30	25.28	439	284	44	67	491	63563	62352	1.1e-16	86.8
NCVOG0025-consensus	scaffold_13	27.50	400	233	57	112	505	67265	68302	1.6e-16	86.2
NCVOG0025-consensus	scaffold_29	24.30	465	289	63	44	501	134034	132811	2.4e-16	85.7
NCVOG0025-consensus	scaffold_19	24.81	403	257	46	105	486	24356	25484	2.9e-16	85.4
NCVOG0025-consensus	scaffold_1	26.32	418	259	49	102	491	1812223	1813398	3.5e-16	85.1
NCVOG0025-consensus	scaffold_1	25.42	421	244	70	113	518	1808911	1810005	1.7e-17	89.5
NCVOG0025-consensus	scaffold_5	24.76	416	255	58	78	487	403222	402138	4.1e-14	78.3
NCVOG0025-consensus	scaffold_1	24.71	429	256	67	74	481	1399456	1400597	2.7e-13	75.5
NCVOG0025-consensus	scaffold_25	23.55	467	296	61	65	521	254451	253207	8.5e-13	73.9
NCVOG0025-consensus	scaffold_4	23.96	434	241	89	112	487	1228111	1226914	2.3e-12	71.2
NCVOG0025-consensus	scaffold_11	31.31	99	64	4	413	509	165124	165411	6.7e-11	67.6
NCVOG0271-consensus	scaffold_8	43.67	1200	525	151	99	1156	685716	682157	8.5e-70	264.4
NCVOG0271-consensus	scaffold_15	36.46	1226	643	136	28	1157	355653	359199	2.8e-68	259.4
NCVOG0271-consensus	scaffold_15	37.14	420	234	30	741	1153	4882	6057	3.9e-25	116.1
NCVOG0271-consensus	scaffold_5	28.89	1201	684	170	84	1153	117060	120532	4e-24	112.7
NCVOG0651-consensus	scaffold_8	26.06	188	103	36	9	170	275066	275590	2.4e-11	67.6
NCVOG4597-consensus	scaffold_3	29.37	286	147	55	177	453	277421	278133	8.7e-12	70.5
NCVOG0078-consensus	scaffold_7	46.97	132	61	9	46	177	69977	69612	4.6e-16	83.7
NCVOG0078-consensus	scaffold_22	54.64	97	42	2	102	196	212261	212548	5.2e-15	80.2
NCVOG4568-consensus	scaffold_1	44.07	236	116	16	236	466	1372188	1371525	1.1e-15	83.4
NCVOG4568-consensus	scaffold_60	39.92	238	116	27	222	443	21650	20981	1.8e-13	73.5
NCVOG0061-consensus	scaffold_3	29.55	538	298	81	76	541	1233643	1232064	3.5e-12	71.9
NCVOG5301-consensus	scaffold_5	26.81	675	411	83	54	680	1072259	1070347	2e-12	73.2
NCVOG1451-consensus	scaffold_4	30.20	245	154	17	590	830	21284	21976	2.5e-11	69.8
NCVOG0451-consensus	scaffold_2	38.72	297	174	8	117	413	1033509	1034372	1e-53	209.5
NCVOG0451-consensus	scaffold_5	37.50	272	162	8	127	393	1071938	1071135	9.7e-46	183.0
NCVOG0451-consensus	scaffold_5	37.08	240	148	3	127	366	1071114	1070407	7.1e-40	163.5
NCVOG0451-consensus	scaffold_40	40.00	245	145	2	135	379	30899	30174	3.8e-42	170.3
NCVOG0451-consensus	scaffold_1	39.49	276	157	10	105	379	403484	404279	2e-36	152.1
NCVOG0451-consensus	scaffold_14	40.77	260	147	7	124	382	429524	430282	4e-36	151.0
NCVOG0451-consensus	scaffold_14	36.08	255	151	12	129	382	430346	431072	2.2e-38	158.6
NCVOG0451-consensus	scaffold_14	38.10	294	161	21	124	402	426180	427036	4e-36	151.0
NCVOG0451-consensus	scaffold_7	33.46	260	153	20	72	313	829444	828678	7.2e-21	100.4
NCVOG0451-consensus	scaffold_27	30.39	204	121	21	138	321	265846	266451	1.1e-13	76.2
NCVOG0451-consensus	scaffold_15	30.39	204	121	21	138	321	431164	430559	1.3e-13	76.2
NCVOG0541-consensus	scaffold_4	30.23	258	161	19	2	245	504307	503552	3.2e-11	67.9
NCVOG0967-consensus	scaffold_41	20.30	734	534	51	74	774	39155	41299	1.2e-13	76.8
NCVOG4421-consensus	scaffold_2	47.73	88	46	0	81	168	1033749	1034009	1.1e-15	81.9
NCVOG4421-consensus	scaffold_5	42.42	99	55	2	68	166	1071111	1070824	3e-15	80.4
NCVOG4421-consensus	scaffold_5	44.44	81	45	0	85	165	1070796	1070557	1.7e-13	74.6
NCVOG4421-consensus	scaffold_14	45.24	84	46	0	83	166	429485	429733	4.2e-15	79.9
NCVOG4421-consensus	scaffold_1	40.24	82	49	0	85	166	403772	404014	4.7e-13	73.1
NCVOG4421-consensus	scaffold_40	44.32	88	49	0	81	168	30617	30357	1.1e-12	71.2
NCVOG4421-consensus	scaffold_7	39.60	101	55	6	71	165	828977	828678	2.2e-12	71.0
NCVOG1351-consensus	scaffold_1	31.20	343	172	64	137	428	433518	432532	7.5e-21	100.7
NCVOG1351-consensus	scaffold_3	28.17	355	160	95	101	360	852008	853065	8e-12	70.7
NCVOG1351-consensus	scaffold_1	24.94	429	245	77	33	408	832522	833727	2.2e-11	69.3
NCVOG4241-consensus	scaffold_20	35.10	151	93	5	6	153	65929	65486	1.1e-17	88.6
NCVOG0531-consensus	scaffold_7	23.81	231	156	20	8	218	30213	30902	9.8e-12	70.1
NCVOG0531-consensus	scaffold_28	24.14	232	155	21	8	218	39310	40000	5.9e-11	67.6
NCVOG4121-consensus	scaffold_5	23.43	239	167	16	72	297	1072165	1071465	2.5e-11	68.3
NCVOG4111-consensus	scaffold_5	29.63	162	112	2	117	276	1071030	1070548	3.3e-18	91.1
NCVOG4111-consensus	scaffold_2	28.40	169	113	8	117	278	1033887	1034387	4.7e-14	77.4
NCVOG4111-consensus	scaffold_2	31.82	110	72	3	140	246	1033503	1033829	1.7e-13	75.5
NCVOG4111-consensus	scaffold_1	26.49	185	129	7	117	297	403718	404258	9.7e-13	73.0
NCVOG4111-consensus	scaffold_7	30.00	130	88	3	117	243	829060	828678	1.9e-12	72.1
NCVOG4111-consensus	scaffold_40	23.60	178	131	5	117	290	30659	30132	7.6e-12	69.2
NCVOG4111-consensus	scaffold_14	25.49	102	75	1	146	246	430497	430799	6e-11	67.1
NCVOG4111-consensus	scaffold_14	26.28	137	98	3	117	250	429707	430114	6e-11	67.1
NCVOG0301-consensus	scaffold_26	27.64	322	179	54	264	535	59110	60058	6.4e-18	91.0
NCVOG0301-consensus	scaffold_1	27.85	316	192	36	252	537	537380	538306	3.3e-15	82.0
NCVOG0301-consensus	scaffold_10	29.67	182	117	11	326	499	162624	162091	5.5e-15	81.2
NCVOG0301-consensus	scaffold_6	30.34	145	96	5	261	404	138660	139079	2.6e-14	79.0
NCVOG0301-consensus	scaffold_34	27.02	248	140	41	263	477	120722	120006	3.1e-14	78.7
NCVOG0301-consensus	scaffold_29	31.40	242	146	20	257	480	63800	64516	5.3e-14	78.0
NCVOG0301-consensus	scaffold_1	29.05	296	180	30	267	539	1391828	1392691	6.3e-14	77.7
NCVOG0301-consensus	scaffold_14	29.63	216	139	13	257	466	266761	267384	5e-13	74.7
NCVOG0301-consensus	scaffold_51	30.46	197	126	11	263	454	13487	14056	8.8e-13	72.0
NCVOG0301-consensus	scaffold_4	28.14	334	182	58	254	541	495608	496568	9.6e-12	70.5
NCVOG0021-consensus	scaffold_11	27.76	389	253	28	211	581	85672	84547	7.5e-16	85.0
NCVOG0021-consensus	scaffold_8	25.83	422	268	45	479	874	447754	446549	1.9e-12	73.7
NCVOG0021-consensus	scaffold_20	25.44	342	240	15	81	415	6603	5607	3.1e-12	73.0
NCVOG0021-consensus	scaffold_5	32.33	266	149	31	510	756	593192	593950	6e-11	68.7
NCVOG2860-consensus	scaffold_1	32.17	258	168	7	81	335	403505	404261	3.1e-25	114.7
NCVOG2860-consensus	scaffold_2	31.71	246	165	3	123	365	1033530	1034264	3.2e-24	111.4
NCVOG2860-consensus	scaffold_5	33.83	269	174	4	71	335	1071361	1070566	5.2e-22	104.0
NCVOG2860-consensus	scaffold_5	34.82	224	139	7	90	306	1072040	1071372	6.3e-14	77.2
NCVOG2860-consensus	scaffold_40	33.93	224	145	3	114	334	30863	30195	8.1e-22	102.6
NCVOG2860-consensus	scaffold_14	29.59	294	196	11	80	366	429582	430444	5.4e-14	77.4
NCVOG2860-consensus	scaffold_14	35.42	192	118	6	120	308	430491	431054	3.2e-20	98.1
NCVOG2860-consensus	scaffold_14	30.77	195	131	4	118	308	426647	427228	2.8e-14	78.4
NCVOG2860-consensus	scaffold_7	36.84	171	100	8	146	308	829183	828678	1e-11	69.8
NCVOG0001-consensus	scaffold_11	44.06	286	139	21	320	600	167837	167031	1.1e-44	180.2
NCVOG0001-consensus	scaffold_11	35.83	240	127	27	331	557	287257	286583	5.6e-25	114.6
NCVOG0001-consensus	scaffold_1	44.40	232	117	12	333	554	304379	305065	5.6e-42	171.1
NCVOG0001-consensus	scaffold_25	40.85	235	121	18	328	555	6046	5378	1.1e-36	153.5
NCVOG0001-consensus	scaffold_21	42.00	250	126	19	320	562	160908	160198	1e-30	133.7
NCVOG0001-consensus	scaffold_21	37.45	267	150	17	306	566	160057	159293	4.4e-38	158.2
NCVOG0001-consensus	scaffold_1	42.40	250	125	19	320	562	1656653	1655943	6.5e-30	131.0
NCVOG0001-consensus	scaffold_1	36.24	287	163	20	308	588	1655787	1654972	5.3e-38	157.9
NCVOG0001-consensus	scaffold_3	38.69	274	146	22	333	595	819171	819950	8.1e-27	120.8
NCVOG0001-consensus	scaffold_3	39.73	219	124	8	337	555	793512	792883	5.2e-26	118.1
NCVOG0001-consensus	scaffold_3	38.70	261	133	27	328	576	792765	792031	4.1e-32	138.4
NCVOG0001-consensus	scaffold_25	37.73	273	152	18	288	556	52437	53210	2e-25	116.1
NCVOG0001-consensus	scaffold_25	38.55	262	139	22	313	563	53466	54215	5.9e-34	144.5
NCVOG0001-consensus	scaffold_25	33.04	230	135	19	353	574	229713	230366	2.6e-24	112.4
NCVOG0001-consensus	scaffold_15	39.92	243	119	27	329	555	329044	329736	6e-24	111.2
NCVOG0001-consensus	scaffold_2	33.89	298	176	21	288	581	944476	945315	1.9e-21	102.9
NCVOG0001-consensus	scaffold_2	29.44	360	199	55	225	555	943462	944460	5.2e-26	118.1
NCVOG0001-consensus	scaffold_2	32.73	275	149	36	305	553	1320076	1319293	1.3e-19	96.8
NCVOG0001-consensus	scaffold_1	33.44	302	154	47	333	606	1910521	1909680	3.6e-19	95.3
NCVOG0001-consensus	scaffold_2	37.34	233	128	18	337	565	58171	57518	2.8e-18	92.4
NCVOG0001-consensus	scaffold_24	41.85	270	109	48	363	603	206553	205806	1.5e-17	90.0
NCVOG4616-consensus	scaffold_1	29.11	213	143	8	215	426	1371959	1371345	1.9e-12	72.7
NCVOG2058-consensus	scaffold_2	40.52	306	182	0	94	399	1033530	1034444	8.3e-41	166.6
NCVOG2058-consensus	scaffold_5	42.33	326	181	7	46	370	1071422	1070470	8.2e-40	163.3
NCVOG2058-consensus	scaffold_5	43.12	218	119	5	109	321	1072076	1071426	3.1e-20	98.2
NCVOG2058-consensus	scaffold_1	42.97	256	141	5	91	345	403532	404282	4.5e-32	137.5
NCVOG2058-consensus	scaffold_40	41.15	243	142	1	103	344	30899	30174	1.3e-28	125.2
NCVOG2058-consensus	scaffold_14	37.46	299	174	13	92	386	430238	431102	8.8e-23	106.7
NCVOG2058-consensus	scaffold_14	36.24	298	172	18	92	374	426360	427237	8.8e-23	106.7
NCVOG2058-consensus	scaffold_14	39.39	231	139	1	111	340	429491	430180	1.1e-20	99.7
NCVOG2058-consensus	scaffold_7	47.18	142	74	1	201	341	829096	828678	1.1e-17	89.8
NCVOG4418-consensus	scaffold_40	30.51	177	115	8	181	349	30701	30174	4.4e-14	77.1
NCVOG4418-consensus	scaffold_2	27.84	176	120	7	181	349	1033845	1034369	5.2e-14	77.7
NCVOG4418-consensus	scaffold_5	22.77	325	226	25	44	344	1071527	1070563	1.1e-13	76.6
NCVOG4418-consensus	scaffold_1	24.50	200	144	7	160	352	403433	404029	2.1e-11	69.0
NCVOG4418-consensus	scaffold_7	33.81	139	87	5	217	350	829075	828666	3.6e-11	68.2
NCVOG0066-consensus	scaffold_8	32.38	488	260	70	37	466	359293	357883	3.6e-13	75.4
NCVOG0038-consensus	scaffold_3	38.04	899	493	64	92	970	1228822	1226261	1.4e-61	237.1
NCVOG0038-consensus	scaffold_14	26.81	731	451	84	242	922	313953	316036	1.8e-35	150.3
NCVOG0228-consensus	scaffold_1	28.87	665	404	69	288	921	553581	551706	5.5e-44	178.3
NCVOG0228-consensus	scaffold_7	33.33	615	358	52	309	893	725917	727692	3e-23	109.4
NCVOG0280-consensus	scaffold_30	23.01	1143	774	106	484	1567	39773	43033	3.7e-20	100.2
NCVOG0280-consensus	scaffold_24	21.85	1048	732	87	646	1662	191814	188842	2.5e-12	74.1
NCVOG0218-consensus	scaffold_5	34.18	591	309	80	351	868	594998	593272	2.3e-52	206.4
NCVOG0218-consensus	scaffold_6	36.24	436	241	37	530	943	1032038	1033283	7.1e-45	181.6
NCVOG0218-consensus	scaffold_5	31.28	569	344	47	354	896	1056472	1058098	3e-39	162.9
NCVOG0218-consensus	scaffold_5	26.28	567	373	45	576	1112	1049621	1051241	1.7e-14	80.7
NCVOG0218-consensus	scaffold_7	29.96	534	326	48	400	905	639783	638253	1.9e-37	156.9
NCVOG0218-consensus	scaffold_5	41.69	295	151	21	620	898	825510	826376	5.5e-35	148.7
NCVOG0218-consensus	scaffold_13	30.83	652	348	103	343	896	423109	421214	3.3e-34	146.1
NCVOG0218-consensus	scaffold_20	43.93	280	127	30	636	893	5596	6408	2.5e-31	136.6
NCVOG0218-consensus	scaffold_20	33.57	283	174	14	634	903	90420	91256	1.4e-24	114.1
NCVOG0218-consensus	scaffold_20	37.63	194	102	19	600	784	147951	148499	4.9e-21	102.4
NCVOG0218-consensus	scaffold_1	38.06	268	150	16	643	900	1520890	1521664	2.2e-30	133.4
NCVOG0218-consensus	scaffold_8	32.80	375	210	42	407	752	446802	447882	2.2e-30	133.4
NCVOG0218-consensus	scaffold_12	26.53	573	353	68	359	870	156794	155106	2.5e-27	123.3
NCVOG0218-consensus	scaffold_12	31.43	280	180	12	638	908	193451	192628	8.8e-17	88.2
NCVOG0218-consensus	scaffold_11	32.10	514	306	43	358	849	84546	85993	7.6e-27	121.7
NCVOG0218-consensus	scaffold_6	39.52	210	117	10	674	873	214292	213666	5.3e-26	118.9
NCVOG0218-consensus	scaffold_1	30.80	461	261	58	427	848	1383785	1382475	1.8e-25	117.1
NCVOG0218-consensus	scaffold_14	31.83	531	311	51	386	891	440745	439276	2.5e-24	113.3
NCVOG0218-consensus	scaffold_14	28.34	434	281	30	467	886	358800	357550	2.4e-25	116.7
NCVOG0218-consensus	scaffold_10	32.00	375	225	30	578	922	264641	265744	4.4e-24	112.5
NCVOG0218-consensus	scaffold_17	29.52	559	356	38	364	898	37710	39315	1.7e-23	110.5
NCVOG0218-consensus	scaffold_22	49.23	130	59	7	620	744	94515	94135	3.4e-23	109.5
NCVOG0218-consensus	scaffold_40	29.92	722	325	181	369	943	55472	53454	5.5e-22	104.8
NCVOG0218-consensus	scaffold_7	33.50	591	322	71	353	888	649738	651445	7.2e-22	105.1
NCVOG0218-consensus	scaffold_7	47.73	176	75	17	727	885	639727	640247	7.2e-22	105.1
NCVOG0218-consensus	scaffold_26	28.79	639	397	58	355	950	25461	27299	1.5e-20	100.8
NCVOG0218-consensus	scaffold_8	33.61	241	144	16	576	801	716242	715526	2e-20	100.4
NCVOG0218-consensus	scaffold_8	29.46	370	214	47	431	770	724893	723852	1.6e-15	84.1
NCVOG0218-consensus	scaffold_5	31.00	300	177	30	464	741	558442	559308	2.3e-20	100.2
NCVOG0218-consensus	scaffold_16	31.03	348	208	32	583	905	265195	266192	5.1e-20	99.0
NCVOG0218-consensus	scaffold_7	27.72	505	325	40	348	819	431261	429787	2e-19	97.0
NCVOG0218-consensus	scaffold_9	35.09	228	136	12	643	861	345925	346596	2e-19	97.0
NCVOG0218-consensus	scaffold_9	28.99	476	275	63	391	813	335297	336679	9.7e-18	91.4
NCVOG0218-consensus	scaffold_32	29.28	502	305	50	339	812	42006	40592	4.1e-19	96.0
NCVOG0218-consensus	scaffold_3	30.20	447	258	54	414	826	1005473	1006720	5.4e-19	95.6
NCVOG0218-consensus	scaffold_29	29.88	425	264	34	486	887	39833	38609	5.4e-19	95.6
NCVOG0218-consensus	scaffold_1	33.17	202	131	4	652	852	1955224	1955817	8.1e-19	91.8
NCVOG0218-consensus	scaffold_2	48.12	133	56	13	650	772	1074795	1075177	8.1e-19	95.0
NCVOG0218-consensus	scaffold_5	43.15	197	102	10	678	864	86287	85722	9.3e-19	94.8
NCVOG0218-consensus	scaffold_3	43.26	141	67	13	600	727	1035224	1034809	4.9e-18	92.4
NCVOG0218-consensus	scaffold_60	30.79	393	222	50	485	830	2573	1433	9.6e-18	88.8
NCVOG0218-consensus	scaffold_33	48.70	154	56	23	662	804	18453	18067	1.5e-17	90.8
NCVOG0218-consensus	scaffold_1	30.62	614	341	85	371	924	1694563	1696280	1.7e-17	90.6
NCVOG0218-consensus	scaffold_1	44.74	152	73	11	763	909	1763279	1763713	5.6e-18	92.2
NCVOG0218-consensus	scaffold_7	26.77	564	363	50	351	892	207757	206167	2.2e-17	90.2
NCVOG0218-consensus	scaffold_7	26.61	342	234	17	660	994	238367	237387	1.7e-17	90.6
NCVOG0218-consensus	scaffold_7	33.33	231	141	13	603	821	256511	255825	3.9e-17	89.4
NCVOG0218-consensus	scaffold_11	35.32	218	129	12	698	909	90539	89911	2.9e-17	89.8
NCVOG0218-consensus	scaffold_11	27.31	553	354	48	350	866	404252	405853	2.9e-17	89.8
NCVOG0218-consensus	scaffold_7	25.87	549	339	68	357	852	826628	825042	2.9e-17	89.8
NCVOG0218-consensus	scaffold_55	26.55	403	270	26	575	956	6217	7395	3.4e-17	87.4
NCVOG0218-consensus	scaffold_55	29.17	360	203	52	389	718	12549	13527	1.5e-13	75.3
NCVOG0218-consensus	scaffold_28	34.76	164	98	9	683	842	98093	97620	8.8e-17	88.2
NCVOG0218-consensus	scaffold_17	52.13	94	41	4	728	821	215119	214853	1e-16	88.0
NCVOG0218-consensus	scaffold_4	30.75	348	191	50	604	903	540523	541545	1e-16	88.0
NCVOG0218-consensus	scaffold_4	30.36	494	290	54	353	821	563150	564511	8.7e-14	78.3
NCVOG0218-consensus	scaffold_13	59.76	82	27	6	730	809	487427	487657	2.4e-16	85.3
NCVOG0218-consensus	scaffold_6	27.58	620	338	111	375	898	1039295	1037534	4.6e-16	85.8
NCVOG0218-consensus	scaffold_4	30.39	362	230	22	555	898	909957	910985	4.6e-16	85.8
NCVOG0218-consensus	scaffold_2	33.45	284	162	27	492	765	123263	122494	1.6e-15	84.1
NCVOG0218-consensus	scaffold_36	26.76	411	270	31	482	874	117508	118686	2.1e-15	83.5
NCVOG0218-consensus	scaffold_40	38.15	173	92	15	734	891	18500	19005	2.8e-15	82.5
NCVOG0218-consensus	scaffold_32	31.85	292	181	18	643	917	45432	46275	4.2e-15	82.7
NCVOG0218-consensus	scaffold_32	32.63	331	177	46	461	759	92462	93379	1.2e-13	77.9
NCVOG0218-consensus	scaffold_18	31.64	256	156	19	631	868	256580	255827	6.4e-15	82.1
NCVOG0218-consensus	scaffold_26	26.92	520	328	52	419	891	234907	233394	6.4e-15	81.9
NCVOG0218-consensus	scaffold_2	44.06	143	65	15	576	712	483616	484004	1.3e-14	81.1
NCVOG0218-consensus	scaffold_2	44.44	108	58	2	821	927	549863	550180	1.3e-14	81.1
NCVOG0218-consensus	scaffold_1	26.25	400	264	31	528	910	615822	614678	1.9e-14	80.5
NCVOG0218-consensus	scaffold_46	31.78	428	242	50	487	891	51923	53110	2e-14	79.1
NCVOG0218-consensus	scaffold_1	32.58	356	196	44	590	903	1522370	1521340	2.2e-14	80.3
NCVOG0218-consensus	scaffold_21	35.10	208	125	10	689	887	111198	111787	2.2e-14	80.3
NCVOG0218-consensus	scaffold_28	29.46	404	254	31	377	760	196250	197395	3.8e-14	79.1
NCVOG0218-consensus	scaffold_8	41.80	122	63	8	658	776	829589	829242	5.1e-14	78.9
NCVOG0218-consensus	scaffold_2	38.97	136	70	13	760	885	741238	741633	8.7e-14	78.3
NCVOG0218-consensus	scaffold_21	33.81	210	118	21	603	793	212494	213110	1e-13	78.1
NCVOG0218-consensus	scaffold_8	28.46	260	173	13	633	885	174171	173425	1.5e-13	77.5
NCVOG0218-consensus	scaffold_19	29.11	426	250	52	351	734	107210	108412	1.7e-13	77.3
NCVOG0218-consensus	scaffold_31	40.88	159	79	15	691	836	56759	57214	2.3e-13	76.9
NCVOG0218-consensus	scaffold_31	34.27	143	79	15	568	696	100928	101350	2.3e-13	76.9
NCVOG0218-consensus	scaffold_6	38.99	159	89	8	687	839	311845	311384	2.6e-13	76.7
NCVOG0218-consensus	scaffold_6	36.57	134	83	2	652	784	446573	446178	2.6e-13	76.7
NCVOG0218-consensus	scaffold_20	29.70	643	366	86	314	895	51268	49470	3e-13	76.5
NCVOG0218-consensus	scaffold_2	38.67	181	92	19	706	868	571956	571420	4.6e-13	75.9
NCVOG0218-consensus	scaffold_3	32.53	249	142	26	623	850	322641	323355	4.6e-13	75.9
NCVOG0218-consensus	scaffold_56	31.55	187	117	11	663	840	23550	23007	4.9e-13	73.5
NCVOG0218-consensus	scaffold_19	29.77	299	184	26	669	952	284586	283744	5.2e-13	75.7
NCVOG0218-consensus	scaffold_8	31.49	181	114	10	681	852	799551	800075	8e-13	74.9
NCVOG0218-consensus	scaffold_6	30.17	242	148	21	710	936	21002	21696	1.2e-12	74.5
NCVOG0218-consensus	scaffold_20	23.79	639	419	68	359	932	265307	267199	1.8e-12	73.9
NCVOG0218-consensus	scaffold_7	26.23	671	409	86	313	906	295053	297009	2.1e-12	73.7
NCVOG0218-consensus	scaffold_7	28.25	308	194	27	572	861	298246	299133	2.1e-12	73.7
NCVOG0218-consensus	scaffold_6	30.28	251	150	25	516	750	466951	467669	3.2e-12	73.1
NCVOG0218-consensus	scaffold_6	36.59	164	93	11	584	744	525587	526047	3.2e-12	73.1
NCVOG0218-consensus	scaffold_34	43.43	99	35	21	616	700	89097	88825	4.8e-12	72.5
NCVOG0218-consensus	scaffold_5	26.75	471	293	52	345	790	947773	946471	4.8e-12	72.5
NCVOG0218-consensus	scaffold_16	27.48	564	328	81	446	931	130298	131931	6.3e-12	72.1
NCVOG0218-consensus	scaffold_29	22.09	593	409	53	346	897	83639	85372	7.2e-12	71.9
NCVOG0218-consensus	scaffold_29	36.54	156	87	12	682	826	49032	49481	7.2e-12	71.9
NCVOG0218-consensus	scaffold_15	30.92	262	158	23	556	802	78561	79319	7.2e-12	71.9
NCVOG0218-consensus	scaffold_8	31.69	183	113	12	692	868	509583	510110	1.4e-11	70.9
NCVOG0218-consensus	scaffold_10	30.56	180	121	4	767	945	171594	171071	1.4e-11	70.9
NCVOG0218-consensus	scaffold_2	33.73	255	146	23	650	883	108619	109350	1.7e-11	70.7
NCVOG0218-consensus	scaffold_18	35.26	156	92	9	567	721	106697	107133	2.9e-11	69.9
NCVOG0218-consensus	scaffold_1	31.55	187	115	13	774	956	1429196	1429724	3.8e-11	69.5
NCVOG0218-consensus	scaffold_54	35.98	164	98	7	627	785	11607	11135	3.8e-11	67.3
NCVOG0218-consensus	scaffold_61	36.03	136	78	9	610	736	10392	10796	4e-11	66.5
NCVOG0218-consensus	scaffold_41	31.56	225	130	24	725	925	37455	38112	6.4e-11	67.9
NCVOG0308-consensus	scaffold_16	22.71	634	431	59	266	865	370869	372688	6.2e-11	68.5
NCVOG0018-consensus	scaffold_41	23.37	676	460	58	525	1185	38969	40858	9.9e-19	94.0
NCVOG0018-consensus	scaffold_10	20.89	924	660	71	219	1123	129734	132346	2.3e-13	77.0
NCVOG4344-consensus	scaffold_37	31.89	301	188	17	39	337	57385	56531	4e-14	77.7
NCVOG4344-consensus	scaffold_3	31.63	215	137	10	122	335	293884	293270	3.5e-13	75.1
NCVOG4344-consensus	scaffold_9	27.96	372	250	18	8	371	569742	568664	8.8e-11	66.9
NCVOG4116-consensus	scaffold_2	28.21	312	198	26	117	422	1033530	1034402	1.9e-20	99.1
NCVOG4116-consensus	scaffold_1	33.17	202	131	4	238	437	403502	404098	2.6e-19	95.3
NCVOG4116-consensus	scaffold_40	31.48	216	140	8	224	436	30999	30372	7.4e-18	89.7
NCVOG4116-consensus	scaffold_14	25.69	327	233	10	115	437	426270	427225	6.4e-17	87.4
NCVOG4116-consensus	scaffold_14	26.46	325	216	23	114	419	429521	430480	2.2e-19	95.6
NCVOG4116-consensus	scaffold_5	29.97	317	203	19	120	433	1071377	1070482	1e-16	86.7
NCVOG4116-consensus	scaffold_5	31.73	208	133	9	233	433	1071995	1071381	1.4e-19	96.3
NCVOG4116-consensus	scaffold_7	34.67	150	94	4	288	433	829135	828693	2.4e-12	72.2
NCVOG5370-consensus	scaffold_10	25.00	384	235	53	26	386	390498	389446	1.5e-12	72.8
NCVOG5370-consensus	scaffold_10	23.62	398	248	56	26	405	392879	391803	4.3e-14	77.9
NCVOG0226-consensus	scaffold_2	50.56	89	40	4	10	95	753628	753368	1.6e-14	79.5
NCVOG0226-consensus	scaffold_1	34.27	143	85	9	16	153	1955230	1955643	2.1e-13	72.6
NCVOG4170-consensus	scaffold_12	30.70	215	141	8	129	336	392529	393167	7.2e-21	100.1
NCVOG1006-consensus	scaffold_9	31.44	194	105	28	15	181	373563	374138	5.5e-11	66.4
NCVOG1044-consensus	scaffold_2	23.85	218	149	17	187	392	1644	2279	8.1e-11	67.2
NCVOG0720-consensus	scaffold_29	37.69	130	74	7	42	165	35484	35101	1.7e-17	87.9
NCVOG0273-consensus	scaffold_3	45.74	129	48	22	96	203	1301416	1301040	1.7e-11	68.3
