NCVOG0719-consensus	scaffold_19	29.73	259	160	22	21	258	11487	12257	1.7e-14	79.4
NCVOG1069-consensus	scaffold_44	32.63	190	118	10	72	256	28230	28777	1.7e-18	93.3
NCVOG2772-consensus	scaffold_88	26.51	249	168	15	33	273	32301	33015	2.8e-11	68.6
NCVOG0669-consensus	scaffold_76	30.17	179	118	7	274	449	12573	13094	9.3e-12	70.5
NCVOG0669-consensus	scaffold_2	24.15	414	269	45	52	426	536887	535667	1.1e-11	70.8
NCVOG0333-consensus	scaffold_6	41.67	120	52	18	599	709	258435	258106	4e-12	72.9
NCVOG0233-consensus	scaffold_44	36.23	922	483	105	43	868	74185	71454	1.5e-59	230.7
NCVOG0233-consensus	scaffold_29	38.66	794	383	104	102	795	89916	87550	1.1e-43	178.1
NCVOG0233-consensus	scaffold_1	25.43	464	302	44	240	677	356338	357664	7.6e-33	142.0
NCVOG0233-consensus	scaffold_32	25.43	759	459	107	29	729	92708	94826	1.2e-30	134.7
NCVOG0233-consensus	scaffold_33	28.97	718	345	165	131	688	83424	81293	6.6e-30	132.2
NCVOG0233-consensus	scaffold_31	26.35	926	511	171	97	865	170212	172938	4.8e-28	125.2
NCVOG0233-consensus	scaffold_40	25.20	885	503	159	123	860	127961	130560	3.1e-18	93.5
NCVOG0233-consensus	scaffold_78	28.28	633	356	98	137	673	98051	99938	1.1e-16	87.8
NCVOG0233-consensus	scaffold_136	23.71	700	321	213	179	665	9478	7392	6e-16	83.1
NCVOG0023-consensus	scaffold_147	32.06	496	305	32	373	846	7172	5718	8.6e-48	188.1
NCVOG0023-consensus	scaffold_201	28.03	421	275	28	378	790	2464	1265	2.8e-35	144.2
NCVOG0013-consensus	scaffold_37	30.77	182	122	4	122	300	219796	220335	4.3e-14	78.1
NCVOG3092-consensus	scaffold_83	27.87	244	156	20	58	296	33268	32585	1.2e-11	69.3
NCVOG0073-consensus	scaffold_23	40.58	616	341	25	29	640	116969	118750	4.8e-98	358.7
NCVOG0073-consensus	scaffold_114	39.17	628	358	24	28	652	9363	7546	2.1e-72	271.9
NCVOG0073-consensus	scaffold_41	39.29	616	351	23	24	636	146016	144232	3.7e-68	259.4
NCVOG0073-consensus	scaffold_69	37.69	642	352	48	30	652	108913	110744	2.5e-60	233.1
NCVOG0073-consensus	scaffold_35	35.68	667	384	45	26	686	167029	165149	7.1e-56	217.7
NCVOG0073-consensus	scaffold_5	24.47	797	500	102	19	736	556304	553996	1.9e-38	160.7
NCVOG0073-consensus	scaffold_100	24.68	555	375	43	6	522	45027	46673	2.4e-35	149.3
NCVOG0073-consensus	scaffold_65	28.68	652	411	54	22	644	125421	127298	1e-20	101.6
NCVOG0073-consensus	scaffold_65	31.09	521	274	85	133	643	41936	43264	8.7e-21	101.9
NCVOG0679-consensus	scaffold_16	27.97	286	183	23	2	277	300540	301349	9e-13	71.5
NCVOG0679-consensus	scaffold_6	22.58	279	200	16	5	277	385483	386286	8.4e-12	70.5
NCVOG4523-consensus	scaffold_57	30.62	418	239	51	379	792	118052	119149	1.7e-28	127.9
NCVOG4523-consensus	scaffold_10	31.11	884	412	197	125	827	219885	222449	2.7e-26	120.5
NCVOG4523-consensus	scaffold_4	32.28	254	107	65	11	243	57140	56518	5.3e-12	73.1
NCVOG1353-consensus	scaffold_22	58.22	730	238	67	101	764	235127	237308	6.8e-36	151.8
NCVOG4445-consensus	scaffold_121	34.31	204	121	13	189	383	8549	7953	9.7e-13	71.9
NCVOG0243-consensus	scaffold_49	31.58	361	191	56	26	339	168671	169723	1.6e-12	71.1
NCVOG0055-consensus	scaffold_8	35.34	249	124	37	165	376	254443	253708	2.1e-23	109.6
NCVOG0055-consensus	scaffold_22	31.77	299	177	27	118	390	113182	114058	7.6e-18	91.2
NCVOG0055-consensus	scaffold_47	28.92	332	210	26	111	419	25421	24452	2e-14	79.8
NCVOG4105-consensus	scaffold_23	36.09	1089	526	170	14	943	10524	7312	4e-38	159.9
NCVOG0235-consensus	scaffold_83	27.39	241	166	9	3	240	15768	15067	3.8e-12	72.1
NCVOG0305-consensus	scaffold_93	34.34	198	124	6	1332	1527	65662	65084	9.6e-22	105.0
NCVOG0305-consensus	scaffold_90	29.07	227	157	4	822	1047	38141	37473	9.6e-21	101.8
NCVOG0305-consensus	scaffold_96	32.21	208	133	8	1312	1515	55020	55628	2.6e-20	100.2
NCVOG0305-consensus	scaffold_6	30.68	251	162	12	784	1034	518460	519173	2.9e-20	100.4
NCVOG0305-consensus	scaffold_20	33.64	214	130	12	1353	1556	94158	94790	6.5e-20	99.9
NCVOG0305-consensus	scaffold_16	30.80	224	140	15	1327	1542	5446	4803	2.3e-14	81.5
NCVOG0305-consensus	scaffold_33	33.98	206	121	15	1338	1534	220663	220075	3.2e-14	80.1
NCVOG0305-consensus	scaffold_67	30.89	191	122	10	1355	1541	108942	108391	4.2e-14	80.4
NCVOG0305-consensus	scaffold_19	33.14	169	105	8	1355	1521	144474	143989	1e-13	79.3
NCVOG0305-consensus	scaffold_21	33.11	151	94	7	1382	1528	198171	197731	8e-13	76.3
NCVOG0305-consensus	scaffold_11	27.80	277	164	36	1306	1549	141036	140232	1.2e-12	75.8
NCVOG0305-consensus	scaffold_44	36.36	110	67	3	1432	1539	158402	158725	3.6e-11	69.0
NCVOG0305-consensus	scaffold_60	33.87	124	79	3	1321	1441	12812	13174	4.3e-11	70.6
NCVOG0305-consensus	scaffold_23	30.00	190	124	9	1363	1549	105075	104527	6.2e-11	70.1
NCVOG0305-consensus	scaffold_96	31.56	282	153	40	1312	1556	29339	28516	6.5e-11	69.0
NCVOG0248-consensus	scaffold_35	30.56	517	269	90	46	502	215017	216474	6.4e-20	97.4
NCVOG0248-consensus	scaffold_24	30.45	509	269	85	40	489	259685	261122	8.3e-12	71.1
NCVOG4804-consensus	scaffold_9	62.04	108	33	8	68	175	245964	245668	6.3e-25	113.6
NCVOG4804-consensus	scaffold_53	59.22	103	39	3	76	175	34865	35162	2.4e-20	98.4
NCVOG0282-consensus	scaffold_6	27.34	556	352	52	49	590	517686	519212	2.6e-23	109.7
NCVOG0282-consensus	scaffold_20	25.83	511	338	41	104	582	93315	94805	6e-20	99.2
NCVOG0282-consensus	scaffold_96	24.41	512	328	59	188	661	54619	56078	3.1e-17	89.1
NCVOG0282-consensus	scaffold_16	27.01	633	391	71	14	613	6404	4645	7.3e-16	85.6
NCVOG0282-consensus	scaffold_60	27.49	411	260	38	316	713	32396	33546	4.8e-15	82.9
NCVOG0282-consensus	scaffold_93	28.03	346	220	29	198	526	66131	65147	9.3e-15	81.0
NCVOG0282-consensus	scaffold_23	27.10	465	296	43	133	581	105762	104476	2.6e-14	80.4
NCVOG0282-consensus	scaffold_19	24.80	500	316	60	198	646	145119	143666	5.5e-14	79.4
NCVOG0282-consensus	scaffold_8	25.25	301	193	32	177	462	120765	119919	6.3e-13	75.8
NCVOG0282-consensus	scaffold_67	27.71	332	185	55	219	522	109407	108496	2.4e-12	73.7
NCVOG0282-consensus	scaffold_82	27.27	495	287	73	66	515	62688	61303	3.1e-12	72.8
NCVOG0282-consensus	scaffold_90	25.00	456	287	55	148	588	38709	37473	5.8e-12	71.8
NCVOG0282-consensus	scaffold_33	24.51	669	421	84	8	655	221552	219766	8.3e-12	71.2
NCVOG0282-consensus	scaffold_21	25.79	535	319	78	145	611	199110	197561	8.1e-11	68.8
NCVOG2963-consensus	scaffold_6	35.64	188	97	24	134	321	47364	46876	3.7e-11	68.5
NCVOG4883-consensus	scaffold_7	28.29	463	242	90	60	460	35385	34088	2.5e-21	102.8
NCVOG2979-consensus	scaffold_50	30.48	187	128	2	57	242	176819	177373	7.3e-19	91.4
NCVOG0360-consensus	scaffold_86	43.10	297	161	8	24	315	75582	74704	3.8e-56	217.1
NCVOG0979-consensus	scaffold_44	45.67	335	150	32	24	328	46679	47670	4.2e-42	171.5
NCVOG0274-consensus	scaffold_42	33.92	1471	738	234	101	1392	188105	183881	2.3e-79	295.5
NCVOG0274-consensus	scaffold_32	37.45	980	506	107	484	1368	212548	215448	5.8e-61	235.2
NCVOG0274-consensus	scaffold_32	42.97	391	172	51	132	484	209840	210966	3.5e-46	186.2
NCVOG0274-consensus	scaffold_6	30.34	1282	680	213	113	1220	157339	161050	6.7e-35	149.5
NCVOG0274-consensus	scaffold_29	42.22	334	144	49	327	621	171065	172029	1.4e-14	81.2
NCVOG1074-consensus	scaffold_31	29.77	131	89	3	241	371	89400	89780	8.8e-13	74.1
NCVOG0074-consensus	scaffold_23	65.33	597	207	0	14	610	116966	118753	6.3e-202	703.2
NCVOG0074-consensus	scaffold_41	58.48	607	240	12	10	610	146016	144217	3.6e-178	624.3
NCVOG0074-consensus	scaffold_114	56.23	610	257	10	15	619	9360	7549	9.2e-170	594.7
NCVOG0074-consensus	scaffold_69	45.62	605	311	18	27	626	108951	110723	1.5e-131	469.2
NCVOG0074-consensus	scaffold_35	45.00	620	321	20	12	625	167029	165215	9e-131	465.9
NCVOG0074-consensus	scaffold_65	34.93	627	373	35	8	606	125421	127277	5.2e-72	271.4
NCVOG0074-consensus	scaffold_65	37.22	446	218	62	93	538	41879	43027	1.5e-25	117.1
NCVOG0074-consensus	scaffold_5	29.21	671	394	81	6	601	556301	554314	1.3e-47	190.6
NCVOG0074-consensus	scaffold_100	29.38	548	337	50	12	510	45087	46722	2.3e-40	165.4
NCVOG0074-consensus	scaffold_42	25.98	408	277	25	20	403	76396	77613	2.5e-21	103.3
NCVOG1299-consensus	scaffold_51	51.02	98	36	12	45	131	126795	127082	1.5e-13	75.4
NCVOG1196-consensus	scaffold_9	23.16	760	510	74	221	963	352706	350617	4.2e-30	133.0
NCVOG1196-consensus	scaffold_4	24.80	617	434	30	301	913	444392	446153	4.3e-23	110.0
NCVOG1196-consensus	scaffold_28	23.98	880	600	69	133	983	234869	237385	1.2e-18	94.5
NCVOG0064-consensus	scaffold_6	25.45	334	213	36	23	334	42267	41311	7.3e-14	78.1
NCVOG4504-consensus	scaffold_12	29.72	461	280	44	58	486	78036	79361	2.5e-11	69.7
NCVOG4324-consensus	scaffold_2	30.28	492	276	67	133	588	135736	134361	2.9e-24	113.0
NCVOG4134-consensus	scaffold_2	32.23	484	252	76	39	458	256320	257726	2.4e-28	126.1
NCVOG0334-consensus	scaffold_60	36.45	332	170	41	6	306	103411	104371	1.2e-22	106.7
NCVOG0304-consensus	scaffold_67	31.02	187	100	29	52	212	109161	108613	1.8e-12	73.2
NCVOG0304-consensus	scaffold_6	31.79	195	117	16	66	250	518466	519021	2e-11	69.4
NCVOG0304-consensus	scaffold_63	32.09	134	86	5	54	183	69590	69985	6.7e-11	68.1
NCVOG0304-consensus	scaffold_9	36.14	166	87	19	49	201	55367	54891	9.4e-11	67.8
NCVOG0214-consensus	scaffold_97	35.00	280	151	31	260	523	49968	50755	7e-21	101.1
NCVOG0214-consensus	scaffold_97	29.55	335	190	46	258	580	53604	54493	7e-13	74.5
NCVOG0214-consensus	scaffold_10	30.43	253	160	16	314	563	331501	332213	3.1e-12	72.9
NCVOG0214-consensus	scaffold_87	26.80	444	287	38	113	524	39158	40458	1.3e-11	70.4
NCVOG0214-consensus	scaffold_54	25.56	579	376	55	96	623	158204	156499	3.2e-11	67.4
NCVOG0214-consensus	scaffold_40	27.95	365	218	45	276	633	120135	119162	6.2e-11	69.1
NCVOG0214-consensus	scaffold_12	22.50	711	490	61	47	720	77715	79754	6.2e-11	69.1
NCVOG0004-consensus	scaffold_7	32.19	233	138	20	54	279	68234	67578	1.4e-17	90.8
NCVOG0276-consensus	scaffold_38	52.62	401	91	99	56	357	11109	12306	6.7e-57	220.6
NCVOG0689-consensus	scaffold_11	21.00	519	362	48	12	493	131546	133066	7.7e-11	68.1
NCVOG4882-consensus	scaffold_16	29.78	460	281	42	363	796	73838	75164	1.3e-24	114.9
NCVOG4882-consensus	scaffold_6	35.54	166	102	5	766	928	316463	316951	4.8e-12	73.1
NCVOG2204-consensus	scaffold_3	27.78	486	253	98	54	442	702030	703477	6.6e-23	107.7
NCVOG0777-consensus	scaffold_7	34.74	331	179	37	151	475	324742	323846	8.4e-23	109.4
NCVOG0777-consensus	scaffold_29	28.57	371	219	46	121	460	1159	2223	1.4e-21	105.3
NCVOG0777-consensus	scaffold_29	31.58	361	189	58	133	471	2210	1239	4.4e-21	103.7
NCVOG0777-consensus	scaffold_7	33.89	357	183	53	130	453	323779	324782	5e-20	100.2
NCVOG0777-consensus	scaffold_93	35.39	178	100	15	143	311	47741	47229	4.6e-16	86.1
NCVOG0777-consensus	scaffold_77	38.73	173	79	27	161	311	41490	41990	1.3e-15	85.0
NCVOG0777-consensus	scaffold_93	26.78	366	230	38	140	479	47001	48047	7.8e-15	82.0
NCVOG0777-consensus	scaffold_110	28.04	460	264	67	120	541	8155	6874	1.1e-14	80.9
NCVOG0777-consensus	scaffold_71	31.15	260	155	24	147	393	34125	33386	1.2e-14	82.0
NCVOG0777-consensus	scaffold_77	24.32	407	263	45	122	510	42103	40967	6.7e-14	79.3
NCVOG0777-consensus	scaffold_15	30.04	253	153	24	161	394	181242	180514	8.1e-14	79.6
NCVOG0777-consensus	scaffold_76	31.87	273	147	39	154	404	15358	16120	1.2e-13	78.5
NCVOG0777-consensus	scaffold_76	42.33	163	74	20	155	314	15824	15390	2.1e-13	77.7
NCVOG0777-consensus	scaffold_71	36.95	203	89	39	127	311	33518	34054	3.8e-11	70.3
NCVOG4966-consensus	scaffold_9	21.74	506	357	39	13	485	352738	351242	5.9e-17	88.2
NCVOG4966-consensus	scaffold_12	23.92	255	183	11	219	473	78183	78911	2e-11	70.0
NCVOG0185-consensus	scaffold_14	34.25	146	91	5	32	174	298103	298525	1.1e-16	86.5
NCVOG0185-consensus	scaffold_7	33.61	122	79	2	25	144	324808	324446	3.9e-11	68.1
NCVOG0185-consensus	scaffold_7	31.75	126	82	4	25	147	324355	323984	3.9e-11	68.1
NCVOG0185-consensus	scaffold_98	33.09	136	81	10	13	141	62574	62963	4.9e-11	66.7
NCVOG3000-consensus	scaffold_16	22.29	157	101	21	64	203	300449	300904	1.6e-12	70.5
NCVOG3000-consensus	scaffold_57	30.60	183	81	46	44	201	62523	62041	1.8e-12	72.5
NCVOG0030-consensus	scaffold_5	35.44	522	239	98	28	472	400512	402007	1.4e-28	127.7
NCVOG0030-consensus	scaffold_52	29.45	550	225	163	94	500	63561	65145	2.9e-28	126.6
NCVOG0030-consensus	scaffold_3	28.50	421	245	56	68	475	139505	138375	1.1e-11	71.5
NCVOG4494-consensus	scaffold_57	36.84	190	115	5	15	201	31267	31823	7.4e-17	88.1
NCVOG4494-consensus	scaffold_53	34.81	181	111	7	55	229	52502	53034	7.1e-16	84.9
NCVOG4494-consensus	scaffold_60	33.33	285	166	24	45	319	127225	126416	1.5e-15	83.8
NCVOG4494-consensus	scaffold_25	31.98	247	153	15	41	282	108577	109282	2.9e-13	76.2
NCVOG4494-consensus	scaffold_28	29.41	204	139	5	18	219	50765	50166	5.9e-12	71.9
NCVOG4494-consensus	scaffold_56	38.64	132	78	3	25	153	63755	64147	2.6e-11	69.7
NCVOG4707-consensus	scaffold_53	30.05	193	117	18	214	389	110856	110284	1.3e-11	70.3
NCVOG0077-consensus	scaffold_84	30.61	392	240	32	339	713	70972	72099	2.5e-29	129.3
NCVOG0077-consensus	scaffold_199	36.00	225	133	11	491	708	2635	1976	3.4e-26	113.8
NCVOG0077-consensus	scaffold_64	32.91	234	145	12	324	553	16301	15627	6.7e-22	105.2
NCVOG0077-consensus	scaffold_44	28.39	398	217	68	352	696	139082	140227	5.9e-16	85.6
NCVOG0077-consensus	scaffold_97	31.67	420	195	92	320	649	22490	23732	2.6e-14	79.1
NCVOG0077-consensus	scaffold_1	29.02	386	214	60	355	704	83151	84231	5.6e-11	69.1
NCVOG0077-consensus	scaffold_6	25.89	367	213	59	336	654	452969	451905	9.4e-11	67.7
NCVOG0196-consensus	scaffold_14	60.00	55	21	1	442	496	298148	298306	1.8e-11	70.5
NCVOG0267-consensus	scaffold_69	26.52	411	258	44	328	722	83414	82269	4e-29	129.8
NCVOG0267-consensus	scaffold_38	27.25	466	284	55	282	721	60413	59106	3.5e-26	120.3
NCVOG0267-consensus	scaffold_5	29.63	432	261	43	327	748	571688	570495	6.1e-26	119.5
NCVOG0267-consensus	scaffold_93	27.85	377	213	59	327	670	60302	61349	5.1e-16	85.5
NCVOG0267-consensus	scaffold_2	26.13	509	267	109	325	737	565398	563926	1.7e-15	84.7
NCVOG0267-consensus	scaffold_16	30.22	417	245	46	325	718	55747	54569	4.4e-15	83.4
NCVOG0267-consensus	scaffold_15	30.75	413	252	34	327	733	132556	133707	1.6e-13	78.2
NCVOG0267-consensus	scaffold_14	26.17	447	243	87	357	741	110262	111516	3.8e-12	73.6
NCVOG0517-consensus	scaffold_6	29.69	229	145	16	124	342	385450	386115	1.1e-12	73.6
NCVOG0046-consensus	scaffold_138	61.76	68	24	2	7	72	11310	11510	3.1e-15	79.0
NCVOG0037-consensus	scaffold_8	44.66	1059	465	121	77	1017	165602	168760	3.7e-85	316.1
NCVOG0037-consensus	scaffold_41	42.45	1046	375	227	70	890	171849	174963	1.2e-47	189.7
NCVOG0007-consensus	scaffold_24	31.64	354	198	44	48	357	152768	153826	1.9e-29	129.2
NCVOG1115-consensus	scaffold_20	37.78	315	165	31	131	414	245067	245998	1.9e-34	146.3
NCVOG0015-consensus	scaffold_37	33.75	160	99	7	99	251	219907	220383	2.3e-13	75.4
NCVOG0005-consensus	scaffold_60	30.11	176	110	13	56	225	150359	150862	2.2e-12	67.5
NCVOG0005-consensus	scaffold_5	25.41	307	206	23	41	334	212777	213664	7.5e-12	71.4
NCVOG0486-consensus	scaffold_2	30.14	365	196	59	63	376	221199	220132	1.7e-21	103.2
NCVOG0284-consensus	scaffold_20	29.51	305	172	43	38	305	22796	23689	1.5e-11	69.9
NCVOG0806-consensus	scaffold_32	39.06	466	208	76	19	420	116646	115292	3.8e-43	175.2
NCVOG0806-consensus	scaffold_109	29.30	372	192	71	144	447	35908	34811	7.5e-19	93.0
NCVOG0806-consensus	scaffold_16	33.17	410	210	64	99	447	251669	250456	1.3e-11	70.6
NCVOG4676-consensus	scaffold_7	30.74	231	143	17	53	274	105867	106532	3.6e-11	68.5
NCVOG0987-consensus	scaffold_7	27.86	384	238	39	150	525	324878	323829	8.5e-12	72.8
NCVOG0987-consensus	scaffold_76	34.27	178	86	31	156	333	15815	15378	8.2e-11	69.0
NCVOG0329-consensus	scaffold_33	37.63	93	51	7	1159	1251	189004	188750	8.7e-11	68.4
NCVOG4894-consensus	scaffold_124	32.78	302	172	31	30	313	1479	628	8.3e-12	68.4
NCVOG4894-consensus	scaffold_88	28.47	281	182	19	17	292	69872	70669	1e-11	69.6
NCVOG4154-consensus	scaffold_44	40.58	138	74	8	130	260	60459	60866	4.2e-11	68.3
NCVOG1066-consensus	scaffold_188	34.55	165	91	17	2	162	3149	2697	2.1e-14	74.1
NCVOG1326-consensus	scaffold_25	54.29	105	48	0	46	150	106606	106295	2.8e-26	117.7
NCVOG1326-consensus	scaffold_3	39.63	164	73	26	8	146	466761	467246	4.9e-14	77.0
NCVOG0036-consensus	scaffold_6	36.97	238	115	35	87	294	203658	202967	6.3e-17	87.7
NCVOG4561-consensus	scaffold_93	26.80	291	194	19	25	311	47107	47921	2.1e-11	68.9
NCVOG0222-consensus	scaffold_1	27.65	434	281	33	74	497	259074	260303	9.8e-23	107.7
NCVOG0222-consensus	scaffold_1	25.23	333	239	10	102	425	260310	261302	1.1e-13	77.6
NCVOG0222-consensus	scaffold_5	23.60	483	340	29	37	500	4857	6270	4.2e-17	89.0
NCVOG0222-consensus	scaffold_40	25.81	434	300	22	78	506	140222	138975	4.4e-14	78.9
NCVOG0222-consensus	scaffold_101	26.77	381	258	21	125	501	8231	9319	1.8e-12	72.4
NCVOG0014-consensus	scaffold_37	27.37	274	186	13	134	404	219829	220617	1e-17	90.0
NCVOG0002-consensus	scaffold_1	33.15	362	220	22	332	681	150762	149710	3.8e-31	136.3
NCVOG0002-consensus	scaffold_43	29.75	632	386	58	214	812	176239	174424	1.7e-29	129.0
NCVOG4845-consensus	scaffold_35	26.10	521	342	43	118	621	192675	194150	9.5e-23	107.1
NCVOG4845-consensus	scaffold_87	28.49	537	287	97	114	629	2724	4097	7.3e-16	84.3
NCVOG2775-consensus	scaffold_4	34.40	250	159	5	156	403	3038	2301	3.8e-28	125.8
NCVOG2775-consensus	scaffold_3	31.79	280	157	34	193	442	436930	436106	1.4e-23	110.6
NCVOG2775-consensus	scaffold_2	31.23	317	193	25	98	401	60215	59306	9e-22	104.7
NCVOG2775-consensus	scaffold_7	35.35	215	138	1	199	413	105834	106472	1.2e-15	84.3
NCVOG2775-consensus	scaffold_1	31.65	158	108	0	230	387	895000	895470	1.7e-15	83.8
NCVOG2775-consensus	scaffold_134	40.38	104	61	1	198	300	17975	18283	6e-13	72.6
NCVOG2775-consensus	scaffold_23	29.71	175	117	6	101	270	49205	49723	5.6e-12	72.1
NCVOG2775-consensus	scaffold_109	34.30	242	141	18	199	434	22198	21516	1.6e-11	69.1
NCVOG0924-consensus	scaffold_24	37.22	180	96	17	3	167	161933	161403	4.5e-16	83.8
NCVOG0275-consensus	scaffold_85	38.02	121	70	5	7	122	16405	16764	1.7e-14	78.0
NCVOG0275-consensus	scaffold_48	51.22	82	40	0	7	88	12719	12477	5e-13	74.0
NCVOG0729-consensus	scaffold_12	32.67	600	269	135	27	507	54110	55848	3.3e-14	79.4
NCVOG5103-consensus	scaffold_10	28.28	244	148	27	298	515	7253	6530	1.9e-23	111.1
NCVOG5103-consensus	scaffold_71	30.80	237	145	19	292	510	40124	40826	2.6e-11	70.4
NCVOG4874-consensus	scaffold_53	39.66	411	190	58	16	371	87969	86753	1.4e-42	173.1
NCVOG4605-consensus	scaffold_41	26.95	564	347	65	72	586	190979	189355	9.4e-15	79.9
NCVOG4605-consensus	scaffold_97	32.48	274	161	24	250	508	49985	50772	1.9e-14	79.6
NCVOG4605-consensus	scaffold_97	27.41	394	247	39	12	398	53319	54389	3.1e-13	75.6
NCVOG4605-consensus	scaffold_53	32.17	516	294	56	22	504	111574	110123	4.4e-13	76.1
NCVOG4605-consensus	scaffold_10	27.38	431	260	53	209	598	331435	332676	7.6e-12	71.5
NCVOG4605-consensus	scaffold_20	27.57	370	235	33	121	465	158703	159781	1.9e-11	70.7
NCVOG4605-consensus	scaffold_73	28.42	285	183	21	195	471	81349	82143	2e-11	70.2
NCVOG4605-consensus	scaffold_13	25.86	464	283	61	116	574	300972	299760	3.2e-11	68.5
NCVOG4605-consensus	scaffold_40	24.51	514	338	50	25	503	120618	119135	3.3e-11	69.9
NCVOG4423-consensus	scaffold_18	35.81	148	85	10	81	219	85935	86372	1.3e-11	69.5
NCVOG0605-consensus	scaffold_99	26.03	242	169	10	255	489	51736	52445	4.2e-14	77.8
NCVOG1136-consensus	scaffold_15	47.52	303	121	38	193	459	135829	134930	2.6e-49	195.8
NCVOG4881-consensus	scaffold_36	27.21	588	368	60	2	554	173290	171619	9.3e-13	73.7
NCVOG0059-consensus	scaffold_35	32.69	208	120	20	163	354	84608	85212	1.9e-16	86.6
NCVOG1049-consensus	scaffold_40	34.43	183	99	21	7	184	48015	48512	9.8e-11	67.1
NCVOG1139-consensus	scaffold_110	32.27	251	126	44	22	259	7984	7334	8.9e-13	72.5
NCVOG0191-consensus	scaffold_7	34.12	211	111	28	22	229	324487	323933	1.4e-12	72.8
NCVOG4655-consensus	scaffold_8	27.21	294	171	43	57	312	454832	453969	2.8e-11	66.5
NCVOG1009-consensus	scaffold_29	26.71	322	213	23	49	364	1468	2379	1.2e-12	74.1
NCVOG1009-consensus	scaffold_93	25.94	374	250	27	14	367	47130	48223	2.3e-11	68.9
NCVOG0901-consensus	scaffold_35	45.21	188	70	33	26	180	13167	12609	1e-25	116.1
NCVOG2980-consensus	scaffold_109	25.96	443	259	69	77	464	4985	3702	2.4e-17	88.1
NCVOG1298-consensus	scaffold_9	26.40	356	240	22	229	569	352657	351620	1.5e-15	83.8
NCVOG1298-consensus	scaffold_28	25.17	453	309	30	129	572	235788	237064	3.4e-15	82.1
NCVOG1298-consensus	scaffold_190	13.35	337	280	12	276	603	2290	3282	9.3e-13	69.4
NCVOG1298-consensus	scaffold_64	27.83	345	224	25	243	574	70181	69194	5.9e-11	68.6
NCVOG0450-consensus	scaffold_104	44.71	331	164	19	119	440	18355	17396	1.9e-68	258.0
NCVOG0450-consensus	scaffold_104	48.77	203	95	9	121	317	17392	16796	5e-40	163.6
NCVOG0450-consensus	scaffold_34	46.97	198	88	17	147	335	164440	163874	2.1e-27	122.1
NCVOG0450-consensus	scaffold_17	36.92	214	115	20	116	318	85763	85158	8.5e-24	111.0
NCVOG0450-consensus	scaffold_42	35.14	333	143	73	119	401	115774	116682	7.8e-22	104.5
NCVOG0450-consensus	scaffold_36	34.83	290	137	52	146	396	179984	179157	7.6e-20	96.8
NCVOG0450-consensus	scaffold_113	39.25	265	142	19	131	379	21244	22024	1.1e-13	75.7
NCVOG0450-consensus	scaffold_20	45.68	81	44	0	122	202	69013	69252	1.9e-12	73.3
NCVOG0450-consensus	scaffold_94	45.52	145	65	14	147	277	52687	53114	2e-11	68.9
NCVOG0652-consensus	scaffold_31	30.19	318	198	24	109	418	90633	91535	4e-33	141.9
NCVOG0652-consensus	scaffold_23	33.14	350	203	31	94	413	28746	27705	1.7e-23	109.9
NCVOG0652-consensus	scaffold_41	27.59	377	229	44	76	414	71650	72757	1.1e-14	80.6
NCVOG0350-consensus	scaffold_89	31.41	277	162	28	28	282	43908	43103	1.5e-11	68.8
NCVOG4522-consensus	scaffold_7	34.47	206	71	64	261	402	422347	422957	9.5e-18	90.9
NCVOG1352-consensus	scaffold_61	32.87	216	137	8	2	209	22708	22064	1.1e-23	109.6
NCVOG0522-consensus	scaffold_3	30.65	199	119	19	49	241	171103	171657	1e-12	73.7
NCVOG5117-consensus	scaffold_93	28.30	477	292	50	729	1188	47179	48495	5.9e-26	119.1
NCVOG5117-consensus	scaffold_77	27.06	521	299	81	505	1007	42650	41282	1.2e-18	95.3
NCVOG5117-consensus	scaffold_1	25.86	464	316	28	650	1088	575879	577250	1.4e-18	95.6
NCVOG5117-consensus	scaffold_7	38.37	245	117	34	743	965	323967	324662	3e-18	94.5
NCVOG5117-consensus	scaffold_29	26.13	551	345	62	476	1005	664	2188	9.4e-18	92.8
NCVOG5117-consensus	scaffold_76	35.14	185	97	23	768	952	15322	15804	1e-15	85.5
NCVOG5117-consensus	scaffold_15	30.25	314	164	55	688	988	180623	181431	4.6e-15	83.9
NCVOG5117-consensus	scaffold_58	40.88	137	66	15	827	960	57798	57427	9.4e-14	79.5
NCVOG5117-consensus	scaffold_103	32.63	236	128	31	741	965	37914	38552	5.5e-13	75.7
NCVOG5117-consensus	scaffold_19	24.92	297	212	11	675	963	288629	287753	1.1e-12	76.0
NCVOG5117-consensus	scaffold_5	34.83	201	102	29	746	944	568857	568341	4.9e-12	73.9
NCVOG5117-consensus	scaffold_11	27.07	362	226	38	633	965	371335	370288	7.3e-12	72.5
NCVOG5117-consensus	scaffold_3	24.66	296	206	17	649	932	672214	673077	1.2e-11	72.2
NCVOG5117-consensus	scaffold_11	31.45	248	149	21	743	986	21931	21250	1.8e-11	72.0
NCVOG5117-consensus	scaffold_41	31.51	292	161	39	743	1004	62549	63390	5.6e-11	70.3
NCVOG0052-consensus	scaffold_5	34.31	102	64	3	31	132	548397	548104	1.6e-11	69.3
NCVOG4122-consensus	scaffold_4	26.69	311	221	7	80	386	508675	509593	1.9e-23	109.9
NCVOG4122-consensus	scaffold_104	26.02	342	238	15	122	459	18346	17357	2e-23	108.5
NCVOG4122-consensus	scaffold_20	26.97	393	244	43	98	460	139646	138510	1.5e-14	80.3
NCVOG4122-consensus	scaffold_18	30.13	385	248	21	100	464	85419	86567	3.4e-11	69.2
NCVOG0312-consensus	scaffold_26	20.11	726	517	63	93	803	27325	29355	2.5e-11	70.7
NCVOG0032-consensus	scaffold_12	26.71	805	375	215	252	853	317247	319620	2.9e-22	105.9
NCVOG0032-consensus	scaffold_29	28.33	593	305	120	286	867	22543	23987	3.7e-17	89.9
NCVOG0032-consensus	scaffold_4	29.27	615	292	143	310	809	483446	481691	1.7e-16	87.8
NCVOG0032-consensus	scaffold_37	28.35	321	201	29	515	818	38123	37206	6.2e-16	85.9
NCVOG0032-consensus	scaffold_1	27.41	686	321	177	307	845	840396	842358	6.2e-16	85.9
NCVOG0032-consensus	scaffold_10	37.97	158	88	10	685	836	204577	204119	1.3e-15	84.8
NCVOG0032-consensus	scaffold_20	28.31	438	245	69	411	834	46668	45545	1.8e-14	81.0
NCVOG0032-consensus	scaffold_1	27.26	785	343	228	239	820	56320	58588	5.6e-14	79.4
NCVOG0032-consensus	scaffold_31	25.35	852	488	148	12	775	152132	154494	5.2e-13	75.3
NCVOG0032-consensus	scaffold_24	26.87	696	330	179	190	842	128579	130253	1.6e-11	71.2
NCVOG0032-consensus	scaffold_68	25.99	354	230	32	481	821	116318	115327	4.1e-11	69.6
NCVOG0302-consensus	scaffold_3	22.57	257	194	5	3	256	616768	617525	6.8e-14	78.1
NCVOG0302-consensus	scaffold_63	28.48	330	173	63	263	535	69602	70568	7.2e-14	78.1
NCVOG0302-consensus	scaffold_77	34.35	131	83	3	327	454	26365	25976	6.6e-13	74.6
NCVOG0302-consensus	scaffold_10	27.55	196	132	10	260	452	242456	243019	1.1e-11	71.0
NCVOG0302-consensus	scaffold_93	26.62	263	168	25	285	533	65656	64906	1.5e-11	69.7
NCVOG0302-consensus	scaffold_96	26.79	224	149	15	223	443	54924	55556	2.9e-11	68.6
NCVOG0302-consensus	scaffold_28	28.66	321	146	83	255	498	186453	187390	6.5e-11	67.8
NCVOG0012-consensus	scaffold_7	38.79	348	131	82	86	414	324820	323993	8.2e-36	151.1
NCVOG0012-consensus	scaffold_5	45.45	154	68	16	295	432	568330	568788	5.9e-33	141.6
NCVOG0012-consensus	scaffold_58	48.00	125	60	5	294	415	57407	57772	7.4e-30	131.3
NCVOG0012-consensus	scaffold_93	48.44	128	51	15	301	413	47570	47190	1.3e-27	122.9
NCVOG0012-consensus	scaffold_93	42.42	132	53	23	303	412	25878	25491	9.6e-17	86.8
NCVOG0012-consensus	scaffold_93	35.91	181	100	16	255	427	48087	47574	2e-15	82.4
NCVOG0012-consensus	scaffold_77	31.07	412	213	71	85	431	40824	42020	7.9e-27	120.7
NCVOG0012-consensus	scaffold_76	40.00	180	72	36	275	421	15890	15363	9.1e-26	117.2
NCVOG0012-consensus	scaffold_43	45.71	140	69	7	303	436	80212	79801	4.9e-25	115.3
NCVOG0012-consensus	scaffold_15	44.89	176	64	33	267	414	181282	180787	7.1e-25	114.7
NCVOG0012-consensus	scaffold_4	29.62	449	231	85	86	484	76777	75549	1.5e-24	113.6
NCVOG0012-consensus	scaffold_18	46.83	126	55	12	302	420	203920	204279	2.7e-24	112.8
NCVOG0012-consensus	scaffold_62	39.34	183	94	17	327	498	63790	63275	1e-22	107.4
NCVOG0012-consensus	scaffold_62	34.27	213	118	22	261	454	94038	93420	1.6e-20	100.1
NCVOG0012-consensus	scaffold_62	31.88	229	141	15	200	414	68735	68061	7.8e-13	74.6
NCVOG0012-consensus	scaffold_62	29.26	188	124	9	303	481	67302	66744	1.4e-12	73.8
NCVOG0012-consensus	scaffold_16	40.72	167	89	10	274	432	49851	49362	2.4e-22	106.3
NCVOG0012-consensus	scaffold_29	40.21	194	67	49	290	434	2029	1455	1.3e-21	103.9
NCVOG0012-consensus	scaffold_29	41.56	154	64	26	300	428	1403	952	1.3e-13	77.3
NCVOG0012-consensus	scaffold_3	37.95	166	93	10	302	461	279639	279157	2.8e-21	102.8
NCVOG0012-consensus	scaffold_104	40.67	150	76	13	305	444	33591	34024	2.9e-21	101.4
NCVOG0012-consensus	scaffold_2	34.78	230	107	43	302	492	752046	752718	5.5e-21	99.2
NCVOG0012-consensus	scaffold_27	28.93	356	212	41	82	419	146410	145435	5.9e-21	101.7
NCVOG0012-consensus	scaffold_24	31.88	207	132	9	301	499	187119	187723	1.2e-20	100.4
NCVOG0012-consensus	scaffold_12	32.77	357	187	53	85	416	79344	78373	2.2e-20	99.8
NCVOG0012-consensus	scaffold_12	34.27	213	118	22	200	402	12007	11410	1.5e-16	87.1
NCVOG0012-consensus	scaffold_12	38.46	143	80	8	279	413	2048	1627	1.4e-15	83.8
NCVOG0012-consensus	scaffold_12	38.18	165	68	34	297	430	63089	62613	1.8e-12	73.5
NCVOG0012-consensus	scaffold_47	35.24	210	124	12	229	428	175560	174942	2.2e-20	97.6
NCVOG0012-consensus	scaffold_5	27.50	480	267	81	72	492	184394	183032	6.8e-20	98.2
NCVOG0012-consensus	scaffold_23	29.48	363	208	48	88	409	67403	68453	9.5e-19	94.4
NCVOG0012-consensus	scaffold_11	37.65	162	76	25	305	441	370588	371070	9.8e-19	93.6
NCVOG0012-consensus	scaffold_85	39.19	148	71	19	278	407	7458	7893	2.4e-18	92.2
NCVOG0012-consensus	scaffold_79	66.67	54	17	1	326	378	100577	100419	4.2e-18	91.7
NCVOG0012-consensus	scaffold_32	48.45	97	45	5	292	385	156058	155781	5.9e-18	90.8
NCVOG0012-consensus	scaffold_32	52.17	69	32	1	325	392	192270	192071	1.3e-13	76.5
NCVOG0012-consensus	scaffold_6	42.40	125	65	7	296	418	45993	46349	7.5e-18	91.4
NCVOG0012-consensus	scaffold_9	31.20	359	183	64	86	415	266572	267528	1.3e-17	90.6
NCVOG0012-consensus	scaffold_9	26.34	243	163	16	196	428	201479	202180	3.7e-15	82.5
NCVOG0012-consensus	scaffold_19	41.58	190	85	26	298	461	287772	288334	2.8e-17	89.5
NCVOG0012-consensus	scaffold_95	29.32	382	231	39	52	414	72959	74031	3.6e-17	88.1
NCVOG0012-consensus	scaffold_61	43.81	105	51	8	333	437	45195	44908	1.2e-16	87.3
NCVOG0012-consensus	scaffold_11	42.47	186	70	37	305	456	21405	21936	2.2e-16	86.5
NCVOG0012-consensus	scaffold_11	29.37	429	258	45	95	501	106102	107292	8.2e-16	84.6
NCVOG0012-consensus	scaffold_29	38.62	145	65	24	288	414	188627	189040	2.2e-16	85.7
NCVOG0012-consensus	scaffold_15	36.10	205	112	19	221	408	75722	75129	3.2e-16	86.0
NCVOG0012-consensus	scaffold_4	50.00	88	39	5	332	418	470017	469769	3.9e-16	85.7
NCVOG0012-consensus	scaffold_59	36.73	226	121	22	221	425	144913	145554	5.6e-16	85.2
NCVOG0012-consensus	scaffold_46	44.66	103	50	7	302	397	161933	162230	8e-16	82.7
NCVOG0012-consensus	scaffold_126	31.68	202	110	28	231	414	27592	28162	3.9e-15	80.0
NCVOG0012-consensus	scaffold_86	34.57	162	98	8	262	416	59492	59015	5.4e-15	81.1
NCVOG0012-consensus	scaffold_41	25.78	384	242	43	75	430	7152	8235	6.5e-15	81.6
NCVOG0012-consensus	scaffold_70	43.40	106	55	5	273	375	5452	5152	1.1e-14	80.6
NCVOG0012-consensus	scaffold_70	33.48	227	120	31	296	493	115971	115314	1.3e-13	77.0
NCVOG0012-consensus	scaffold_12	34.83	178	98	18	321	481	293885	294408	1.1e-14	80.8
NCVOG0012-consensus	scaffold_32	39.42	137	72	11	302	432	216007	216399	1.3e-14	79.7
NCVOG0012-consensus	scaffold_65	43.67	158	66	23	291	426	101277	100820	1.7e-14	80.0
NCVOG0012-consensus	scaffold_62	40.50	121	57	15	305	410	119909	120268	2.2e-14	79.7
NCVOG0012-consensus	scaffold_62	30.66	212	134	13	232	436	34171	34785	2.2e-14	79.7
NCVOG0012-consensus	scaffold_70	33.33	171	106	8	263	427	4677	5174	2.8e-14	79.2
NCVOG0012-consensus	scaffold_25	33.33	171	103	11	240	406	123578	124060	3.5e-14	79.2
NCVOG0012-consensus	scaffold_12	47.37	114	41	19	287	390	247554	247245	4.3e-14	78.9
NCVOG0012-consensus	scaffold_71	42.05	176	79	23	288	447	35420	35919	4.9e-14	78.4
NCVOG0012-consensus	scaffold_71	36.55	145	54	38	306	414	33632	34057	1.6e-14	80.0
NCVOG0012-consensus	scaffold_71	28.61	360	220	37	87	411	39897	40945	6.5e-12	71.3
NCVOG0012-consensus	scaffold_6	26.78	422	236	73	51	425	289999	291171	6.2e-14	78.4
NCVOG0012-consensus	scaffold_7	35.42	144	80	13	301	431	97843	98271	9e-14	77.8
NCVOG0012-consensus	scaffold_5	32.27	220	138	11	218	427	52176	51523	1.1e-13	77.6
NCVOG0012-consensus	scaffold_74	37.11	97	58	3	311	405	55971	55687	1.1e-13	77.0
NCVOG0012-consensus	scaffold_114	40.83	120	51	20	308	407	19498	19146	1.3e-13	75.7
NCVOG0012-consensus	scaffold_3	46.88	96	43	8	336	429	309906	309640	1.6e-13	77.0
NCVOG0012-consensus	scaffold_3	28.75	240	153	18	206	430	679755	680458	2.3e-13	76.2
NCVOG0012-consensus	scaffold_81	32.39	355	180	60	91	408	32785	33753	3.2e-13	75.4
NCVOG0012-consensus	scaffold_30	39.41	170	64	39	296	427	15453	15950	4.1e-13	75.7
NCVOG0012-consensus	scaffold_5	28.35	388	228	50	85	431	172245	173352	4.1e-13	75.7
NCVOG0012-consensus	scaffold_13	40.00	120	60	12	311	428	188533	188209	4.9e-13	75.4
NCVOG0012-consensus	scaffold_29	35.09	171	88	23	297	444	110147	110656	4.9e-13	75.4
NCVOG0012-consensus	scaffold_28	38.07	176	78	31	303	447	220608	220104	6.4e-13	74.3
NCVOG0012-consensus	scaffold_51	35.38	195	99	27	297	466	169162	168599	8.5e-13	72.1
NCVOG0012-consensus	scaffold_38	33.01	209	123	17	302	501	114757	114164	8.6e-13	74.6
NCVOG0012-consensus	scaffold_10	41.67	108	45	18	322	421	175698	175988	8.6e-13	74.6
NCVOG0012-consensus	scaffold_14	30.32	188	122	9	227	410	289392	289929	8.6e-13	74.6
NCVOG0012-consensus	scaffold_14	37.41	139	80	7	306	437	298094	298495	4.7e-12	72.1
NCVOG0012-consensus	scaffold_138	38.40	125	57	20	308	413	11914	11546	8.7e-13	71.6
NCVOG0012-consensus	scaffold_98	30.91	165	91	23	298	440	62618	63106	8.7e-13	73.5
NCVOG0012-consensus	scaffold_67	39.62	106	54	10	288	384	32540	32229	1.3e-12	73.8
NCVOG0012-consensus	scaffold_130	43.93	107	45	15	318	416	14324	14030	1.5e-12	71.3
NCVOG0012-consensus	scaffold_27	46.74	92	39	10	304	387	229906	229644	1.5e-12	73.2
NCVOG0012-consensus	scaffold_7	30.46	348	198	44	165	478	82726	81730	1.5e-12	73.8
NCVOG0012-consensus	scaffold_41	30.08	389	186	86	85	431	63478	62463	1.5e-12	73.8
NCVOG0012-consensus	scaffold_50	35.21	142	73	19	264	399	50345	50728	2.2e-12	73.2
NCVOG0012-consensus	scaffold_97	29.77	477	243	92	81	490	6920	8248	2.3e-12	72.1
NCVOG0012-consensus	scaffold_140	44.23	104	50	8	297	395	10838	10549	2.6e-12	69.9
NCVOG0012-consensus	scaffold_103	33.67	196	97	33	309	476	38290	37725	2.9e-12	71.6
NCVOG0012-consensus	scaffold_34	48.06	129	49	18	302	412	151689	151328	3e-12	71.9
NCVOG0012-consensus	scaffold_4	32.32	164	94	17	310	470	276342	275904	3.9e-12	72.4
NCVOG0012-consensus	scaffold_20	34.12	170	90	22	316	466	74813	75298	3.9e-12	72.4
NCVOG0012-consensus	scaffold_105	42.04	157	60	31	302	431	3493	3050	4.8e-12	70.8
NCVOG0012-consensus	scaffold_88	35.32	201	106	24	310	492	32772	32191	5.5e-12	71.1
NCVOG0012-consensus	scaffold_25	34.86	109	68	3	305	410	127900	127577	5.7e-12	71.9
NCVOG0012-consensus	scaffold_26	27.63	409	241	55	72	453	141072	142175	5.7e-12	71.9
NCVOG0012-consensus	scaffold_56	29.60	250	146	30	216	439	141733	141003	5.7e-12	71.9
NCVOG0012-consensus	scaffold_52	38.06	134	74	9	312	439	19126	18745	6.8e-12	71.6
NCVOG0012-consensus	scaffold_4	32.72	162	97	12	261	411	300653	301132	6.8e-12	71.6
NCVOG0012-consensus	scaffold_4	26.40	394	252	38	86	460	409502	410605	6.8e-12	71.6
NCVOG0012-consensus	scaffold_4	36.73	147	75	18	309	439	302116	302547	8.2e-12	71.3
NCVOG0012-consensus	scaffold_4	38.69	137	74	10	302	428	404722	405125	9.9e-12	71.1
NCVOG0012-consensus	scaffold_173	36.73	147	77	16	309	439	3378	3803	7.9e-12	66.7
NCVOG0012-consensus	scaffold_11	32.22	180	110	12	233	408	41800	41294	8.2e-12	71.3
NCVOG0012-consensus	scaffold_2	29.08	196	112	27	288	456	45553	46129	8.2e-12	71.3
NCVOG0012-consensus	scaffold_127	36.99	173	82	27	274	422	7382	6878	8.6e-12	68.9
NCVOG0012-consensus	scaffold_52	31.30	262	143	37	181	427	173780	174474	9.3e-12	68.6
NCVOG0012-consensus	scaffold_31	35.58	163	86	19	85	232	231472	231005	9.6e-12	70.2
NCVOG0012-consensus	scaffold_45	34.23	149	79	19	288	428	94141	94545	9.9e-12	71.1
NCVOG0012-consensus	scaffold_39	27.27	352	210	46	93	420	39828	40804	9.9e-12	71.1
NCVOG0012-consensus	scaffold_110	39.10	133	58	23	302	412	11115	10729	1e-11	69.4
NCVOG0012-consensus	scaffold_44	42.55	94	51	3	297	389	28875	29145	1.2e-11	70.8
NCVOG0012-consensus	scaffold_161	51.72	58	26	2	324	381	5274	5438	1.3e-11	66.4
NCVOG0012-consensus	scaffold_115	29.62	260	105	78	85	338	11005	11559	1.4e-11	68.9
NCVOG0012-consensus	scaffold_33	44.21	95	51	2	309	401	121038	120757	1.4e-11	70.5
NCVOG0012-consensus	scaffold_96	39.55	134	55	26	295	405	57890	58273	1.5e-11	69.4
NCVOG0012-consensus	scaffold_21	31.06	161	86	25	261	415	160512	160094	1.7e-11	70.2
NCVOG0012-consensus	scaffold_98	31.03	174	113	7	261	427	22474	21972	1.8e-11	69.1
NCVOG0012-consensus	scaffold_140	34.93	146	70	25	294	416	14214	14634	2.1e-11	67.0
NCVOG0012-consensus	scaffold_36	32.07	237	117	44	249	442	30691	29993	2.1e-11	70.0
NCVOG0012-consensus	scaffold_42	29.59	365	221	36	75	416	38811	39843	2.1e-11	70.0
NCVOG0012-consensus	scaffold_6	29.61	304	190	24	84	369	460039	460921	2.4e-11	69.2
NCVOG0012-consensus	scaffold_33	35.75	221	118	24	302	499	77653	78301	4.5e-11	68.9
NCVOG0012-consensus	scaffold_73	30.48	187	106	24	262	428	51517	50974	4.7e-11	68.3
NCVOG0012-consensus	scaffold_99	32.93	167	106	6	311	473	52046	51555	5.4e-11	67.5
NCVOG0012-consensus	scaffold_124	24.82	423	258	60	80	462	379	1570	6.2e-11	66.2
NCVOG0012-consensus	scaffold_110	25.48	361	222	47	84	431	7230	8201	6.9e-11	66.7
NCVOG0012-consensus	scaffold_1	38.46	130	70	10	292	412	152528	152145	7.9e-11	68.1
NCVOG0012-consensus	scaffold_22	30.73	179	109	15	266	431	168605	169132	9.8e-11	67.5
NCVOG1127-consensus	scaffold_1	28.99	207	131	16	82	282	417521	416934	4.7e-16	85.7
NCVOG0868-consensus	scaffold_14	51.81	83	37	3	164	243	298103	298346	2.4e-17	89.3
NCVOG0868-consensus	scaffold_12	51.90	79	27	11	156	223	1836	1603	3.8e-15	82.0
NCVOG0868-consensus	scaffold_3	53.42	73	30	4	152	223	279612	279406	1.1e-12	73.9
NCVOG0868-consensus	scaffold_13	43.04	79	43	2	143	220	300095	299865	4.5e-11	67.1
NCVOG0868-consensus	scaffold_68	35.48	93	55	5	157	245	80982	80712	1e-10	67.1
NCVOG0181-consensus	scaffold_14	27.45	357	236	23	92	433	308623	309666	4.1e-30	130.2
NCVOG0181-consensus	scaffold_55	27.30	359	236	25	96	439	141849	140806	1.4e-17	90.4
NCVOG0181-consensus	scaffold_61	25.54	372	238	39	90	439	103895	104956	4.3e-15	81.9
NCVOG0181-consensus	scaffold_17	26.63	338	215	33	92	410	83495	82539	6.7e-15	81.4
NCVOG0181-consensus	scaffold_25	26.54	260	162	29	190	429	225193	225940	4.3e-11	68.4
NCVOG1188-consensus	scaffold_66	40.24	164	80	18	56	205	36655	36183	9.4e-14	76.7
NCVOG1188-consensus	scaffold_14	51.09	92	40	5	117	205	298007	298267	7.8e-11	67.2
NCVOG1188-consensus	scaffold_10	27.23	191	126	13	30	208	7049	6485	7.8e-11	67.2
NCVOG0190-consensus	scaffold_12	38.71	155	82	13	174	315	1878	1417	7.7e-18	91.4
NCVOG0190-consensus	scaffold_3	31.32	348	206	33	166	499	279691	278746	1.6e-17	90.3
NCVOG0190-consensus	scaffold_7	36.42	151	88	8	147	291	324952	324509	7.4e-17	88.1
NCVOG0190-consensus	scaffold_7	37.16	148	79	14	183	322	324235	323813	2.6e-15	83.0
NCVOG0190-consensus	scaffold_5	35.44	158	93	9	140	294	568201	568653	1.2e-14	80.8
NCVOG0190-consensus	scaffold_18	28.27	237	139	31	65	291	203556	204192	1.7e-14	80.3
NCVOG0190-consensus	scaffold_58	36.70	109	57	12	183	290	57461	57751	1.1e-13	77.6
NCVOG0190-consensus	scaffold_14	45.88	85	32	14	175	259	298073	298282	1.6e-13	77.0
NCVOG0190-consensus	scaffold_27	34.81	135	74	14	182	315	145812	145450	3.2e-11	69.4
NCVOG0190-consensus	scaffold_6	29.56	203	115	28	175	355	45966	46551	9.8e-11	67.8
NCVOG0025-consensus	scaffold_13	26.38	470	281	65	77	515	205249	206549	1.8e-19	96.8
NCVOG0025-consensus	scaffold_54	28.34	434	234	77	111	521	146281	145145	2.1e-18	93.3
NCVOG0025-consensus	scaffold_66	27.54	443	256	65	91	521	19379	20545	4e-15	82.2
NCVOG0025-consensus	scaffold_68	26.67	390	229	57	104	487	31875	32888	1e-14	80.8
NCVOG0025-consensus	scaffold_3	22.62	420	279	46	85	481	307844	309029	1.2e-14	80.8
NCVOG0025-consensus	scaffold_76	24.26	404	269	37	112	508	21714	22832	1.4e-13	76.7
NCVOG0025-consensus	scaffold_20	24.02	408	262	48	85	491	253023	254102	8.9e-13	74.6
NCVOG0025-consensus	scaffold_30	24.47	380	231	56	112	487	14983	14003	1.3e-12	74.0
NCVOG0271-consensus	scaffold_32	40.59	1195	521	189	147	1156	33869	37428	2.4e-106	386.6
NCVOG0271-consensus	scaffold_5	28.00	1193	713	146	81	1161	273041	269572	1.8e-23	111.3
NCVOG0271-consensus	scaffold_39	32.27	1258	647	205	27	1107	25578	21900	3e-22	107.2
NCVOG4568-consensus	scaffold_101	25.87	433	285	36	50	456	8077	9340	9.2e-24	109.8
NCVOG4568-consensus	scaffold_12	44.91	167	76	16	324	481	219953	220429	4e-21	102.3
NCVOG4568-consensus	scaffold_44	47.95	171	87	2	309	477	60961	60452	4.8e-21	102.0
NCVOG4568-consensus	scaffold_1	38.24	204	116	10	288	482	258947	259550	2e-18	93.3
NCVOG4568-consensus	scaffold_1	35.52	183	104	14	305	475	259899	260438	1.1e-17	90.9
NCVOG4568-consensus	scaffold_1	31.82	286	164	31	234	491	260465	261298	4.8e-17	88.7
NCVOG4568-consensus	scaffold_6	33.33	273	173	9	208	474	385431	386223	6e-18	91.7
NCVOG4568-consensus	scaffold_8	45.45	198	86	22	304	479	454207	454793	8.9e-18	88.4
NCVOG4568-consensus	scaffold_86	39.82	221	117	16	280	487	62369	61723	3.3e-17	88.4
NCVOG4568-consensus	scaffold_86	44.23	156	74	13	326	469	61656	61201	1.8e-12	72.7
NCVOG4568-consensus	scaffold_1	42.70	178	95	7	309	485	506820	507332	4e-17	89.0
NCVOG4568-consensus	scaffold_29	29.22	219	144	11	269	482	2089	1456	1e-16	87.6
NCVOG4568-consensus	scaffold_40	48.00	200	82	22	305	485	17428	18015	2.6e-16	86.3
NCVOG4568-consensus	scaffold_5	34.16	202	128	5	280	476	5471	6069	4.4e-15	82.2
NCVOG4568-consensus	scaffold_31	33.01	309	190	17	196	489	199992	200887	6.2e-15	80.8
NCVOG4568-consensus	scaffold_14	53.39	118	44	11	370	477	33787	34134	1.6e-14	80.3
NCVOG4568-consensus	scaffold_14	36.84	190	110	10	305	489	124601	125152	2.6e-12	73.0
NCVOG4568-consensus	scaffold_63	40.23	174	103	1	309	482	54522	54007	3e-14	79.2
NCVOG4568-consensus	scaffold_1	40.00	165	90	9	305	464	376275	376752	6.1e-14	78.4
NCVOG4568-consensus	scaffold_61	67.24	116	27	11	363	472	111659	111350	6.9e-14	78.1
NCVOG4568-consensus	scaffold_69	43.33	150	76	9	350	490	88252	87806	1.3e-13	77.0
NCVOG4568-consensus	scaffold_120	42.53	174	94	6	313	482	16558	16046	1.4e-13	75.1
NCVOG4568-consensus	scaffold_6	25.50	451	318	18	45	488	479327	480639	1.5e-13	76.5
NCVOG4568-consensus	scaffold_12	18.71	342	267	11	158	488	14134	13116	4.8e-13	75.4
NCVOG4568-consensus	scaffold_12	39.76	166	82	18	327	478	16010	15532	2.3e-13	76.5
NCVOG4568-consensus	scaffold_12	34.48	174	101	13	305	473	11936	11444	3.1e-12	72.7
NCVOG4568-consensus	scaffold_193	10.49	448	392	9	32	470	2140	804	1.8e-12	68.0
NCVOG4568-consensus	scaffold_12	34.57	188	114	9	308	489	223084	222533	2.2e-12	73.2
NCVOG4568-consensus	scaffold_162	30.91	165	113	1	307	470	6091	5600	2.2e-12	68.8
NCVOG4568-consensus	scaffold_38	28.20	461	292	39	42	476	29982	31306	2.6e-12	73.0
NCVOG4568-consensus	scaffold_11	43.48	184	92	12	311	482	132552	132004	3.1e-12	72.7
NCVOG4568-consensus	scaffold_11	40.00	205	92	31	310	490	131889	131299	1.5e-12	73.8
NCVOG4568-consensus	scaffold_11	39.18	194	101	17	305	491	133443	132903	1.5e-12	73.8
NCVOG4568-consensus	scaffold_9	28.21	312	194	30	199	482	2877	1953	3.8e-12	72.4
NCVOG4568-consensus	scaffold_14	44.08	152	71	14	329	474	200396	200824	4.6e-12	72.2
NCVOG4568-consensus	scaffold_24	40.28	211	104	22	297	488	126603	127211	5.5e-12	71.9
NCVOG4568-consensus	scaffold_5	21.21	462	338	26	20	459	567505	568845	5.5e-12	71.9
NCVOG4568-consensus	scaffold_68	38.37	172	92	14	307	466	31780	31274	5.6e-12	71.6
NCVOG4568-consensus	scaffold_43	37.21	172	99	9	317	484	39412	38921	8e-12	71.3
NCVOG4568-consensus	scaffold_64	30.18	328	182	47	172	489	33460	32595	1e-11	70.8
NCVOG4568-consensus	scaffold_4	38.27	243	125	25	253	476	215382	214685	1.4e-11	70.5
NCVOG4568-consensus	scaffold_27	37.91	182	102	11	307	482	140833	141360	2.1e-11	70.0
NCVOG4568-consensus	scaffold_2	26.88	346	228	25	138	472	483069	482087	2.5e-11	69.7
NCVOG4568-consensus	scaffold_2	38.04	163	100	1	330	491	463648	463165	2.5e-11	69.7
NCVOG4568-consensus	scaffold_4	38.54	192	105	13	305	487	417004	417564	3e-11	69.4
NCVOG4568-consensus	scaffold_27	27.21	272	184	14	199	459	204408	205199	4.2e-11	68.3
NCVOG4568-consensus	scaffold_39	37.72	228	109	33	293	489	172579	173245	4.6e-11	67.2
NCVOG4568-consensus	scaffold_2	41.04	173	82	20	337	489	90026	90529	5.3e-11	68.6
NCVOG4568-consensus	scaffold_16	40.00	175	98	7	317	484	97861	97340	5.3e-11	68.6
NCVOG4568-consensus	scaffold_90	44.06	143	70	10	351	488	68367	67961	9e-11	67.0
NCVOG0061-consensus	scaffold_3	31.38	564	298	89	58	541	230552	232209	1.4e-31	137.2
NCVOG4511-consensus	scaffold_7	24.01	429	273	53	4	402	324838	323630	4.8e-13	75.9
NCVOG4511-consensus	scaffold_41	27.23	470	290	52	2	450	63670	62375	5.8e-13	75.6
NCVOG4511-consensus	scaffold_73	28.85	305	189	28	5	288	5047	4163	5.6e-11	68.5
NCVOG4511-consensus	scaffold_93	24.29	527	320	79	3	500	47873	46462	5.9e-11	68.0
NCVOG0451-consensus	scaffold_4	32.30	257	161	13	124	377	508822	509559	5.9e-18	91.5
NCVOG0451-consensus	scaffold_18	33.89	180	110	9	170	340	86022	86558	2.3e-14	79.5
NCVOG0451-consensus	scaffold_18	27.69	325	221	14	98	412	85051	86006	2.3e-14	79.5
NCVOG1351-consensus	scaffold_61	35.40	274	153	24	174	428	54799	55594	1.4e-25	117.1
NCVOG1351-consensus	scaffold_48	32.72	272	127	56	167	388	111945	111155	2.8e-15	83.0
NCVOG0531-consensus	scaffold_14	28.73	268	174	17	1	260	253518	254291	1.6e-16	86.8
NCVOG0531-consensus	scaffold_38	23.83	235	143	36	8	206	103657	102956	1e-11	70.8
NCVOG4907-consensus	scaffold_4	24.57	761	517	57	2	724	443939	446149	2.4e-12	73.7
NCVOG4907-consensus	scaffold_12	29.19	675	403	75	86	731	77718	79577	7.3e-12	72.1
NCVOG0301-consensus	scaffold_63	27.71	332	175	65	264	537	69605	70574	1.9e-13	76.7
NCVOG0301-consensus	scaffold_77	36.57	134	79	6	333	460	26350	25952	1.4e-11	70.2
NCVOG0301-consensus	scaffold_28	28.98	314	145	78	255	492	186453	187381	3.7e-11	68.6
NCVOG1121-consensus	scaffold_6	24.65	426	286	35	102	523	385429	386610	9.6e-14	77.8
NCVOG0021-consensus	scaffold_12	24.03	591	406	43	212	786	77837	79519	4.9e-24	113.0
NCVOG0021-consensus	scaffold_4	29.74	380	247	20	83	458	303204	302118	1e-19	98.6
NCVOG0021-consensus	scaffold_11	24.48	482	336	28	73	540	131423	132823	1.5e-19	98.0
NCVOG0021-consensus	scaffold_29	26.74	475	319	29	353	822	838	2181	3.9e-19	96.7
NCVOG0021-consensus	scaffold_7	30.84	334	197	34	326	655	323937	324845	1.3e-15	85.0
NCVOG0021-consensus	scaffold_93	32.93	249	142	25	568	806	47200	47898	1.4e-15	83.9
NCVOG0021-consensus	scaffold_88	33.15	184	117	6	174	356	32367	32896	1.1e-13	77.7
NCVOG2860-consensus	scaffold_4	25.20	254	183	7	114	364	508801	509547	4.8e-12	71.7
NCVOG0001-consensus	scaffold_13	44.76	286	137	21	320	600	50760	51566	2.2e-47	189.8
NCVOG0001-consensus	scaffold_5	39.41	236	124	19	328	555	221723	221052	6.1e-36	151.8
NCVOG0001-consensus	scaffold_9	47.81	251	113	18	313	556	292839	292123	2.3e-35	149.9
NCVOG0001-consensus	scaffold_8	36.56	279	132	45	333	577	412778	413578	3.5e-28	126.1
NCVOG0001-consensus	scaffold_27	42.68	246	123	18	314	555	193549	192857	1.1e-24	113.9
NCVOG0001-consensus	scaffold_3	42.07	309	155	24	258	560	166471	165602	1.1e-24	114.4
NCVOG0001-consensus	scaffold_24	39.18	194	109	9	363	556	42397	42948	1e-22	107.9
NCVOG0001-consensus	scaffold_17	30.31	287	158	42	302	556	101266	102091	1.4e-20	100.8
NCVOG0001-consensus	scaffold_19	36.41	217	118	20	371	578	228226	228836	1.6e-20	100.6
NCVOG0001-consensus	scaffold_43	39.58	192	104	12	364	555	163399	162863	5.1e-19	93.8
NCVOG0001-consensus	scaffold_20	44.83	174	81	15	331	500	185275	184790	5.7e-19	95.4
NCVOG0001-consensus	scaffold_95	37.64	271	112	57	360	579	3456	4243	2.8e-18	92.2
NCVOG0001-consensus	scaffold_24	35.96	267	153	18	307	566	265038	264274	5.2e-17	88.6
NCVOG0001-consensus	scaffold_24	40.07	272	123	40	320	562	265961	265186	8.3e-35	147.8
NCVOG0001-consensus	scaffold_2	35.42	288	163	23	285	566	533334	532525	6.4e-17	88.6
NCVOG0001-consensus	scaffold_2	38.79	281	126	46	320	565	534215	533413	9.7e-26	117.9
NCVOG0001-consensus	scaffold_16	30.16	305	139	74	357	598	33464	32586	8.5e-15	81.6
NCVOG0001-consensus	scaffold_61	28.47	295	196	15	322	603	26996	26129	9.7e-15	81.3
NCVOG0001-consensus	scaffold_40	33.81	210	111	28	367	555	170538	169941	4.3e-14	77.5
NCVOG0001-consensus	scaffold_44	27.05	281	128	77	340	553	57922	58727	1.9e-11	70.5
NCVOG0001-consensus	scaffold_52	34.57	269	121	55	370	595	37354	38119	3.3e-11	69.6
NCVOG2058-consensus	scaffold_4	33.21	280	170	17	99	372	508669	509472	3.9e-26	118.6
NCVOG2058-consensus	scaffold_18	35.79	285	167	16	103	371	85716	86567	1.1e-20	100.4
NCVOG2058-consensus	scaffold_18	31.53	203	134	5	141	338	85104	85709	1.9e-15	83.1
NCVOG2058-consensus	scaffold_20	28.66	307	187	32	92	367	139424	138510	6.8e-14	77.9
NCVOG2058-consensus	scaffold_137	27.74	274	182	16	110	371	15142	15948	1.3e-12	70.8
NCVOG2058-consensus	scaffold_4	27.78	252	162	20	61	292	2975	2223	4.9e-11	68.4
NCVOG0066-consensus	scaffold_17	32.35	374	222	31	119	463	43048	44160	1.9e-28	126.9
NCVOG0066-consensus	scaffold_17	31.14	350	207	34	89	405	44284	45327	1.1e-24	114.4
NCVOG0066-consensus	scaffold_17	36.62	355	165	60	114	410	41892	42945	1.2e-15	84.3
NCVOG0038-consensus	scaffold_100	32.24	1070	494	231	95	972	20967	17888	1.8e-33	143.3
NCVOG0038-consensus	scaffold_60	26.32	775	507	64	230	966	66494	68723	1.4e-32	141.4
NCVOG0228-consensus	scaffold_4	28.19	681	420	69	288	922	188122	186152	4.7e-17	89.6
NCVOG0218-consensus	scaffold_7	39.04	648	337	58	377	980	325518	323640	2.1e-108	393.4
NCVOG0218-consensus	scaffold_7	32.61	368	210	38	570	900	428145	427078	3.1e-16	87.2
NCVOG0218-consensus	scaffold_29	34.51	565	275	95	434	927	2450	835	1.7e-67	257.5
NCVOG0218-consensus	scaffold_29	24.69	482	322	41	402	860	13700	12326	3.9e-13	76.9
NCVOG0218-consensus	scaffold_93	35.40	452	264	28	575	1012	48110	46812	6.5e-66	251.3
NCVOG0218-consensus	scaffold_93	42.75	138	69	10	784	912	25860	25461	3.5e-20	99.4
NCVOG0218-consensus	scaffold_12	30.83	746	415	101	230	902	80322	78172	1.4e-59	231.2
NCVOG0218-consensus	scaffold_12	32.68	462	271	40	401	838	2576	1270	5.7e-45	182.7
NCVOG0218-consensus	scaffold_12	29.70	532	323	51	377	866	12813	11266	7.6e-27	122.4
NCVOG0218-consensus	scaffold_12	26.60	391	244	43	549	904	65888	64759	1.1e-14	82.0
NCVOG0218-consensus	scaffold_12	41.38	145	71	14	635	768	63064	62646	4.8e-13	76.6
NCVOG0218-consensus	scaffold_77	34.68	519	288	51	360	837	40627	42122	2.7e-57	223.1
NCVOG0218-consensus	scaffold_77	32.12	193	116	15	581	765	68250	68800	6.6e-12	72.3
NCVOG0218-consensus	scaffold_41	34.57	619	319	86	353	900	64171	62393	3.7e-56	219.8
NCVOG0218-consensus	scaffold_9	33.39	626	313	104	354	896	265823	267588	3.9e-53	209.8
NCVOG0218-consensus	scaffold_9	32.04	362	200	46	478	801	201369	202411	8.7e-30	132.2
NCVOG0218-consensus	scaffold_9	29.89	261	162	21	688	927	232159	232932	8e-12	72.5
NCVOG0218-consensus	scaffold_11	31.96	629	311	117	402	931	20826	22641	1.6e-46	187.8
NCVOG0218-consensus	scaffold_11	32.88	219	132	15	599	806	106696	107325	1.4e-19	98.3
NCVOG0218-consensus	scaffold_11	28.50	414	264	32	430	821	7868	9056	7.6e-19	95.9
NCVOG0218-consensus	scaffold_11	26.51	581	359	68	407	952	14127	15723	9.6e-16	85.6
NCVOG0218-consensus	scaffold_15	42.06	252	126	20	651	896	181314	180610	1.4e-44	181.3
NCVOG0218-consensus	scaffold_76	50.28	181	74	16	681	855	15833	15324	2.5e-43	176.7
NCVOG0218-consensus	scaffold_11	34.92	421	237	37	477	869	370003	371199	1.1e-42	174.2
NCVOG0218-consensus	scaffold_11	39.37	127	70	7	763	884	303888	304239	1.3e-12	74.4
NCVOG0218-consensus	scaffold_56	31.60	674	332	129	351	899	136372	138378	8.7e-42	172.1
NCVOG0218-consensus	scaffold_56	33.47	236	118	39	633	830	78438	79131	3.1e-20	100.5
NCVOG0218-consensus	scaffold_19	41.16	277	141	22	632	897	287565	288347	3.5e-39	163.4
NCVOG0218-consensus	scaffold_2	41.43	251	128	19	631	870	751764	752489	6.9e-39	159.9
NCVOG0218-consensus	scaffold_5	38.37	258	139	20	570	810	568021	568768	2.7e-37	157.2
NCVOG0218-consensus	scaffold_5	24.75	602	371	82	369	902	536672	538420	1.5e-21	104.8
NCVOG0218-consensus	scaffold_103	41.18	238	113	27	663	873	38605	37901	5.1e-37	155.0
NCVOG0218-consensus	scaffold_104	33.52	352	202	32	564	887	33136	34160	8.5e-37	154.2
NCVOG0218-consensus	scaffold_5	30.47	571	323	74	372	901	184535	182953	1.7e-35	151.2
NCVOG0218-consensus	scaffold_53	26.48	574	365	57	456	985	111837	110170	1.9e-34	147.7
NCVOG0218-consensus	scaffold_53	29.10	653	380	83	314	895	105496	103619	3.4e-22	107.0
NCVOG0218-consensus	scaffold_53	36.67	150	88	7	658	802	55535	55105	6.6e-12	72.8
NCVOG0218-consensus	scaffold_5	27.83	654	343	129	358	893	53436	51517	2.2e-33	144.1
NCVOG0218-consensus	scaffold_4	43.29	164	88	5	616	775	76199	75714	4.7e-33	143.1
NCVOG0218-consensus	scaffold_85	30.35	603	326	94	357	869	6130	7893	5.7e-33	142.0
NCVOG0218-consensus	scaffold_18	47.48	139	57	16	661	797	203875	204246	6.9e-33	142.5
NCVOG0218-consensus	scaffold_34	29.98	437	266	40	502	901	75761	74489	2.1e-32	140.9
NCVOG0218-consensus	scaffold_93	32.41	614	323	92	354	885	7256	9020	2.4e-32	139.8
NCVOG0218-consensus	scaffold_93	33.33	279	155	31	552	800	11803	12613	5.3e-17	88.8
NCVOG0218-consensus	scaffold_6	31.49	524	306	53	345	846	289874	291333	3.7e-32	140.1
NCVOG0218-consensus	scaffold_95	32.58	488	284	45	359	823	72816	74196	6.9e-32	138.2
NCVOG0218-consensus	scaffold_95	26.88	584	361	66	350	882	38732	40411	1.5e-20	100.5
NCVOG0218-consensus	scaffold_95	29.84	439	274	34	420	832	30343	31600	1.2e-19	97.5
NCVOG0218-consensus	scaffold_58	52.99	134	45	18	679	812	57425	57769	7.9e-32	139.0
NCVOG0218-consensus	scaffold_105	31.48	521	301	56	407	885	4334	2851	1.7e-31	136.5
NCVOG0218-consensus	scaffold_23	28.69	474	284	54	420	853	67279	68633	2.4e-31	137.4
NCVOG0218-consensus	scaffold_23	27.57	613	367	77	344	900	116875	118625	1.2e-23	111.9
NCVOG0218-consensus	scaffold_24	33.00	297	168	31	657	926	187086	187953	6.2e-31	135.7
NCVOG0218-consensus	scaffold_7	27.07	687	362	139	353	905	96342	98362	6.3e-31	136.0
NCVOG0218-consensus	scaffold_70	28.47	583	345	72	357	882	117194	115538	8.8e-31	135.2
NCVOG0218-consensus	scaffold_70	59.72	72	23	6	820	886	5351	5146	8.5e-14	78.8
NCVOG0218-consensus	scaffold_110	29.26	393	257	21	518	903	7038	8171	1.4e-30	133.3
NCVOG0218-consensus	scaffold_110	35.32	235	131	21	625	841	4977	5649	2.6e-15	82.6
NCVOG0218-consensus	scaffold_70	27.30	608	336	106	394	901	60430	62222	1.6e-30	134.4
NCVOG0218-consensus	scaffold_70	38.14	194	106	14	643	824	4580	5128	3.6e-16	86.6
NCVOG0218-consensus	scaffold_30	33.33	369	201	45	550	878	14982	16064	8.7e-30	132.2
NCVOG0218-consensus	scaffold_74	31.64	354	212	30	534	883	56592	55614	1.3e-29	131.1
NCVOG0218-consensus	scaffold_74	27.27	572	356	60	342	868	3089	1456	1.3e-12	74.7
NCVOG0218-consensus	scaffold_10	31.09	653	326	124	346	900	7225	5362	2.7e-29	130.6
NCVOG0218-consensus	scaffold_10	32.24	366	198	50	608	932	80855	79802	1.3e-29	131.7
NCVOG0218-consensus	scaffold_27	39.05	210	118	10	648	850	145887	145270	1.5e-28	128.1
NCVOG0218-consensus	scaffold_62	32.22	689	348	119	352	927	69875	67832	1.6e-28	127.9
NCVOG0218-consensus	scaffold_62	31.13	424	251	41	484	873	94454	93219	1.4e-29	131.4
NCVOG0218-consensus	scaffold_62	58.06	93	31	8	784	875	63790	63536	3.4e-24	113.5
NCVOG0218-consensus	scaffold_62	31.62	370	193	60	559	874	36397	35335	5.6e-15	82.8
NCVOG0218-consensus	scaffold_62	32.00	275	168	19	435	703	67829	67053	1.7e-14	81.2
NCVOG0218-consensus	scaffold_136	29.86	653	363	95	325	898	3986	2109	2.1e-28	124.9
NCVOG0218-consensus	scaffold_136	27.10	417	243	61	428	808	22405	21257	2.1e-12	71.7
NCVOG0218-consensus	scaffold_43	51.56	128	44	18	611	730	80206	79856	2.1e-28	127.6
NCVOG0218-consensus	scaffold_57	34.28	353	195	37	568	892	4023	5025	9.6e-28	125.4
NCVOG0218-consensus	scaffold_63	31.28	585	340	62	350	885	110029	111735	1e-27	125.2
NCVOG0218-consensus	scaffold_63	31.22	410	234	48	416	792	111918	113085	7.6e-22	105.6
NCVOG0218-consensus	scaffold_29	36.76	253	121	39	485	722	188369	189040	1.7e-27	123.8
NCVOG0218-consensus	scaffold_29	25.00	560	356	64	383	886	163015	164655	7.3e-26	118.4
NCVOG0218-consensus	scaffold_29	35.36	263	152	18	535	784	152049	152787	2.4e-14	80.1
NCVOG0218-consensus	scaffold_39	29.41	510	306	54	504	985	39589	41003	2e-27	124.3
NCVOG0218-consensus	scaffold_74	35.69	297	168	23	596	872	9049	9903	3.7e-27	123.0
NCVOG0218-consensus	scaffold_86	40.27	226	118	17	659	869	59602	58958	4.3e-27	122.4
NCVOG0218-consensus	scaffold_2	28.39	391	243	37	533	900	102364	101261	5.2e-27	123.0
NCVOG0218-consensus	scaffold_2	31.25	160	97	13	652	798	99705	99229	4.1e-14	80.1
NCVOG0218-consensus	scaffold_25	32.93	416	234	45	506	889	128007	126824	1.1e-26	121.9
NCVOG0218-consensus	scaffold_25	27.88	556	338	63	362	862	126754	125132	4.3e-15	83.4
NCVOG0218-consensus	scaffold_1	29.95	384	240	29	493	861	454921	456021	1.6e-26	121.4
NCVOG0218-consensus	scaffold_55	27.31	531	320	66	353	828	100758	99214	5e-26	119.7
NCVOG0218-consensus	scaffold_54	25.42	661	414	79	353	981	158742	156936	2.9e-25	114.6
NCVOG0218-consensus	scaffold_3	46.46	127	58	10	709	832	279639	279287	1.2e-24	115.1
NCVOG0218-consensus	scaffold_3	32.49	357	206	35	592	914	244272	243232	3.6e-19	96.9
NCVOG0218-consensus	scaffold_3	36.88	141	81	8	642	774	207927	207514	1.5e-12	75.0
NCVOG0218-consensus	scaffold_4	27.06	436	282	36	461	875	4860	6103	1.8e-24	114.6
NCVOG0218-consensus	scaffold_16	39.66	179	100	8	579	756	49917	49405	2.6e-24	114.0
NCVOG0218-consensus	scaffold_64	37.40	262	151	13	626	875	40156	39405	3.2e-24	113.5
NCVOG0218-consensus	scaffold_99	30.34	323	201	24	633	946	7192	8094	9.5e-24	111.0
NCVOG0218-consensus	scaffold_47	27.98	647	394	72	333	935	176677	174856	1.7e-23	109.1
NCVOG0218-consensus	scaffold_65	49.57	115	53	5	631	741	101223	100897	1.8e-23	111.1
NCVOG0218-consensus	scaffold_27	29.36	327	203	28	595	897	202641	201682	4.2e-23	109.4
NCVOG0218-consensus	scaffold_27	46.88	96	45	6	740	832	229903	229636	4.6e-13	76.1
NCVOG0218-consensus	scaffold_16	29.73	619	346	89	360	897	299936	301731	6.2e-23	107.2
NCVOG0218-consensus	scaffold_16	25.15	497	335	37	443	905	303496	304948	2.7e-17	88.5
NCVOG0218-consensus	scaffold_59	32.96	361	196	46	592	907	2400	3458	9.1e-23	108.9
NCVOG0218-consensus	scaffold_59	31.63	411	239	42	557	940	145019	146141	3.4e-22	107.0
NCVOG0218-consensus	scaffold_9	28.05	492	313	41	441	900	320809	319388	2.9e-22	107.0
NCVOG0218-consensus	scaffold_9	25.59	512	342	39	480	959	368147	366656	9.4e-15	82.0
NCVOG0218-consensus	scaffold_9	26.21	412	235	69	548	905	384234	383047	9e-14	78.8
NCVOG0218-consensus	scaffold_124	29.93	431	256	46	364	754	202	1463	3.2e-22	104.8
NCVOG0218-consensus	scaffold_9	32.53	289	180	15	622	896	50788	49938	3.4e-22	107.0
NCVOG0218-consensus	scaffold_100	31.27	259	158	20	651	891	10010	10777	4e-22	105.6
NCVOG0218-consensus	scaffold_100	29.93	304	180	33	668	950	54670	55520	6.4e-16	85.0
NCVOG0218-consensus	scaffold_19	27.38	431	260	53	503	890	70884	69631	6e-22	106.2
NCVOG0218-consensus	scaffold_31	27.64	521	305	72	430	887	36984	38484	1.1e-21	105.4
NCVOG0218-consensus	scaffold_25	32.70	315	184	28	588	886	222400	221517	1.4e-21	104.5
NCVOG0218-consensus	scaffold_25	31.76	233	141	18	611	825	156673	155992	8.1e-14	78.8
NCVOG0218-consensus	scaffold_71	31.86	587	338	62	352	907	39434	41084	1.8e-21	104.3
NCVOG0218-consensus	scaffold_71	35.14	276	160	19	493	758	35100	35893	5.9e-27	122.4
NCVOG0218-consensus	scaffold_71	39.86	143	80	6	654	790	33632	34057	1.2e-21	104.8
NCVOG0218-consensus	scaffold_71	30.49	587	328	80	426	948	113446	115093	1e-17	91.8
NCVOG0218-consensus	scaffold_36	28.60	451	287	35	368	799	31289	30016	2.7e-21	104.0
NCVOG0218-consensus	scaffold_44	30.31	287	180	20	674	951	130129	129313	3.3e-21	103.7
NCVOG0218-consensus	scaffold_32	48.18	110	54	3	665	773	156091	155775	6.6e-21	101.8
NCVOG0218-consensus	scaffold_32	33.56	149	88	11	616	753	192507	192070	5.7e-14	78.8
NCVOG0218-consensus	scaffold_32	28.41	271	177	17	597	856	215683	216474	7.9e-21	101.6
NCVOG0218-consensus	scaffold_79	70.37	54	14	2	779	830	100574	100416	2.5e-20	100.2
NCVOG0218-consensus	scaffold_29	23.68	646	421	72	352	936	847	2738	4.5e-20	99.9
NCVOG0218-consensus	scaffold_29	37.21	172	100	8	641	807	110092	110579	1.1e-18	95.3
NCVOG0218-consensus	scaffold_61	42.31	130	68	7	743	866	45371	44992	1.3e-19	98.3
NCVOG0218-consensus	scaffold_61	33.60	253	144	24	537	771	58593	57862	1.1e-16	88.5
NCVOG0218-consensus	scaffold_1	23.25	572	376	63	365	899	737403	735769	1.7e-19	98.0
NCVOG0218-consensus	scaffold_109	31.21	330	194	33	533	835	21542	20592	1.8e-19	96.4
NCVOG0218-consensus	scaffold_47	29.40	398	244	37	432	805	100609	99474	4.3e-19	96.7
NCVOG0218-consensus	scaffold_1	32.28	189	121	7	631	812	290301	290858	4.3e-19	96.7
NCVOG0218-consensus	scaffold_4	34.89	278	138	43	448	695	470563	469784	5.2e-19	96.4
NCVOG0218-consensus	scaffold_4	30.60	281	169	26	643	897	497599	496764	7.2e-18	92.6
NCVOG0218-consensus	scaffold_65	26.23	549	333	72	369	859	63559	65142	5.4e-19	96.1
NCVOG0218-consensus	scaffold_65	25.39	516	327	58	355	824	57310	58806	5.4e-19	96.1
NCVOG0218-consensus	scaffold_65	25.31	399	271	27	500	878	50730	51902	1.3e-17	91.5
NCVOG0218-consensus	scaffold_65	28.84	267	174	16	653	903	45865	46652	1.9e-13	77.7
NCVOG0218-consensus	scaffold_54	27.45	368	237	30	591	950	128179	127157	6.3e-19	96.1
NCVOG0218-consensus	scaffold_6	27.61	355	236	21	506	842	338483	339523	6.3e-19	96.1
NCVOG0218-consensus	scaffold_6	41.99	181	85	20	722	883	432534	433050	1e-16	88.8
NCVOG0218-consensus	scaffold_6	33.60	369	199	46	575	900	360691	361735	1.2e-15	85.3
NCVOG0218-consensus	scaffold_6	27.21	419	277	28	405	804	340402	341594	7.3e-14	79.3
NCVOG0218-consensus	scaffold_6	36.23	138	78	10	592	725	427483	427863	1.8e-12	74.7
NCVOG0218-consensus	scaffold_50	27.16	486	304	50	413	872	47502	48868	1.1e-18	95.3
NCVOG0218-consensus	scaffold_50	29.94	344	213	28	465	797	49775	50728	1.1e-18	95.3
NCVOG0218-consensus	scaffold_17	28.30	675	372	112	322	897	196068	194134	1.6e-18	94.8
NCVOG0218-consensus	scaffold_3	28.31	325	215	18	560	866	613110	614065	2.8e-18	93.7
NCVOG0218-consensus	scaffold_3	24.31	617	384	83	360	908	679277	681063	2.4e-15	83.9
NCVOG0218-consensus	scaffold_44	34.19	155	92	10	691	835	157462	157923	4.2e-18	91.5
NCVOG0218-consensus	scaffold_44	29.61	304	186	28	625	903	149787	150662	4.8e-17	88.0
NCVOG0218-consensus	scaffold_44	34.52	168	106	4	680	846	153387	153874	1e-16	86.9
NCVOG0218-consensus	scaffold_115	27.22	540	290	103	353	789	10996	12592	5.9e-18	91.2
NCVOG0218-consensus	scaffold_115	31.38	239	151	13	648	877	6729	7408	1.1e-14	80.4
NCVOG0218-consensus	scaffold_73	29.07	375	229	37	431	789	51897	50845	7.6e-18	92.1
NCVOG0218-consensus	scaffold_73	23.92	786	516	82	374	1101	5812	3540	9.6e-19	95.0
NCVOG0218-consensus	scaffold_1	36.49	222	126	15	615	828	820762	821387	8.7e-18	92.3
NCVOG0218-consensus	scaffold_1	29.54	325	204	25	604	907	842939	843880	2.3e-18	94.2
NCVOG0218-consensus	scaffold_46	41.72	151	76	12	745	888	161876	162288	1e-17	90.2
NCVOG0218-consensus	scaffold_9	39.26	135	76	6	662	790	168787	168386	1.1e-17	92.1
NCVOG0218-consensus	scaffold_9	33.20	250	145	22	577	812	265641	264921	2.7e-17	90.7
NCVOG0218-consensus	scaffold_9	26.23	507	328	46	413	885	177149	175682	3.9e-13	76.9
NCVOG0218-consensus	scaffold_35	36.72	256	139	23	521	761	68553	67837	1.3e-17	91.8
NCVOG0218-consensus	scaffold_12	32.44	299	169	33	669	944	301566	302403	1.4e-17	90.7
NCVOG0218-consensus	scaffold_15	25.84	449	266	67	354	738	76459	75129	1.5e-17	91.5
NCVOG0218-consensus	scaffold_26	30.26	304	181	31	619	893	70836	69940	1.5e-17	91.5
NCVOG0218-consensus	scaffold_26	27.25	444	271	52	346	742	47056	45761	2.8e-14	80.7
NCVOG0218-consensus	scaffold_114	34.13	252	137	29	473	702	19860	19149	1.8e-17	89.6
NCVOG0218-consensus	scaffold_3	54.43	79	30	6	762	840	309906	309691	1.9e-17	91.3
NCVOG0218-consensus	scaffold_3	33.33	168	93	19	696	844	405755	405255	2.3e-14	80.9
NCVOG0218-consensus	scaffold_88	26.77	579	368	56	390	920	27593	25906	2.2e-17	90.2
NCVOG0218-consensus	scaffold_88	35.79	190	114	8	625	807	32898	32339	2.2e-17	90.2
NCVOG0218-consensus	scaffold_12	44.44	108	54	6	663	764	293885	294205	2.7e-17	90.7
NCVOG0218-consensus	scaffold_7	42.47	146	69	15	658	792	82285	81873	2.7e-17	90.7
NCVOG0218-consensus	scaffold_126	41.73	127	66	8	709	828	27800	28166	3.3e-17	88.0
NCVOG0218-consensus	scaffold_6	31.23	301	177	30	616	887	488460	487582	3.8e-17	89.6
NCVOG0218-consensus	scaffold_33	40.62	128	66	10	754	877	121119	120757	3.9e-17	90.2
NCVOG0218-consensus	scaffold_6	52.94	85	35	5	662	742	46014	46262	4.7e-17	89.9
NCVOG0218-consensus	scaffold_6	25.63	636	373	100	345	888	42321	44183	1e-16	88.8
NCVOG0218-consensus	scaffold_6	29.49	312	195	25	466	767	129753	130624	1e-12	75.5
NCVOG0218-consensus	scaffold_6	36.67	150	85	10	750	890	80	521	3.1e-12	73.9
NCVOG0218-consensus	scaffold_16	38.51	161	80	19	756	912	80875	81301	4.7e-17	89.9
NCVOG0218-consensus	scaffold_16	29.76	252	157	20	721	955	76479	77222	3.3e-17	90.4
NCVOG0218-consensus	scaffold_16	33.54	164	91	18	592	737	122649	123135	4.5e-12	73.4
NCVOG0218-consensus	scaffold_101	28.85	468	286	47	477	914	66438	65121	5.4e-17	88.5
NCVOG0218-consensus	scaffold_140	32.57	350	198	38	604	925	11010	10028	6.7e-17	86.4
NCVOG0218-consensus	scaffold_5	33.75	317	176	34	611	895	167575	168498	6.9e-17	89.4
NCVOG0218-consensus	scaffold_5	40.00	140	75	9	642	773	172907	173312	1.8e-16	88.0
NCVOG0218-consensus	scaffold_25	44.55	101	52	4	816	912	123788	124085	6.9e-17	89.4
NCVOG0218-consensus	scaffold_25	30.87	379	198	64	599	925	2561	3614	3.1e-12	73.9
NCVOG0218-consensus	scaffold_82	26.62	417	255	51	348	727	43616	42423	7.6e-17	88.5
NCVOG0218-consensus	scaffold_79	30.78	562	262	127	465	905	94603	96227	8.2e-17	88.5
NCVOG0218-consensus	scaffold_33	31.31	396	229	43	542	900	77588	78732	1e-16	88.8
NCVOG0218-consensus	scaffold_14	26.38	307	200	26	743	1029	289482	290377	1.8e-16	88.0
NCVOG0218-consensus	scaffold_14	47.06	68	35	1	644	710	298076	298276	6.9e-13	76.1
NCVOG0218-consensus	scaffold_138	38.52	135	70	13	666	787	11914	11513	2.5e-16	84.5
NCVOG0218-consensus	scaffold_40	27.71	646	375	92	295	884	191724	189954	3.5e-16	85.3
NCVOG0218-consensus	scaffold_37	30.73	358	199	49	516	832	48876	49902	3.8e-16	86.9
NCVOG0218-consensus	scaffold_37	25.30	494	306	63	422	859	119111	120542	2.2e-13	77.7
NCVOG0218-consensus	scaffold_1	24.51	665	444	58	344	975	96141	98051	4.5e-16	86.6
NCVOG0218-consensus	scaffold_1	26.99	541	335	60	336	850	39179	40672	4.1e-18	93.4
NCVOG0218-consensus	scaffold_1	26.93	323	212	24	588	894	48839	49774	3.8e-16	86.9
NCVOG0218-consensus	scaffold_45	40.91	132	61	17	704	825	94178	94543	9.6e-16	85.6
NCVOG0218-consensus	scaffold_3	27.42	361	224	38	609	945	673117	672094	1.1e-15	85.0
NCVOG0218-consensus	scaffold_26	25.74	742	360	191	346	897	139753	141932	1.2e-15	85.3
NCVOG0218-consensus	scaffold_39	28.52	305	196	22	610	901	75220	74344	1.4e-15	85.0
NCVOG0218-consensus	scaffold_110	31.94	216	128	19	597	803	11238	10630	1.5e-15	83.4
NCVOG0218-consensus	scaffold_110	27.24	301	196	23	658	949	8197	7354	3.6e-14	78.8
NCVOG0218-consensus	scaffold_31	27.85	693	391	109	353	946	39107	37112	2e-15	84.5
NCVOG0218-consensus	scaffold_31	32.82	323	185	32	565	867	72462	71575	1.4e-15	85.0
NCVOG0218-consensus	scaffold_10	26.56	546	339	62	350	847	232948	234534	2.5e-15	84.2
NCVOG0218-consensus	scaffold_10	25.74	373	256	21	431	789	276272	277360	8e-16	85.8
NCVOG0218-consensus	scaffold_10	47.06	85	43	2	637	719	175698	175949	2.5e-15	84.2
NCVOG0218-consensus	scaffold_10	27.76	425	257	50	465	865	248018	249189	3.8e-12	73.6
NCVOG0218-consensus	scaffold_10	28.24	556	320	79	354	842	162762	164342	4.5e-12	73.4
NCVOG0218-consensus	scaffold_10	29.22	243	152	20	659	884	325665	326375	2.5e-15	83.7
NCVOG0218-consensus	scaffold_28	29.55	484	295	46	365	834	221202	219894	3.2e-15	83.1
NCVOG0218-consensus	scaffold_1	30.06	509	296	60	437	915	152622	151213	3.6e-15	83.7
NCVOG0218-consensus	scaffold_56	28.11	523	325	51	368	854	35158	33664	3.6e-15	83.7
NCVOG0218-consensus	scaffold_56	30.48	187	107	23	611	775	141413	140859	2.3e-14	80.9
NCVOG0218-consensus	scaffold_95	36.18	152	85	12	660	807	10054	9630	3.8e-15	82.6
NCVOG0218-consensus	scaffold_94	32.03	409	243	35	444	830	12468	11314	5.8e-15	82.0
NCVOG0218-consensus	scaffold_38	33.94	218	126	18	656	858	115063	114430	6.3e-15	82.8
NCVOG0218-consensus	scaffold_53	29.01	355	233	19	532	881	65093	66100	6.3e-15	82.8
NCVOG0218-consensus	scaffold_53	35.81	229	126	21	679	886	80875	81536	3.3e-17	90.4
NCVOG0218-consensus	scaffold_127	32.30	161	96	13	712	865	7364	6903	6.5e-15	80.4
NCVOG0218-consensus	scaffold_98	39.60	202	104	18	682	867	24293	23733	7.6e-15	81.5
NCVOG0218-consensus	scaffold_98	26.02	415	268	39	433	809	22993	21769	7.3e-14	78.2
NCVOG0218-consensus	scaffold_12	28.02	414	266	32	486	878	25308	26483	1.1e-14	82.0
NCVOG0218-consensus	scaffold_7	30.92	249	154	18	671	909	328294	328997	1.1e-14	82.0
NCVOG0218-consensus	scaffold_57	27.96	329	222	15	528	843	31351	30396	1.1e-14	82.0
NCVOG0218-consensus	scaffold_57	26.54	437	269	52	428	825	68371	67127	6.3e-15	82.8
NCVOG0218-consensus	scaffold_7	40.00	160	83	13	732	883	223953	224400	1.3e-14	81.8
NCVOG0218-consensus	scaffold_7	32.12	193	118	13	643	826	239595	240158	8e-16	85.8
NCVOG0218-consensus	scaffold_50	50.00	86	37	6	798	882	168871	168634	1.4e-14	79.3
NCVOG0218-consensus	scaffold_15	29.31	348	214	32	561	882	42265	43271	1.6e-14	81.5
NCVOG0218-consensus	scaffold_1	28.12	384	239	37	632	979	576936	575791	1.9e-14	81.2
NCVOG0218-consensus	scaffold_1	26.62	447	265	63	461	849	454709	453405	3.6e-15	83.7
NCVOG0218-consensus	scaffold_173	34.59	185	98	23	769	932	3354	3885	2.2e-14	76.3
NCVOG0218-consensus	scaffold_18	30.87	298	167	39	499	782	295877	295082	2.8e-14	80.7
NCVOG0218-consensus	scaffold_18	32.36	275	172	14	597	858	166262	165462	3e-15	83.9
NCVOG0218-consensus	scaffold_18	28.34	487	305	44	341	802	231190	229798	2.7e-13	77.4
NCVOG0218-consensus	scaffold_40	30.99	171	115	3	745	914	123151	122650	2.8e-14	80.7
NCVOG0218-consensus	scaffold_40	32.83	198	118	15	626	817	149645	149096	8.4e-13	75.8
NCVOG0218-consensus	scaffold_28	28.20	266	162	29	522	762	12713	11937	2.8e-14	80.7
NCVOG0218-consensus	scaffold_28	30.89	314	186	31	512	809	19230	18357	1.5e-13	78.2
NCVOG0218-consensus	scaffold_28	35.90	156	84	16	711	854	120464	120012	1.5e-12	75.0
NCVOG0218-consensus	scaffold_9	30.15	335	209	25	471	797	351424	352374	2.9e-14	80.4
NCVOG0218-consensus	scaffold_3	29.48	597	343	78	350	901	124565	126207	3.4e-14	80.4
NCVOG0218-consensus	scaffold_3	49.46	93	43	4	716	805	96729	96993	3.4e-14	80.4
NCVOG0218-consensus	scaffold_96	44.23	104	55	3	752	855	58034	58333	3.6e-14	79.3
NCVOG0218-consensus	scaffold_56	42.61	115	59	7	664	773	153982	153661	4.3e-14	76.9
NCVOG0218-consensus	scaffold_62	33.20	247	140	25	708	940	119879	120567	4.5e-14	79.9
NCVOG0218-consensus	scaffold_62	42.06	107	56	6	782	883	34435	34749	4.5e-14	79.9
NCVOG0218-consensus	scaffold_26	46.23	106	50	7	645	745	176992	176690	4.8e-14	79.3
NCVOG0218-consensus	scaffold_4	39.87	153	79	13	596	736	276390	275946	5e-14	79.9
NCVOG0218-consensus	scaffold_12	50.54	93	36	10	653	743	247494	247245	6e-14	79.6
NCVOG0218-consensus	scaffold_12	27.59	424	256	51	353	735	295438	294214	8.4e-13	75.8
NCVOG0218-consensus	scaffold_23	31.25	256	153	23	667	905	148394	147654	8.8e-14	79.0
NCVOG0218-consensus	scaffold_23	30.39	283	164	33	655	907	116363	115539	8.8e-14	79.0
NCVOG0218-consensus	scaffold_67	44.44	90	46	4	717	804	32492	32232	8.9e-14	78.8
NCVOG0218-consensus	scaffold_1	36.23	207	109	23	577	764	3184	2599	1.1e-13	78.8
NCVOG0218-consensus	scaffold_5	27.11	284	188	19	556	820	347492	346666	1.1e-13	78.8
NCVOG0218-consensus	scaffold_5	25.81	589	369	68	353	887	360084	358395	1.5e-12	75.0
NCVOG0218-consensus	scaffold_5	26.74	430	271	44	443	837	362218	360997	3.1e-12	73.9
NCVOG0218-consensus	scaffold_5	24.63	467	290	62	259	676	376274	374928	3.1e-12	73.9
NCVOG0218-consensus	scaffold_5	28.53	340	195	48	389	715	437068	436181	9.6e-12	72.3
NCVOG0218-consensus	scaffold_130	31.63	196	119	15	571	757	14597	14033	1.2e-13	76.1
NCVOG0218-consensus	scaffold_11	28.87	478	284	56	326	766	42657	41294	1.3e-13	78.5
NCVOG0218-consensus	scaffold_64	30.68	339	203	32	493	815	6894	7825	1.3e-13	78.2
NCVOG0218-consensus	scaffold_182	26.68	626	351	108	357	881	2305	484	1.4e-13	73.3
NCVOG0218-consensus	scaffold_49	31.94	479	254	72	476	894	30353	31696	1.5e-13	78.2
NCVOG0218-consensus	scaffold_42	23.28	580	385	60	348	891	29886	31532	1.5e-13	78.2
NCVOG0218-consensus	scaffold_42	28.35	388	249	29	372	739	38735	39846	5e-14	79.9
NCVOG0218-consensus	scaffold_66	33.12	308	157	49	627	887	38222	37340	1.6e-13	78.0
NCVOG0218-consensus	scaffold_20	34.53	223	123	23	661	864	232951	232314	1.8e-13	78.0
NCVOG0218-consensus	scaffold_99	39.85	133	73	7	739	864	52097	51702	1.8e-13	76.9
NCVOG0218-consensus	scaffold_52	44.23	104	54	4	687	788	19126	18826	2.2e-13	77.7
NCVOG0218-consensus	scaffold_4	30.74	309	190	24	509	806	404488	405366	2.2e-13	77.7
NCVOG0218-consensus	scaffold_4	33.12	462	254	55	466	887	409010	410297	2.6e-16	87.5
NCVOG0218-consensus	scaffold_4	31.38	341	197	37	391	703	302069	303037	2.3e-14	80.9
NCVOG0218-consensus	scaffold_14	26.79	586	346	83	350	870	32964	34632	2.2e-13	77.7
NCVOG0218-consensus	scaffold_14	42.20	109	57	6	622	724	28459	28768	2.2e-13	77.7
NCVOG0218-consensus	scaffold_81	33.50	197	121	10	644	831	32321	32895	2.6e-13	76.9
NCVOG0218-consensus	scaffold_30	26.65	439	257	65	377	773	180393	181615	2.6e-13	76.6
NCVOG0218-consensus	scaffold_59	32.95	173	108	8	683	852	49869	49375	2.7e-13	77.4
NCVOG0218-consensus	scaffold_78	28.65	377	233	36	529	880	44465	43403	3.2e-13	76.6
NCVOG0218-consensus	scaffold_78	30.88	204	129	12	727	926	42551	41969	5.9e-14	79.0
NCVOG0218-consensus	scaffold_50	33.04	227	143	9	644	866	82024	81376	3.3e-13	77.1
NCVOG0218-consensus	scaffold_69	34.80	204	116	17	553	742	54617	55204	4.7e-13	76.3
NCVOG0218-consensus	scaffold_19	34.78	184	108	12	686	858	301447	300924	4.8e-13	72.3
NCVOG0218-consensus	scaffold_83	27.58	475	280	64	374	803	44642	43308	5.2e-13	75.8
NCVOG0218-consensus	scaffold_2	32.61	230	134	21	557	773	45340	45990	5.7e-13	76.3
NCVOG0218-consensus	scaffold_21	32.05	337	206	23	521	848	107642	108583	1e-12	75.5
NCVOG0218-consensus	scaffold_21	27.80	313	206	20	494	801	106140	107014	1.1e-14	82.0
NCVOG0218-consensus	scaffold_21	57.38	61	23	3	810	868	13606	13782	1e-12	75.5
NCVOG0218-consensus	scaffold_72	28.71	411	239	54	530	901	99802	98642	1.4e-12	74.7
NCVOG0218-consensus	scaffold_69	33.48	227	135	16	645	859	58449	57804	1.8e-12	74.4
NCVOG0218-consensus	scaffold_97	39.57	139	70	14	552	684	7673	8050	1.8e-12	73.6
NCVOG0218-consensus	scaffold_4	27.63	666	367	115	348	904	579897	581813	2.6e-12	74.2
NCVOG0218-consensus	scaffold_4	31.39	446	237	69	547	927	577532	578816	2.3e-14	80.9
NCVOG0218-consensus	scaffold_22	29.77	514	314	47	389	868	58786	60259	2.6e-12	74.2
NCVOG0218-consensus	scaffold_22	33.50	203	120	15	716	903	62454	63045	2.1e-12	74.4
NCVOG0218-consensus	scaffold_22	38.64	176	93	15	631	791	137642	138150	2.6e-12	74.2
NCVOG0218-consensus	scaffold_31	55.17	58	21	5	665	722	231478	231323	3.6e-12	72.8
NCVOG0218-consensus	scaffold_60	31.91	257	146	29	602	835	152170	151447	3.9e-12	67.9
NCVOG0218-consensus	scaffold_161	53.45	58	22	5	665	722	5283	5438	4.7e-12	69.0
NCVOG0218-consensus	scaffold_160	28.57	448	259	61	381	775	3989	5263	4.7e-12	69.0
NCVOG0218-consensus	scaffold_20	30.58	412	222	64	369	743	81965	83080	5.5e-12	73.1
NCVOG0218-consensus	scaffold_20	32.84	204	116	21	773	955	74825	75417	5.5e-12	73.1
NCVOG0218-consensus	scaffold_5	28.65	377	226	43	661	996	355734	356825	5.5e-12	73.1
NCVOG0218-consensus	scaffold_5	32.85	207	109	30	696	872	313899	314498	2.6e-12	74.2
NCVOG0218-consensus	scaffold_39	31.40	207	122	20	749	944	184014	184588	5.8e-12	71.4
NCVOG0218-consensus	scaffold_47	29.70	202	132	10	662	860	178324	178899	6.6e-12	70.6
NCVOG0218-consensus	scaffold_10	28.17	465	281	53	361	782	216621	215266	6.6e-12	72.8
NCVOG0218-consensus	scaffold_51	29.14	302	185	29	645	919	149529	148657	6.6e-12	72.8
NCVOG0218-consensus	scaffold_51	32.09	215	125	21	642	835	130853	130224	1.6e-14	81.5
NCVOG0218-consensus	scaffold_52	26.10	498	314	54	383	838	11551	12985	6.6e-12	72.8
NCVOG0218-consensus	scaffold_42	25.17	298	199	24	739	1017	160889	161758	7.2e-12	70.9
NCVOG0218-consensus	scaffold_21	31.32	431	248	48	491	888	243272	242070	7.7e-12	72.5
NCVOG0218-consensus	scaffold_21	27.37	391	215	69	341	662	161246	160097	3e-12	73.9
NCVOG0218-consensus	scaffold_38	41.72	151	79	9	728	870	164752	165184	7.9e-12	71.4
NCVOG0218-consensus	scaffold_37	28.38	370	225	40	375	715	201920	200867	9.9e-12	71.2
NCVOG0218-consensus	scaffold_52	47.06	119	51	12	727	839	174110	174427	1.1e-11	69.5
NCVOG0218-consensus	scaffold_25	31.71	246	144	24	711	934	184550	185260	1.1e-11	71.7
NCVOG0218-consensus	scaffold_25	35.68	199	112	16	646	832	206683	207236	1.1e-11	71.7
NCVOG0218-consensus	scaffold_40	39.85	133	62	18	545	664	53278	53650	1.2e-11	72.0
NCVOG0218-consensus	scaffold_11	40.37	161	83	13	720	875	197118	197555	1.4e-11	71.7
NCVOG0218-consensus	scaffold_11	31.47	197	111	24	616	794	222702	223267	2.6e-12	74.2
NCVOG0218-consensus	scaffold_44	30.82	438	249	54	403	801	116735	117994	1.4e-11	71.7
NCVOG0218-consensus	scaffold_44	28.33	406	252	39	389	768	49115	50262	7.6e-15	82.6
NCVOG0218-consensus	scaffold_44	46.91	81	39	4	775	851	28896	29133	1.4e-11	71.7
NCVOG0218-consensus	scaffold_9	28.47	576	332	80	446	954	8231	9870	1.7e-11	71.5
NCVOG0218-consensus	scaffold_9	37.88	132	71	11	657	777	53386	53768	1.2e-12	75.3
NCVOG0218-consensus	scaffold_13	33.05	236	132	26	653	864	61330	62006	2e-11	71.2
NCVOG0218-consensus	scaffold_23	26.99	415	245	58	355	718	201067	202271	2.5e-11	70.6
NCVOG0218-consensus	scaffold_55	25.16	612	397	61	342	899	59750	61525	2.5e-11	70.9
NCVOG0218-consensus	scaffold_55	47.67	86	39	6	593	677	125801	126040	1.8e-12	74.7
NCVOG0218-consensus	scaffold_123	35.71	140	85	5	650	786	25473	25881	2.9e-11	68.5
NCVOG0218-consensus	scaffold_14	47.22	108	45	12	618	713	31441	31129	3.6e-11	70.4
NCVOG0218-consensus	scaffold_14	28.04	321	198	33	459	763	89124	88234	4.8e-13	76.6
NCVOG0218-consensus	scaffold_16	24.64	414	276	36	360	745	272970	271756	3.6e-11	70.4
NCVOG0218-consensus	scaffold_16	26.29	232	158	13	678	896	209389	208703	3.6e-11	70.4
NCVOG0218-consensus	scaffold_38	35.85	212	114	22	538	733	76658	77242	3.6e-11	70.4
NCVOG0218-consensus	scaffold_32	27.47	699	379	128	317	901	91789	93798	3.6e-11	70.4
NCVOG0218-consensus	scaffold_181	28.63	234	151	16	480	704	2854	3517	4e-11	65.2
NCVOG0218-consensus	scaffold_60	31.35	303	179	29	605	886	46480	45627	4.3e-11	70.1
NCVOG0218-consensus	scaffold_60	24.26	573	378	56	382	909	43515	41859	3.8e-12	73.6
NCVOG0218-consensus	scaffold_17	29.07	289	164	41	464	714	60864	60014	4.3e-11	70.1
NCVOG0218-consensus	scaffold_68	31.67	420	236	51	530	910	125478	124294	4.4e-11	69.8
NCVOG0218-consensus	scaffold_68	52.56	78	31	6	634	706	80979	80758	4.4e-11	69.8
NCVOG0218-consensus	scaffold_4	27.03	370	238	32	642	990	605200	604149	4.5e-11	69.0
NCVOG0218-consensus	scaffold_33	32.98	188	114	12	565	743	163173	163718	4.9e-11	69.0
NCVOG0218-consensus	scaffold_13	34.35	230	137	14	619	840	179833	179181	5.2e-11	69.8
NCVOG0218-consensus	scaffold_13	26.29	639	347	124	368	901	208398	206578	8.7e-18	92.3
NCVOG0218-consensus	scaffold_13	46.48	71	35	3	759	826	188533	188324	5.2e-11	69.8
NCVOG0218-consensus	scaffold_2	35.13	279	161	20	628	891	502339	503133	5.2e-11	69.8
NCVOG0218-consensus	scaffold_2	33.67	196	108	22	517	706	495011	495529	1.3e-13	78.5
NCVOG0218-consensus	scaffold_2	33.48	227	133	18	582	792	483899	484540	4.8e-13	76.6
NCVOG0218-consensus	scaffold_2	28.16	419	227	74	360	715	528313	529507	2e-11	71.2
NCVOG0218-consensus	scaffold_165	26.82	481	314	38	361	814	6548	5186	6.8e-11	64.9
NCVOG0218-consensus	scaffold_54	24.19	525	360	38	356	857	141510	143012	7.6e-11	69.3
NCVOG0218-consensus	scaffold_54	27.50	440	286	33	490	917	51893	53122	7.6e-11	69.3
NCVOG0218-consensus	scaffold_91	36.05	147	87	7	692	832	12169	11739	8.6e-11	68.2
NCVOG0218-consensus	scaffold_89	26.84	529	312	75	361	827	72414	73930	8.9e-11	68.2
NCVOG0218-consensus	scaffold_24	27.70	621	364	85	347	887	205582	203772	9e-11	68.7
NCVOG0218-consensus	scaffold_24	29.53	254	164	15	673	919	207285	206575	2.4e-11	70.6
NCVOG0218-consensus	scaffold_21	38.16	152	83	11	667	808	82796	82375	9.2e-11	69.0
NCVOG0218-consensus	scaffold_2	29.02	224	142	17	713	921	328934	329586	9.2e-11	69.0
NCVOG0218-consensus	scaffold_2	36.23	138	84	4	611	746	318002	318404	7.6e-11	69.3
NCVOG0218-consensus	scaffold_30	29.27	386	222	51	352	702	31119	30041	9.2e-11	69.0
NCVOG4344-consensus	scaffold_2	32.81	253	154	16	17	265	60293	59576	2e-14	80.0
NCVOG0226-consensus	scaffold_12	35.94	128	75	7	28	153	1875	1510	7.3e-15	81.4
NCVOG0226-consensus	scaffold_35	35.90	156	90	10	19	164	204706	204242	7.7e-14	77.0
NCVOG0226-consensus	scaffold_14	32.64	144	87	10	32	173	298100	298496	2.8e-11	69.5
NCVOG0226-consensus	scaffold_98	34.13	126	73	10	33	157	62630	62977	7.4e-11	67.0
NCVOG4170-consensus	scaffold_1	34.55	191	117	8	129	314	111349	111909	2.4e-19	95.9
NCVOG0370-consensus	scaffold_4	33.33	177	104	14	42	211	618520	618016	4.9e-11	66.5
NCVOG0720-consensus	scaffold_25	42.94	163	86	7	5	167	154223	153759	1.8e-26	118.1
NCVOG4487-consensus	scaffold_22	28.57	322	200	30	251	553	113216	114135	3.3e-13	76.2
NCVOG4487-consensus	scaffold_8	28.30	265	168	22	251	500	254426	253666	5.3e-11	68.9
