NCVOG0719-consensus	scaffold_2	28.57	189	122	13	37	217	839198	839744	4.3e-14	76.4
NCVOG1069-consensus	scaffold_20	31.17	308	183	29	145	435	211819	210935	1.2e-13	75.6
NCVOG0669-consensus	scaffold_21	25.79	411	267	38	43	436	243301	244461	3.4e-19	94.1
NCVOG0669-consensus	scaffold_25	31.09	193	113	20	279	460	21266	21812	3.3e-15	78.5
NCVOG0669-consensus	scaffold_2	25.38	465	280	67	37	443	187536	188894	3.7e-15	80.7
NCVOG0669-consensus	scaffold_2	31.09	193	113	20	279	460	193850	194396	1.7e-14	78.5
NCVOG0669-consensus	scaffold_7	24.13	431	291	36	36	436	183552	182293	3.4e-14	77.5
NCVOG0669-consensus	scaffold_1	25.89	394	261	31	102	465	1318596	1319765	2.5e-13	74.6
NCVOG0669-consensus	scaffold_1	33.53	173	100	15	279	443	1266953	1266461	4.2e-13	73.9
NCVOG0669-consensus	scaffold_1	24.68	466	282	69	36	443	1269475	1268122	1.4e-14	78.8
NCVOG0669-consensus	scaffold_1	24.66	369	222	56	122	443	1270816	1269746	4.2e-13	73.9
NCVOG0669-consensus	scaffold_20	23.98	467	311	44	17	464	67305	68625	2.1e-11	68.3
NCVOG0333-consensus	scaffold_4	42.86	112	48	16	605	709	758983	758678	1e-16	84.9
NCVOG0333-consensus	scaffold_12	47.78	90	44	3	605	694	281932	281675	2.1e-16	85.5
NCVOG0333-consensus	scaffold_16	43.12	109	51	11	569	677	382499	382209	1e-15	83.0
NCVOG0233-consensus	scaffold_5	25.68	876	563	88	18	859	695606	698048	2e-38	158.9
NCVOG0233-consensus	scaffold_3	34.88	883	495	80	29	836	795278	792650	2.3e-34	145.4
NCVOG0233-consensus	scaffold_1	34.80	888	478	101	35	827	1249119	1251755	2.3e-34	145.4
NCVOG0233-consensus	scaffold_10	33.81	902	503	94	42	853	484456	487142	2.6e-34	144.8
NCVOG0233-consensus	scaffold_18	29.92	829	449	132	85	787	338983	336524	6.6e-34	143.7
NCVOG0233-consensus	scaffold_1	34.71	899	492	95	21	826	1413067	1415750	1.2e-33	143.0
NCVOG0233-consensus	scaffold_13	29.21	897	543	92	21	860	82277	84845	2.6e-28	125.3
NCVOG0233-consensus	scaffold_13	23.73	889	575	103	28	870	129264	131746	2.3e-39	162.0
NCVOG0233-consensus	scaffold_16	29.40	796	454	108	25	729	57989	60310	7.5e-25	113.8
NCVOG0233-consensus	scaffold_22	28.19	816	478	108	5	729	250608	252989	3e-24	111.8
NCVOG0233-consensus	scaffold_3	27.40	894	501	148	29	800	312748	315338	1.4e-22	106.3
NCVOG0233-consensus	scaffold_9	27.30	846	478	137	55	792	180650	183091	8.6e-20	97.0
NCVOG0233-consensus	scaffold_3	28.22	776	453	104	39	729	884520	886787	2.1e-16	85.7
NCVOG0233-consensus	scaffold_6	23.05	642	404	90	71	697	185003	186700	1.3e-11	69.8
NCVOG0033-consensus	scaffold_1	24.73	457	278	66	60	479	412306	411028	2.2e-13	75.6
NCVOG0013-consensus	scaffold_7	33.78	225	137	12	122	342	3685	3038	3.4e-17	87.8
NCVOG0013-consensus	scaffold_10	31.78	236	146	15	116	342	249225	249909	4e-16	84.2
NCVOG0013-consensus	scaffold_1	28.00	200	138	6	133	332	1574699	1575277	1.4e-14	78.5
NCVOG0013-consensus	scaffold_22	28.12	256	170	14	113	362	66764	67504	9.1e-12	69.8
NCVOG0013-consensus	scaffold_22	24.76	311	222	12	67	372	65649	66551	9.1e-12	69.8
NCVOG0013-consensus	scaffold_14	35.23	176	108	6	122	293	428807	429325	2e-11	68.6
NCVOG0013-consensus	scaffold_23	29.15	223	150	8	122	342	288276	288923	2.7e-11	68.2
NCVOG0013-consensus	scaffold_23	25.76	295	171	48	103	357	19630	18773	6.2e-11	67.0
NCVOG0013-consensus	scaffold_23	32.39	176	113	6	122	293	1149	631	6.2e-11	67.0
NCVOG0763-consensus	scaffold_20	26.27	316	220	13	1	312	270190	271097	1.3e-11	68.4
NCVOG0763-consensus	scaffold_5	43.65	126	63	8	192	312	192978	193343	4.1e-11	66.7
NCVOG0297-consensus	scaffold_13	31.76	318	193	24	236	538	169516	170433	2.7e-18	91.4
NCVOG0297-consensus	scaffold_3	28.00	300	192	24	257	538	791000	791878	4.4e-16	84.0
NCVOG0297-consensus	scaffold_6	29.65	317	192	31	239	535	211112	210200	3.1e-12	71.2
NCVOG0297-consensus	scaffold_19	28.33	233	157	10	261	483	76941	77628	9.2e-12	69.7
NCVOG0723-consensus	scaffold_14	41.43	70	38	3	34	100	328801	328595	6.2e-11	64.5
NCVOG0073-consensus	scaffold_1	41.44	625	341	25	20	640	544686	546494	6.3e-100	363.3
NCVOG0073-consensus	scaffold_21	41.44	637	349	24	19	652	268206	270050	1.7e-72	272.2
NCVOG0073-consensus	scaffold_21	37.44	649	361	45	19	652	86302	84451	2.9e-47	188.4
NCVOG0073-consensus	scaffold_1	30.58	412	271	15	5	408	1010678	1009471	9e-47	186.7
NCVOG0073-consensus	scaffold_1	27.14	549	363	37	13	533	304166	305776	6.2e-39	160.7
NCVOG0073-consensus	scaffold_12	26.53	524	334	51	19	516	234238	232747	1.5e-25	116.2
NCVOG0898-consensus	scaffold_5	18.73	790	581	61	37	793	274420	272146	5.5e-11	67.7
NCVOG1068-consensus	scaffold_6	56.86	153	51	15	102	239	200021	199570	1.8e-25	114.0
NCVOG2643-consensus	scaffold_1	37.09	275	151	22	4	264	1051052	1050257	4.7e-32	136.0
NCVOG2643-consensus	scaffold_1	30.14	282	166	31	2	263	1202059	1201250	2.4e-23	107.1
NCVOG1364-consensus	scaffold_17	29.14	175	106	18	1	157	300294	300811	2e-11	68.1
NCVOG0782-consensus	scaffold_19	27.10	155	108	5	31	184	336765	336316	2.4e-11	66.2
NCVOG0613-consensus	scaffold_6	38.93	131	75	5	2	128	490332	490718	7.5e-25	111.1
NCVOG0613-consensus	scaffold_6	39.10	133	74	7	2	128	572656	573048	1.4e-24	110.2
NCVOG0063-consensus	scaffold_8	31.82	154	89	16	7	145	195997	195546	4.6e-12	68.7
NCVOG4523-consensus	scaffold_9	33.60	863	408	165	4	823	474350	476555	1e-11	70.3
NCVOG1353-consensus	scaffold_4	60.35	802	280	38	36	801	529980	532372	2.3e-174	610.3
NCVOG4445-consensus	scaffold_3	26.52	230	165	4	119	345	483716	484397	3.4e-16	83.9
NCVOG4445-consensus	scaffold_3	27.18	309	189	36	87	384	544319	545167	4.3e-13	73.6
NCVOG4445-consensus	scaffold_2	29.47	302	190	23	95	384	595406	596275	4.7e-15	80.1
NCVOG4445-consensus	scaffold_13	28.62	283	182	20	85	356	379692	380510	2.8e-12	70.9
NCVOG4445-consensus	scaffold_3	29.15	247	152	23	98	328	455684	454968	4.7e-11	66.8
NCVOG4045-consensus	scaffold_4	29.58	409	250	38	6	379	179883	178671	6.4e-22	102.9
NCVOG0243-consensus	scaffold_16	30.12	332	188	44	25	336	210478	209558	2.8e-15	80.9
NCVOG0055-consensus	scaffold_3	36.08	194	110	14	190	369	530736	530160	1.1e-20	99.0
NCVOG0055-consensus	scaffold_16	41.88	160	76	17	220	363	348632	349101	2.5e-20	97.6
NCVOG0055-consensus	scaffold_5	38.82	237	116	29	192	399	338990	339693	8.2e-19	92.8
NCVOG4105-consensus	scaffold_19	36.68	1096	630	64	14	1087	63515	66671	2.9e-47	188.6
NCVOG4105-consensus	scaffold_1	23.34	857	539	118	46	868	893666	891351	4.6e-13	75.0
NCVOG1045-consensus	scaffold_19	33.76	157	97	7	397	552	258227	257778	3.2e-13	74.6
NCVOG1045-consensus	scaffold_19	27.47	466	236	102	30	411	259782	258442	5.3e-16	83.8
NCVOG0235-consensus	scaffold_9	28.90	263	173	14	3	256	416198	416968	1.8e-14	78.9
NCVOG0213-consensus	scaffold_13	37.86	103	59	5	42	140	217899	217597	8e-11	64.7
NCVOG0305-consensus	scaffold_6	33.46	263	168	7	1305	1563	702564	701788	1.3e-29	130.2
NCVOG0305-consensus	scaffold_6	35.74	291	172	15	773	1058	697674	696835	1.3e-29	130.2
NCVOG0305-consensus	scaffold_6	26.44	261	184	8	1313	1571	690563	689806	2.7e-18	92.6
NCVOG0305-consensus	scaffold_16	29.09	330	206	28	1245	1562	72818	71880	5.5e-26	118.4
NCVOG0305-consensus	scaffold_16	32.35	272	170	14	773	1037	33718	32927	3.6e-25	115.7
NCVOG0305-consensus	scaffold_1	32.72	272	169	14	773	1037	2135	2926	8.8e-26	117.8
NCVOG0305-consensus	scaffold_11	32.72	272	169	14	773	1037	465500	464709	1.1e-25	116.2
NCVOG0305-consensus	scaffold_15	31.83	355	212	30	688	1040	432487	433464	2.2e-25	116.4
NCVOG0305-consensus	scaffold_7	31.93	285	179	15	768	1044	346917	347747	2.3e-25	116.4
NCVOG0305-consensus	scaffold_21	31.88	367	220	30	688	1052	15300	14287	4.9e-25	115.3
NCVOG0305-consensus	scaffold_24	31.75	274	169	18	1301	1559	37775	36970	9.2e-25	114.4
NCVOG0305-consensus	scaffold_27	31.79	368	220	31	688	1052	14900	13886	1.5e-24	110.7
NCVOG0305-consensus	scaffold_24	28.37	289	186	21	1290	1563	254672	253827	2.9e-23	109.2
NCVOG0305-consensus	scaffold_13	28.37	289	186	21	1290	1563	414111	413266	3.4e-23	109.2
NCVOG0305-consensus	scaffold_7	30.26	271	174	15	1301	1559	6226	5426	7.5e-23	108.0
NCVOG0305-consensus	scaffold_23	29.65	317	191	32	724	1030	145431	144550	2.6e-22	106.2
NCVOG0305-consensus	scaffold_23	32.87	289	173	21	699	977	2438	1610	4.4e-21	102.1
NCVOG0305-consensus	scaffold_4	26.50	283	192	16	1293	1562	740169	741003	1.5e-21	103.7
NCVOG0305-consensus	scaffold_23	30.99	284	179	17	764	1037	277016	277843	2.7e-21	102.8
NCVOG0305-consensus	scaffold_23	28.04	485	295	54	579	1037	286484	287837	1.5e-21	103.7
NCVOG0305-consensus	scaffold_14	29.60	348	210	35	699	1037	427516	428476	8.1e-21	101.2
NCVOG0305-consensus	scaffold_8	32.11	246	155	12	746	987	310407	311115	2.9e-20	99.4
NCVOG0305-consensus	scaffold_18	27.82	248	171	8	785	1024	137917	138655	5.4e-20	98.5
NCVOG0305-consensus	scaffold_3	32.97	279	167	20	708	977	11029	10231	8.7e-20	97.8
NCVOG0305-consensus	scaffold_1	29.39	330	198	35	779	1105	1573910	1574800	9.4e-20	97.2
NCVOG0305-consensus	scaffold_3	35.19	216	128	12	1340	1550	746699	746084	2.6e-19	96.3
NCVOG0305-consensus	scaffold_17	30.43	253	166	10	1301	1546	355547	356291	2.7e-19	96.0
NCVOG0305-consensus	scaffold_6	24.62	987	627	117	657	1556	662355	665204	3.5e-19	95.6
NCVOG0305-consensus	scaffold_5	30.74	283	179	17	1277	1549	399794	398974	1.5e-18	93.8
NCVOG0305-consensus	scaffold_9	26.80	388	239	45	698	1065	573269	574346	4.5e-18	92.0
NCVOG0305-consensus	scaffold_12	29.03	248	155	21	1326	1568	204035	204723	1.8e-17	90.1
NCVOG0305-consensus	scaffold_1	29.93	284	166	33	769	1034	995001	994202	2.5e-17	89.7
NCVOG0305-consensus	scaffold_1	27.58	330	206	33	718	1037	704211	705124	2.9e-17	89.5
NCVOG0305-consensus	scaffold_18	27.49	291	184	27	781	1065	410095	410897	4.6e-17	88.6
NCVOG0305-consensus	scaffold_16	33.76	157	98	6	1352	1506	407783	408238	5.7e-17	88.3
NCVOG0305-consensus	scaffold_2	29.47	285	185	16	786	1063	328670	327858	8.7e-17	87.9
NCVOG0305-consensus	scaffold_2	29.21	291	178	28	781	1052	332438	331606	8.7e-17	87.9
NCVOG0305-consensus	scaffold_22	31.92	213	128	17	784	985	174355	173738	2.2e-16	86.5
NCVOG0305-consensus	scaffold_4	26.03	461	293	48	328	749	515245	516595	4.2e-16	85.6
NCVOG0305-consensus	scaffold_2	28.57	189	120	15	1349	1527	912868	912322	1.1e-15	82.4
NCVOG0305-consensus	scaffold_13	30.57	265	155	29	1264	1510	169453	170205	9.6e-15	81.1
NCVOG0305-consensus	scaffold_4	26.59	425	265	47	367	752	515141	513894	2.9e-14	79.5
NCVOG0305-consensus	scaffold_3	31.31	214	131	16	778	980	203574	202953	4.6e-14	78.8
NCVOG0305-consensus	scaffold_9	32.80	250	137	31	1333	1557	356180	356902	7.4e-14	78.1
NCVOG0305-consensus	scaffold_18	31.21	298	180	25	784	1072	181028	180188	2.2e-13	76.6
NCVOG0305-consensus	scaffold_18	27.73	256	160	25	1321	1557	299348	298606	2.2e-13	76.6
NCVOG0305-consensus	scaffold_7	32.84	204	121	16	784	982	669407	669982	2.7e-13	75.7
NCVOG0305-consensus	scaffold_2	33.00	200	123	11	1314	1508	551242	551820	1.1e-12	74.3
NCVOG0305-consensus	scaffold_1	26.84	272	170	29	1312	1556	241889	242685	1.2e-12	74.1
NCVOG0305-consensus	scaffold_10	29.73	259	163	19	1309	1555	87845	88597	1.2e-12	74.1
NCVOG0305-consensus	scaffold_5	30.11	269	173	15	1293	1556	632372	631599	2e-12	73.4
NCVOG0305-consensus	scaffold_26	29.51	288	163	40	1311	1564	18140	18966	2.8e-12	70.4
NCVOG0305-consensus	scaffold_2	30.88	204	124	17	1319	1508	782033	782630	5.1e-12	72.0
NCVOG0305-consensus	scaffold_3	32.06	262	155	23	1270	1517	790895	791650	6e-12	71.8
NCVOG0305-consensus	scaffold_18	30.20	245	147	24	782	1018	19995	19312	1.3e-11	70.7
NCVOG0305-consensus	scaffold_15	28.36	275	161	36	1311	1557	325824	325033	1.5e-11	70.4
NCVOG0305-consensus	scaffold_9	29.93	274	166	26	1305	1557	528641	527848	4.7e-11	68.6
NCVOG0305-consensus	scaffold_9	27.80	259	160	27	1305	1549	529938	529206	2.7e-13	76.1
NCVOG0305-consensus	scaffold_17	29.96	257	159	21	1305	1559	3701	2991	6.3e-11	68.4
NCVOG0248-consensus	scaffold_8	29.46	499	284	68	3	489	92993	94316	2.9e-24	111.1
NCVOG0248-consensus	scaffold_5	29.89	562	309	85	5	512	144548	146131	4.9e-18	90.4
NCVOG0105-consensus	scaffold_20	24.78	900	593	84	8	893	213259	215741	5.6e-25	114.5
NCVOG0105-consensus	scaffold_5	24.57	692	439	83	245	895	650053	651991	2.5e-16	85.8
NCVOG0105-consensus	scaffold_16	22.92	877	565	111	21	886	188129	185804	1.8e-15	82.9
NCVOG0105-consensus	scaffold_3	23.03	877	564	111	21	886	553611	551286	1.8e-15	82.9
NCVOG0105-consensus	scaffold_1	23.05	681	445	79	258	908	81108	79230	9.9e-11	67.1
NCVOG4804-consensus	scaffold_4	58.33	132	44	11	49	180	781173	781532	3.7e-21	97.8
NCVOG4804-consensus	scaffold_5	51.95	154	63	11	27	180	361296	361721	1.1e-20	97.8
NCVOG4804-consensus	scaffold_5	51.95	154	63	11	27	180	124805	124380	1.1e-20	97.8
NCVOG4804-consensus	scaffold_5	51.95	154	63	11	27	180	252560	252135	1.1e-20	97.8
NCVOG0282-consensus	scaffold_5	28.99	338	222	18	272	603	399840	398866	4.9e-21	101.1
NCVOG0282-consensus	scaffold_12	31.91	282	160	32	324	582	351594	352405	1.8e-19	95.9
NCVOG0282-consensus	scaffold_3	30.08	389	212	60	325	660	791009	792147	4.9e-18	91.2
NCVOG0282-consensus	scaffold_2	32.17	314	176	37	321	626	551218	552061	1e-16	86.8
NCVOG0282-consensus	scaffold_1	28.31	332	208	30	297	606	995067	994109	5.6e-16	84.3
NCVOG0282-consensus	scaffold_22	23.50	366	268	12	239	595	174631	173546	1.3e-15	83.1
NCVOG0282-consensus	scaffold_10	29.63	297	176	33	328	605	87857	88702	1.8e-15	82.7
NCVOG0282-consensus	scaffold_1	27.27	286	175	33	329	589	241895	242721	2.1e-15	82.5
NCVOG0282-consensus	scaffold_8	35.51	214	128	10	325	537	310507	311118	2.7e-15	82.0
NCVOG0282-consensus	scaffold_8	26.51	332	202	42	275	582	384748	385682	3.2e-14	78.5
NCVOG0282-consensus	scaffold_2	26.33	490	312	49	161	614	407479	408898	4.2e-15	81.4
NCVOG0282-consensus	scaffold_2	32.15	311	168	43	287	570	412448	413323	1.3e-16	86.4
NCVOG0282-consensus	scaffold_2	26.52	313	205	25	325	622	339930	340829	1e-14	80.2
NCVOG0282-consensus	scaffold_23	29.35	276	166	29	331	600	287139	287890	1.5e-14	79.6
NCVOG0282-consensus	scaffold_2	26.48	321	197	39	324	608	782003	782951	1.5e-14	79.6
NCVOG0282-consensus	scaffold_12	33.16	193	113	16	332	521	204016	204552	1.8e-14	79.4
NCVOG0282-consensus	scaffold_6	29.43	282	189	10	292	570	697761	696940	2e-14	78.9
NCVOG0282-consensus	scaffold_23	28.62	276	166	31	331	600	2176	1427	2e-14	79.1
NCVOG0282-consensus	scaffold_14	28.99	276	167	29	331	600	427778	428529	3.5e-14	78.3
NCVOG0282-consensus	scaffold_21	29.05	296	195	15	307	600	15117	14276	3.6e-14	78.3
NCVOG0282-consensus	scaffold_3	29.77	215	137	14	331	540	10797	10183	3.6e-14	78.3
NCVOG0282-consensus	scaffold_15	29.37	269	177	13	307	574	432670	433437	4.6e-14	77.9
NCVOG0282-consensus	scaffold_1	26.11	517	320	62	275	749	1472170	1473649	8.6e-14	77.1
NCVOG0282-consensus	scaffold_18	26.73	303	195	27	298	581	299470	298597	1e-13	76.9
NCVOG0282-consensus	scaffold_27	28.96	297	195	16	307	600	14717	13875	1e-13	74.0
NCVOG0282-consensus	scaffold_16	30.56	301	181	28	300	581	407548	408416	1.8e-13	75.8
NCVOG0282-consensus	scaffold_16	33.91	233	135	19	324	541	330804	331483	6.7e-17	87.2
NCVOG0282-consensus	scaffold_1	28.39	317	194	33	293	595	332631	333517	3.6e-13	75.0
NCVOG0282-consensus	scaffold_8	27.51	349	184	69	316	599	211450	212479	4.2e-13	74.8
NCVOG0282-consensus	scaffold_16	25.00	308	204	27	292	590	373594	372730	1.6e-12	72.7
NCVOG0282-consensus	scaffold_2	24.42	344	240	20	367	699	912859	911862	1.9e-12	70.8
NCVOG0282-consensus	scaffold_2	24.87	567	381	45	59	604	801174	799567	8.6e-12	70.4
NCVOG0282-consensus	scaffold_14	24.43	348	222	41	270	582	61413	62431	1.8e-11	69.4
NCVOG0282-consensus	scaffold_2	27.43	339	188	58	325	615	119425	118448	1.8e-11	69.4
NCVOG0282-consensus	scaffold_2	37.57	173	90	18	415	579	66741	66258	1.8e-11	69.4
NCVOG0282-consensus	scaffold_4	23.99	571	367	67	20	559	506353	507938	2.7e-11	68.8
NCVOG0282-consensus	scaffold_3	29.25	253	149	30	343	573	203510	202787	3.1e-11	68.6
NCVOG0282-consensus	scaffold_9	28.68	272	165	29	348	608	530676	531432	3.2e-11	68.4
NCVOG0282-consensus	scaffold_9	26.82	343	202	49	331	664	573553	574458	4.9e-12	71.1
NCVOG0282-consensus	scaffold_18	26.53	343	203	49	331	664	410104	411009	3.5e-11	68.2
NCVOG0282-consensus	scaffold_9	27.88	391	241	41	312	672	284016	285148	4.2e-11	68.2
NCVOG0282-consensus	scaffold_9	30.53	262	153	29	332	571	157329	158078	2.3e-11	69.0
NCVOG0282-consensus	scaffold_9	32.24	304	158	48	329	598	356098	356956	6.4e-11	67.5
NCVOG0282-consensus	scaffold_1	26.24	343	204	49	331	664	704417	705322	9.9e-11	66.9
NCVOG0282-consensus	scaffold_3	26.93	453	267	64	154	581	747268	746046	9.9e-11	66.9
NCVOG0282-consensus	scaffold_6	32.79	247	128	38	307	522	329411	330125	9.9e-11	66.9
NCVOG4883-consensus	scaffold_14	33.41	431	251	36	36	460	343782	342583	1.7e-24	111.7
NCVOG0360-consensus	scaffold_21	44.74	304	154	14	24	315	60886	61786	6e-43	172.5
NCVOG0360-consensus	scaffold_19	26.54	324	201	37	8	305	319875	320808	1.1e-12	71.4
NCVOG0979-consensus	scaffold_7	48.97	339	155	18	2	325	645592	644592	1.9e-56	216.9
NCVOG0699-consensus	scaffold_19	25.86	263	166	29	181	422	364626	365383	3.5e-11	66.9
NCVOG2734-consensus	scaffold_21	25.98	331	227	18	2	329	316378	315434	1.6e-19	94.3
NCVOG2734-consensus	scaffold_15	25.71	280	193	15	45	322	16617	17414	4.4e-18	91.0
NCVOG2734-consensus	scaffold_3	25.17	441	286	44	4	440	455852	454657	9.8e-15	79.9
NCVOG2734-consensus	scaffold_1	23.17	328	224	28	31	335	333626	334587	1.6e-13	75.9
NCVOG2734-consensus	scaffold_22	26.30	270	185	14	105	369	295968	295189	2.9e-13	75.0
NCVOG2734-consensus	scaffold_8	23.48	264	190	12	23	282	2555	3319	5.1e-13	74.2
NCVOG2734-consensus	scaffold_19	22.91	323	233	16	15	335	364802	365725	3.9e-12	70.7
NCVOG2734-consensus	scaffold_24	25.81	279	192	15	116	386	36257	35445	1.8e-11	69.1
NCVOG2734-consensus	scaffold_3	25.42	295	174	46	18	275	544419	545269	5.6e-11	67.5
NCVOG0274-consensus	scaffold_4	41.03	1460	699	162	42	1368	401105	405386	2.6e-49	195.8
NCVOG0274-consensus	scaffold_1	29.94	1473	766	266	136	1364	317618	313275	9.4e-46	184.0
NCVOG0274-consensus	scaffold_1	41.35	104	57	4	17	116	318152	317844	1.1e-14	80.8
NCVOG0274-consensus	scaffold_5	35.89	1410	746	158	42	1359	618140	614122	4.3e-40	165.2
NCVOG0074-consensus	scaffold_1	66.83	606	201	0	5	610	544683	546497	0	786.9
NCVOG0074-consensus	scaffold_21	61.38	624	235	6	6	627	268209	270065	1.5e-208	723.6
NCVOG0074-consensus	scaffold_21	49.28	629	293	26	1	616	86314	84472	4.9e-156	549.2
NCVOG0074-consensus	scaffold_1	32.58	534	319	41	6	502	304187	305767	7.4e-65	246.3
NCVOG0074-consensus	scaffold_1	30.52	639	379	65	6	590	1010634	1008754	1.1e-52	205.9
NCVOG0074-consensus	scaffold_12	27.99	668	419	62	1	622	234250	232316	1.1e-27	122.7
NCVOG2654-consensus	scaffold_8	31.03	145	91	9	5	141	139466	139894	3.5e-11	65.9
NCVOG1299-consensus	scaffold_4	50.00	172	61	25	1	147	328998	329506	2.5e-20	96.3
NCVOG1299-consensus	scaffold_8	44.38	160	75	14	5	151	400681	401150	7e-18	88.1
NCVOG1199-consensus	scaffold_10	33.86	127	78	6	54	176	518379	518750	3.4e-11	67.0
NCVOG0352-consensus	scaffold_4	32.87	143	84	12	20	157	272087	272491	6.7e-11	65.5
NCVOG0064-consensus	scaffold_4	27.37	369	231	37	27	366	240971	239894	3.3e-13	74.3
NCVOG0064-consensus	scaffold_1	28.47	295	168	43	19	287	1147581	1146753	4.6e-12	70.5
NCVOG0064-consensus	scaffold_11	26.05	357	230	34	28	360	461197	462232	5.8e-11	65.6
NCVOG4414-consensus	scaffold_3	34.69	147	91	5	70	216	483897	484319	2.7e-12	70.5
NCVOG4324-consensus	scaffold_12	32.46	570	326	59	67	613	263822	265416	2e-14	78.7
NCVOG4134-consensus	scaffold_4	39.22	464	233	49	3	456	39718	38449	7.7e-58	222.5
NCVOG0244-consensus	scaffold_9	26.38	254	178	9	154	406	334216	334950	1.6e-12	72.3
NCVOG0244-consensus	scaffold_21	30.54	239	154	12	13	243	316132	315431	3.6e-11	66.2
NCVOG0304-consensus	scaffold_12	37.01	154	91	6	51	201	203974	204423	1.6e-20	98.6
NCVOG0304-consensus	scaffold_23	36.65	161	90	12	52	206	279604	280065	1.9e-20	98.3
NCVOG0304-consensus	scaffold_8	37.29	118	66	8	97	210	385000	385338	3.5e-18	90.8
NCVOG0304-consensus	scaffold_8	35.10	151	87	11	53	199	310498	310926	8.7e-15	79.6
NCVOG0304-consensus	scaffold_18	33.13	163	101	8	45	204	181076	180606	4.3e-18	90.5
NCVOG0304-consensus	scaffold_3	32.90	155	94	10	52	201	203586	203140	1.4e-17	88.8
NCVOG0304-consensus	scaffold_12	34.88	172	96	16	55	214	351594	352092	1.1e-16	85.9
NCVOG0304-consensus	scaffold_6	30.38	158	101	9	53	206	211055	210600	9.7e-16	82.7
NCVOG0304-consensus	scaffold_5	34.15	164	94	14	50	206	399711	399244	1.2e-15	82.5
NCVOG0304-consensus	scaffold_18	34.00	150	90	9	55	199	137893	138327	1.4e-15	82.2
NCVOG0304-consensus	scaffold_1	33.13	166	94	17	54	202	241874	242364	1.4e-15	82.2
NCVOG0304-consensus	scaffold_2	29.63	162	99	15	50	201	119443	118976	3.9e-15	80.7
NCVOG0304-consensus	scaffold_2	34.62	156	89	13	56	205	551230	551673	3.9e-15	80.7
NCVOG0304-consensus	scaffold_1	35.76	165	87	19	53	201	1472320	1472798	4.8e-15	80.4
NCVOG0304-consensus	scaffold_6	28.12	160	106	9	42	195	329420	329887	2.4e-14	78.1
NCVOG0304-consensus	scaffold_2	27.56	156	102	11	53	202	781997	782446	3.6e-14	77.5
NCVOG0304-consensus	scaffold_10	33.78	148	84	14	58	201	87854	88264	3.6e-14	77.5
NCVOG0304-consensus	scaffold_6	34.29	140	85	7	62	201	662738	663133	3.6e-14	77.2
NCVOG0304-consensus	scaffold_13	29.84	191	116	18	38	213	169510	170070	5.3e-14	77.0
NCVOG0304-consensus	scaffold_16	34.39	157	94	9	53	202	330798	331257	7.1e-14	76.4
NCVOG0304-consensus	scaffold_16	30.49	164	96	18	53	204	407620	408088	3.5e-15	80.7
NCVOG0304-consensus	scaffold_2	31.18	170	104	13	62	221	412593	413088	2.2e-13	74.9
NCVOG0304-consensus	scaffold_19	32.08	159	90	18	53	198	223042	222592	3.2e-13	74.4
NCVOG0304-consensus	scaffold_26	31.36	169	91	25	52	200	18125	18607	3.6e-13	71.8
NCVOG0304-consensus	scaffold_22	33.08	130	77	10	82	201	23646	24030	2.4e-12	71.5
NCVOG0304-consensus	scaffold_22	33.64	110	65	8	106	210	27479	27796	2.4e-12	71.5
NCVOG0304-consensus	scaffold_2	32.87	143	87	9	64	200	328676	328262	3.6e-12	70.9
NCVOG0304-consensus	scaffold_2	31.79	151	87	16	64	201	332423	331987	3.6e-12	70.9
NCVOG0304-consensus	scaffold_9	28.74	167	112	7	39	200	573472	573963	7e-12	69.7
NCVOG0304-consensus	scaffold_4	27.27	187	120	16	51	223	507160	507709	7.9e-12	69.7
NCVOG0304-consensus	scaffold_5	30.00	110	73	4	92	197	327502	327828	7.9e-12	69.7
NCVOG0304-consensus	scaffold_8	33.52	182	93	28	56	212	207493	208020	2.2e-11	68.3
NCVOG0304-consensus	scaffold_8	28.12	160	105	10	49	201	211456	211923	2.2e-11	68.3
NCVOG0304-consensus	scaffold_1	31.69	142	90	7	62	200	704417	704827	3.2e-11	67.7
NCVOG0304-consensus	scaffold_21	26.67	150	100	10	54	201	15075	14653	3.9e-11	67.4
NCVOG0304-consensus	scaffold_1	36.59	123	64	14	97	205	267667	267306	3.9e-11	67.4
NCVOG0304-consensus	scaffold_3	29.95	207	121	24	16	206	790880	791473	3.9e-11	67.4
NCVOG0304-consensus	scaffold_1	29.89	174	102	20	44	201	995010	994508	4.8e-11	67.1
NCVOG0304-consensus	scaffold_6	30.56	144	89	11	62	201	697641	697234	4.9e-11	66.8
NCVOG0304-consensus	scaffold_3	29.79	188	110	22	31	202	746898	746358	5.9e-11	66.8
NCVOG0304-consensus	scaffold_17	32.87	143	82	14	59	201	3677	3294	5.9e-11	66.8
NCVOG0214-consensus	scaffold_4	27.27	330	225	15	219	540	124153	123192	9.7e-14	76.7
NCVOG0214-consensus	scaffold_5	23.14	579	407	38	67	610	510936	512650	2.1e-12	72.3
NCVOG0214-consensus	scaffold_12	27.27	264	181	11	324	580	483488	484264	5.2e-11	66.3
NCVOG1004-consensus	scaffold_13	25.53	427	265	53	6	414	429735	428563	3.8e-14	77.3
NCVOG0276-consensus	scaffold_3	65.79	342	95	22	38	357	142728	143744	2.6e-70	263.6
NCVOG0276-consensus	scaffold_8	27.89	380	241	33	4	357	516443	515332	2.8e-18	90.7
NCVOG4882-consensus	scaffold_2	28.96	335	214	24	4	335	34460	35398	7.8e-14	77.4
NCVOG4882-consensus	scaffold_17	32.95	346	212	20	378	718	76511	77494	7.9e-12	70.7
NCVOG2204-consensus	scaffold_3	39.18	462	237	44	4	425	429050	430418	7.6e-25	112.8
NCVOG4187-consensus	scaffold_12	25.51	243	159	22	197	432	248774	248094	9.1e-14	76.0
NCVOG0777-consensus	scaffold_24	35.56	135	67	20	182	311	208614	208260	6.4e-11	68.0
NCVOG4966-consensus	scaffold_7	28.57	336	206	34	66	389	528037	527099	5.9e-16	83.4
NCVOG4966-consensus	scaffold_17	25.77	423	251	63	69	483	293848	294942	7.9e-14	76.4
NCVOG4966-consensus	scaffold_4	27.80	241	156	18	159	391	65647	64958	2.3e-13	74.8
NCVOG4966-consensus	scaffold_17	29.20	226	135	25	172	388	300158	300784	2.3e-13	74.6
NCVOG4966-consensus	scaffold_13	29.71	175	113	10	223	394	368334	368826	1.1e-11	69.3
NCVOG0185-consensus	scaffold_5	34.10	217	115	28	2	200	753742	753129	4e-12	68.1
NCVOG0185-consensus	scaffold_5	36.89	122	69	8	28	143	754159	753803	4e-12	68.1
NCVOG3000-consensus	scaffold_5	32.40	179	98	23	44	209	512987	512488	4.9e-16	82.7
NCVOG3000-consensus	scaffold_5	34.36	163	84	23	60	209	512465	512014	1.6e-15	81.0
NCVOG3000-consensus	scaffold_5	34.36	163	84	23	60	209	511991	511540	1.6e-15	81.0
NCVOG3000-consensus	scaffold_5	34.36	163	84	23	60	209	511517	511066	1.6e-15	81.0
NCVOG3000-consensus	scaffold_5	34.36	163	84	23	60	209	511043	510592	1.6e-15	81.0
NCVOG3000-consensus	scaffold_5	34.36	163	84	23	60	209	510569	510118	1.6e-15	81.0
NCVOG3000-consensus	scaffold_5	34.36	163	84	23	60	209	510095	509644	1.6e-15	81.0
NCVOG3000-consensus	scaffold_5	34.36	163	84	23	60	209	509621	509170	1.6e-15	81.0
NCVOG3000-consensus	scaffold_5	34.36	163	84	23	60	209	509147	508696	1.6e-15	81.0
NCVOG3000-consensus	scaffold_5	34.36	163	84	23	60	209	508673	508222	1.6e-15	81.0
NCVOG3000-consensus	scaffold_5	34.36	163	84	23	60	209	508199	507748	1.6e-15	81.0
NCVOG3000-consensus	scaffold_3	32.40	179	98	23	44	209	556247	555748	4.9e-16	82.7
NCVOG0320-consensus	scaffold_11	32.24	214	121	24	8	210	325361	325956	1.2e-15	81.3
NCVOG0030-consensus	scaffold_1	36.62	497	276	39	26	507	399895	401310	4.5e-43	174.1
NCVOG0030-consensus	scaffold_24	38.88	463	236	47	26	477	188142	186867	4.6e-20	97.5
NCVOG0030-consensus	scaffold_1	26.42	439	255	68	68	492	1074473	1073322	3.8e-11	68.1
NCVOG4494-consensus	scaffold_2	30.26	380	242	23	21	377	436177	435045	1.5e-22	105.4
NCVOG4494-consensus	scaffold_7	31.44	229	157	0	16	244	82798	83481	1.7e-21	101.9
NCVOG4494-consensus	scaffold_14	35.63	247	124	35	46	292	393972	394604	4.5e-16	83.9
NCVOG4494-consensus	scaffold_7	28.85	364	226	33	43	396	287455	286436	6e-16	83.5
NCVOG4494-consensus	scaffold_12	30.10	289	185	17	39	319	460103	460939	1.6e-15	80.8
NCVOG4494-consensus	scaffold_3	35.11	188	112	10	56	233	149754	150312	1.8e-15	81.9
NCVOG4494-consensus	scaffold_14	37.22	180	105	8	36	209	766	238	6.7e-14	76.7
NCVOG4494-consensus	scaffold_2	39.60	149	85	5	46	190	724678	725118	1.5e-13	75.5
NCVOG4494-consensus	scaffold_17	41.76	170	92	7	52	219	140249	139758	1.5e-13	75.5
NCVOG4494-consensus	scaffold_13	39.57	139	82	2	55	191	281023	281436	1.1e-12	72.6
NCVOG4494-consensus	scaffold_11	37.67	146	86	5	20	160	39986	40420	1.3e-11	69.1
NCVOG4494-consensus	scaffold_5	34.60	211	122	16	82	286	545634	545035	3.8e-11	67.5
NCVOG4494-consensus	scaffold_5	34.17	120	79	0	25	144	336421	336065	5e-11	67.2
NCVOG4707-consensus	scaffold_1	33.33	132	71	17	256	379	273432	273797	1.2e-11	68.8
NCVOG4707-consensus	scaffold_11	31.90	163	91	20	218	379	72445	72873	2e-11	68.1
NCVOG0077-consensus	scaffold_24	31.88	367	219	31	341	695	202998	204036	2e-26	118.5
NCVOG0077-consensus	scaffold_24	29.04	396	243	38	336	710	57012	58141	1.5e-21	102.5
NCVOG0077-consensus	scaffold_24	29.95	404	241	42	330	713	191633	190495	2.4e-21	101.7
NCVOG0077-consensus	scaffold_2	24.23	392	284	13	315	700	251633	250494	4.5e-19	94.3
NCVOG0077-consensus	scaffold_13	39.84	123	66	8	583	704	324282	323938	1.7e-13	75.8
NCVOG0077-consensus	scaffold_7	26.05	476	238	114	332	705	354771	353383	1.1e-11	69.8
NCVOG0267-consensus	scaffold_19	31.45	407	233	46	327	718	253989	255111	1.1e-23	110.4
NCVOG0267-consensus	scaffold_19	31.28	374	220	37	310	673	11942	10905	8e-23	107.5
NCVOG0267-consensus	scaffold_8	31.28	358	205	41	328	670	240984	239994	7.3e-21	101.0
NCVOG0267-consensus	scaffold_3	26.51	464	286	55	296	737	124690	125977	9.9e-21	100.5
NCVOG0267-consensus	scaffold_10	28.13	423	255	49	339	748	441897	443052	7e-17	87.7
NCVOG0267-consensus	scaffold_3	30.79	406	241	40	326	718	806314	807439	7.5e-15	81.0
NCVOG0267-consensus	scaffold_5	27.43	463	260	76	289	699	434609	433298	4.1e-14	78.5
NCVOG0267-consensus	scaffold_2	29.77	477	267	68	283	721	700198	698863	2.7e-13	75.8
NCVOG4357-consensus	scaffold_3	35.70	521	278	57	6	487	15169	13664	1.9e-23	108.4
NCVOG4357-consensus	scaffold_10	36.23	530	284	54	6	494	12388	10841	1.9e-23	108.4
NCVOG4447-consensus	scaffold_16	30.94	181	111	14	259	428	340567	340037	1.5e-14	78.5
NCVOG4147-consensus	scaffold_17	28.35	194	130	9	90	281	348803	348250	1.3e-14	78.1
NCVOG4147-consensus	scaffold_20	24.01	279	178	34	16	267	174220	175032	9.8e-13	72.0
NCVOG4147-consensus	scaffold_14	24.74	287	173	43	17	267	320233	319397	3e-11	67.0
NCVOG0517-consensus	scaffold_5	28.43	197	137	4	121	316	61756	62330	3.7e-13	73.6
NCVOG0517-consensus	scaffold_7	27.18	298	192	25	37	330	365718	364895	2.9e-12	70.7
NCVOG0517-consensus	scaffold_17	31.34	268	140	44	73	329	300113	300814	9.5e-12	68.7
NCVOG0817-consensus	scaffold_13	33.53	510	285	54	6	508	429735	428350	1.8e-37	155.0
NCVOG0046-consensus	scaffold_3	30.30	264	123	61	8	210	839727	838939	3.6e-15	80.2
NCVOG0046-consensus	scaffold_20	40.37	161	71	25	8	146	179908	179440	4.4e-15	79.9
NCVOG0046-consensus	scaffold_1	47.73	88	41	5	10	96	583387	583139	1.5e-12	71.5
NCVOG0046-consensus	scaffold_9	52.31	65	31	0	8	72	489191	489382	2.8e-12	70.4
NCVOG0046-consensus	scaffold_8	40.86	93	49	6	5	97	527955	528212	1.7e-11	68.0
NCVOG0046-consensus	scaffold_6	56.16	73	24	8	8	72	116593	116806	1.7e-11	68.0
NCVOG0046-consensus	scaffold_4	36.84	114	64	8	6	116	738989	738666	3e-11	67.2
NCVOG0037-consensus	scaffold_2	51.21	1119	491	55	6	1073	683278	686617	4.7e-155	546.6
NCVOG0778-consensus	scaffold_3	28.95	525	303	70	1	502	368819	370249	1.6e-26	118.8
NCVOG0017-consensus	scaffold_12	31.49	397	221	51	3	348	326096	324913	8.1e-15	79.2
NCVOG0017-consensus	scaffold_21	27.65	387	230	50	3	339	23757	22606	5.4e-14	76.4
NCVOG0007-consensus	scaffold_12	33.70	368	209	35	21	353	241151	242251	2e-37	154.4
NCVOG1115-consensus	scaffold_20	41.14	299	159	17	120	407	258050	258923	2.2e-45	181.0
NCVOG0015-consensus	scaffold_23	30.37	191	122	11	88	267	288354	288923	2.6e-17	87.9
NCVOG0015-consensus	scaffold_23	27.98	243	159	16	84	311	1191	473	1.2e-16	85.7
NCVOG0015-consensus	scaffold_3	27.16	243	161	16	84	311	9810	9092	3.7e-16	84.1
NCVOG0015-consensus	scaffold_14	27.98	243	159	16	84	311	428765	429483	1.1e-15	82.5
NCVOG0015-consensus	scaffold_18	35.20	196	114	13	86	269	411196	411777	5.3e-15	80.0
NCVOG0015-consensus	scaffold_22	31.64	177	109	12	99	263	65705	66232	2.3e-14	78.1
NCVOG0015-consensus	scaffold_3	29.95	207	126	19	96	293	158731	158144	3.7e-12	70.8
NCVOG0015-consensus	scaffold_16	31.02	187	115	14	105	278	71291	70737	7.8e-12	69.7
NCVOG0015-consensus	scaffold_24	28.75	160	106	8	95	247	253421	252948	5.2e-11	66.7
NCVOG0015-consensus	scaffold_7	35.23	193	112	13	89	269	3928	3356	7.5e-11	66.5
NCVOG0005-consensus	scaffold_17	28.41	264	165	24	70	313	286631	287405	2e-16	84.9
NCVOG0005-consensus	scaffold_1	29.33	208	133	14	33	234	1381456	1382052	3.4e-15	80.8
NCVOG0005-consensus	scaffold_3	25.11	454	309	31	6	431	248042	249389	1.5e-14	78.7
NCVOG0486-consensus	scaffold_5	30.34	356	216	32	44	376	96962	97997	3.5e-25	113.7
NCVOG0486-consensus	scaffold_9	31.83	377	211	46	24	363	250312	251396	7.3e-23	106.0
NCVOG0744-consensus	scaffold_19	30.02	443	237	73	128	502	177374	176068	2.6e-12	71.5
NCVOG0284-consensus	scaffold_5	36.84	209	113	19	116	309	723638	724247	1.5e-11	68.2
NCVOG0284-consensus	scaffold_5	30.29	307	175	39	26	309	724732	725595	2.9e-17	87.2
NCVOG0806-consensus	scaffold_22	41.33	467	238	36	5	446	40755	42109	5.6e-56	216.2
NCVOG0806-consensus	scaffold_9	34.88	430	240	40	34	446	306875	308090	1.4e-52	205.0
NCVOG0806-consensus	scaffold_10	29.10	354	215	36	119	447	176151	175126	2.9e-25	114.2
NCVOG4676-consensus	scaffold_11	29.79	282	176	22	8	285	464554	463772	3.8e-13	72.2
NCVOG4676-consensus	scaffold_21	28.68	258	169	15	35	282	316453	315702	6.1e-13	71.2
NCVOG4676-consensus	scaffold_23	37.62	101	62	1	187	287	278475	278771	6.5e-12	69.3
NCVOG4676-consensus	scaffold_15	26.89	264	173	20	23	274	16574	17336	6.6e-12	69.3
NCVOG4676-consensus	scaffold_10	33.77	151	95	5	122	269	466795	466352	4.3e-11	66.2
NCVOG4676-consensus	scaffold_3	26.87	201	118	29	60	260	544766	545278	5e-11	66.4
NCVOG4676-consensus	scaffold_8	29.27	164	100	16	106	264	2672	3127	8.6e-11	65.6
NCVOG2958-consensus	scaffold_11	38.50	187	101	14	78	255	256475	255933	9.3e-23	105.2
NCVOG2958-consensus	scaffold_2	27.78	180	120	10	85	255	293991	294524	7.4e-13	72.3
NCVOG0329-consensus	scaffold_3	34.83	178	95	21	1108	1271	650166	649663	1.9e-14	79.8
NCVOG0329-consensus	scaffold_3	22.62	694	461	76	336	997	725352	723418	8.8e-14	77.7
NCVOG0329-consensus	scaffold_5	37.31	134	73	11	1141	1271	118606	118234	2.4e-14	79.6
NCVOG0329-consensus	scaffold_16	31.76	170	103	13	1108	1273	139098	139569	2.2e-13	76.3
NCVOG0329-consensus	scaffold_2	28.83	326	172	60	974	1277	451959	452809	8.4e-13	74.4
NCVOG0329-consensus	scaffold_14	35.82	134	75	11	1108	1240	357891	357523	9.8e-13	74.1
NCVOG0329-consensus	scaffold_3	25.29	510	338	43	236	705	556858	555341	1e-12	74.1
NCVOG0329-consensus	scaffold_23	32.67	150	89	12	1120	1266	115159	115576	4.5e-12	72.0
NCVOG0329-consensus	scaffold_10	29.76	252	140	37	1123	1339	361176	360440	7.6e-11	67.9
NCVOG0029-consensus	scaffold_15	31.58	380	240	20	24	391	54520	53408	5.5e-39	160.1
NCVOG0029-consensus	scaffold_10	33.98	512	297	41	21	493	432914	434426	9.7e-37	152.7
NCVOG0029-consensus	scaffold_14	34.75	446	234	57	12	409	57901	56594	4.3e-15	80.7
NCVOG0029-consensus	scaffold_7	23.95	405	270	38	4	380	228698	229877	3.3e-14	77.8
NCVOG0029-consensus	scaffold_8	24.06	345	242	20	23	350	304554	305568	6.8e-12	70.1
NCVOG0395-consensus	scaffold_4	46.75	77	41	0	1	77	83481	83708	9.2e-11	63.7
NCVOG4566-consensus	scaffold_17	24.73	372	240	40	148	516	299941	300934	8.1e-12	70.5
NCVOG4416-consensus	scaffold_3	26.15	218	151	10	60	268	483710	484355	1.5e-18	91.2
NCVOG4416-consensus	scaffold_16	21.76	216	160	9	65	273	110543	109905	5.4e-12	69.4
NCVOG4416-consensus	scaffold_17	21.09	256	188	14	9	253	151848	152603	6.9e-11	65.8
NCVOG0242-consensus	scaffold_13	25.30	656	412	78	42	664	470814	472629	2.5e-20	96.9
NCVOG0242-consensus	scaffold_12	57.78	45	17	2	18	62	154310	154435	2.5e-11	68.6
NCVOG1326-consensus	scaffold_11	46.48	142	73	3	9	147	41160	41582	1.2e-31	133.9
NCVOG1326-consensus	scaffold_24	43.57	140	77	2	9	146	199834	200250	1.2e-27	120.3
NCVOG1326-consensus	scaffold_2	43.80	137	72	5	15	146	39425	39832	3.4e-26	115.7
NCVOG1326-consensus	scaffold_12	38.22	157	91	6	1	151	403211	402744	7.2e-26	114.7
NCVOG0036-consensus	scaffold_18	38.63	233	131	12	69	298	302077	301411	1.3e-25	114.7
NCVOG2216-consensus	scaffold_1	56.45	62	26	1	67	128	292226	292405	5.7e-15	79.0
NCVOG0314-consensus	scaffold_7	37.08	89	48	8	24	104	643064	642803	4.2e-12	67.8
NCVOG0222-consensus	scaffold_17	27.75	436	291	24	75	497	418060	416789	1e-21	102.5
NCVOG0222-consensus	scaffold_17	26.95	449	300	28	71	505	416527	415226	7e-23	106.3
NCVOG0222-consensus	scaffold_17	24.17	422	295	25	87	501	414877	413671	9.9e-16	82.6
NCVOG0222-consensus	scaffold_23	24.42	430	307	18	81	507	31992	30759	1.8e-14	78.6
NCVOG0222-consensus	scaffold_3	27.69	372	254	15	87	455	555243	556319	1.2e-13	75.9
NCVOG0014-consensus	scaffold_7	33.76	237	154	3	104	339	3737	3038	3.2e-20	97.7
NCVOG0014-consensus	scaffold_23	24.75	295	216	6	52	341	288051	288929	2.7e-18	91.3
NCVOG0014-consensus	scaffold_18	29.17	216	153	0	124	339	411235	411879	1.9e-17	88.3
NCVOG0014-consensus	scaffold_22	26.03	315	227	6	135	447	66821	67746	8.3e-16	83.1
NCVOG0014-consensus	scaffold_10	27.01	311	209	18	42	344	248590	249473	1.4e-15	82.3
NCVOG0014-consensus	scaffold_1	23.26	344	216	48	59	360	1574567	1575575	1.3e-13	75.3
NCVOG0014-consensus	scaffold_8	30.98	184	124	3	124	306	112263	112805	5e-13	73.9
NCVOG0014-consensus	scaffold_23	25.19	262	167	29	106	339	19597	18818	2.3e-12	71.6
NCVOG0014-consensus	scaffold_7	26.79	209	152	1	132	339	670281	670902	3e-12	70.6
NCVOG0014-consensus	scaffold_9	26.51	166	122	0	174	339	574618	575112	2.8e-11	67.8
NCVOG0002-consensus	scaffold_12	30.88	638	365	76	214	818	189685	191458	1.9e-30	132.3
NCVOG0002-consensus	scaffold_23	29.00	531	316	61	332	832	265089	266577	6.1e-20	97.4
NCVOG0002-consensus	scaffold_15	36.05	86	55	0	679	764	225563	225817	3.8e-11	68.2
NCVOG0002-consensus	scaffold_9	30.78	497	300	44	332	802	346969	345546	6.1e-11	67.6
NCVOG0002-consensus	scaffold_9	26.79	280	182	23	547	812	398698	397895	6.1e-11	67.6
NCVOG1194-consensus	scaffold_5	47.27	55	29	0	60	114	754126	753965	1.5e-11	66.6
NCVOG4845-consensus	scaffold_8	30.73	205	126	16	110	314	476850	476287	2.7e-12	71.6
NCVOG0585-consensus	scaffold_1	22.59	540	351	67	2	512	380877	379397	2.1e-12	71.7
NCVOG2775-consensus	scaffold_21	40.89	291	171	1	107	397	316303	315437	2.3e-63	239.6
NCVOG2775-consensus	scaffold_21	34.86	109	69	2	201	309	316690	316373	5e-17	85.7
NCVOG2775-consensus	scaffold_1	30.89	505	311	38	94	575	333575	335037	7.8e-57	219.5
NCVOG2775-consensus	scaffold_23	32.16	370	246	5	48	416	26405	25311	5.9e-53	206.6
NCVOG2775-consensus	scaffold_23	38.02	313	190	4	91	402	22890	21964	3.7e-44	177.4
NCVOG2775-consensus	scaffold_23	33.74	246	145	18	173	413	136359	135664	1.1e-29	129.3
NCVOG2775-consensus	scaffold_23	33.72	258	156	15	122	377	27143	26412	9.5e-29	126.2
NCVOG2775-consensus	scaffold_23	28.30	318	204	24	161	463	13570	12663	1.2e-16	86.0
NCVOG2775-consensus	scaffold_8	35.16	364	221	15	94	453	2360	3411	9.1e-53	206.0
NCVOG2775-consensus	scaffold_8	34.68	297	168	26	98	389	49684	50508	6.9e-23	106.7
NCVOG2775-consensus	scaffold_19	30.17	474	314	17	111	575	364850	366234	9e-51	198.8
NCVOG2775-consensus	scaffold_19	26.61	327	222	18	115	432	383584	384534	7.5e-20	96.0
NCVOG2775-consensus	scaffold_12	34.44	360	213	23	27	381	5830	6852	1.5e-49	195.3
NCVOG2775-consensus	scaffold_22	35.03	354	222	8	81	429	295961	294920	1.9e-49	195.0
NCVOG2775-consensus	scaffold_22	35.65	115	72	2	190	303	296750	296416	7.5e-15	80.0
NCVOG2775-consensus	scaffold_24	33.25	394	238	25	44	416	36845	35679	3.1e-48	190.9
NCVOG2775-consensus	scaffold_24	24.78	343	243	15	101	441	3367	2381	5.1e-24	110.5
NCVOG2775-consensus	scaffold_15	32.76	348	217	17	98	432	16425	17453	1.7e-43	175.2
NCVOG2775-consensus	scaffold_3	31.16	353	220	23	76	406	459025	457973	1.3e-41	168.9
NCVOG2775-consensus	scaffold_3	36.14	321	192	13	101	420	455810	454887	1.3e-41	168.9
NCVOG2775-consensus	scaffold_3	33.72	172	107	7	168	333	481906	481397	1.9e-23	108.6
NCVOG2775-consensus	scaffold_3	38.10	252	150	6	188	437	410118	409380	1.6e-41	168.6
NCVOG2775-consensus	scaffold_3	33.51	367	229	15	94	455	544400	545463	4.8e-41	167.0
NCVOG2775-consensus	scaffold_3	28.11	338	223	20	88	419	451423	452391	1.9e-23	108.6
NCVOG2775-consensus	scaffold_3	36.16	177	96	17	219	394	483879	484358	4.6e-18	90.7
NCVOG2775-consensus	scaffold_9	35.58	312	187	14	94	402	294992	295891	1.2e-40	165.8
NCVOG2775-consensus	scaffold_9	33.42	365	229	14	53	405	292871	293956	9.3e-48	189.3
NCVOG2775-consensus	scaffold_9	31.31	313	199	16	83	389	294077	294982	1.3e-36	152.3
NCVOG2775-consensus	scaffold_23	30.33	455	292	25	113	554	163134	164457	3.4e-40	164.2
NCVOG2775-consensus	scaffold_23	39.20	199	120	1	229	426	278221	278810	3.3e-38	157.6
NCVOG2775-consensus	scaffold_7	30.57	314	213	5	101	413	148324	149250	5.3e-40	163.6
NCVOG2775-consensus	scaffold_7	31.63	313	204	10	104	413	139876	140790	1.8e-35	148.5
NCVOG2775-consensus	scaffold_7	24.24	330	240	10	92	415	138222	139196	2.7e-33	141.3
NCVOG2775-consensus	scaffold_7	33.62	235	148	8	186	413	80412	81110	1e-25	116.1
NCVOG2775-consensus	scaffold_7	35.88	170	99	10	166	329	96193	96683	4.2e-19	94.2
NCVOG2775-consensus	scaffold_7	29.75	279	176	20	134	406	141362	142153	6.5e-19	93.5
NCVOG2775-consensus	scaffold_8	35.29	272	169	7	151	417	51471	50665	1.3e-39	162.3
NCVOG2775-consensus	scaffold_4	29.53	298	206	4	111	405	638909	638022	1.1e-38	159.2
NCVOG2775-consensus	scaffold_22	29.86	365	234	22	50	413	55008	53980	1.7e-38	158.5
NCVOG2775-consensus	scaffold_15	30.50	282	194	2	133	413	366469	365630	1.4e-35	148.8
NCVOG2775-consensus	scaffold_15	31.58	190	119	11	201	380	360348	359787	1.7e-14	78.8
NCVOG2775-consensus	scaffold_9	32.46	305	199	7	101	402	575721	576620	1.6e-35	148.5
NCVOG2775-consensus	scaffold_15	31.19	311	198	16	101	406	421523	422419	3.4e-35	147.6
NCVOG2775-consensus	scaffold_10	35.04	234	151	1	185	418	242643	243338	4.4e-35	147.2
NCVOG2775-consensus	scaffold_1	31.92	307	202	7	99	402	706579	707482	4.4e-35	147.2
NCVOG2775-consensus	scaffold_7	31.92	307	202	7	99	402	671505	672408	4.4e-35	146.6
NCVOG2775-consensus	scaffold_22	31.97	294	194	6	112	402	299484	300353	9.7e-35	143.8
NCVOG2775-consensus	scaffold_12	31.29	294	196	6	112	402	4343	3474	1.6e-34	145.4
NCVOG2775-consensus	scaffold_5	38.51	174	107	0	232	405	514924	515442	3.1e-34	144.4
NCVOG2775-consensus	scaffold_3	32.46	305	199	7	101	402	8620	7721	6e-34	143.5
NCVOG2775-consensus	scaffold_11	29.94	314	214	6	92	402	21747	20820	9.2e-34	142.8
NCVOG2775-consensus	scaffold_11	28.47	295	200	11	145	431	15055	14183	1.1e-15	82.8
NCVOG2775-consensus	scaffold_11	28.16	316	215	12	113	421	366632	365703	5.3e-33	140.3
NCVOG2775-consensus	scaffold_10	33.33	309	186	20	117	413	521602	522501	9e-33	139.1
NCVOG2775-consensus	scaffold_10	32.02	331	187	38	99	399	523834	524799	9.3e-28	122.4
NCVOG2775-consensus	scaffold_10	27.11	332	222	20	112	435	532697	533649	2.1e-25	114.6
NCVOG2775-consensus	scaffold_16	33.09	269	153	27	155	397	32706	31906	1e-32	139.4
NCVOG2775-consensus	scaffold_9	25.68	370	266	9	53	416	3730	4827	1.2e-30	132.5
NCVOG2775-consensus	scaffold_9	33.12	154	100	3	242	395	3274	3723	1.9e-23	108.6
NCVOG2775-consensus	scaffold_21	29.04	334	222	15	112	438	322671	323645	2.3e-30	130.0
NCVOG2775-consensus	scaffold_21	29.77	346	214	29	70	413	312163	313110	6.1e-22	102.0
NCVOG2775-consensus	scaffold_15	27.83	309	205	18	99	398	213696	212804	1.7e-29	128.7
NCVOG2775-consensus	scaffold_13	31.84	223	147	5	149	369	199438	200094	9.5e-29	126.2
NCVOG2775-consensus	scaffold_10	36.84	190	102	18	201	390	466780	466268	4.8e-28	123.4
NCVOG2775-consensus	scaffold_14	30.84	308	205	8	99	402	429949	430853	1e-27	122.7
NCVOG2775-consensus	scaffold_11	34.00	250	139	26	193	416	464476	463730	1.3e-27	121.2
NCVOG2775-consensus	scaffold_11	26.84	395	260	29	77	451	499607	498457	5.9e-25	112.4
NCVOG2775-consensus	scaffold_15	31.63	294	195	6	112	402	2928	2061	2.7e-26	118.0
NCVOG2775-consensus	scaffold_15	35.15	165	106	1	232	396	103768	103280	2.7e-26	118.0
NCVOG2775-consensus	scaffold_15	23.90	318	221	21	84	398	4374	3484	4.3e-14	77.5
NCVOG2775-consensus	scaffold_17	37.84	185	113	2	237	419	397504	396953	5.7e-26	116.8
NCVOG2775-consensus	scaffold_19	27.42	299	208	9	111	405	2200	1322	1.9e-25	115.2
NCVOG2775-consensus	scaffold_19	26.09	299	211	10	101	397	6067	5198	3.2e-22	104.5
NCVOG2775-consensus	scaffold_19	24.54	273	197	9	109	377	804	4	2.5e-15	81.6
NCVOG2775-consensus	scaffold_2	26.67	300	215	5	101	398	71442	72329	3.3e-24	111.1
NCVOG2775-consensus	scaffold_13	33.96	159	104	1	204	362	405862	406332	4.1e-24	110.8
NCVOG2775-consensus	scaffold_1	34.85	198	124	5	230	425	948021	947444	3.6e-23	107.7
NCVOG2775-consensus	scaffold_9	36.99	219	124	14	182	387	334237	334887	6.9e-23	106.7
NCVOG2775-consensus	scaffold_6	33.69	282	183	4	107	388	720724	721554	8.9e-23	106.1
NCVOG2775-consensus	scaffold_9	33.64	220	129	17	205	419	102709	102089	3.2e-22	104.5
NCVOG2775-consensus	scaffold_7	32.04	334	192	35	99	400	331671	332660	3.9e-22	104.2
NCVOG2775-consensus	scaffold_7	33.33	231	134	20	163	377	347696	348369	3.9e-22	104.2
NCVOG2775-consensus	scaffold_2	23.46	422	293	30	1	410	8389	7181	4.9e-22	103.9
NCVOG2775-consensus	scaffold_18	32.79	305	198	7	101	402	6229	5330	8.3e-21	99.8
NCVOG2775-consensus	scaffold_18	26.67	345	234	19	46	388	16708	15732	8.3e-21	99.8
NCVOG2775-consensus	scaffold_18	26.94	245	167	12	100	338	7445	6732	4.2e-19	94.2
NCVOG2775-consensus	scaffold_22	35.21	213	134	4	169	381	2907	3530	4.7e-20	97.3
NCVOG2775-consensus	scaffold_22	31.55	374	226	30	43	402	1833	2903	4.7e-20	97.3
NCVOG2775-consensus	scaffold_22	28.42	285	191	13	252	533	785	1598	1.2e-14	79.4
NCVOG2775-consensus	scaffold_21	31.91	329	214	10	69	392	105651	106613	9.1e-20	96.4
NCVOG2775-consensus	scaffold_13	34.45	238	125	31	229	445	413199	412519	4.2e-19	94.2
NCVOG2775-consensus	scaffold_9	33.14	172	101	14	168	330	359382	358887	6.5e-19	93.5
NCVOG2775-consensus	scaffold_18	32.31	294	193	6	112	402	412518	413387	1.3e-18	92.3
NCVOG2775-consensus	scaffold_18	26.75	314	214	16	91	392	419222	420148	2.6e-20	97.9
NCVOG2775-consensus	scaffold_1	34.15	205	128	7	193	397	3159	3749	1.5e-18	92.3
NCVOG2775-consensus	scaffold_10	28.57	336	223	17	96	421	4926	3943	3e-18	91.3
NCVOG2775-consensus	scaffold_10	28.12	313	215	10	112	416	10093	9164	4.6e-18	90.7
NCVOG2775-consensus	scaffold_23	28.02	182	129	2	110	289	241042	240500	2.1e-17	88.5
NCVOG2775-consensus	scaffold_9	31.16	353	223	20	69	416	456696	455692	2.9e-17	87.9
NCVOG2775-consensus	scaffold_9	37.50	200	108	17	199	381	473883	473291	2e-21	101.7
NCVOG2775-consensus	scaffold_9	27.53	385	246	33	12	385	458708	457627	3e-14	77.8
NCVOG2775-consensus	scaffold_24	40.37	109	62	3	248	354	253808	253488	3.4e-17	87.6
NCVOG2775-consensus	scaffold_16	26.32	475	308	42	96	537	417554	418938	4.5e-17	87.2
NCVOG2775-consensus	scaffold_16	27.85	298	202	13	100	388	415478	416356	2.4e-19	94.8
NCVOG2775-consensus	scaffold_6	34.25	146	90	6	302	446	27276	26861	6.3e-17	86.9
NCVOG2775-consensus	scaffold_16	28.57	301	200	15	64	358	293599	292733	1.2e-16	86.0
NCVOG2775-consensus	scaffold_20	26.69	341	207	43	117	428	333518	334495	2.2e-16	84.1
NCVOG2775-consensus	scaffold_20	25.37	339	224	29	66	378	364414	365414	2.2e-16	84.1
NCVOG2775-consensus	scaffold_20	25.08	303	208	19	135	431	366104	366968	9.1e-15	78.8
NCVOG2775-consensus	scaffold_20	26.95	397	234	56	193	536	150122	151294	1.4e-14	79.1
NCVOG2775-consensus	scaffold_16	27.40	281	181	23	232	503	133978	134775	1.1e-12	72.8
NCVOG2775-consensus	scaffold_16	30.96	197	117	19	185	364	115426	116003	5.9e-20	97.0
NCVOG2775-consensus	scaffold_4	28.24	301	189	27	201	483	739640	740498	1.7e-12	72.2
NCVOG2775-consensus	scaffold_1	37.97	79	47	2	283	361	247429	247202	2.2e-12	71.8
NCVOG2775-consensus	scaffold_17	36.26	91	57	1	207	297	156668	156402	2.4e-11	68.4
NCVOG2775-consensus	scaffold_23	24.84	483	308	55	111	545	148336	149758	8.8e-11	66.5
NCVOG2775-consensus	scaffold_23	31.56	225	149	5	99	322	147091	147748	8.8e-11	66.5
NCVOG0924-consensus	scaffold_10	31.98	197	116	18	3	185	107442	106867	1.5e-17	87.3
NCVOG0924-consensus	scaffold_10	32.57	175	96	22	5	159	268587	268076	4.6e-11	65.8
NCVOG0893-consensus	scaffold_4	36.39	393	218	32	107	480	595105	593977	2.2e-46	185.3
NCVOG0275-consensus	scaffold_1	32.66	199	116	18	6	191	290355	290929	6.6e-19	91.9
NCVOG0275-consensus	scaffold_14	38.52	122	68	7	8	122	55380	55740	1.7e-17	87.2
NCVOG0275-consensus	scaffold_2	36.59	123	69	9	15	130	762848	763205	6.6e-14	75.3
NCVOG0275-consensus	scaffold_2	32.86	140	81	13	8	136	518140	518548	9.2e-14	74.8
NCVOG0275-consensus	scaffold_1	26.25	160	112	6	7	163	541076	541543	1.2e-12	71.1
NCVOG0275-consensus	scaffold_8	26.63	169	109	15	7	160	371435	371936	4e-12	69.4
NCVOG0275-consensus	scaffold_2	24.42	172	127	3	6	176	660212	659706	4.8e-12	69.1
NCVOG0275-consensus	scaffold_1	34.52	168	95	15	7	160	732985	732492	1.3e-11	67.6
NCVOG0275-consensus	scaffold_8	34.48	145	72	23	6	129	331887	331468	8.9e-11	64.9
NCVOG5369-consensus	scaffold_1	32.93	164	98	12	25	179	174415	173938	6.1e-14	75.3
NCVOG0729-consensus	scaffold_7	38.05	573	314	41	2	545	451815	453490	4.1e-74	276.8
NCVOG5103-consensus	scaffold_5	28.85	260	164	21	272	512	754228	753458	4.6e-24	109.8
NCVOG5103-consensus	scaffold_5	27.51	229	157	9	296	519	7524	6857	8.1e-17	87.4
NCVOG5103-consensus	scaffold_4	28.80	250	161	17	299	532	601351	602094	1.3e-13	76.7
NCVOG5103-consensus	scaffold_15	24.87	374	237	44	313	647	91205	92306	5.3e-13	74.7
NCVOG5103-consensus	scaffold_6	28.31	166	109	10	380	540	669436	669915	2.1e-12	72.5
NCVOG5103-consensus	scaffold_3	26.15	218	153	8	295	505	796943	797590	6.7e-11	67.7
NCVOG4874-consensus	scaffold_3	44.63	363	182	19	12	365	770225	771278	7.5e-61	232.2
NCVOG4874-consensus	scaffold_4	43.13	371	181	30	11	367	781706	782763	5.8e-53	204.4
NCVOG4605-consensus	scaffold_4	24.11	676	458	55	25	654	124241	122268	1.5e-18	92.7
NCVOG4605-consensus	scaffold_20	27.36	329	203	36	238	540	178405	177454	6.1e-12	70.7
NCVOG4605-consensus	scaffold_10	25.51	294	191	28	263	541	437678	436839	5.8e-11	67.4
NCVOG4605-consensus	scaffold_17	25.49	408	269	35	191	575	280199	281383	8.5e-11	66.9
NCVOG4605-consensus	scaffold_9	27.34	384	240	39	205	562	127704	126605	8.5e-11	66.9
NCVOG4423-consensus	scaffold_3	35.92	142	91	0	80	221	483906	484328	5.4e-20	95.7
NCVOG4423-consensus	scaffold_16	28.89	225	142	18	3	219	144047	143406	2.4e-13	73.7
NCVOG4423-consensus	scaffold_13	29.83	181	115	12	42	219	379794	380306	8.8e-12	68.5
NCVOG4423-consensus	scaffold_17	28.36	201	133	11	31	220	322946	322347	2.1e-11	67.0
NCVOG4467-consensus	scaffold_23	26.57	271	177	22	108	369	262764	261996	4e-13	73.6
NCVOG4001-consensus	scaffold_10	28.30	371	230	36	73	435	521644	522669	2.1e-16	84.7
NCVOG4001-consensus	scaffold_21	34.10	305	174	27	80	382	316303	315467	5.8e-13	72.2
NCVOG1136-consensus	scaffold_22	49.36	312	126	32	194	479	61086	60174	2.6e-46	184.3
NCVOG0822-consensus	scaffold_10	29.41	289	182	22	89	370	521860	522678	5.8e-20	96.3
NCVOG0822-consensus	scaffold_16	30.73	179	111	13	59	236	32360	31867	8.1e-12	69.7
NCVOG0822-consensus	scaffold_23	29.62	314	181	40	13	325	163062	163883	1.4e-11	68.9
NCVOG0059-consensus	scaffold_1	23.70	346	224	40	85	425	1400874	1401803	1.6e-18	91.8
NCVOG0504-consensus	scaffold_13	26.52	230	150	19	364	582	257660	258322	8.8e-11	66.8
NCVOG1149-consensus	scaffold_5	24.00	275	199	10	38	311	305883	306677	3e-14	77.2
NCVOG1049-consensus	scaffold_17	36.84	323	181	23	2	324	69635	68739	1.5e-44	177.9
NCVOG1049-consensus	scaffold_1	26.67	345	200	53	5	316	1314662	1315629	2.5e-19	94.1
NCVOG1049-consensus	scaffold_11	28.32	339	206	37	1	326	426542	425603	4.8e-18	89.8
NCVOG1049-consensus	scaffold_5	29.45	275	171	23	7	273	594946	594170	1.1e-17	88.7
NCVOG1049-consensus	scaffold_11	28.11	338	206	37	2	326	225371	226307	1.3e-17	88.4
NCVOG1049-consensus	scaffold_3	34.24	184	105	16	3	185	619735	620238	1.2e-15	81.8
NCVOG1009-consensus	scaffold_23	21.37	379	285	13	2	373	31858	30747	2.1e-11	68.3
NCVOG1009-consensus	scaffold_4	28.35	261	170	17	112	364	405498	406250	8.1e-11	66.3
NCVOG0901-consensus	scaffold_13	56.91	181	71	7	5	184	322611	323130	1.9e-37	153.4
NCVOG0890-consensus	scaffold_19	31.45	318	179	39	8	294	201551	200639	5.7e-14	76.1
NCVOG2980-consensus	scaffold_12	27.64	474	284	59	22	473	12923	11618	6.8e-29	126.4
NCVOG2980-consensus	scaffold_23	36.46	469	232	66	16	473	39142	40378	9.1e-24	109.3
NCVOG2980-consensus	scaffold_1	24.86	350	218	45	127	466	115261	114328	2.5e-18	91.3
NCVOG1298-consensus	scaffold_7	22.40	433	305	31	184	589	334284	333001	7.1e-12	70.2
NCVOG4462-consensus	scaffold_15	32.98	191	122	6	83	272	16677	17231	2.1e-13	74.7
NCVOG4462-consensus	scaffold_9	27.13	247	168	12	23	268	293012	293716	4.2e-12	70.3
NCVOG4462-consensus	scaffold_21	27.78	234	151	18	83	303	316093	315410	2.4e-11	66.2
NCVOG0652-consensus	scaffold_10	33.97	368	216	27	71	419	102524	101450	2.5e-46	184.1
NCVOG0652-consensus	scaffold_7	35.22	335	201	16	95	421	660523	661500	1.3e-36	151.3
NCVOG2642-consensus	scaffold_1	39.63	217	117	14	2	204	1048710	1049353	1.3e-28	124.2
NCVOG1062-consensus	scaffold_22	27.10	262	176	15	136	390	307698	306940	8.4e-19	90.6
NCVOG1062-consensus	scaffold_7	27.50	280	182	21	136	408	684613	683819	2.7e-18	90.6
NCVOG1062-consensus	scaffold_1	27.50	280	182	21	136	408	1589217	1588423	2.8e-18	90.6
NCVOG1062-consensus	scaffold_14	27.50	280	182	21	136	408	438300	437506	4e-18	90.6
NCVOG1062-consensus	scaffold_13	31.18	186	120	8	136	316	494069	493524	1.3e-16	84.1
NCVOG1062-consensus	scaffold_12	31.18	186	120	8	136	316	500641	500096	1.5e-16	84.1
NCVOG4522-consensus	scaffold_8	43.65	197	97	14	262	444	498967	499550	4.6e-27	120.2
NCVOG1352-consensus	scaffold_15	33.47	242	111	50	2	205	340807	341493	4.5e-21	99.3
NCVOG0052-consensus	scaffold_7	40.62	96	54	3	36	131	486585	486310	2.3e-19	93.6
NCVOG0052-consensus	scaffold_5	36.11	108	59	10	19	119	755823	756126	4.6e-14	74.3
NCVOG4122-consensus	scaffold_3	29.79	235	155	10	48	277	483713	484397	2.7e-34	144.3
NCVOG4122-consensus	scaffold_3	26.76	355	215	45	137	467	544379	545377	2.3e-23	108.0
NCVOG4122-consensus	scaffold_3	23.51	251	167	25	149	377	451462	452202	6.9e-16	83.2
NCVOG4122-consensus	scaffold_23	25.06	387	262	28	6	372	263121	261988	3.1e-31	134.1
NCVOG4122-consensus	scaffold_16	29.15	319	201	25	6	310	144050	143130	8.4e-30	129.4
NCVOG4122-consensus	scaffold_13	31.14	273	170	18	201	461	126010	126807	1.6e-21	101.8
NCVOG4122-consensus	scaffold_20	24.56	456	303	41	46	463	333124	334471	1.7e-21	100.8
NCVOG4122-consensus	scaffold_1	28.21	312	199	25	182	470	333608	334534	2.1e-21	101.5
NCVOG4122-consensus	scaffold_13	28.42	278	187	12	119	385	379704	380531	5.3e-21	100.1
NCVOG4122-consensus	scaffold_22	27.89	294	185	27	194	460	295857	294979	5.6e-20	96.7
NCVOG4122-consensus	scaffold_22	33.04	112	69	6	177	284	279445	279119	4.5e-15	80.4
NCVOG4122-consensus	scaffold_24	24.05	474	321	39	4	471	12145	10826	7.1e-20	96.4
NCVOG4122-consensus	scaffold_24	30.90	288	183	16	96	372	24339	23494	2.3e-23	108.0
NCVOG4122-consensus	scaffold_21	27.59	232	157	11	180	403	63930	64613	1.4e-19	95.4
NCVOG4122-consensus	scaffold_19	26.21	393	246	44	5	368	364520	365650	1.5e-19	94.7
NCVOG4122-consensus	scaffold_3	26.22	164	113	8	6	165	374209	373733	1.7e-16	85.2
NCVOG4122-consensus	scaffold_23	30.77	156	96	12	322	465	278226	278690	5.4e-16	83.5
NCVOG4122-consensus	scaffold_23	27.62	467	291	47	9	443	23439	22087	1.1e-15	82.5
NCVOG4122-consensus	scaffold_23	26.97	445	281	44	56	460	26635	25320	2.3e-23	108.0
NCVOG4122-consensus	scaffold_23	26.26	198	136	10	56	243	136194	135604	6.5e-17	86.6
NCVOG4122-consensus	scaffold_17	23.94	259	161	36	89	342	96932	96252	1.9e-14	78.4
NCVOG4122-consensus	scaffold_1	29.25	212	136	14	262	460	3171	3800	3e-14	77.7
NCVOG4122-consensus	scaffold_13	29.65	172	93	28	299	442	413172	412660	3.8e-14	77.4
NCVOG4122-consensus	scaffold_2	28.10	242	149	25	216	439	71010	71711	1.2e-13	75.7
NCVOG4122-consensus	scaffold_11	28.57	259	148	37	6	255	89017	89694	2e-13	75.0
NCVOG4122-consensus	scaffold_24	35.37	82	48	5	299	375	253733	253491	3.3e-13	74.0
NCVOG4122-consensus	scaffold_12	26.85	499	292	73	28	460	5384	6852	1e-12	72.6
NCVOG4122-consensus	scaffold_5	35.14	111	67	5	145	254	53978	53661	1.3e-12	72.3
NCVOG4122-consensus	scaffold_10	25.72	346	225	32	119	436	523840	524862	1.2e-11	68.5
NCVOG4122-consensus	scaffold_10	24.00	300	211	17	176	464	520267	521145	1.2e-11	68.5
NCVOG4122-consensus	scaffold_11	30.92	152	93	12	293	432	499735	499287	3.8e-11	66.2
NCVOG4122-consensus	scaffold_22	24.51	355	230	38	149	467	299454	300509	7.5e-11	64.1
NCVOG0032-consensus	scaffold_7	28.78	688	404	86	196	824	636732	638693	3.2e-26	117.8
NCVOG0032-consensus	scaffold_6	25.69	802	476	120	95	822	390446	388186	6.6e-26	117.4
NCVOG0032-consensus	scaffold_13	30.28	611	327	99	284	842	228150	226472	7.5e-21	100.6
NCVOG0032-consensus	scaffold_15	25.24	630	347	124	207	820	68228	69784	1.2e-17	89.9
NCVOG0032-consensus	scaffold_23	26.29	582	338	91	284	853	35816	34321	1.9e-17	89.3
NCVOG0032-consensus	scaffold_1	25.99	608	305	145	249	814	68378	69873	2.5e-17	88.8
NCVOG0032-consensus	scaffold_8	26.67	615	328	123	286	882	251092	249566	6.3e-17	87.5
NCVOG0032-consensus	scaffold_12	23.71	700	356	178	216	874	242836	244513	1.6e-16	86.2
NCVOG0032-consensus	scaffold_1	25.34	584	297	139	257	829	996616	995260	5.4e-16	84.4
NCVOG0032-consensus	scaffold_11	23.76	707	391	148	199	880	397890	396152	8.6e-16	83.8
NCVOG0032-consensus	scaffold_19	23.66	672	391	122	167	828	202016	203684	9.9e-15	80.2
NCVOG0032-consensus	scaffold_1	33.12	160	101	6	678	835	1238910	1239374	9.9e-15	80.2
NCVOG0032-consensus	scaffold_12	25.86	638	355	118	217	829	103093	104712	1.2e-14	80.0
NCVOG0032-consensus	scaffold_16	28.12	633	307	148	222	835	389216	390720	5.6e-14	77.6
NCVOG0032-consensus	scaffold_9	38.57	140	78	8	681	815	393017	393424	6.2e-14	77.6
NCVOG0302-consensus	scaffold_6	30.95	294	189	14	256	536	211061	210188	1.9e-19	95.2
NCVOG0302-consensus	scaffold_2	31.08	296	181	23	259	535	119431	118561	4.3e-19	94.0
NCVOG0302-consensus	scaffold_3	37.07	232	135	11	258	480	791000	791686	1.1e-18	92.6
NCVOG0302-consensus	scaffold_2	29.69	293	180	26	263	534	551236	552092	1.6e-18	92.1
NCVOG0302-consensus	scaffold_19	30.21	288	181	20	265	534	76975	77827	2.9e-17	88.0
NCVOG0302-consensus	scaffold_19	29.55	291	180	25	280	545	78627	79492	2.3e-17	88.3
NCVOG0302-consensus	scaffold_13	33.45	296	174	23	258	535	169564	170433	6.6e-17	86.7
NCVOG0302-consensus	scaffold_3	33.92	227	140	10	259	479	517961	517298	7.5e-17	86.6
NCVOG0302-consensus	scaffold_2	25.97	335	222	26	227	539	781898	782879	1.1e-14	79.3
NCVOG0302-consensus	scaffold_19	31.11	315	175	42	259	535	76821	75898	8.7e-14	76.4
NCVOG0302-consensus	scaffold_5	30.77	208	118	26	257	444	632324	631722	2.5e-12	71.6
NCVOG0302-consensus	scaffold_18	29.57	230	147	15	262	484	410089	410751	3e-12	71.0
NCVOG0302-consensus	scaffold_9	29.65	226	144	15	266	484	573550	574200	3.1e-12	71.0
NCVOG0302-consensus	scaffold_19	32.35	306	175	32	258	535	223042	222146	4e-12	70.9
NCVOG0302-consensus	scaffold_8	30.00	220	145	9	238	454	310441	311079	4.5e-12	70.7
NCVOG0302-consensus	scaffold_5	30.04	263	142	42	267	502	327370	328108	5.1e-12	70.5
NCVOG0302-consensus	scaffold_1	28.36	268	173	19	262	519	704402	705167	5.7e-12	70.3
NCVOG0302-consensus	scaffold_15	28.37	215	142	12	255	466	432709	433323	2.6e-11	68.1
NCVOG0302-consensus	scaffold_21	28.37	215	142	12	255	466	15078	14464	2.7e-11	68.1
NCVOG0302-consensus	scaffold_27	28.24	216	142	13	255	466	14678	14063	3.6e-11	64.8
NCVOG0302-consensus	scaffold_9	31.65	218	129	20	266	467	284076	284710	4.9e-11	67.2
NCVOG0302-consensus	scaffold_2	27.00	237	156	17	248	470	913036	912346	7.7e-11	64.8
NCVOG0302-consensus	scaffold_5	27.41	270	178	18	214	472	399841	399058	8e-11	66.5
NCVOG0012-consensus	scaffold_2	41.18	153	74	16	277	413	427254	426799	4.7e-18	90.4
NCVOG0012-consensus	scaffold_24	46.21	132	61	10	303	427	208599	208218	8.7e-18	89.3
NCVOG0012-consensus	scaffold_16	46.27	134	51	21	301	422	15818	16185	1.2e-14	79.1
NCVOG0012-consensus	scaffold_11	33.02	215	115	29	232	426	72512	73122	3.4e-14	77.6
NCVOG0012-consensus	scaffold_4	32.26	248	153	15	195	430	405569	406298	1.5e-13	75.5
NCVOG0012-consensus	scaffold_5	32.76	174	96	21	263	417	753757	753245	3.8e-13	72.4
NCVOG0012-consensus	scaffold_17	27.87	287	187	20	223	492	280713	281555	1.6e-12	72.1
NCVOG0012-consensus	scaffold_5	39.29	112	66	2	303	414	186811	187137	4.6e-12	70.5
NCVOG0012-consensus	scaffold_18	35.03	177	90	25	262	414	71923	72447	7.9e-12	69.8
NCVOG0012-consensus	scaffold_16	33.85	192	96	31	258	424	305572	305026	8.1e-12	69.6
NCVOG0012-consensus	scaffold_14	41.76	91	49	4	306	395	220706	220966	3.9e-11	67.5
NCVOG0012-consensus	scaffold_17	40.00	130	64	14	292	415	328116	328470	4.4e-11	67.1
NCVOG0603-consensus	scaffold_20	31.09	460	271	46	10	438	41987	43314	9.5e-30	129.1
NCVOG1127-consensus	scaffold_8	26.80	306	198	26	54	341	133575	134463	2e-23	108.5
NCVOG0985-consensus	scaffold_13	29.43	530	240	134	11	428	360327	358807	1e-10	66.1
NCVOG2900-consensus	scaffold_3	27.16	162	118	0	7	168	483915	484397	1.4e-11	67.7
NCVOG0190-consensus	scaffold_24	38.60	114	57	13	183	286	208530	208203	8.2e-12	69.5
NCVOG0190-consensus	scaffold_17	31.71	123	76	8	172	288	280940	281299	5.9e-11	66.9
NCVOG0025-consensus	scaffold_8	30.29	416	240	50	111	522	304560	305662	6e-25	113.4
NCVOG0025-consensus	scaffold_8	28.33	420	236	65	109	520	257596	256513	3.9e-23	107.4
NCVOG0025-consensus	scaffold_5	28.74	428	236	69	112	519	699992	698865	1.9e-21	101.8
NCVOG0025-consensus	scaffold_15	29.35	477	269	68	70	520	110872	109589	1.1e-17	89.2
NCVOG0025-consensus	scaffold_3	27.63	409	246	50	112	515	119016	120094	2.8e-16	84.6
NCVOG0025-consensus	scaffold_5	28.27	382	223	51	112	487	90818	89813	2.8e-16	84.6
NCVOG0025-consensus	scaffold_3	23.80	416	264	53	112	515	780414	781535	5.3e-16	83.7
NCVOG0025-consensus	scaffold_12	27.27	407	243	53	97	491	462585	461503	8.9e-16	81.6
NCVOG0025-consensus	scaffold_2	23.78	429	265	62	64	487	385143	386251	1e-15	82.7
NCVOG0025-consensus	scaffold_9	24.40	455	299	45	58	493	291048	292325	1.2e-15	82.5
NCVOG0025-consensus	scaffold_13	25.94	424	254	60	91	502	375666	374542	3.1e-15	81.1
NCVOG0025-consensus	scaffold_19	27.99	418	230	71	103	501	252591	251503	1.6e-14	78.8
NCVOG0025-consensus	scaffold_3	25.55	458	286	55	112	522	296502	295162	2.2e-14	78.3
NCVOG0025-consensus	scaffold_7	24.39	451	275	66	56	491	228590	229784	1.1e-13	76.0
NCVOG0025-consensus	scaffold_4	23.58	386	251	44	112	491	367106	368146	1.8e-13	75.3
NCVOG0025-consensus	scaffold_4	26.26	396	241	51	112	504	625868	624836	2.4e-13	74.8
NCVOG0025-consensus	scaffold_10	24.35	423	261	59	112	518	54226	55362	2e-12	71.8
NCVOG0025-consensus	scaffold_17	24.19	401	253	51	98	486	90910	91990	5.2e-12	70.4
NCVOG0025-consensus	scaffold_15	24.27	412	247	65	119	521	384036	385100	6.8e-12	70.0
NCVOG0025-consensus	scaffold_4	28.34	374	217	51	113	481	148990	149964	7.1e-12	70.0
NCVOG0025-consensus	scaffold_17	23.48	396	253	50	112	502	406195	407244	1.6e-11	68.6
NCVOG0025-consensus	scaffold_4	33.54	158	99	6	348	502	149569	150024	2.2e-11	68.3
NCVOG0025-consensus	scaffold_7	23.87	419	263	56	112	508	243525	242384	5.8e-11	66.9
NCVOG0271-consensus	scaffold_15	35.12	1176	685	78	23	1153	204355	200934	6.4e-79	293.9
NCVOG0271-consensus	scaffold_4	44.74	1207	562	105	32	1153	86387	82836	2.1e-64	245.6
NCVOG0271-consensus	scaffold_1	28.43	1175	738	103	40	1160	672882	669512	1.1e-48	193.4
NCVOG0078-consensus	scaffold_4	47.14	140	71	3	60	196	781096	780682	2.3e-19	92.2
NCVOG0078-consensus	scaffold_5	48.20	139	67	5	63	196	252567	252980	3.6e-18	89.8
NCVOG0078-consensus	scaffold_5	48.20	139	67	5	63	196	361289	360876	3.6e-18	89.8
NCVOG0078-consensus	scaffold_5	48.20	139	67	5	63	196	124812	125225	3.6e-18	89.8
NCVOG4568-consensus	scaffold_2	41.74	218	107	20	269	469	510602	509967	6.1e-11	66.8
NCVOG1117-consensus	scaffold_4	26.50	283	185	23	639	918	477729	476952	2.6e-13	75.6
NCVOG0061-consensus	scaffold_9	34.09	572	317	60	5	541	35336	33707	6e-38	156.7
NCVOG1451-consensus	scaffold_4	26.02	246	165	17	605	846	477738	477045	1.7e-13	76.1
NCVOG0451-consensus	scaffold_3	37.78	180	111	1	133	312	483882	484415	9.8e-28	122.3
NCVOG0451-consensus	scaffold_3	32.50	240	141	21	127	345	544272	544984	8.6e-15	79.3
NCVOG0451-consensus	scaffold_21	34.05	232	144	9	145	372	63930	64607	2e-23	108.0
NCVOG0451-consensus	scaffold_21	28.09	267	176	16	131	381	105504	106301	4.3e-15	80.3
NCVOG0451-consensus	scaffold_2	32.53	249	159	9	134	375	595076	595813	6.9e-23	106.2
NCVOG0451-consensus	scaffold_2	27.57	272	184	13	146	408	493049	493849	1.2e-14	78.8
NCVOG0451-consensus	scaffold_22	31.89	301	190	15	122	407	54969	54070	1.6e-22	105.0
NCVOG0451-consensus	scaffold_13	32.79	247	159	7	134	375	379767	380498	2.2e-21	101.2
NCVOG0451-consensus	scaffold_13	31.80	261	162	16	124	373	125959	126723	2.6e-20	97.7
NCVOG0451-consensus	scaffold_24	30.60	317	200	20	65	374	24567	23659	1.7e-19	94.9
NCVOG0451-consensus	scaffold_24	26.03	292	200	16	59	339	11524	10667	1.7e-19	94.9
NCVOG0451-consensus	scaffold_24	28.75	313	181	42	109	379	36694	35763	1.3e-16	85.4
NCVOG0451-consensus	scaffold_23	31.41	277	172	18	134	406	262776	261991	2.4e-18	91.1
NCVOG0451-consensus	scaffold_13	35.56	180	111	5	173	347	467921	468457	2.4e-18	89.6
NCVOG0451-consensus	scaffold_1	32.60	227	140	13	196	412	3160	3820	2.7e-17	87.6
NCVOG0451-consensus	scaffold_8	28.33	293	194	16	130	407	2330	3202	1.3e-16	85.4
NCVOG0451-consensus	scaffold_8	26.29	350	231	27	76	408	49385	50397	6.6e-17	86.4
NCVOG0451-consensus	scaffold_16	31.62	234	153	7	147	375	143813	143121	2.2e-16	84.6
NCVOG0451-consensus	scaffold_16	29.93	274	179	13	144	405	32670	31855	4e-18	90.4
NCVOG0451-consensus	scaffold_16	26.29	251	167	18	137	377	110498	109773	1.1e-15	82.3
NCVOG0451-consensus	scaffold_23	31.23	285	184	12	136	408	23258	22411	4.5e-16	83.6
NCVOG0451-consensus	scaffold_23	28.66	321	209	20	105	407	26753	25800	2e-23	108.0
NCVOG0451-consensus	scaffold_17	30.26	195	131	5	151	341	96830	96252	4.5e-16	83.6
NCVOG0451-consensus	scaffold_1	31.54	279	167	24	129	389	333644	334459	7.5e-16	82.8
NCVOG0451-consensus	scaffold_4	31.48	216	137	11	74	282	695025	695657	1.5e-15	81.8
NCVOG0451-consensus	scaffold_10	29.41	289	188	16	140	413	524008	524868	2.5e-14	77.3
NCVOG0451-consensus	scaffold_17	31.71	164	107	5	182	340	322838	322350	2.5e-14	77.6
NCVOG0451-consensus	scaffold_17	28.09	299	190	25	96	373	397844	396971	5.1e-14	76.6
NCVOG0451-consensus	scaffold_19	33.96	265	156	19	132	377	364880	365671	4.6e-14	76.3
NCVOG0451-consensus	scaffold_21	32.86	283	173	17	141	406	316327	315482	5.6e-14	75.0
NCVOG0451-consensus	scaffold_15	30.58	291	176	26	141	407	16230	17093	5.9e-14	76.6
NCVOG0451-consensus	scaffold_17	34.15	164	98	10	126	279	152221	152705	5.9e-14	76.6
NCVOG0451-consensus	scaffold_11	28.63	227	152	10	174	391	464452	463778	3.4e-13	72.8
NCVOG0451-consensus	scaffold_9	25.42	240	162	17	174	396	294233	294949	6.7e-13	73.0
NCVOG0451-consensus	scaffold_9	26.51	249	163	20	144	373	293441	294181	6.7e-13	73.0
NCVOG0451-consensus	scaffold_9	33.01	209	102	38	147	317	292787	293410	6.7e-13	73.0
NCVOG0451-consensus	scaffold_11	28.96	221	136	21	101	311	359768	359142	1.9e-12	71.5
NCVOG0451-consensus	scaffold_11	29.44	180	122	5	165	339	431814	431278	9.9e-14	75.8
NCVOG0451-consensus	scaffold_11	33.33	195	125	5	173	362	420431	419850	1.9e-12	71.5
NCVOG0451-consensus	scaffold_9	28.82	229	151	12	174	390	456801	456118	2e-12	71.3
NCVOG0451-consensus	scaffold_6	32.65	196	123	9	149	339	390607	391179	1.6e-11	68.5
NCVOG0451-consensus	scaffold_9	30.34	234	129	34	143	344	334192	334884	2.2e-11	68.0
NCVOG0451-consensus	scaffold_9	28.37	215	143	11	209	412	4207	4848	3.7e-11	67.2
NCVOG0451-consensus	scaffold_9	29.29	297	177	33	59	347	59028	59834	1.1e-11	69.0
NCVOG0451-consensus	scaffold_9	24.79	363	231	42	53	385	2774	3819	3.7e-11	67.2
NCVOG0451-consensus	scaffold_3	26.79	321	202	33	71	374	458854	457943	4.4e-11	67.0
NCVOG0451-consensus	scaffold_3	26.91	301	198	22	129	411	455765	454878	1.6e-11	68.5
NCVOG0451-consensus	scaffold_3	31.96	194	111	21	72	251	482006	481457	4.4e-11	67.0
NCVOG0541-consensus	scaffold_2	31.80	239	138	25	1	236	229474	228827	1.8e-12	71.1
NCVOG0967-consensus	scaffold_7	22.65	680	467	59	259	903	622382	624346	6.6e-11	67.0
NCVOG1351-consensus	scaffold_24	35.89	248	151	8	102	341	86992	87728	6.4e-27	120.0
NCVOG1351-consensus	scaffold_24	34.20	307	173	29	137	427	176046	176920	6.3e-25	113.1
NCVOG1351-consensus	scaffold_9	32.73	385	208	51	131	480	152876	153965	2.2e-21	101.6
NCVOG1351-consensus	scaffold_11	31.03	232	128	32	137	336	95266	95954	8.8e-14	76.4
NCVOG0531-consensus	scaffold_7	29.13	206	139	7	8	206	446790	446178	1.2e-20	98.9
NCVOG0531-consensus	scaffold_4	25.00	268	183	18	1	260	60992	60222	1.1e-14	79.1
NCVOG0531-consensus	scaffold_2	25.47	212	153	5	1	209	362773	363399	2.3e-13	74.7
NCVOG0331-consensus	scaffold_5	26.40	303	202	21	43	332	623694	624575	3e-13	73.9
NCVOG0231-consensus	scaffold_5	37.40	131	73	9	192	317	339156	339531	5e-12	70.1
NCVOG0301-consensus	scaffold_6	31.27	307	195	16	223	519	211169	210274	1.5e-26	118.8
NCVOG0301-consensus	scaffold_19	33.76	234	150	5	257	485	76951	77649	3.7e-25	114.2
NCVOG0301-consensus	scaffold_19	30.56	288	174	26	272	535	78606	79456	3.4e-19	94.4
NCVOG0301-consensus	scaffold_3	31.76	296	180	22	258	534	791000	791875	2.8e-23	107.9
NCVOG0301-consensus	scaffold_13	34.96	246	144	16	256	488	169558	170283	1.3e-22	105.8
NCVOG0301-consensus	scaffold_3	35.48	248	135	25	265	487	518004	517274	2.1e-21	101.7
NCVOG0301-consensus	scaffold_2	29.35	293	178	29	265	535	119413	118561	1.4e-20	99.0
NCVOG0301-consensus	scaffold_2	33.33	234	142	14	258	478	781997	782684	2.4e-20	98.2
NCVOG0301-consensus	scaffold_2	36.14	202	117	12	264	460	551239	551820	3.6e-20	97.6
NCVOG0301-consensus	scaffold_19	33.01	306	167	38	264	538	223024	222137	8.3e-18	89.8
NCVOG0301-consensus	scaffold_4	32.56	301	163	40	265	529	746917	747790	1.7e-16	85.4
NCVOG0301-consensus	scaffold_19	29.66	263	162	23	246	485	76860	76079	2.5e-16	84.9
NCVOG0301-consensus	scaffold_6	27.19	331	213	28	203	521	702705	701764	2.9e-15	81.1
NCVOG0301-consensus	scaffold_6	27.65	217	149	8	267	478	697641	697003	4.4e-12	70.5
NCVOG0301-consensus	scaffold_7	27.81	187	126	9	259	441	668130	668672	4.3e-13	73.5
NCVOG0301-consensus	scaffold_9	27.27	209	139	13	266	466	573550	574158	5.5e-12	70.2
NCVOG0301-consensus	scaffold_18	27.75	209	138	13	266	466	410101	410709	6.4e-12	69.9
NCVOG0301-consensus	scaffold_10	35.46	251	124	38	262	478	330412	329683	1.6e-11	68.9
NCVOG0301-consensus	scaffold_15	26.01	223	156	9	262	480	432721	433371	2.7e-11	68.1
NCVOG0301-consensus	scaffold_1	28.85	208	133	15	273	470	879982	880585	2.8e-11	68.1
NCVOG0301-consensus	scaffold_21	26.01	223	156	9	262	480	15066	14416	2.8e-11	68.1
NCVOG0301-consensus	scaffold_23	24.29	280	190	22	244	515	145305	144511	5e-11	67.2
NCVOG0301-consensus	scaffold_1	26.32	209	141	13	266	466	704414	705022	5e-11	67.2
NCVOG0301-consensus	scaffold_1	28.82	229	144	19	258	470	994983	994313	7.2e-11	66.7
NCVOG0301-consensus	scaffold_16	32.93	249	147	20	264	495	330816	331546	9.4e-11	66.2
NCVOG0301-consensus	scaffold_16	29.88	241	145	24	250	476	407596	408283	5.1e-14	77.0
NCVOG2860-consensus	scaffold_13	29.20	226	144	16	153	366	126067	126729	1.8e-15	81.4
NCVOG2860-consensus	scaffold_11	28.38	229	156	8	114	335	359825	359145	3.7e-15	80.4
NCVOG2860-consensus	scaffold_13	32.58	178	107	13	168	335	467915	468436	8.2e-13	71.1
NCVOG2860-consensus	scaffold_2	29.58	240	149	20	111	335	595106	595807	2.4e-12	71.1
NCVOG2860-consensus	scaffold_3	25.99	277	178	27	85	334	544533	545356	5.6e-12	69.8
NCVOG2860-consensus	scaffold_3	30.59	170	114	4	130	296	483882	484385	5.6e-12	69.8
NCVOG2860-consensus	scaffold_23	32.40	179	107	14	171	335	23049	22516	1.9e-11	68.1
NCVOG2860-consensus	scaffold_23	30.59	170	109	9	171	335	262668	262174	2.7e-11	67.6
NCVOG2860-consensus	scaffold_9	32.64	144	91	6	169	306	59388	59816	2.7e-11	67.6
NCVOG2860-consensus	scaffold_21	30.88	204	134	7	169	365	64005	64613	2.7e-11	67.6
NCVOG2860-consensus	scaffold_15	29.95	217	134	18	96	294	377638	376995	8.8e-11	65.8
NCVOG0001-consensus	scaffold_1	42.21	289	142	25	313	595	1145461	1144655	1e-40	166.1
NCVOG0001-consensus	scaffold_1	39.66	290	153	22	282	554	1580484	1581333	2e-35	147.9
NCVOG0001-consensus	scaffold_8	37.72	289	156	24	277	556	265722	264906	5.5e-30	130.4
NCVOG0001-consensus	scaffold_8	31.30	345	195	42	286	602	264818	263833	3.8e-28	124.3
NCVOG0001-consensus	scaffold_14	38.62	246	141	10	318	561	59762	59054	1.4e-29	129.1
NCVOG0001-consensus	scaffold_14	35.36	263	148	22	313	570	60578	59844	1.2e-25	116.0
NCVOG0001-consensus	scaffold_22	33.57	283	164	24	320	590	179803	180602	9.8e-29	126.2
NCVOG0001-consensus	scaffold_5	39.67	242	121	25	328	555	58243	57556	1.8e-28	125.4
NCVOG0001-consensus	scaffold_10	35.65	359	191	40	250	581	224512	223480	3.6e-26	117.7
NCVOG0001-consensus	scaffold_10	39.58	240	128	17	333	566	223407	222724	2.4e-33	141.6
NCVOG0001-consensus	scaffold_10	30.23	344	203	37	221	549	285621	284661	2.8e-22	104.8
NCVOG0001-consensus	scaffold_9	39.55	268	142	20	333	592	246367	247123	1.9e-25	115.3
NCVOG0001-consensus	scaffold_1	45.10	286	143	14	271	555	1438466	1439279	4e-24	110.9
NCVOG0001-consensus	scaffold_1	33.89	239	131	27	333	556	1474757	1475430	9.5e-17	86.4
NCVOG0001-consensus	scaffold_7	30.31	386	220	49	246	608	523443	524515	4e-24	110.9
NCVOG0001-consensus	scaffold_15	35.46	313	158	44	298	590	92545	93404	1.3e-23	109.2
NCVOG0001-consensus	scaffold_4	40.17	229	120	17	333	555	284538	285188	9.7e-23	106.3
NCVOG0001-consensus	scaffold_4	30.11	269	171	17	299	566	283689	284444	5.1e-22	103.9
NCVOG0001-consensus	scaffold_13	34.44	270	153	24	297	555	44608	43841	2.1e-22	105.2
NCVOG0001-consensus	scaffold_12	29.10	354	226	25	265	602	284473	283448	2.3e-21	101.7
NCVOG0001-consensus	scaffold_6	41.05	229	119	16	333	557	628983	628336	8.6e-20	96.3
NCVOG0001-consensus	scaffold_17	40.20	199	101	18	333	527	268993	269544	2.2e-19	95.2
NCVOG0001-consensus	scaffold_17	31.71	432	254	41	174	585	324666	323445	1.6e-17	88.8
NCVOG0001-consensus	scaffold_16	30.98	297	161	44	331	604	324294	325114	1.8e-16	85.3
NCVOG0001-consensus	scaffold_3	31.20	234	129	32	333	546	422660	423320	2.4e-11	68.5
NCVOG1197-consensus	scaffold_5	31.60	231	133	25	86	301	319687	319030	1.1e-12	72.6
NCVOG1197-consensus	scaffold_7	28.62	283	189	13	119	394	81539	82362	7.4e-11	66.6
NCVOG4518-consensus	scaffold_5	32.09	536	263	101	19	549	189572	190880	3.3e-20	97.8
NCVOG2058-consensus	scaffold_3	37.28	169	106	0	101	269	483882	484385	3.3e-20	97.3
NCVOG2058-consensus	scaffold_2	31.85	292	190	9	90	372	595226	596098	1.2e-19	95.4
NCVOG2058-consensus	scaffold_13	31.55	317	200	17	63	369	125884	126810	2.3e-18	91.2
NCVOG2058-consensus	scaffold_16	30.52	344	215	24	12	341	110774	109776	1.2e-16	85.4
NCVOG2058-consensus	scaffold_24	33.87	313	195	12	95	399	24504	23581	9.3e-14	75.8
NCVOG2058-consensus	scaffold_24	30.08	266	166	20	92	337	11644	10850	9.3e-14	75.8
NCVOG2058-consensus	scaffold_19	37.50	256	139	21	107	341	364904	365668	9.9e-14	75.1
NCVOG2058-consensus	scaffold_22	28.25	400	257	30	19	393	54975	53794	2.4e-13	74.5
NCVOG2058-consensus	scaffold_23	31.36	236	154	8	107	338	262683	261991	2.7e-13	74.3
NCVOG2058-consensus	scaffold_9	36.02	161	97	6	93	248	59337	59813	1.9e-12	71.5
NCVOG2058-consensus	scaffold_8	27.78	270	176	19	109	360	2372	3175	1e-11	69.1
NCVOG2058-consensus	scaffold_3	30.03	303	185	27	97	376	455765	454872	1.9e-11	68.2
NCVOG2058-consensus	scaffold_21	31.14	228	151	6	144	367	63933	64607	3e-11	67.5
NCVOG2058-consensus	scaffold_20	26.87	294	197	18	103	382	333542	334408	3.2e-11	66.4
NCVOG2058-consensus	scaffold_13	30.85	282	188	7	112	386	379704	380546	9e-11	65.9
NCVOG0066-consensus	scaffold_6	30.80	513	282	73	93	536	134551	136070	1.4e-32	138.9
NCVOG0066-consensus	scaffold_18	36.40	228	132	13	164	383	310049	310714	5.8e-30	130.0
NCVOG0038-consensus	scaffold_21	37.31	938	489	99	84	972	49476	52130	4.4e-61	234.5
NCVOG0038-consensus	scaffold_8	28.67	729	462	58	259	966	489645	487573	2.4e-50	198.8
NCVOG0228-consensus	scaffold_9	30.16	703	423	68	258	921	112748	110736	5e-59	227.4
NCVOG0228-consensus	scaffold_16	29.49	719	454	53	232	922	347182	345108	1.6e-21	102.7
NCVOG1128-consensus	scaffold_17	28.51	228	146	17	137	350	362937	362266	1e-20	98.7
NCVOG1128-consensus	scaffold_10	27.84	194	126	14	137	326	292597	293145	1.4e-16	85.2
NCVOG0280-consensus	scaffold_5	22.44	1368	929	132	347	1628	160016	156056	7.8e-29	128.1
NCVOG0280-consensus	scaffold_19	22.21	1085	724	120	293	1356	217487	220439	2.8e-19	96.4
NCVOG0280-consensus	scaffold_19	22.28	579	394	56	766	1319	220443	222079	9e-12	71.4
NCVOG0280-consensus	scaffold_3	22.00	1232	813	148	359	1548	76647	73281	7.5e-16	85.0
NCVOG0280-consensus	scaffold_3	20.86	1275	894	115	51	1284	141045	137454	8.6e-15	81.4
NCVOG0218-consensus	scaffold_3	29.43	530	319	55	394	890	775129	773611	1.7e-26	119.6
NCVOG0218-consensus	scaffold_5	27.12	472	322	22	494	956	754273	752900	1.3e-25	115.0
NCVOG0218-consensus	scaffold_24	44.02	184	89	14	732	911	208614	208100	2.6e-23	108.8
NCVOG0218-consensus	scaffold_14	28.54	424	264	39	526	929	220561	221766	3e-22	105.5
NCVOG0218-consensus	scaffold_4	30.87	311	207	8	591	898	405465	406379	3.8e-22	105.2
NCVOG0218-consensus	scaffold_22	45.51	178	84	13	664	836	183970	183470	1.1e-21	103.6
NCVOG0218-consensus	scaffold_11	29.36	344	224	19	632	958	72571	73581	6.6e-21	101.1
NCVOG0218-consensus	scaffold_18	29.55	379	218	49	465	797	71500	72612	8.1e-20	97.5
NCVOG0218-consensus	scaffold_2	40.29	206	99	24	745	927	427221	426610	6.1e-19	94.5
NCVOG0218-consensus	scaffold_16	41.09	202	92	27	596	775	15767	16342	6.1e-19	94.5
NCVOG0218-consensus	scaffold_12	32.99	291	178	17	607	885	215725	214871	7.8e-19	94.2
NCVOG0218-consensus	scaffold_16	24.49	543	360	50	350	853	306387	304795	2.2e-17	89.2
NCVOG0218-consensus	scaffold_11	32.13	445	257	45	459	875	239190	240432	1.5e-14	79.9
NCVOG0218-consensus	scaffold_11	32.13	445	257	45	459	875	248183	249425	1.4e-15	83.4
NCVOG0218-consensus	scaffold_6	25.22	579	392	41	353	896	711034	712717	2.6e-14	78.9
NCVOG0218-consensus	scaffold_2	24.54	648	378	111	350	898	418627	420517	4e-14	78.5
NCVOG0218-consensus	scaffold_22	25.84	329	216	28	467	785	267023	267952	3.9e-13	75.3
NCVOG0218-consensus	scaffold_8	27.72	487	310	42	353	812	262345	263749	5.5e-13	74.8
NCVOG0218-consensus	scaffold_17	34.35	131	83	3	753	883	280964	281344	4.7e-12	71.7
NCVOG0218-consensus	scaffold_11	28.60	542	339	48	368	888	233289	231792	1.4e-11	70.1
NCVOG0218-consensus	scaffold_11	28.60	542	339	48	368	888	242282	240785	1.8e-12	73.0
NCVOG0218-consensus	scaffold_5	22.76	492	330	50	207	688	8088	6742	1.5e-11	69.9
NCVOG0218-consensus	scaffold_20	36.05	147	88	6	658	802	319509	319930	2.9e-11	68.1
NCVOG0308-consensus	scaffold_21	21.07	693	485	62	324	980	182457	184450	1e-13	77.1
NCVOG0308-consensus	scaffold_21	24.38	402	252	52	421	790	187548	188686	2.8e-15	82.3
NCVOG0308-consensus	scaffold_21	21.28	719	500	66	272	951	185474	187544	7.2e-15	80.9
NCVOG0308-consensus	scaffold_5	20.49	615	429	60	280	866	109365	111106	1e-12	73.8
NCVOG0308-consensus	scaffold_19	22.52	515	340	59	448	940	220308	221738	4.6e-12	71.6
NCVOG0308-consensus	scaffold_19	23.04	638	420	71	326	932	218430	220220	7.2e-15	80.9
NCVOG0308-consensus	scaffold_3	19.23	671	488	54	294	930	139403	137454	8.1e-12	70.8
NCVOG4344-consensus	scaffold_15	31.79	346	214	22	1	340	16305	17285	1.6e-23	108.6
NCVOG4344-consensus	scaffold_22	27.30	326	223	14	16	341	296094	295162	5.7e-20	96.8
NCVOG4344-consensus	scaffold_19	28.76	372	241	24	1	368	364802	365850	2.2e-19	94.3
NCVOG4344-consensus	scaffold_19	24.41	295	200	23	94	379	383476	384315	1.4e-14	78.3
NCVOG4344-consensus	scaffold_4	26.93	427	272	40	23	435	639008	637821	5.9e-19	93.4
NCVOG4344-consensus	scaffold_8	32.23	242	151	13	128	363	51387	50686	1.6e-18	92.0
NCVOG4344-consensus	scaffold_3	29.74	380	227	40	11	365	459049	457972	9.2e-17	86.1
NCVOG4344-consensus	scaffold_8	25.34	363	244	27	23	384	2408	3411	1.4e-16	85.6
NCVOG4344-consensus	scaffold_21	31.20	343	189	47	19	332	316675	315704	6.9e-16	81.7
NCVOG4344-consensus	scaffold_7	30.62	209	130	15	19	225	148729	149313	1.7e-15	81.9
NCVOG4344-consensus	scaffold_2	24.09	303	215	15	27	327	8170	7304	3.7e-15	80.8
NCVOG4344-consensus	scaffold_3	35.48	217	128	12	132	346	410037	409424	9.8e-15	79.4
NCVOG4344-consensus	scaffold_23	29.27	287	186	17	43	327	26159	25347	2.6e-14	78.0
NCVOG4344-consensus	scaffold_23	30.15	325	210	17	14	336	22857	21931	4.2e-17	87.3
NCVOG4344-consensus	scaffold_23	29.80	349	215	30	6	351	27131	26169	1.1e-16	85.9
NCVOG4344-consensus	scaffold_15	31.41	156	96	11	195	341	366475	366017	3e-14	77.7
NCVOG4344-consensus	scaffold_23	34.34	166	100	9	21	185	278256	278726	3.1e-14	77.7
NCVOG4344-consensus	scaffold_24	30.50	318	190	31	29	327	36635	35721	1.5e-13	75.5
NCVOG4344-consensus	scaffold_9	26.75	243	158	20	94	328	3157	3846	1.5e-12	72.1
NCVOG4344-consensus	scaffold_12	31.72	331	167	59	2	327	5989	6816	3.4e-12	71.0
NCVOG4344-consensus	scaffold_10	24.46	462	294	55	49	483	524020	525308	3.6e-12	70.4
NCVOG4344-consensus	scaffold_10	26.25	301	193	29	58	344	521665	522519	6e-14	76.3
NCVOG4344-consensus	scaffold_9	29.17	336	193	45	34	340	294974	295930	4.1e-12	70.7
NCVOG4344-consensus	scaffold_9	32.88	292	182	14	47	336	293039	293875	7.6e-17	86.4
NCVOG4344-consensus	scaffold_13	25.40	248	173	12	128	374	199516	200223	5e-12	70.4
NCVOG4344-consensus	scaffold_15	30.05	193	123	12	235	423	103531	102984	5e-12	70.4
NCVOG4344-consensus	scaffold_2	33.01	103	67	2	234	336	71376	71675	8.9e-12	69.6
NCVOG4344-consensus	scaffold_10	27.80	259	172	15	77	328	242548	243293	8.9e-12	69.6
NCVOG4344-consensus	scaffold_16	25.80	314	211	22	15	327	32766	31891	8.9e-12	69.6
NCVOG4344-consensus	scaffold_22	28.16	309	203	19	23	331	54966	54100	1.3e-11	69.0
NCVOG4344-consensus	scaffold_6	29.82	218	138	15	124	340	720922	721530	1.6e-11	68.5
NCVOG4344-consensus	scaffold_19	25.17	294	202	18	44	335	2242	1412	1.9e-11	68.5
NCVOG4344-consensus	scaffold_10	27.68	177	111	17	189	351	466780	466262	2.5e-11	67.6
NCVOG4344-consensus	scaffold_7	25.69	327	212	31	23	340	331608	332507	6.2e-11	66.8
NCVOG4344-consensus	scaffold_7	28.92	166	107	11	202	358	347989	348477	6.2e-11	66.8
NCVOG4344-consensus	scaffold_9	33.33	147	89	9	202	341	473708	473285	8.1e-11	66.2
NCVOG2246-consensus	scaffold_6	34.52	394	236	22	30	422	212416	211301	3.2e-36	150.7
NCVOG2246-consensus	scaffold_5	34.59	425	255	23	32	453	222084	220873	3.6e-32	137.2
NCVOG2246-consensus	scaffold_5	35.17	435	256	26	28	453	220762	219514	2.2e-35	147.9
NCVOG4116-consensus	scaffold_2	30.10	206	136	8	238	436	595199	595810	3.1e-12	71.0
NCVOG0226-consensus	scaffold_5	35.33	150	88	9	33	182	754135	753716	2.6e-12	69.5
NCVOG4170-consensus	scaffold_7	31.60	231	140	18	129	344	136598	135928	2.7e-21	100.7
NCVOG1006-consensus	scaffold_1	31.22	189	112	18	11	181	485320	484757	6.6e-21	98.5
NCVOG1006-consensus	scaffold_3	24.16	178	124	11	9	176	691479	690952	5e-18	88.9
NCVOG1006-consensus	scaffold_8	26.26	198	117	29	15	183	118239	117649	1.8e-14	77.1
NCVOG4487-consensus	scaffold_5	30.16	252	118	58	272	482	338984	339681	1.9e-11	68.7
NCVOG0273-consensus	scaffold_5	32.86	210	118	23	15	203	265123	265739	2.8e-13	73.3
