NCVOG0719-consensus	scaffold_24	29.71	239	110	58	55	235	127874	128583	1.4e-11	69.3
NCVOG4023-consensus	scaffold_3	32.58	89	55	5	73	156	148089	147826	1.9e-12	71.8
NCVOG4023-consensus	scaffold_1	29.41	153	89	19	69	207	746979	746539	4.2e-12	70.7
NCVOG0669-consensus	scaffold_13	22.56	430	278	55	79	456	707342	706065	6.5e-15	81.1
NCVOG0669-consensus	scaffold_12	24.21	318	187	54	174	449	216792	217706	6.5e-11	67.8
NCVOG2223-consensus	scaffold_3	35.48	186	113	7	687	870	420470	421009	9.2e-20	98.2
NCVOG2223-consensus	scaffold_39	39.35	216	97	34	689	870	222431	223071	2.1e-13	77.0
NCVOG0233-consensus	scaffold_27	35.60	899	406	173	134	861	160594	157913	3.1e-38	159.5
NCVOG0233-consensus	scaffold_40	37.52	765	347	131	134	767	311721	314010	2e-37	156.8
NCVOG0233-consensus	scaffold_30	28.98	766	294	250	197	712	391859	394145	5.5e-31	135.4
NCVOG0233-consensus	scaffold_30	31.63	196	108	26	23	192	391243	391825	1.1e-13	78.0
NCVOG0233-consensus	scaffold_25	30.60	781	310	232	197	748	67508	65186	8e-31	134.9
NCVOG0233-consensus	scaffold_35	29.99	877	399	215	35	696	332201	334820	2.8e-29	129.7
NCVOG0233-consensus	scaffold_32	25.20	766	369	204	175	738	529819	527541	7.1e-25	114.8
NCVOG0233-consensus	scaffold_23	25.53	748	471	86	29	719	360288	362435	9.3e-19	94.8
NCVOG0233-consensus	scaffold_42	25.46	758	386	179	137	729	145567	147785	2.5e-15	83.4
NCVOG0233-consensus	scaffold_28	26.05	641	377	97	150	706	502776	500910	6e-14	78.8
NCVOG0233-consensus	scaffold_37	25.45	719	315	221	176	681	461456	463567	6.7e-13	74.5
NCVOG0233-consensus	scaffold_7	24.67	896	400	275	98	725	319491	322132	4.5e-12	72.6
NCVOG0233-consensus	scaffold_27	23.77	547	336	81	153	686	97478	98899	4.5e-12	72.6
NCVOG0233-consensus	scaffold_9	25.12	828	426	194	98	734	728413	725952	6.6e-12	72.0
NCVOG0233-consensus	scaffold_24	23.57	611	381	86	121	691	53412	55097	9.6e-12	71.5
NCVOG0233-consensus	scaffold_32	24.64	621	365	103	138	726	219901	218269	9.6e-12	71.5
NCVOG0023-consensus	scaffold_9	29.53	640	405	46	227	846	757568	755730	4.5e-53	208.2
NCVOG0023-consensus	scaffold_39	32.03	459	287	25	403	846	115353	116696	1.3e-47	190.6
NCVOG0023-consensus	scaffold_23	30.82	477	304	26	375	838	67137	68525	9.2e-44	177.8
NCVOG0023-consensus	scaffold_26	25.17	445	301	32	356	781	404060	405352	3.3e-26	119.5
NCVOG0023-consensus	scaffold_26	25.86	495	309	58	375	819	388142	386687	2.4e-23	110.0
NCVOG0023-consensus	scaffold_35	28.22	326	214	20	395	705	119725	118766	1.3e-14	81.0
NCVOG0013-consensus	scaffold_7	34.53	223	138	8	122	342	13905	14552	2.6e-26	119.3
NCVOG0013-consensus	scaffold_37	35.71	224	135	9	122	342	55734	55088	3.6e-21	102.2
NCVOG0013-consensus	scaffold_28	33.64	214	128	14	130	339	432852	433460	2.3e-20	99.5
NCVOG0013-consensus	scaffold_17	34.88	172	109	3	122	293	614053	613550	2e-19	96.2
NCVOG0013-consensus	scaffold_14	29.09	220	148	8	122	339	181187	180549	3.9e-19	95.4
NCVOG0013-consensus	scaffold_37	34.98	223	137	8	122	342	16440	17087	8.4e-15	81.1
NCVOG0013-consensus	scaffold_37	33.63	223	140	8	122	342	20051	20698	1.2e-22	107.1
NCVOG0013-consensus	scaffold_37	31.08	222	145	8	123	342	20702	21346	1.3e-16	87.0
NCVOG0013-consensus	scaffold_37	31.76	233	151	8	112	342	59860	60537	8.4e-15	81.1
NCVOG0013-consensus	scaffold_8	31.71	164	108	4	120	280	16718	17203	7.6e-13	74.5
NCVOG0013-consensus	scaffold_1	28.63	255	157	25	122	357	1539614	1540357	1.8e-12	72.9
NCVOG0013-consensus	scaffold_1	32.51	243	149	15	112	345	1503123	1502416	1.2e-11	70.2
NCVOG0013-consensus	scaffold_26	30.41	171	110	9	132	296	506183	506683	3.9e-11	68.9
NCVOG0297-consensus	scaffold_23	30.00	160	109	3	14	171	250424	249951	1.8e-12	73.2
NCVOG4988-consensus	scaffold_41	30.04	466	279	47	6	432	225228	226598	1.1e-30	133.3
NCVOG0073-consensus	scaffold_36	37.81	640	332	66	44	637	250911	249061	1.5e-59	230.4
NCVOG0073-consensus	scaffold_1	34.34	760	390	109	19	699	614127	616303	7.4e-25	115.1
NCVOG0073-consensus	scaffold_12	39.79	578	259	89	49	550	449292	450973	7.8e-22	105.1
NCVOG2643-consensus	scaffold_8	34.90	298	144	50	4	258	438356	439223	2.1e-26	118.5
NCVOG4523-consensus	scaffold_45	29.81	1127	625	166	66	1092	30122	33261	4.7e-27	122.7
NCVOG1353-consensus	scaffold_22	54.21	832	247	134	100	801	361894	359436	6.2e-71	268.0
NCVOG1343-consensus	scaffold_26	27.71	231	147	20	5	224	258649	257987	6.9e-20	97.4
NCVOG1343-consensus	scaffold_28	30.66	212	127	20	31	230	506455	507063	1.1e-14	80.2
NCVOG1343-consensus	scaffold_13	28.99	169	112	8	50	213	553288	552794	2.7e-11	68.9
NCVOG4045-consensus	scaffold_5	32.26	186	114	12	191	371	510457	509924	2.9e-29	128.5
NCVOG0435-consensus	scaffold_1	34.08	179	97	21	48	210	342707	342195	3.5e-11	67.6
NCVOG4105-consensus	scaffold_7	34.33	1171	576	193	14	1034	219246	215876	2e-62	240.2
NCVOG0245-consensus	scaffold_21	30.62	160	96	15	47	201	193972	194418	8.1e-11	66.9
NCVOG0235-consensus	scaffold_2	31.27	275	154	35	102	366	511886	511152	1.9e-13	76.7
NCVOG0305-consensus	scaffold_42	34.07	273	158	22	1305	1563	126781	125990	3.4e-28	127.0
NCVOG0305-consensus	scaffold_20	36.09	302	166	27	1278	1556	238370	239254	4.3e-26	120.0
NCVOG0305-consensus	scaffold_20	37.64	263	141	23	1314	1564	391305	390559	3.2e-24	113.8
NCVOG0305-consensus	scaffold_2	34.10	261	156	16	1310	1562	206719	205964	2.8e-22	107.3
NCVOG0305-consensus	scaffold_43	33.45	293	157	38	1302	1564	410647	411490	1.2e-21	105.1
NCVOG0305-consensus	scaffold_14	33.83	269	160	18	1302	1559	17281	18063	1.3e-20	101.8
NCVOG0305-consensus	scaffold_14	31.39	395	217	54	1207	1562	13648	12522	3e-20	100.6
NCVOG0305-consensus	scaffold_22	33.18	211	134	7	1350	1556	526670	527290	6.9e-20	99.4
NCVOG0305-consensus	scaffold_31	30.77	260	156	24	1301	1557	528656	527943	1.2e-17	91.7
NCVOG0305-consensus	scaffold_40	35.13	279	147	34	1309	1562	332449	333253	2e-17	91.2
NCVOG0305-consensus	scaffold_40	32.34	235	120	39	1358	1562	424744	424070	1.7e-16	88.1
NCVOG0305-consensus	scaffold_5	30.22	268	177	10	95	360	908289	909065	1.7e-16	86.2
NCVOG0305-consensus	scaffold_38	29.90	301	173	38	765	1034	304381	305255	6.4e-16	86.2
NCVOG0305-consensus	scaffold_3	31.30	262	160	20	1308	1562	50297	49554	2.1e-15	84.5
NCVOG0305-consensus	scaffold_30	30.99	284	157	39	1314	1566	339133	339957	2.1e-15	84.5
NCVOG0305-consensus	scaffold_12	28.66	321	197	32	777	1076	676241	677165	4e-15	83.6
NCVOG0305-consensus	scaffold_9	28.44	429	238	69	1195	1569	679231	680461	5.6e-15	83.1
NCVOG0305-consensus	scaffold_5	31.51	219	140	10	1297	1506	375242	375892	9.2e-15	82.4
NCVOG0305-consensus	scaffold_37	31.27	275	153	36	1319	1564	188764	187964	1.5e-14	81.6
NCVOG0305-consensus	scaffold_21	32.14	280	148	42	1316	1563	346049	345247	1.8e-14	81.4
NCVOG0305-consensus	scaffold_5	26.51	630	374	89	993	1551	880574	882384	1.8e-14	81.4
NCVOG0305-consensus	scaffold_29	32.20	205	127	12	1352	1547	73773	73173	2.1e-14	81.2
NCVOG0305-consensus	scaffold_17	29.33	225	143	16	822	1037	362689	363339	1.1e-13	78.8
NCVOG0305-consensus	scaffold_19	32.58	267	153	27	1307	1556	393596	392835	1.3e-13	78.5
NCVOG0305-consensus	scaffold_54	31.72	309	151	60	1309	1563	6926	6027	1.5e-13	75.4
NCVOG0305-consensus	scaffold_11	31.03	174	109	11	1392	1556	806388	806900	3.2e-13	76.1
NCVOG0305-consensus	scaffold_7	31.72	309	151	60	1309	1563	28821	27922	1.1e-12	75.4
NCVOG0305-consensus	scaffold_1	30.97	310	149	65	1313	1563	1540667	1541571	1.2e-12	74.9
NCVOG0305-consensus	scaffold_15	32.42	182	113	10	1382	1556	78049	77516	1.9e-12	74.7
NCVOG0305-consensus	scaffold_4	31.08	148	96	6	1331	1476	260948	260520	2.6e-12	74.2
NCVOG0305-consensus	scaffold_22	31.71	164	106	6	1391	1549	348892	349373	3.6e-12	73.7
NCVOG0305-consensus	scaffold_18	33.73	249	116	49	1361	1563	46154	45424	3.6e-12	73.7
NCVOG0305-consensus	scaffold_33	28.71	317	166	60	1305	1563	491992	491055	4.6e-12	73.0
NCVOG0305-consensus	scaffold_27	33.48	233	115	40	1365	1563	16639	17314	6e-12	73.0
NCVOG0305-consensus	scaffold_33	31.43	315	152	64	1305	1559	498611	499538	6.4e-12	72.5
NCVOG0305-consensus	scaffold_33	31.13	318	159	60	1302	1563	507459	508389	6.4e-12	72.5
NCVOG0305-consensus	scaffold_6	32.49	237	113	47	1367	1559	4980	5678	8.4e-12	72.5
NCVOG0305-consensus	scaffold_6	34.96	226	112	35	1367	1559	248786	249450	1.2e-11	72.1
NCVOG0305-consensus	scaffold_6	26.39	432	230	88	1212	1563	867157	865903	1.2e-11	72.1
NCVOG0305-consensus	scaffold_8	29.75	242	145	25	1327	1550	94567	95264	1.4e-11	71.8
NCVOG0305-consensus	scaffold_8	34.51	142	86	7	1419	1556	68623	69036	1.4e-11	71.8
NCVOG0305-consensus	scaffold_1	29.35	310	158	61	1309	1563	446065	446973	1.6e-11	71.6
NCVOG0305-consensus	scaffold_15	31.30	361	200	48	761	1085	608320	609363	1.9e-11	71.3
NCVOG0305-consensus	scaffold_15	29.94	324	155	72	1305	1559	644822	645775	1.6e-11	71.6
NCVOG0305-consensus	scaffold_6	27.85	316	161	67	1310	1559	876192	877131	2.7e-11	70.9
NCVOG0305-consensus	scaffold_35	27.44	317	203	27	784	1086	428813	427909	3.2e-11	70.6
NCVOG0305-consensus	scaffold_6	29.97	327	157	72	1305	1563	13373	12410	3.7e-11	70.4
NCVOG0305-consensus	scaffold_17	27.36	307	198	25	780	1069	465561	466452	4.4e-11	70.1
NCVOG0305-consensus	scaffold_8	27.97	311	166	58	1302	1563	336495	337395	7.3e-11	69.4
NCVOG0105-consensus	scaffold_15	25.25	598	397	50	325	892	340315	342037	7.8e-24	111.9
NCVOG0105-consensus	scaffold_11	22.95	658	447	60	289	895	265967	267898	3.2e-17	89.9
NCVOG0105-consensus	scaffold_18	21.96	592	397	65	278	827	531013	532708	4e-14	79.6
NCVOG0105-consensus	scaffold_15	32.20	177	116	4	670	845	279550	279032	2.9e-11	70.1
NCVOG4804-consensus	scaffold_7	45.41	196	91	16	3	187	186940	187505	6.7e-24	109.8
NCVOG4804-consensus	scaffold_24	47.03	185	82	16	8	180	408262	407727	1.4e-22	105.3
NCVOG0844-consensus	scaffold_1	27.67	253	156	27	2	240	1146949	1147665	2.8e-16	84.9
NCVOG0844-consensus	scaffold_29	22.69	260	181	20	6	254	387036	387785	5.9e-12	70.5
NCVOG2963-consensus	scaffold_3	27.23	191	127	12	127	316	945385	945921	2.2e-12	72.2
NCVOG4883-consensus	scaffold_3	30.12	508	264	91	18	460	822774	824210	1.3e-22	106.6
NCVOG0360-consensus	scaffold_18	38.29	363	171	53	1	315	352224	353290	8.9e-17	86.8
NCVOG0493-consensus	scaffold_2	28.30	212	141	11	19	224	351302	350685	9.7e-13	73.2
NCVOG0979-consensus	scaffold_5	41.85	399	150	82	7	326	349884	351056	3.2e-18	91.7
NCVOG0274-consensus	scaffold_13	35.86	1450	763	167	41	1359	251221	247011	7.1e-92	338.4
NCVOG0274-consensus	scaffold_5	38.93	1387	673	174	141	1373	291764	295851	4.7e-76	285.8
NCVOG0274-consensus	scaffold_5	30.91	220	92	60	7	176	291101	291719	1.2e-13	78.5
NCVOG0274-consensus	scaffold_9	30.37	1159	639	168	123	1140	559816	563188	9.2e-39	161.9
NCVOG0274-consensus	scaffold_9	42.42	99	53	4	14	108	558772	559065	4e-17	90.0
NCVOG0074-consensus	scaffold_36	62.04	627	194	44	29	611	250917	249046	2.6e-71	268.9
NCVOG0074-consensus	scaffold_12	49.78	683	240	103	31	610	449280	451311	8.3e-26	117.7
NCVOG0074-consensus	scaffold_1	42.55	658	292	86	27	611	614193	616116	3.7e-23	109.0
NCVOG0074-consensus	scaffold_2	31.16	475	248	79	6	403	1274665	1273258	1.3e-11	70.3
NCVOG1299-consensus	scaffold_1	44.12	136	51	25	32	147	472876	472491	8.7e-13	72.4
NCVOG1196-consensus	scaffold_26	23.68	832	558	77	334	1099	343059	345518	1.4e-13	78.0
NCVOG1196-consensus	scaffold_6	25.72	622	396	66	291	874	891815	893593	1.2e-12	74.8
NCVOG1196-consensus	scaffold_4	22.69	780	550	53	198	953	153358	151111	4e-12	73.1
NCVOG0064-consensus	scaffold_1	25.37	335	219	31	19	334	415079	414114	1.1e-15	83.8
NCVOG2254-consensus	scaffold_5	26.95	167	115	7	68	234	506996	506520	1.3e-13	78.0
NCVOG4324-consensus	scaffold_10	31.23	522	313	46	94	600	435968	434507	4.2e-37	155.3
NCVOG4024-consensus	scaffold_29	42.86	392	201	23	1	377	586619	587767	4.5e-52	204.2
NCVOG4024-consensus	scaffold_4	31.35	303	176	32	15	304	312186	313030	9.4e-22	103.5
NCVOG4024-consensus	scaffold_5	29.04	396	247	34	16	380	905268	904093	2.1e-17	87.2
NCVOG4024-consensus	scaffold_24	26.45	363	239	28	24	378	606482	607507	1.1e-15	82.6
NCVOG4024-consensus	scaffold_37	30.08	266	164	22	13	274	183735	182995	3.9e-15	81.6
NCVOG4024-consensus	scaffold_39	27.02	248	160	21	37	274	299296	300003	9.5e-13	73.6
NCVOG0334-consensus	scaffold_1	38.60	272	143	24	64	317	1108270	1109060	7.4e-36	150.2
NCVOG0304-consensus	scaffold_10	30.88	217	138	12	98	304	284229	283594	1.2e-16	87.0
NCVOG0304-consensus	scaffold_4	30.65	199	114	24	25	202	671579	672161	2e-14	79.6
NCVOG0304-consensus	scaffold_35	34.18	158	91	13	48	201	428855	428412	2.6e-13	75.8
NCVOG0304-consensus	scaffold_5	31.79	151	91	12	62	202	270513	270070	8.8e-13	74.1
NCVOG0304-consensus	scaffold_10	34.93	146	90	5	58	201	707269	706844	1.2e-12	73.6
NCVOG0304-consensus	scaffold_26	30.17	179	101	24	56	211	448896	449426	2.5e-12	72.6
NCVOG0304-consensus	scaffold_28	26.00	200	135	13	17	205	20076	19488	2.5e-12	72.6
NCVOG0304-consensus	scaffold_16	31.43	175	110	10	33	202	163282	162776	2.9e-12	72.4
NCVOG0304-consensus	scaffold_2	29.17	144	99	3	59	201	203168	202746	2.9e-12	72.4
NCVOG0304-consensus	scaffold_19	29.84	191	123	11	56	237	393587	393024	3.5e-12	72.1
NCVOG0304-consensus	scaffold_26	34.23	149	85	13	50	187	437683	437246	4.1e-12	71.9
NCVOG0304-consensus	scaffold_23	41.18	102	57	3	113	214	533126	533419	6.9e-12	71.1
NCVOG0304-consensus	scaffold_15	31.58	152	94	10	59	201	734704	735153	9.7e-12	70.6
NCVOG0304-consensus	scaffold_22	37.74	106	62	4	98	203	526682	526984	1.2e-11	70.4
NCVOG0304-consensus	scaffold_35	30.07	143	97	3	88	228	142208	142630	1.4e-11	70.2
NCVOG0304-consensus	scaffold_5	26.38	235	154	19	53	270	375272	375967	1.6e-11	69.9
NCVOG0304-consensus	scaffold_15	35.45	110	68	3	93	201	266367	266047	3.8e-11	68.7
NCVOG0004-consensus	scaffold_1	31.39	223	141	12	58	279	1417987	1418615	3.3e-16	85.8
NCVOG2972-consensus	scaffold_7	28.38	303	187	30	69	351	776057	775182	2.2e-20	98.9
NCVOG0276-consensus	scaffold_27	52.71	406	104	88	40	357	260942	262150	2.6e-51	201.6
NCVOG0276-consensus	scaffold_14	29.33	375	177	88	39	325	455946	454829	4.2e-13	74.7
NCVOG4882-consensus	scaffold_1	33.57	420	225	54	369	745	1163274	1162057	7.9e-16	85.2
NCVOG2204-consensus	scaffold_1	35.33	184	108	11	247	423	587628	587092	2e-24	112.6
NCVOG2204-consensus	scaffold_35	25.96	470	254	94	57	433	325538	324135	1.9e-18	92.8
NCVOG4966-consensus	scaffold_1	27.11	284	190	17	178	454	416407	415597	4.7e-11	68.4
NCVOG1250-consensus	scaffold_22	29.22	243	154	18	49	276	498624	497912	1.1e-11	69.7
NCVOG4020-consensus	scaffold_22	22.27	476	339	31	1	455	205622	204228	5.6e-13	75.0
NCVOG0240-consensus	scaffold_8	34.79	365	194	44	3	349	216256	215243	2.9e-42	171.6
NCVOG3000-consensus	scaffold_33	25.79	252	142	45	20	229	474806	474077	2.1e-12	71.5
NCVOG0030-consensus	scaffold_13	36.95	498	240	74	28	472	526095	524672	2.9e-30	132.8
NCVOG0030-consensus	scaffold_21	35.34	481	214	97	34	432	256863	258249	6.4e-27	121.7
NCVOG4494-consensus	scaffold_15	34.02	194	120	8	25	216	241738	241186	1.8e-19	96.4
NCVOG4494-consensus	scaffold_1	33.67	196	123	7	28	218	144529	145107	2.3e-18	92.7
NCVOG4494-consensus	scaffold_15	43.36	113	64	0	101	213	402304	402639	2.2e-16	86.1
NCVOG4494-consensus	scaffold_32	39.34	122	64	10	35	156	314333	314001	3e-11	69.1
NCVOG4396-consensus	scaffold_21	30.29	274	181	10	63	328	425950	426758	1.6e-26	120.1
NCVOG4396-consensus	scaffold_26	25.72	276	194	11	63	329	611495	610677	7.3e-20	94.8
NCVOG0757-consensus	scaffold_7	48.04	102	50	3	44	144	865726	865430	3.1e-17	87.1
NCVOG0077-consensus	scaffold_32	32.80	375	235	17	333	704	306351	307430	4.3e-34	145.4
NCVOG0077-consensus	scaffold_24	37.13	272	151	20	300	557	32418	31626	3.6e-27	122.5
NCVOG0077-consensus	scaffold_24	31.15	427	258	36	298	704	656251	655022	1e-20	100.1
NCVOG0077-consensus	scaffold_3	31.61	367	214	37	329	686	109492	110505	1.6e-20	100.3
NCVOG0077-consensus	scaffold_26	31.50	400	242	32	331	707	37592	36423	9e-17	87.9
NCVOG0077-consensus	scaffold_26	28.97	390	242	35	317	697	162296	161208	2.8e-15	83.0
NCVOG0077-consensus	scaffold_26	46.36	110	55	4	587	696	161066	160752	2.8e-15	83.0
NCVOG0077-consensus	scaffold_23	30.31	254	161	16	460	708	550672	549947	3.7e-15	82.5
NCVOG0077-consensus	scaffold_22	32.08	346	193	42	282	586	505794	506817	1.6e-14	80.4
NCVOG0077-consensus	scaffold_23	32.98	376	222	30	334	700	123787	122726	1.8e-11	70.3
NCVOG0077-consensus	scaffold_23	28.76	379	201	69	338	657	36246	35143	1.8e-11	70.3
NCVOG0077-consensus	scaffold_11	31.01	316	178	40	265	560	370988	370104	3.8e-11	69.2
NCVOG0077-consensus	scaffold_18	29.80	510	262	96	288	707	145597	147105	5.1e-11	68.8
NCVOG0267-consensus	scaffold_23	30.06	479	288	47	271	737	333923	332595	7.6e-23	108.8
NCVOG0267-consensus	scaffold_37	30.52	485	286	51	255	721	329651	331003	5.1e-20	99.4
NCVOG0267-consensus	scaffold_38	28.72	397	232	51	343	718	153135	152038	6.7e-20	99.0
NCVOG0267-consensus	scaffold_25	24.07	457	281	66	328	737	95136	96444	5.5e-16	86.0
NCVOG4447-consensus	scaffold_19	29.91	224	149	8	5	226	59448	60098	3.8e-18	91.8
NCVOG0517-consensus	scaffold_1	30.08	246	144	28	107	341	385544	384861	4.2e-14	78.0
NCVOG0046-consensus	scaffold_18	56.52	69	29	1	6	73	289343	289140	9.1e-15	80.1
NCVOG0046-consensus	scaffold_42	42.72	103	52	7	8	110	305758	306042	5.9e-14	77.4
NCVOG0046-consensus	scaffold_7	57.35	68	23	6	8	69	518010	517810	8.6e-14	76.8
NCVOG0046-consensus	scaffold_5	47.14	70	34	3	3	69	383021	382815	1.4e-12	72.8
NCVOG0046-consensus	scaffold_8	34.94	83	52	2	7	89	429247	429008	7.3e-11	67.1
NCVOG1337-consensus	scaffold_18	32.80	186	81	44	113	256	488548	489096	3.2e-16	84.6
NCVOG0037-consensus	scaffold_43	42.09	1112	411	233	70	949	214407	211106	3.2e-40	166.4
NCVOG0007-consensus	scaffold_30	30.64	297	157	49	20	267	491877	490996	7.6e-14	77.1
NCVOG0015-consensus	scaffold_7	36.22	185	107	11	96	269	13899	14450	1.2e-19	96.8
NCVOG0015-consensus	scaffold_37	36.27	204	119	11	96	288	20693	21301	4.6e-19	94.9
NCVOG0015-consensus	scaffold_37	37.30	185	105	11	96	269	20045	20596	4.6e-19	94.9
NCVOG0015-consensus	scaffold_37	37.10	186	104	13	96	269	16434	16985	6.7e-19	94.4
NCVOG0015-consensus	scaffold_37	32.43	185	114	11	96	269	55417	54866	2.8e-16	85.7
NCVOG0015-consensus	scaffold_24	31.46	213	133	13	96	296	643173	643805	4.4e-14	77.6
NCVOG0015-consensus	scaffold_14	31.41	191	119	12	85	263	181549	180984	7.4e-13	74.3
NCVOG0015-consensus	scaffold_54	34.03	191	112	14	98	274	7904	7337	1.4e-12	70.5
NCVOG0015-consensus	scaffold_7	34.03	191	112	14	98	274	29799	29232	1e-11	70.5
NCVOG0005-consensus	scaffold_16	25.17	302	188	38	44	313	477648	478530	6.2e-14	77.9
NCVOG0486-consensus	scaffold_21	31.10	373	211	46	42	376	507615	508700	2.7e-22	105.4
NCVOG0486-consensus	scaffold_5	29.62	368	189	70	59	362	115052	116132	8.7e-15	80.4
NCVOG0744-consensus	scaffold_4	35.68	482	235	75	88	500	408677	407253	5.8e-21	101.4
NCVOG0836-consensus	scaffold_24	36.75	498	248	67	16	456	419251	420707	6.2e-39	161.4
NCVOG0284-consensus	scaffold_38	27.74	310	193	31	32	316	443668	444576	2.2e-12	72.2
NCVOG0284-consensus	scaffold_15	33.33	153	73	29	184	309	103039	102594	5.2e-11	67.6
NCVOG0806-consensus	scaffold_1	32.16	342	223	9	113	446	1130310	1131329	1.6e-50	199.3
NCVOG0806-consensus	scaffold_8	32.29	449	252	52	21	434	434621	435909	1.2e-45	183.2
NCVOG0806-consensus	scaffold_2	32.10	458	253	58	31	447	1018873	1020186	3.9e-14	78.5
NCVOG2958-consensus	scaffold_14	34.00	200	120	12	80	272	32698	33279	4.4e-25	114.1
NCVOG0329-consensus	scaffold_3	40.70	199	102	16	1113	1298	420425	421009	2.9e-30	133.6
NCVOG0329-consensus	scaffold_39	36.05	233	97	52	1114	1298	222392	223071	3.6e-15	83.5
NCVOG0329-consensus	scaffold_23	42.70	89	44	7	1119	1202	428073	428330	4.7e-14	79.8
NCVOG0029-consensus	scaffold_5	29.48	553	336	54	17	525	318034	319659	3.9e-24	112.0
NCVOG0029-consensus	scaffold_28	33.49	215	131	12	19	222	278775	279413	7.8e-23	107.7
NCVOG0029-consensus	scaffold_6	32.15	367	177	72	53	350	437491	438571	2.5e-19	96.0
NCVOG0029-consensus	scaffold_37	32.06	393	173	94	53	356	454723	455875	1e-12	73.2
NCVOG4154-consensus	scaffold_1	43.75	176	86	13	98	262	151956	152474	1.5e-16	85.9
NCVOG4154-consensus	scaffold_1	51.61	124	49	11	150	262	139984	139618	7.2e-13	73.7
NCVOG0332-consensus	scaffold_2	28.85	312	199	23	5	301	204483	205391	1.1e-13	76.6
NCVOG0036-consensus	scaffold_32	34.08	223	123	24	105	308	270288	270938	1.2e-16	86.4
NCVOG0222-consensus	scaffold_16	24.79	476	327	31	66	518	710471	711871	3.6e-17	88.7
NCVOG0222-consensus	scaffold_7	27.17	449	289	38	83	504	22663	23967	1.2e-16	87.1
NCVOG0222-consensus	scaffold_20	24.60	439	314	17	72	504	609548	608268	3e-14	78.6
NCVOG0222-consensus	scaffold_31	22.90	441	312	28	74	495	68278	69566	3.1e-13	75.7
NCVOG0014-consensus	scaffold_14	26.85	216	158	0	124	339	181724	181080	3.3e-21	102.2
NCVOG0014-consensus	scaffold_37	27.67	300	210	7	45	341	16101	16985	5.8e-21	101.4
NCVOG0014-consensus	scaffold_37	26.92	286	208	1	67	351	19880	20734	5.8e-21	101.4
NCVOG0014-consensus	scaffold_37	30.09	216	151	0	124	339	59893	60537	2.7e-17	89.2
NCVOG0014-consensus	scaffold_37	28.24	216	155	0	124	339	20810	21454	1.8e-16	86.5
NCVOG0014-consensus	scaffold_7	27.80	277	195	5	66	339	13839	14660	1.4e-19	96.8
NCVOG0014-consensus	scaffold_37	28.57	231	164	1	124	353	55515	54830	3.5e-18	92.2
NCVOG0014-consensus	scaffold_24	30.41	171	119	0	171	341	642999	643508	3.9e-17	87.8
NCVOG0014-consensus	scaffold_24	28.77	212	150	1	129	339	625656	625024	2.5e-15	81.9
NCVOG0014-consensus	scaffold_22	28.38	229	159	5	130	356	330927	331597	4.2e-14	78.6
NCVOG0014-consensus	scaffold_28	29.19	209	142	6	130	336	432849	433460	1.8e-12	73.2
NCVOG0014-consensus	scaffold_1	28.37	208	142	7	141	341	1503363	1502743	5e-12	71.3
NCVOG0014-consensus	scaffold_54	29.50	139	98	0	167	305	7880	7467	8.7e-12	68.0
NCVOG0014-consensus	scaffold_8	23.55	259	192	6	109	362	16791	17557	1.7e-11	70.0
NCVOG0014-consensus	scaffold_17	23.10	277	206	7	68	342	614440	613628	5.7e-11	68.1
NCVOG0014-consensus	scaffold_7	29.50	139	98	0	167	305	29775	29362	6.4e-11	68.1
NCVOG0002-consensus	scaffold_42	32.39	531	283	76	332	811	158822	157312	6e-39	161.8
NCVOG0002-consensus	scaffold_22	27.13	494	265	95	332	751	456721	458134	1.8e-17	90.5
NCVOG4845-consensus	scaffold_6	30.04	516	260	101	114	617	120573	119308	1.5e-19	97.0
NCVOG4845-consensus	scaffold_10	30.15	544	297	83	106	628	463994	465424	3.2e-17	89.2
NCVOG4845-consensus	scaffold_34	27.89	674	364	122	37	629	75114	73245	5.9e-16	85.0
NCVOG4845-consensus	scaffold_12	26.34	691	416	93	10	621	35657	37658	1.1e-13	77.5
NCVOG4845-consensus	scaffold_34	26.76	497	292	72	133	621	83500	84791	3.7e-13	75.7
NCVOG4845-consensus	scaffold_6	28.12	480	267	78	125	595	482056	483275	2e-11	70.0
NCVOG4845-consensus	scaffold_34	31.68	262	154	25	48	306	197532	196820	5.9e-11	68.4
NCVOG2845-consensus	scaffold_20	32.11	355	214	27	3	334	342830	343879	4e-18	91.4
NCVOG2775-consensus	scaffold_13	35.42	288	173	13	118	395	490840	491691	1.2e-25	117.1
NCVOG2775-consensus	scaffold_8	36.24	218	138	1	179	396	252219	251572	2e-24	113.1
NCVOG2775-consensus	scaffold_3	31.05	248	162	9	179	417	255629	256369	4.8e-23	108.5
NCVOG2775-consensus	scaffold_43	30.12	342	226	13	67	397	356285	355269	5.3e-18	91.6
NCVOG2775-consensus	scaffold_27	31.93	332	198	28	124	432	42048	41071	2.1e-17	89.7
NCVOG2775-consensus	scaffold_3	27.66	376	250	22	108	470	863592	864689	3.3e-15	82.4
NCVOG2775-consensus	scaffold_24	31.20	250	145	27	184	410	573104	572370	1e-14	80.8
NCVOG2775-consensus	scaffold_13	32.11	355	193	48	98	409	558592	557546	1.2e-14	80.5
NCVOG2775-consensus	scaffold_13	30.60	366	210	44	109	463	560617	559622	1.2e-14	80.5
NCVOG2775-consensus	scaffold_3	28.94	349	212	36	92	410	558892	557877	6.7e-14	78.1
NCVOG2775-consensus	scaffold_35	31.78	214	130	16	94	305	220432	221020	3.6e-13	75.6
NCVOG2775-consensus	scaffold_20	33.01	206	126	12	192	385	385266	385880	7.7e-13	74.5
NCVOG2775-consensus	scaffold_9	34.30	242	129	30	202	413	744738	745452	5e-12	71.8
NCVOG2775-consensus	scaffold_24	26.41	337	217	31	54	362	24254	25252	1.3e-11	70.5
NCVOG2775-consensus	scaffold_6	32.26	186	117	9	176	353	761793	762344	2.3e-11	69.7
NCVOG2775-consensus	scaffold_4	30.37	270	169	19	114	377	616787	617552	2.7e-11	69.4
NCVOG2775-consensus	scaffold_31	32.61	184	119	5	208	387	99343	99888	8.5e-11	67.8
NCVOG4085-consensus	scaffold_24	39.61	154	71	22	95	228	544473	544925	2e-12	71.9
NCVOG4884-consensus	scaffold_33	36.08	255	150	13	220	474	490071	490793	6.4e-15	81.2
NCVOG3063-consensus	scaffold_19	22.80	307	219	18	20	319	538214	539098	2.9e-11	68.5
NCVOG0893-consensus	scaffold_14	28.27	421	246	56	99	473	104661	103436	3.2e-11	69.6
NCVOG2983-consensus	scaffold_23	34.64	332	174	43	36	333	487333	486368	1.1e-20	99.9
NCVOG0729-consensus	scaffold_26	36.10	590	275	102	5	503	328894	330621	1e-25	117.2
NCVOG5103-consensus	scaffold_26	26.61	342	226	25	180	506	553566	554550	2.2e-11	70.5
NCVOG5103-consensus	scaffold_33	33.82	207	127	10	299	503	554642	555235	7.8e-11	68.3
NCVOG4874-consensus	scaffold_17	42.57	397	170	58	12	365	105944	104806	4e-25	114.7
NCVOG4874-consensus	scaffold_3	40.20	408	200	44	2	366	671203	672412	8.4e-17	87.0
NCVOG4001-consensus	scaffold_13	33.56	292	169	25	67	353	490879	491691	5.2e-17	88.4
NCVOG4001-consensus	scaffold_27	31.34	351	187	54	40	381	42111	41197	1.9e-16	86.5
NCVOG4001-consensus	scaffold_43	28.53	354	208	45	53	383	355727	354735	4.6e-15	81.9
NCVOG4001-consensus	scaffold_13	29.36	344	198	45	76	393	560635	559668	5e-12	71.8
NCVOG4001-consensus	scaffold_31	33.51	185	105	18	113	293	99325	99834	2.2e-11	69.7
NCVOG4001-consensus	scaffold_23	34.75	259	124	45	67	302	168110	168813	3.2e-11	69.1
NCVOG4001-consensus	scaffold_5	27.25	444	276	47	45	469	868387	867153	8.3e-11	67.8
NCVOG1136-consensus	scaffold_16	46.36	343	133	51	175	471	453325	454331	2.1e-29	129.3
NCVOG0080-consensus	scaffold_30	29.53	491	290	56	40	485	317446	316010	2e-18	92.9
NCVOG1049-consensus	scaffold_8	30.55	347	200	41	5	323	446356	447350	5.1e-23	107.5
NCVOG1049-consensus	scaffold_53	28.80	368	200	62	5	323	2058	1005	5.4e-22	101.3
NCVOG1049-consensus	scaffold_33	28.80	368	200	62	5	323	156127	155074	3.9e-21	101.3
NCVOG1049-consensus	scaffold_1	36.40	261	130	36	85	322	1123610	1122874	1.6e-20	99.2
NCVOG1049-consensus	scaffold_21	34.56	298	142	53	57	314	553464	552619	5.1e-20	97.6
NCVOG1049-consensus	scaffold_6	24.63	337	216	38	5	323	820537	819590	3.2e-15	81.6
NCVOG1049-consensus	scaffold_26	28.73	181	125	4	5	184	332082	332612	8.4e-15	80.2
NCVOG1049-consensus	scaffold_29	26.64	259	165	25	62	319	581288	581989	7.8e-14	77.0
NCVOG1049-consensus	scaffold_20	27.07	229	148	19	4	221	681244	681903	3.1e-11	68.0
NCVOG1339-consensus	scaffold_26	26.54	309	206	21	1	297	8995	9887	2e-20	98.9
NCVOG1339-consensus	scaffold_13	27.27	264	173	19	46	302	125318	126066	3e-20	98.4
NCVOG1339-consensus	scaffold_16	30.77	195	122	13	48	238	708255	707701	2.9e-16	85.1
NCVOG1339-consensus	scaffold_33	28.63	227	151	11	47	267	426267	425605	3.7e-16	84.8
NCVOG1339-consensus	scaffold_32	35.48	124	68	12	146	265	172256	171912	1.4e-13	76.2
NCVOG1339-consensus	scaffold_18	26.91	249	161	21	14	249	258731	258012	6.6e-12	70.6
NCVOG1339-consensus	scaffold_1	24.67	300	179	47	27	301	470781	469957	4.5e-11	67.9
NCVOG4219-consensus	scaffold_26	29.68	283	176	23	10	278	324594	325408	5.3e-17	87.4
NCVOG0219-consensus	scaffold_3	32.39	213	137	7	483	689	420377	421009	1e-18	94.4
NCVOG0219-consensus	scaffold_39	41.20	216	93	34	508	689	222431	223071	5.5e-13	75.4
NCVOG0901-consensus	scaffold_3	43.84	219	81	42	1	177	727651	727002	2.9e-20	97.5
NCVOG2980-consensus	scaffold_32	34.00	500	273	57	20	474	181369	182827	1.3e-18	93.4
NCVOG1298-consensus	scaffold_3	27.33	344	231	19	262	601	165534	166511	2.2e-12	73.1
NCVOG0652-consensus	scaffold_5	33.98	415	197	77	81	421	36071	37303	1.1e-31	136.7
NCVOG0652-consensus	scaffold_25	36.18	199	114	13	123	317	649438	650000	3.3e-20	97.1
NCVOG0652-consensus	scaffold_3	30.61	379	218	45	78	415	1051301	1050188	4.1e-17	87.8
NCVOG0652-consensus	scaffold_23	34.20	193	116	11	109	293	496265	495699	1.4e-14	79.9
NCVOG0652-consensus	scaffold_13	25.78	322	197	42	131	413	79351	80296	2.6e-12	72.3
NCVOG0652-consensus	scaffold_2	29.55	220	122	33	91	281	16212	15572	4.6e-11	68.2
NCVOG1062-consensus	scaffold_14	27.19	342	207	42	107	413	374580	375581	1e-11	70.5
NCVOG1062-consensus	scaffold_14	30.29	274	157	34	163	413	369650	370415	5.3e-20	98.1
NCVOG1062-consensus	scaffold_14	30.97	268	151	34	163	407	376640	377387	3.6e-19	95.3
NCVOG4522-consensus	scaffold_17	40.33	243	86	59	261	444	328750	328025	2.2e-13	76.0
NCVOG0522-consensus	scaffold_29	34.15	164	106	2	79	241	264190	263705	8.7e-11	66.8
NCVOG0052-consensus	scaffold_5	37.50	96	57	3	36	131	495785	496060	1e-16	86.1
NCVOG4122-consensus	scaffold_3	27.33	150	96	13	122	258	255827	256273	5.1e-11	68.2
NCVOG4022-consensus	scaffold_4	29.47	285	179	22	72	334	304644	303793	3.2e-14	78.4
NCVOG0032-consensus	scaffold_3	28.96	701	325	173	220	763	491453	489412	4.3e-25	115.8
NCVOG0032-consensus	scaffold_45	29.26	680	360	121	252	857	87773	89652	5.5e-20	98.9
NCVOG0032-consensus	scaffold_5	29.09	660	341	127	312	866	263737	265643	1.1e-18	94.6
NCVOG0032-consensus	scaffold_3	25.32	707	410	118	165	814	345925	344003	2e-16	87.0
NCVOG0032-consensus	scaffold_17	31.94	216	132	15	678	880	321813	321175	1.4e-14	80.9
NCVOG0032-consensus	scaffold_42	30.29	340	193	44	540	844	292272	291289	2.2e-14	80.3
NCVOG0032-consensus	scaffold_1	25.80	810	399	202	247	878	1051394	1053738	7.3e-12	71.9
NCVOG0032-consensus	scaffold_1	25.03	891	521	147	33	873	1154188	1151826	9.7e-12	71.5
NCVOG0032-consensus	scaffold_11	29.73	767	353	186	257	850	738392	740612	4.6e-11	69.2
NCVOG0032-consensus	scaffold_12	27.52	447	260	64	51	468	565529	564301	6.1e-11	68.8
NCVOG0302-consensus	scaffold_23	31.58	171	115	2	3	173	250457	249954	1.2e-16	87.0
NCVOG0302-consensus	scaffold_31	29.46	241	139	31	258	470	261866	262572	4.6e-16	85.1
NCVOG0302-consensus	scaffold_14	30.14	209	123	23	348	534	57722	57102	6.2e-14	78.1
NCVOG0302-consensus	scaffold_24	26.19	168	122	2	3	170	466612	467106	1.2e-12	73.8
NCVOG0302-consensus	scaffold_21	27.03	344	171	80	267	530	125607	126627	1.8e-12	73.2
NCVOG0302-consensus	scaffold_35	30.05	183	116	12	363	533	147464	148003	2.2e-12	72.9
NCVOG0302-consensus	scaffold_2	28.75	240	139	32	328	535	453795	453083	2.2e-12	72.9
NCVOG0302-consensus	scaffold_19	34.03	144	75	20	361	486	423271	423693	4.6e-12	71.9
NCVOG0302-consensus	scaffold_20	24.10	195	139	9	259	448	238475	239044	9.9e-12	70.8
NCVOG0302-consensus	scaffold_6	28.40	162	110	6	376	537	675452	675916	2.1e-11	69.7
NCVOG0302-consensus	scaffold_4	29.10	299	168	44	277	534	671778	672660	6.5e-11	68.1
NCVOG1202-consensus	scaffold_20	31.08	148	95	7	67	207	342347	342787	4.4e-16	85.1
NCVOG1202-consensus	scaffold_10	31.71	123	83	1	92	213	781118	780753	2e-14	78.5
NCVOG1202-consensus	scaffold_12	33.93	112	73	1	98	208	16180	16512	2.9e-13	75.7
NCVOG1202-consensus	scaffold_4	24.53	212	140	20	14	206	98626	99255	7e-13	74.4
NCVOG1202-consensus	scaffold_1	27.13	129	93	1	81	208	69652	70035	1.2e-11	70.4
NCVOG1202-consensus	scaffold_11	25.86	116	85	1	92	206	613715	613371	2.3e-11	69.4
NCVOG1127-consensus	scaffold_2	26.60	297	169	49	52	300	755718	756594	4.5e-11	68.7
NCVOG0985-consensus	scaffold_34	28.53	333	141	97	80	324	261406	262374	1.8e-18	93.0
NCVOG0025-consensus	scaffold_34	27.55	421	256	49	113	521	436174	437318	2.5e-30	132.5
NCVOG0025-consensus	scaffold_2	22.96	405	268	44	113	494	936459	937605	2.4e-28	125.9
NCVOG0025-consensus	scaffold_1	26.62	402	250	45	110	490	1170911	1169781	1.1e-26	120.4
NCVOG0025-consensus	scaffold_19	25.83	391	251	39	104	486	378059	376987	6.3e-25	114.5
NCVOG0025-consensus	scaffold_3	24.52	367	251	26	132	491	618587	617551	2.2e-23	109.4
NCVOG0025-consensus	scaffold_10	25.12	418	280	33	85	491	543804	542632	2.7e-22	105.8
NCVOG0025-consensus	scaffold_38	24.14	406	268	40	89	487	178394	177287	5.8e-22	104.7
NCVOG0025-consensus	scaffold_36	26.46	412	256	47	112	517	205850	206949	5.8e-22	104.7
NCVOG0025-consensus	scaffold_36	26.81	526	264	121	62	512	217467	218891	1.4e-14	80.2
NCVOG0025-consensus	scaffold_37	24.70	413	289	22	102	504	267411	266228	9.7e-22	103.9
NCVOG0025-consensus	scaffold_2	23.42	380	237	54	113	486	923721	922729	7e-19	94.4
NCVOG0025-consensus	scaffold_4	23.74	396	248	54	111	486	599736	598654	2.5e-18	92.6
NCVOG0025-consensus	scaffold_18	25.82	457	263	76	104	491	437233	438563	5.3e-18	91.5
NCVOG0025-consensus	scaffold_1	22.74	453	252	98	119	488	1438484	1437174	4.1e-17	88.6
NCVOG0025-consensus	scaffold_36	24.22	384	246	45	112	487	389997	391034	5.1e-16	84.9
NCVOG0025-consensus	scaffold_8	24.47	421	263	55	112	481	462190	460955	1.4e-15	83.5
NCVOG0025-consensus	scaffold_9	29.55	88	60	2	403	488	351022	351282	6.4e-15	81.3
NCVOG0025-consensus	scaffold_4	21.54	441	288	58	99	488	232424	233722	7.9e-13	74.3
NCVOG0025-consensus	scaffold_14	28.95	418	209	88	113	493	388392	387301	2.2e-12	72.9
NCVOG0025-consensus	scaffold_13	28.06	253	130	52	295	501	388283	389014	1.3e-11	70.3
NCVOG0025-consensus	scaffold_15	31.75	63	43	0	446	508	414299	414484	2.1e-11	69.6
NCVOG0025-consensus	scaffold_14	26.73	449	238	91	108	519	348857	350034	5.9e-11	68.1
NCVOG0271-consensus	scaffold_3	40.89	1213	559	158	86	1152	974387	977980	1.1e-52	207.9
NCVOG0271-consensus	scaffold_19	34.38	1245	675	142	23	1162	272153	268541	9.4e-51	201.5
NCVOG0271-consensus	scaffold_15	27.92	1214	639	236	154	1153	106424	109976	7.4e-41	168.6
NCVOG0061-consensus	scaffold_36	27.44	616	285	162	53	514	289754	291566	4.6e-11	68.6
NCVOG0541-consensus	scaffold_29	27.07	314	141	88	15	245	275915	276838	1.7e-11	69.1
NCVOG1351-consensus	scaffold_7	32.90	386	205	54	22	373	585693	584601	7.5e-14	77.8
NCVOG0531-consensus	scaffold_12	32.60	181	120	2	1	180	566003	566539	2.3e-14	79.2
NCVOG0241-consensus	scaffold_13	26.27	236	143	31	189	397	232522	231832	1e-12	73.6
NCVOG0301-consensus	scaffold_31	33.08	266	145	33	256	492	261860	262636	5.6e-16	84.9
NCVOG0301-consensus	scaffold_14	31.43	210	122	22	347	534	57728	57102	5.4e-15	81.6
NCVOG0301-consensus	scaffold_6	34.75	118	74	3	375	490	675446	675789	6.8e-12	71.3
NCVOG0301-consensus	scaffold_35	26.15	260	160	32	267	495	147089	147862	1.2e-11	70.5
NCVOG0301-consensus	scaffold_19	33.33	141	73	21	360	481	423265	423678	7.9e-11	67.8
NCVOG0021-consensus	scaffold_33	26.32	832	546	67	91	896	557043	554674	4e-15	82.6
NCVOG0021-consensus	scaffold_6	24.41	553	376	42	93	625	892015	893604	2.2e-12	73.8
NCVOG0001-consensus	scaffold_17	48.88	223	97	17	340	556	394681	394049	1.6e-37	156.7
NCVOG0001-consensus	scaffold_24	45.83	264	111	32	312	555	83959	84709	4.9e-28	125.1
NCVOG0001-consensus	scaffold_1	40.94	254	127	23	331	565	1458830	1458086	5.8e-28	124.9
NCVOG0001-consensus	scaffold_1	37.05	278	154	21	307	566	1457958	1457139	1.7e-33	143.3
NCVOG0001-consensus	scaffold_5	38.20	233	127	17	329	555	642732	643394	4e-26	118.8
NCVOG0001-consensus	scaffold_5	29.77	309	169	48	287	553	641692	642593	5.9e-14	78.4
NCVOG0001-consensus	scaffold_1	35.13	316	160	45	329	610	411214	412121	1.5e-24	113.5
NCVOG0001-consensus	scaffold_36	39.30	201	103	19	371	556	210361	209776	1.7e-22	106.7
NCVOG0001-consensus	scaffold_24	37.01	254	124	36	328	556	364817	364094	3.7e-22	105.6
NCVOG0001-consensus	scaffold_7	35.71	294	153	36	294	554	231448	232313	1e-20	100.8
NCVOG0001-consensus	scaffold_19	31.10	299	173	33	307	581	337561	336699	1.2e-17	90.6
NCVOG0001-consensus	scaffold_20	35.27	224	113	32	351	554	232754	232126	4.5e-16	85.4
NCVOG0001-consensus	scaffold_27	33.93	224	113	35	370	561	373405	372752	8.9e-15	81.1
NCVOG0001-consensus	scaffold_42	35.80	257	126	39	328	555	259332	258597	1.8e-13	76.8
NCVOG0001-consensus	scaffold_38	35.82	268	130	42	351	585	240117	240884	6.2e-13	75.0
NCVOG0001-consensus	scaffold_32	35.05	194	109	17	322	509	385438	384893	1.6e-12	73.6
NCVOG0001-consensus	scaffold_7	36.12	299	130	61	333	589	295608	294774	1.6e-12	73.6
NCVOG0001-consensus	scaffold_5	31.63	215	126	21	306	512	773881	773279	1.2e-11	70.6
NCVOG0001-consensus	scaffold_23	28.66	307	165	54	265	547	184383	183560	2.7e-11	69.5
NCVOG0038-consensus	scaffold_19	29.59	1105	471	307	142	970	413937	410741	1.2e-22	108.1
NCVOG4078-consensus	scaffold_9	31.25	160	88	22	4	144	558092	557625	2e-11	68.2
NCVOG0228-consensus	scaffold_7	26.84	719	371	155	337	922	515171	517248	5e-14	79.1
NCVOG0018-consensus	scaffold_24	23.92	1116	739	110	66	1120	515808	512615	2e-19	97.5
NCVOG4170-consensus	scaffold_35	44.39	374	158	50	12	343	310413	311501	1.5e-25	116.0
NCVOG0720-consensus	scaffold_2	46.99	166	77	11	2	167	154937	155398	3.4e-25	113.8
NCVOG0044-consensus	scaffold_21	27.27	297	186	30	152	442	437064	437879	1.3e-18	94.4
NCVOG0044-consensus	scaffold_21	24.06	345	225	37	152	491	551274	552209	7e-14	78.7
NCVOG0044-consensus	scaffold_12	31.39	223	135	18	224	434	58346	58981	3.8e-13	76.3
NCVOG0044-consensus	scaffold_18	31.49	181	109	15	263	434	654372	653851	2.7e-12	73.2
