NCVOG4069-consensus	NODE_4990_length_1469_cov_6.711207	20.75	265	205	5	97	356	1183	394	1.3e-11	72.7
NCVOG4069-consensus	NODE_3949_length_1658_cov_11.440860	23.04	230	164	13	163	386	1017	356	3.3e-11	71.6
NCVOG0169-consensus	NODE_4656_length_1525_cov_5.488950	37.31	134	83	1	260	392	1453	1055	5e-20	100.2
NCVOG0169-consensus	NODE_16672_length_500_cov_5.858156	24.39	164	116	8	229	391	479	12	4.4e-12	72.2
NCVOG1069-consensus	NODE_7561_length_1094_cov_10.843658	31.74	230	131	26	20	231	60	720	6.4e-11	69.6
NCVOG0669-consensus	NODE_2738_length_1978_cov_10.470279	22.99	422	282	43	77	460	139	1386	1.3e-20	102.7
NCVOG0669-consensus	NODE_2042_length_2247_cov_11.989862	26.20	374	242	34	94	439	37	1133	4.4e-20	101.2
NCVOG0669-consensus	NODE_14060_length_607_cov_11.009434	29.58	142	92	8	324	464	202	603	1.1e-17	91.3
NCVOG0669-consensus	NODE_11543_length_759_cov_8.929619	25.24	210	140	17	215	416	605	6	6.1e-17	89.2
NCVOG0669-consensus	NODE_657_length_3347_cov_10.860856	23.49	498	288	93	51	464	763	2216	1.3e-13	80.3
NCVOG0669-consensus	NODE_3153_length_1861_cov_10.847534	33.94	109	65	7	318	426	1410	1712	1.5e-13	79.2
NCVOG0669-consensus	NODE_17299_length_476_cov_12.037594	30.77	130	74	16	324	443	6	374	6.4e-13	75.1
NCVOG0333-consensus	NODE_5155_length_1438_cov_12.801616	47.78	90	44	3	605	694	989	1246	1.2e-11	73.1
NCVOG0333-consensus	NODE_10744_length_810_cov_6.733970	53.42	73	31	3	605	677	338	544	3.5e-11	70.7
NCVOG0333-consensus	NODE_39162_length_230_cov_8.843137	52.78	72	31	3	605	676	22	225	3.8e-11	68.8
NCVOG2223-consensus	NODE_3404_length_1782_cov_9.919648	33.54	319	176	36	586	884	907	6	1.2e-27	126.9
NCVOG0233-consensus	NODE_65_length_6612_cov_7.419434	24.29	885	567	103	29	868	3170	705	1.6e-48	198.1
NCVOG0233-consensus	NODE_2774_length_1967_cov_16.951852	25.98	612	388	65	138	713	73	1814	2.8e-48	195.5
NCVOG0233-consensus	NODE_1142_length_2785_cov_6.154727	23.53	714	480	66	113	792	2754	714	2.3e-45	186.3
NCVOG0233-consensus	NODE_9355_length_916_cov_17.367104	35.14	276	161	18	104	361	91	911	5.9e-41	170.1
NCVOG0233-consensus	NODE_802_length_3142_cov_7.036868	27.99	518	294	79	325	774	1	1518	1.9e-32	143.6
NCVOG0233-consensus	NODE_1151_length_2771_cov_8.141425	34.44	241	143	15	620	845	3	722	6.4e-31	138.4
NCVOG0233-consensus	NODE_692_length_3290_cov_14.332400	36.25	753	383	97	202	859	3290	1047	2.6e-30	136.6
NCVOG0233-consensus	NODE_13689_length_626_cov_11.963570	33.65	208	133	5	100	302	626	6	8.6e-27	122.5
NCVOG0233-consensus	NODE_2140_length_2204_cov_8.981194	24.09	469	305	51	427	868	73	1400	1.6e-26	123.4
NCVOG0233-consensus	NODE_6242_length_1263_cov_18.238617	33.02	215	125	19	28	226	634	6	1.4e-22	109.5
NCVOG0233-consensus	NODE_3891_length_1672_cov_11.832602	26.61	560	276	135	206	631	4	1667	1.9e-22	109.5
NCVOG0233-consensus	NODE_926_length_2975_cov_10.615942	35.70	647	319	97	305	856	4	1929	3.2e-20	102.9
NCVOG0233-consensus	NODE_4347_length_1579_cov_21.322903	27.26	521	281	98	238	673	1570	52	3.2e-20	102.0
NCVOG0233-consensus	NODE_4003_length_1647_cov_11.112102	26.92	546	259	140	324	729	4	1630	1e-19	100.4
NCVOG0233-consensus	NODE_17762_length_461_cov_5.492188	37.93	145	84	6	508	646	25	456	1.3e-19	98.2
NCVOG0233-consensus	NODE_7308_length_1125_cov_12.221374	34.00	150	94	5	530	677	4	441	1.6e-19	99.2
NCVOG0233-consensus	NODE_5529_length_1376_cov_10.205543	28.39	479	258	85	232	646	1376	6	6.8e-19	97.4
NCVOG0233-consensus	NODE_24001_length_335_cov_8.062016	46.84	79	41	1	583	660	97	330	2.3e-17	90.3
NCVOG0233-consensus	NODE_15499_length_542_cov_7.668817	35.87	184	103	15	71	243	1	537	6.4e-17	89.5
NCVOG0233-consensus	NODE_39795_length_229_cov_4.953947	48.00	75	38	1	620	693	3	224	1.6e-16	86.9
NCVOG0233-consensus	NODE_5172_length_1436_cov_8.098602	27.65	434	215	99	323	660	1436	149	2.7e-16	88.8
NCVOG0233-consensus	NODE_21261_length_378_cov_5.760797	41.23	114	60	7	439	545	34	372	2.2e-15	83.9
NCVOG0233-consensus	NODE_4813_length_1501_cov_11.481742	36.46	491	234	78	230	643	34	1498	3.2e-15	85.3
NCVOG0233-consensus	NODE_5521_length_1378_cov_10.235972	28.61	416	242	55	284	646	4	1234	3.1e-12	75.3
NCVOG0233-consensus	NODE_85341_length_155_cov_6.294872	58.00	50	21	0	607	656	1	147	3.1e-12	72.1
NCVOG0233-consensus	NODE_88232_length_155_cov_5.820513	58.00	50	21	0	607	656	155	9	3.1e-12	72.1
NCVOG0013-consensus	NODE_1919_length_2305_cov_11.304309	35.85	159	94	8	130	283	470	6	1.2e-15	86.8
NCVOG0013-consensus	NODE_19664_length_410_cov_10.870871	37.30	126	72	7	214	339	7	360	1.6e-12	73.9
NCVOG0013-consensus	NODE_7401_length_1112_cov_11.272464	26.46	223	159	5	60	280	807	151	2.5e-12	74.7
NCVOG0297-consensus	NODE_6128_length_1280_cov_12.320033	29.59	196	126	12	261	450	512	1074	2.9e-12	74.6
NCVOG0297-consensus	NODE_4749_length_1509_cov_10.148743	31.39	137	91	3	14	148	839	435	6e-12	73.8
NCVOG0663-consensus	NODE_3402_length_1782_cov_11.644575	25.18	417	263	49	235	610	8	1225	1.6e-17	92.7
NCVOG0663-consensus	NODE_4265_length_1593_cov_11.145119	28.12	160	102	13	461	610	4	471	2.6e-12	75.2
NCVOG0073-consensus	NODE_820_length_3106_cov_14.597227	39.77	621	334	40	38	640	3103	1312	1.2e-145	519.8
NCVOG0073-consensus	NODE_1147_length_2779_cov_6.704293	37.38	543	302	38	28	552	2285	720	1.5e-118	429.6
NCVOG0073-consensus	NODE_336_length_4104_cov_7.723119	37.72	570	303	52	20	558	2685	1046	1.3e-101	373.9
NCVOG0073-consensus	NODE_8509_length_994_cov_17.656489	43.32	337	165	26	172	490	1	978	2.5e-76	287.8
NCVOG0073-consensus	NODE_6153_length_1277_cov_12.092500	35.83	307	178	19	345	648	1277	408	2.7e-44	181.8
NCVOG0073-consensus	NODE_7870_length_1058_cov_10.434251	27.83	327	222	14	199	519	1	954	3.2e-34	148.0
NCVOG0073-consensus	NODE_8053_length_1038_cov_11.062435	27.22	316	200	30	238	524	1022	81	1.8e-23	112.3
NCVOG0073-consensus	NODE_40195_length_227_cov_9.953333	56.25	80	30	5	174	253	227	6	1.2e-21	104.1
NCVOG0073-consensus	NODE_12803_length_678_cov_12.710483	28.65	192	127	10	472	658	8	565	1.9e-19	98.3
NCVOG0073-consensus	NODE_29496_length_283_cov_5.466019	51.11	90	33	11	411	490	4	267	7.7e-17	88.4
NCVOG0073-consensus	NODE_62759_length_167_cov_5.244444	60.00	55	22	0	144	198	1	162	5.4e-16	84.8
NCVOG0073-consensus	NODE_62667_length_167_cov_6.000000	60.00	55	22	0	144	198	1	162	5.4e-16	84.8
NCVOG0073-consensus	NODE_6831_length_1183_cov_14.112116	28.37	215	133	21	5	198	719	82	6.1e-15	84.2
NCVOG0073-consensus	NODE_57462_length_179_cov_24.343137	53.57	56	26	0	132	187	173	9	2.8e-14	79.2
NCVOG0073-consensus	NODE_6654_length_1207_cov_9.272566	40.00	105	53	10	19	113	869	1178	8.1e-14	80.4
NCVOG0073-consensus	NODE_35938_length_245_cov_0.678571	36.36	77	49	0	308	384	244	17	1e-12	74.5
NCVOG0073-consensus	NODE_72424_length_155_cov_9.410256	57.14	56	19	5	174	229	1	150	1e-12	73.8
NCVOG0073-consensus	NODE_70274_length_155_cov_11.153846	54.90	51	23	0	417	467	155	6	4.7e-11	68.3
NCVOG0268-consensus	NODE_14116_length_605_cov_6.933712	26.86	175	112	16	292	458	503	6	9.6e-11	68.6
NCVOG1068-consensus	NODE_6967_length_1168_cov_9.739688	45.16	62	34	0	92	153	188	6	4.3e-13	76.0
NCVOG1068-consensus	NODE_73439_length_155_cov_8.974359	54.00	50	22	1	129	177	155	9	1.2e-12	71.6
NCVOG1068-consensus	NODE_90697_length_155_cov_5.410256	54.00	50	22	1	129	177	1	147	1.2e-12	71.6
NCVOG2643-consensus	NODE_2046_length_2246_cov_8.782849	34.11	302	151	48	2	262	772	1645	4.6e-20	100.3
NCVOG2643-consensus	NODE_21194_length_379_cov_7.831126	35.51	107	66	3	147	253	66	374	4e-18	91.2
NCVOG0613-consensus	NODE_8056_length_1038_cov_10.415193	35.46	141	77	14	2	129	818	402	4.4e-24	111.5
NCVOG4523-consensus	NODE_9458_length_907_cov_10.028916	33.75	240	108	51	11	229	152	772	1.6e-14	82.6
NCVOG4523-consensus	NODE_21981_length_365_cov_7.784722	51.22	123	47	13	677	789	357	5	3e-13	77.1
NCVOG4523-consensus	NODE_31925_length_266_cov_10.666667	44.94	89	47	2	724	812	263	6	3.4e-12	73.1
NCVOG1353-consensus	NODE_8249_length_1019_cov_8.674098	64.22	341	117	5	369	706	1	1014	1.9e-111	404.3
NCVOG1353-consensus	NODE_21139_length_380_cov_7.706271	64.84	128	43	2	570	697	1	375	1.3e-37	157.6
NCVOG1353-consensus	NODE_12124_length_722_cov_9.173643	64.73	241	53	32	185	393	721	6	2e-19	98.1
NCVOG1353-consensus	NODE_39878_length_228_cov_10.019868	61.76	68	26	0	484	551	25	225	3.1e-17	89.2
NCVOG1353-consensus	NODE_5221_length_1428_cov_10.039230	54.29	140	44	20	682	801	1	417	3e-13	78.6
NCVOG1353-consensus	NODE_42723_length_220_cov_9.790210	67.57	74	12	12	332	393	1	215	5.8e-11	68.3
NCVOG4445-consensus	NODE_3092_length_1877_cov_12.796111	29.28	345	215	29	50	384	1043	69	6.4e-20	100.1
NCVOG4445-consensus	NODE_8393_length_1006_cov_12.783638	32.15	311	192	19	84	384	991	89	9.4e-20	98.6
NCVOG4445-consensus	NODE_283_length_4300_cov_6.991949	29.83	352	227	20	42	383	2082	3104	3.1e-18	95.7
NCVOG4445-consensus	NODE_8699_length_976_cov_7.023359	33.82	272	159	21	81	342	785	6	1.2e-17	91.6
NCVOG4445-consensus	NODE_10677_length_815_cov_7.821138	36.68	229	128	17	72	291	703	44	1.7e-17	90.8
NCVOG4445-consensus	NODE_631_length_3389_cov_7.770531	32.12	358	213	30	5	350	1252	2268	1.1e-16	90.1
NCVOG4445-consensus	NODE_6261_length_1260_cov_11.873204	31.34	351	217	24	18	355	84	1100	1.1e-16	88.7
NCVOG4445-consensus	NODE_9334_length_918_cov_12.256837	29.90	301	190	21	95	384	22	891	1.2e-16	88.2
NCVOG4445-consensus	NODE_6669_length_1205_cov_9.190603	30.25	324	201	25	72	382	1181	249	1.3e-15	85.1
NCVOG4445-consensus	NODE_536_length_3565_cov_6.581709	37.68	276	151	21	118	384	3254	2470	4.6e-15	84.9
NCVOG4445-consensus	NODE_6270_length_1258_cov_13.853514	31.45	283	176	18	18	291	341	1159	8.1e-15	82.6
NCVOG4445-consensus	NODE_6213_length_1268_cov_9.503778	28.57	322	213	17	72	384	308	1246	1.1e-14	82.1
NCVOG4445-consensus	NODE_2513_length_2060_cov_8.137670	30.42	309	192	23	88	384	43	933	1.4e-14	82.5
NCVOG4445-consensus	NODE_4765_length_1507_cov_11.130070	29.83	352	223	24	42	383	1	1011	2e-14	81.5
NCVOG4445-consensus	NODE_4744_length_1510_cov_14.229588	31.78	321	199	20	42	351	1501	569	3.2e-14	80.9
NCVOG4445-consensus	NODE_7730_length_1074_cov_7.086259	31.01	258	157	21	72	322	338	1066	3.7e-14	80.1
NCVOG4445-consensus	NODE_3654_length_1728_cov_7.903695	29.10	354	227	24	42	383	1602	580	4.5e-14	80.5
NCVOG4445-consensus	NODE_3105_length_1876_cov_8.046693	29.00	369	228	34	34	382	1105	46	1.3e-13	79.1
NCVOG4445-consensus	NODE_171_length_4895_cov_8.191366	30.00	320	204	20	72	383	3335	4255	1.7e-13	80.1
NCVOG4445-consensus	NODE_1369_length_2608_cov_8.504939	31.10	344	200	37	72	382	1889	873	3.9e-13	78.0
NCVOG4445-consensus	NODE_1560_length_2501_cov_9.252475	30.59	353	215	30	27	363	1000	2009	7e-13	77.1
NCVOG4445-consensus	NODE_645_length_3361_cov_8.302071	33.33	324	195	21	72	384	2441	1503	2e-12	76.0
NCVOG4445-consensus	NODE_97_length_5849_cov_6.409910	30.25	324	203	23	72	383	3750	2815	2.3e-12	76.6
NCVOG4445-consensus	NODE_11258_length_777_cov_9.712857	33.18	223	130	19	145	356	4	645	2.6e-12	73.5
NCVOG4445-consensus	NODE_7323_length_1123_cov_10.440727	30.10	299	188	21	96	383	223	1086	3.2e-12	73.7
NCVOG4445-consensus	NODE_5362_length_1403_cov_14.496983	29.54	325	205	24	71	383	1250	319	3.3e-12	74.1
NCVOG4445-consensus	NODE_4850_length_1494_cov_8.273112	33.45	281	161	26	89	356	122	922	7.8e-12	72.9
NCVOG4445-consensus	NODE_9913_length_870_cov_9.239596	33.19	235	139	18	127	351	7	684	8e-12	72.1
NCVOG4445-consensus	NODE_2713_length_1987_cov_13.862827	31.20	266	164	19	96	350	799	29	1e-11	72.9
NCVOG4445-consensus	NODE_10384_length_835_cov_8.927441	32.20	264	159	20	130	383	5	763	1e-11	71.7
NCVOG4445-consensus	NODE_4286_length_1589_cov_8.685185	38.14	118	73	0	237	354	1216	1566	1.4e-11	72.2
NCVOG4445-consensus	NODE_7041_length_1159_cov_8.083179	34.27	178	109	8	212	383	541	17	2.6e-11	70.8
NCVOG4445-consensus	NODE_693_length_3289_cov_6.652864	32.34	235	141	18	121	345	3262	2585	3.9e-11	71.7
NCVOG4445-consensus	NODE_537_length_3560_cov_8.330462	31.74	293	176	24	103	383	9	848	4.3e-11	71.7
NCVOG4445-consensus	NODE_1692_length_2433_cov_7.337436	33.33	243	144	18	133	365	2412	1715	4.7e-11	71.0
NCVOG4445-consensus	NODE_721_length_3258_cov_11.260924	31.21	282	163	31	112	384	407	1179	5.2e-11	71.3
NCVOG4445-consensus	NODE_13923_length_613_cov_16.350746	32.51	203	120	17	129	322	586	5	9.7e-11	68.0
NCVOG4123-consensus	NODE_9334_length_918_cov_12.256837	30.34	267	159	27	77	337	80	810	6.4e-11	69.2
NCVOG0243-consensus	NODE_8464_length_999_cov_11.257050	31.95	338	186	44	51	362	969	13	1.2e-39	164.8
NCVOG0243-consensus	NODE_41696_length_223_cov_8.013699	42.62	61	33	2	237	297	200	27	3.1e-11	68.2
NCVOG0055-consensus	NODE_14394_length_591_cov_13.260700	39.55	177	107	0	182	358	56	583	1.7e-43	176.9
NCVOG0055-consensus	NODE_1259_length_2687_cov_8.328736	33.70	273	167	14	129	391	94	897	1.5e-41	172.7
NCVOG0055-consensus	NODE_16093_length_521_cov_6.141892	37.36	174	105	4	182	352	521	6	1.9e-29	130.0
NCVOG0055-consensus	NODE_3451_length_1772_cov_8.843068	33.16	187	110	15	193	369	5	547	1.3e-27	125.7
NCVOG0055-consensus	NODE_5677_length_1352_cov_10.773333	36.52	178	110	3	182	356	815	1345	7.8e-27	122.7
NCVOG0055-consensus	NODE_5494_length_1384_cov_7.657230	38.51	161	79	20	227	373	85	542	3.5e-26	120.6
NCVOG0055-consensus	NODE_1804_length_2366_cov_9.431193	35.50	169	79	30	181	320	4	500	6.7e-26	120.4
NCVOG0055-consensus	NODE_8046_length_1039_cov_12.612266	37.07	116	69	4	226	337	665	1009	1.9e-17	91.2
NCVOG0055-consensus	NODE_6070_length_1288_cov_8.828241	37.61	109	63	5	182	285	927	1250	2e-16	88.1
NCVOG0055-consensus	NODE_51787_length_195_cov_5.737288	38.10	63	39	0	248	310	193	8	2.3e-12	71.9
NCVOG0055-consensus	NODE_80465_length_155_cov_7.153846	50.00	50	25	0	230	279	154	8	3.3e-12	71.0
NCVOG0055-consensus	NODE_92610_length_155_cov_5.076923	50.00	50	25	0	230	279	154	8	1.4e-11	68.9
NCVOG0055-consensus	NODE_27770_length_296_cov_7.479452	41.05	95	55	1	192	285	290	9	1.6e-11	69.7
NCVOG0055-consensus	NODE_27816_length_296_cov_5.917808	41.05	95	55	1	192	285	7	288	1.6e-11	69.7
NCVOG0055-consensus	NODE_75930_length_155_cov_8.153846	47.92	48	24	1	232	278	1	141	2.3e-11	68.2
NCVOG0055-consensus	NODE_54640_length_187_cov_12.600000	40.32	62	37	0	216	277	187	5	4e-11	67.7
NCVOG0435-consensus	NODE_9602_length_895_cov_11.254279	30.51	118	77	5	85	197	359	9	5.9e-12	71.7
NCVOG4105-consensus	NODE_4432_length_1566_cov_9.208193	44.02	184	103	0	7	190	935	1483	2.1e-55	219.2
NCVOG4105-consensus	NODE_8208_length_1022_cov_11.252910	39.48	347	155	55	435	731	1022	12	2.3e-45	185.2
NCVOG4105-consensus	NODE_19436_length_416_cov_9.197640	43.15	146	65	18	326	461	1	411	4.2e-29	129.9
NCVOG4105-consensus	NODE_40544_length_227_cov_4.893333	48.61	72	37	0	7	78	218	6	5e-18	92.3
NCVOG4105-consensus	NODE_6351_length_1246_cov_11.037639	22.92	384	253	43	748	1099	69	1180	2.4e-17	92.4
NCVOG1045-consensus	NODE_6906_length_1174_cov_10.324521	33.14	175	107	10	341	513	673	1170	1.8e-15	85.2
NCVOG0235-consensus	NODE_156_length_5054_cov_8.143058	34.57	622	359	48	1	576	4515	2659	1.9e-29	133.9
NCVOG0235-consensus	NODE_46564_length_209_cov_7.992424	58.82	68	28	0	283	350	206	6	8.9e-21	100.5
NCVOG0235-consensus	NODE_1085_length_2823_cov_9.411143	29.89	174	98	24	472	621	2548	2030	8.7e-17	91.0
NCVOG0235-consensus	NODE_102647_length_131_cov_10.722222	65.85	41	14	0	310	350	7	126	3e-13	74.8
NCVOG0225-consensus	NODE_2394_length_2105_cov_9.250986	33.33	183	111	11	88	259	778	233	4.2e-19	97.2
NCVOG0225-consensus	NODE_3010_length_1901_cov_8.774123	36.55	145	80	12	104	237	58	486	4.8e-15	83.5
NCVOG0225-consensus	NODE_1890_length_2320_cov_8.433155	31.39	137	80	14	139	261	76	483	3.6e-11	71.0
NCVOG0305-consensus	NODE_4223_length_1600_cov_9.814183	31.91	282	172	20	1303	1568	1316	494	2.1e-22	110.2
NCVOG0305-consensus	NODE_6128_length_1280_cov_12.320033	30.74	257	160	18	1314	1556	521	1272	7e-19	98.1
NCVOG0305-consensus	NODE_603_length_3437_cov_8.119940	27.03	222	153	9	822	1034	849	1511	4.9e-13	80.1
NCVOG0305-consensus	NODE_2315_length_2131_cov_10.403116	29.19	209	136	12	1358	1556	2128	1511	7.6e-13	78.8
NCVOG0305-consensus	NODE_4623_length_1530_cov_10.114246	36.17	141	82	8	1417	1551	1510	1103	6.7e-12	75.2
NCVOG0305-consensus	NODE_15569_length_539_cov_13.491342	34.29	140	86	6	1421	1556	536	126	1.1e-11	72.9
NCVOG0305-consensus	NODE_6513_length_1225_cov_10.912021	32.59	135	86	5	1418	1549	973	578	2.9e-11	72.7
NCVOG0248-consensus	NODE_18_length_9534_cov_6.829121	28.41	454	273	52	45	461	1730	417	1.3e-16	91.9
NCVOG0248-consensus	NODE_8563_length_988_cov_12.199780	33.89	180	98	21	328	489	34	557	2.7e-14	80.9
NCVOG0248-consensus	NODE_830_length_3092_cov_9.185406	24.12	485	297	71	44	490	1636	2988	5.1e-13	78.3
NCVOG0248-consensus	NODE_38286_length_233_cov_7.557692	40.85	71	35	7	426	489	233	24	7.3e-12	70.7
NCVOG0248-consensus	NODE_347_length_4063_cov_6.485951	29.16	511	273	89	17	497	2703	4049	1.1e-11	74.2
NCVOG0248-consensus	NODE_3984_length_1651_cov_11.203304	30.07	276	124	69	42	252	804	4	3.2e-11	71.4
NCVOG0105-consensus	NODE_28158_length_293_cov_5.921296	41.67	84	49	0	720	803	254	6	7.7e-19	95.2
NCVOG0105-consensus	NODE_28114_length_293_cov_7.518519	41.67	84	49	0	720	803	254	6	7.7e-19	95.2
NCVOG0105-consensus	NODE_1722_length_2415_cov_8.259624	25.69	288	192	22	627	894	631	1481	6.5e-17	91.9
NCVOG4804-consensus	NODE_2311_length_2132_cov_10.401946	55.30	132	55	4	49	180	658	278	1.6e-42	174.4
NCVOG4804-consensus	NODE_2830_length_1949_cov_19.189637	51.39	144	68	2	39	180	1920	1494	1.8e-42	174.1
NCVOG4804-consensus	NODE_2210_length_2170_cov_11.450549	62.73	110	40	1	72	180	1378	1052	3.9e-42	173.2
NCVOG4804-consensus	NODE_57955_length_179_cov_4.392157	64.41	59	21	0	95	153	179	6	5.4e-25	112.6
NCVOG4804-consensus	NODE_100576_length_143_cov_20.696970	72.34	47	13	0	131	177	143	6	1.6e-17	87.5
NCVOG4804-consensus	NODE_100700_length_143_cov_7.545455	72.34	47	13	0	131	177	143	6	1.6e-17	87.5
NCVOG4804-consensus	NODE_100575_length_143_cov_22.909091	72.34	47	13	0	131	177	143	6	1.6e-17	87.5
NCVOG4184-consensus	NODE_25573_length_317_cov_9.462500	44.86	107	44	15	521	619	305	9	1.5e-11	70.5
NCVOG0282-consensus	NODE_6128_length_1280_cov_12.320033	31.99	322	186	33	274	572	331	1257	2.5e-25	118.7
NCVOG0282-consensus	NODE_4223_length_1600_cov_9.814183	30.60	317	180	40	299	582	1435	515	1.4e-16	89.9
NCVOG0282-consensus	NODE_15569_length_539_cov_13.491342	37.28	169	92	14	438	601	533	57	1.9e-15	84.6
NCVOG0282-consensus	NODE_6513_length_1225_cov_10.912021	31.25	192	112	20	411	594	1042	506	3.1e-14	81.8
NCVOG0282-consensus	NODE_3731_length_1712_cov_12.018349	26.28	274	174	28	317	570	1453	659	1.2e-13	80.3
NCVOG0282-consensus	NODE_2315_length_2131_cov_10.403116	28.72	195	121	18	399	582	2056	1496	2.4e-12	76.3
NCVOG0282-consensus	NODE_63_length_6708_cov_11.125924	31.33	316	172	45	307	584	1558	2473	3.4e-12	77.4
NCVOG0282-consensus	NODE_5802_length_1330_cov_7.334131	35.07	134	68	19	400	522	461	89	1e-11	73.5
NCVOG0282-consensus	NODE_11879_length_735_cov_15.306991	32.11	218	116	32	323	520	614	4	2.2e-11	71.5
NCVOG4883-consensus	NODE_3439_length_1774_cov_9.968768	32.26	403	234	39	40	424	598	1736	1.3e-31	139.1
NCVOG4883-consensus	NODE_33454_length_257_cov_9.572222	51.19	84	41	0	229	312	1	249	1.3e-12	73.1
NCVOG0360-consensus	NODE_4584_length_1538_cov_11.364134	42.72	309	158	19	24	315	1265	352	9.7e-66	251.7
NCVOG0979-consensus	NODE_1167_length_2759_cov_10.955257	45.98	348	153	35	3	317	1482	2508	6.3e-53	210.2
NCVOG0979-consensus	NODE_5487_length_1385_cov_7.022171	47.13	174	89	3	145	317	61	573	8.9e-51	202.1
NCVOG0979-consensus	NODE_29975_length_279_cov_6.801980	53.76	93	33	10	4	86	1	274	3.1e-18	91.7
NCVOG0979-consensus	NODE_73672_length_155_cov_8.884615	63.83	47	17	0	164	210	149	12	4.5e-17	87.0
NCVOG0979-consensus	NODE_5819_length_1327_cov_9.290400	42.42	165	74	21	3	146	795	1286	8.6e-15	82.5
NCVOG0699-consensus	NODE_1369_length_2608_cov_8.504939	26.83	451	287	43	12	426	2429	1113	1e-13	80.2
NCVOG0699-consensus	NODE_154_length_5062_cov_16.790973	23.75	341	246	14	104	430	2316	3335	2.1e-13	80.1
NCVOG0699-consensus	NODE_7140_length_1147_cov_7.585981	26.42	265	185	10	174	430	813	28	2.7e-12	74.3
NCVOG0699-consensus	NODE_6669_length_1205_cov_9.190603	26.40	322	216	21	144	448	1193	243	2.6e-11	71.1
NCVOG4274-consensus	NODE_4495_length_1552_cov_10.357288	22.46	414	289	32	311	709	1551	364	1.2e-11	73.4
NCVOG2734-consensus	NODE_1189_length_2740_cov_10.820879	27.68	224	154	8	53	268	966	298	1.2e-18	97.3
NCVOG0274-consensus	NODE_7954_length_1049_cov_11.934156	48.52	237	115	7	625	855	1025	321	3.1e-52	208.5
NCVOG0274-consensus	NODE_3393_length_1784_cov_9.673697	31.46	604	338	76	453	989	1781	6	3e-35	152.8
NCVOG0274-consensus	NODE_2842_length_1945_cov_10.299786	35.90	273	174	1	1102	1373	124	939	9.6e-34	147.9
NCVOG0274-consensus	NODE_12746_length_682_cov_9.226446	43.48	230	109	21	358	575	682	27	3.2e-22	108.1
NCVOG0274-consensus	NODE_47584_length_206_cov_15.054264	68.66	67	21	0	432	498	206	9	1e-16	88.1
NCVOG0274-consensus	NODE_4061_length_1633_cov_10.077121	35.17	489	248	69	609	1035	1	1421	8.5e-15	84.7
NCVOG0274-consensus	NODE_2521_length_2056_cov_9.898434	33.65	422	160	120	17	321	808	2051	4.6e-13	79.3
NCVOG0274-consensus	NODE_56477_length_182_cov_9.542857	58.33	60	25	0	323	382	182	6	7.4e-13	75.1
NCVOG0274-consensus	NODE_5228_length_1427_cov_11.546667	30.47	384	192	75	50	362	1137	9	1.6e-11	73.6
NCVOG0274-consensus	NODE_77820_length_155_cov_7.692308	80.00	45	9	0	971	1015	137	6	6.5e-11	68.5
NCVOG0274-consensus	NODE_74196_length_155_cov_8.679487	80.00	45	9	0	971	1015	137	6	6.5e-11	68.5
NCVOG0074-consensus	NODE_820_length_3106_cov_14.597227	61.73	635	223	20	23	637	3106	1213	9.2e-204	712.2
NCVOG0074-consensus	NODE_336_length_4104_cov_7.723119	54.55	583	228	37	5	556	2688	965	1.3e-158	562.7
NCVOG0074-consensus	NODE_1147_length_2779_cov_6.704293	54.43	564	230	27	14	556	2285	615	3.2e-154	547.5
NCVOG0074-consensus	NODE_8509_length_994_cov_17.656489	59.52	336	111	25	151	465	1	987	3.6e-107	389.7
NCVOG0074-consensus	NODE_6153_length_1277_cov_12.092500	43.73	311	167	8	320	630	1277	372	1.9e-81	304.6
NCVOG0074-consensus	NODE_7870_length_1058_cov_10.434251	32.92	319	192	22	180	487	22	942	6.6e-46	186.3
NCVOG0074-consensus	NODE_12803_length_678_cov_12.710483	44.92	187	101	2	444	628	8	565	3.1e-44	180.1
NCVOG0074-consensus	NODE_6654_length_1207_cov_9.272566	69.79	96	28	1	13	107	918	1202	2.5e-37	158.0
NCVOG0074-consensus	NODE_8053_length_1038_cov_11.062435	28.90	346	206	40	214	525	1022	6	2.8e-33	144.3
NCVOG0074-consensus	NODE_40195_length_227_cov_9.953333	72.73	77	19	2	153	229	227	6	1.3e-29	129.9
NCVOG0074-consensus	NODE_35938_length_245_cov_0.678571	63.75	80	29	0	283	362	244	8	2.3e-28	125.9
NCVOG0074-consensus	NODE_9241_length_926_cov_12.718492	43.75	160	73	17	2	147	458	921	6.7e-25	116.3
NCVOG0074-consensus	NODE_3053_length_1887_cov_8.410497	22.98	531	352	57	11	523	3	1471	5.1e-23	111.1
NCVOG0074-consensus	NODE_4520_length_1548_cov_8.556084	42.44	172	88	11	387	549	25	531	3.2e-22	108.2
NCVOG0074-consensus	NODE_62667_length_167_cov_6.000000	76.36	55	13	0	123	177	1	162	4.9e-22	104.3
NCVOG0074-consensus	NODE_62759_length_167_cov_5.244444	76.36	55	13	0	123	177	1	162	4.9e-22	104.3
NCVOG0074-consensus	NODE_65268_length_161_cov_8.380952	75.00	52	13	0	294	345	4	156	3e-20	98.3
NCVOG0074-consensus	NODE_72424_length_155_cov_9.410256	79.25	53	9	2	153	205	1	150	2.6e-19	95.2
NCVOG0074-consensus	NODE_57462_length_179_cov_24.343137	68.97	58	18	0	109	166	179	9	3.4e-19	95.0
NCVOG0074-consensus	NODE_62409_length_167_cov_8.866667	69.09	55	17	0	227	281	1	162	6.3e-19	94.0
NCVOG0074-consensus	NODE_29496_length_283_cov_5.466019	52.17	92	34	10	384	465	4	276	6.5e-19	94.7
NCVOG0074-consensus	NODE_101414_length_138_cov_12.311475	83.72	43	7	0	5	47	8	133	9.2e-19	93.2
NCVOG0074-consensus	NODE_33468_length_257_cov_8.566667	70.91	55	15	1	13	66	91	252	1.1e-18	93.8
NCVOG0074-consensus	NODE_78747_length_155_cov_7.487179	83.72	43	7	0	5	47	25	150	1.1e-18	93.0
NCVOG0074-consensus	NODE_45406_length_212_cov_11.414815	54.41	68	31	0	477	544	1	201	1.3e-18	93.3
NCVOG0074-consensus	NODE_6831_length_1183_cov_14.112116	38.00	200	96	28	6	177	674	82	6.1e-18	93.6
NCVOG0074-consensus	NODE_5341_length_1408_cov_7.777611	66.20	71	14	10	6	66	1195	1404	5.6e-16	87.3
NCVOG0074-consensus	NODE_99883_length_147_cov_14.785714	74.00	50	11	2	154	203	2	142	8.1e-16	83.5
NCVOG0074-consensus	NODE_70964_length_155_cov_10.333333	66.67	51	17	0	83	133	155	6	1.5e-15	82.7
NCVOG0074-consensus	NODE_69800_length_155_cov_12.051282	66.67	51	17	0	83	133	1	150	1.5e-15	82.7
NCVOG0074-consensus	NODE_99458_length_149_cov_11.555556	72.34	47	13	0	316	362	1	138	2.9e-15	81.7
NCVOG0074-consensus	NODE_70274_length_155_cov_11.153846	64.71	51	18	0	389	439	155	6	5.1e-15	80.9
NCVOG0074-consensus	NODE_78184_length_155_cov_7.602564	63.27	49	18	0	477	525	1	144	1.1e-14	79.9
NCVOG0074-consensus	NODE_73819_length_155_cov_8.833333	60.78	51	20	0	205	255	1	150	3.7e-14	78.1
NCVOG0074-consensus	NODE_85136_length_155_cov_6.333333	60.78	51	20	0	205	255	1	150	3.7e-14	78.1
NCVOG0074-consensus	NODE_31715_length_268_cov_6.078534	58.57	70	18	11	316	374	268	66	3.3e-12	72.4
NCVOG0074-consensus	NODE_48545_length_204_cov_6.480315	43.10	58	33	0	387	444	180	10	5.2e-12	71.3
NCVOG0074-consensus	NODE_12354_length_706_cov_15.089030	33.05	233	122	34	2	200	695	6	6.1e-12	72.9
NCVOG4654-consensus	NODE_18577_length_437_cov_7.575000	38.78	49	30	0	14	62	10	153	6.8e-12	70.7
NCVOG1299-consensus	NODE_10466_length_830_cov_9.847278	59.55	89	27	9	67	146	48	311	5.1e-21	101.2
NCVOG1299-consensus	NODE_10466_length_830_cov_9.847278	39.29	112	51	17	5	99	493	825	7.7e-16	84.0
NCVOG1299-consensus	NODE_2246_length_2155_cov_11.214148	42.36	144	62	21	2	126	1226	806	2e-18	94.0
NCVOG1299-consensus	NODE_22374_length_358_cov_16.925267	45.45	66	36	0	76	141	4	198	3.8e-13	73.8
NCVOG0064-consensus	NODE_6141_length_1279_cov_11.061564	27.99	343	190	57	1	297	250	1238	1.4e-13	78.9
NCVOG0064-consensus	NODE_7495_length_1101_cov_8.789062	23.13	294	194	32	3	275	847	6	5.1e-11	70.1
NCVOG1354-consensus	NODE_3408_length_1781_cov_10.803991	34.51	113	66	8	173	283	461	148	1.3e-11	72.6
NCVOG2254-consensus	NODE_52191_length_194_cov_6.427350	52.46	61	26	3	276	334	7	183	8.9e-14	77.9
NCVOG2254-consensus	NODE_1029_length_2876_cov_10.949982	31.13	379	191	70	25	343	1141	48	1.8e-11	74.1
NCVOG4324-consensus	NODE_7130_length_1147_cov_13.693458	33.42	404	224	45	199	578	1	1142	1.4e-28	128.9
NCVOG4134-consensus	NODE_2878_length_1937_cov_9.484409	34.44	482	220	96	3	416	564	1906	9.2e-11	70.0
NCVOG0244-consensus	NODE_4210_length_1602_cov_10.310164	28.78	205	135	11	221	421	692	106	2.8e-13	78.4
NCVOG0304-consensus	NODE_6128_length_1280_cov_12.320033	34.42	154	89	12	56	200	509	954	2.6e-12	74.6
NCVOG0304-consensus	NODE_4223_length_1600_cov_9.814183	36.00	125	69	11	82	201	1223	870	2.1e-11	71.9
NCVOG0214-consensus	NODE_4814_length_1501_cov_11.346910	27.53	247	169	10	306	544	346	1069	1.6e-11	72.9
NCVOG1004-consensus	NODE_29929_length_279_cov_11.242574	36.36	88	51	5	226	312	252	4	3e-13	75.4
NCVOG1004-consensus	NODE_29995_length_279_cov_6.455446	35.23	88	52	5	226	312	252	4	2.1e-12	72.6
NCVOG0276-consensus	NODE_18116_length_450_cov_13.597855	61.07	131	40	11	238	357	3	392	2.6e-38	159.0
NCVOG0276-consensus	NODE_7677_length_1079_cov_10.969062	62.92	267	57	42	38	262	289	1076	4.8e-25	116.2
NCVOG0276-consensus	NODE_42856_length_220_cov_6.286713	68.92	74	10	13	202	262	3	217	8.5e-20	96.5
NCVOG0276-consensus	NODE_6303_length_1253_cov_11.362245	29.15	271	167	25	30	275	411	1214	4.6e-19	96.5
NCVOG0276-consensus	NODE_79713_length_155_cov_7.294872	73.17	41	11	0	169	209	25	144	1.8e-17	88.2
NCVOG0276-consensus	NODE_79870_length_155_cov_7.269231	72.97	37	10	0	132	168	153	46	4.8e-13	73.5
NCVOG4882-consensus	NODE_4127_length_1620_cov_12.917693	32.93	331	199	23	399	718	291	1244	2.3e-24	116.0
NCVOG2204-consensus	NODE_1074_length_2830_cov_7.642572	38.46	455	223	57	27	425	2255	905	3.2e-33	145.1
NCVOG2204-consensus	NODE_1074_length_2830_cov_7.642572	37.24	145	81	10	4	138	440	9	1.3e-21	106.5
NCVOG2204-consensus	NODE_4915_length_1481_cov_8.144587	45.91	257	102	37	205	425	1	759	4e-28	127.2
NCVOG2204-consensus	NODE_102225_length_134_cov_3.333333	58.14	43	17	1	366	408	134	12	1.1e-12	72.4
NCVOG2204-consensus	NODE_64843_length_162_cov_7.929412	61.82	55	11	10	314	358	2	159	1.6e-12	72.2
NCVOG0777-consensus	NODE_2915_length_1929_cov_9.889849	24.59	305	204	26	175	474	977	1825	8.1e-18	95.1
NCVOG0777-consensus	NODE_11387_length_769_cov_5.998555	35.92	245	106	51	189	415	682	50	2.5e-11	72.2
NCVOG2610-consensus	NODE_4990_length_1469_cov_6.711207	21.43	252	190	8	128	376	1372	635	1.2e-11	72.2
NCVOG4020-consensus	NODE_6715_length_1199_cov_8.026738	24.40	209	136	22	274	462	1168	553	8.2e-11	69.7
NCVOG0030-consensus	NODE_1003_length_2903_cov_9.617127	33.99	562	243	128	51	500	2868	1258	8.4e-33	144.5
NCVOG0030-consensus	NODE_6176_length_1272_cov_10.538075	38.53	218	116	18	266	472	162	787	5.7e-22	107.3
NCVOG0030-consensus	NODE_32579_length_263_cov_4.075269	62.50	64	24	0	335	398	194	6	9.7e-22	104.2
NCVOG0030-consensus	NODE_17223_length_479_cov_11.768657	32.93	164	101	9	258	419	7	474	4.1e-16	86.4
NCVOG0030-consensus	NODE_848_length_3064_cov_9.544359	38.70	230	86	55	26	213	2382	3023	1.2e-13	81.0
NCVOG0030-consensus	NODE_3420_length_1779_cov_7.533490	27.74	411	227	70	42	421	1737	633	2.2e-11	72.6
NCVOG4494-consensus	NODE_10667_length_815_cov_11.197832	36.94	268	150	19	26	285	1	768	4.8e-27	123.0
NCVOG4494-consensus	NODE_4601_length_1534_cov_9.332189	35.47	265	155	16	29	289	894	139	1.3e-24	115.8
NCVOG4494-consensus	NODE_4966_length_1472_cov_10.064516	33.57	283	172	16	17	295	655	1464	1.2e-22	109.2
NCVOG4494-consensus	NODE_15767_length_533_cov_8.228070	39.38	160	97	0	22	181	482	6	1.5e-21	104.1
NCVOG4494-consensus	NODE_15352_length_548_cov_12.802548	42.28	149	86	0	44	192	449	6	2.2e-21	103.6
NCVOG4494-consensus	NODE_2260_length_2152_cov_11.228434	36.72	177	109	3	20	193	2113	1586	9.8e-21	103.4
NCVOG4494-consensus	NODE_5843_length_1323_cov_10.430177	29.89	281	186	11	23	295	1218	400	1.4e-20	102.2
NCVOG4494-consensus	NODE_9476_length_905_cov_11.607488	36.96	230	129	16	79	302	241	897	1.6e-19	98.2
NCVOG4494-consensus	NODE_21255_length_378_cov_6.156146	42.40	125	72	0	97	221	1	372	9.2e-17	87.7
NCVOG4494-consensus	NODE_19752_length_408_cov_15.927492	34.81	135	88	0	64	198	3	404	2.2e-16	86.5
NCVOG4494-consensus	NODE_4872_length_1488_cov_9.450035	28.15	341	218	27	21	347	336	1316	2.7e-14	81.5
NCVOG4494-consensus	NODE_16568_length_503_cov_11.018779	33.53	167	110	1	29	195	1	495	3.7e-14	79.5
NCVOG4494-consensus	NODE_1641_length_2456_cov_9.547289	43.44	122	68	1	55	175	2384	2024	7.4e-14	80.7
NCVOG4494-consensus	NODE_370_length_3980_cov_9.694081	28.62	290	181	26	45	314	3003	3851	7.6e-14	81.4
NCVOG4494-consensus	NODE_12487_length_698_cov_11.428341	31.58	171	116	1	62	231	608	99	1.6e-12	74.5
NCVOG4494-consensus	NODE_17014_length_487_cov_5.129268	32.91	158	96	10	45	193	471	4	2.8e-12	73.2
NCVOG4494-consensus	NODE_18609_length_436_cov_8.796657	34.75	141	91	1	60	199	424	5	5e-12	72.2
NCVOG4494-consensus	NODE_16015_length_523_cov_15.681614	37.65	170	94	12	50	208	16	515	5.5e-11	69.0
NCVOG4494-consensus	NODE_3847_length_1684_cov_10.710019	28.92	249	165	12	67	310	728	6	6.7e-11	70.4
NCVOG4494-consensus	NODE_1402_length_2591_cov_10.943914	29.79	329	189	42	6	314	425	1342	9.3e-11	70.5
NCVOG0296-consensus	NODE_1683_length_2437_cov_9.921610	32.28	158	94	13	10	155	540	1003	7e-11	71.1
NCVOG0727-consensus	NODE_559_length_3524_cov_8.947200	28.28	198	119	23	48	226	2940	3518	1.3e-17	93.0
NCVOG0196-consensus	NODE_10118_length_854_cov_7.978121	25.51	247	149	35	282	512	800	120	9e-12	72.5
NCVOG0267-consensus	NODE_11268_length_776_cov_11.041488	28.91	256	148	34	418	652	731	6	5.5e-27	123.8
NCVOG0267-consensus	NODE_11072_length_788_cov_8.693390	30.60	232	129	32	418	632	653	6	4.9e-25	117.4
NCVOG0267-consensus	NODE_8116_length_1031_cov_10.320755	31.12	286	156	41	412	670	107	913	2.4e-18	95.5
NCVOG0267-consensus	NODE_11526_length_760_cov_10.248902	29.20	226	138	22	446	664	760	131	4.1e-18	94.3
NCVOG0267-consensus	NODE_3589_length_1741_cov_8.836538	30.00	360	198	54	336	658	1136	119	2.6e-14	82.9
NCVOG0267-consensus	NODE_9626_length_894_cov_7.660955	42.86	70	40	0	598	667	576	782	1.7e-11	72.6
NCVOG0267-consensus	NODE_10505_length_827_cov_9.065333	28.40	250	143	36	390	617	95	795	3.2e-11	71.6
NCVOG0267-consensus	NODE_55478_length_185_cov_7.157407	45.90	61	33	0	608	668	1	180	5.6e-11	68.6
NCVOG0267-consensus	NODE_8743_length_971_cov_10.939597	32.50	120	75	6	608	721	971	617	9.3e-11	70.2
NCVOG0067-consensus	NODE_541_length_3548_cov_10.150389	25.95	343	215	39	147	480	2557	3486	7.8e-23	111.3
NCVOG4357-consensus	NODE_1521_length_2519_cov_16.821867	33.06	363	214	29	148	487	43	1110	5e-49	197.6
NCVOG4357-consensus	NODE_1521_length_2519_cov_16.821867	38.89	126	76	1	3	127	2137	2511	3.1e-29	131.8
NCVOG0157-consensus	NODE_2518_length_2057_cov_10.133838	26.17	512	338	40	10	503	577	2035	6e-12	74.2
NCVOG0157-consensus	NODE_4872_length_1488_cov_9.450035	24.89	458	319	25	62	516	138	1442	2.6e-11	71.6
NCVOG0817-consensus	NODE_19094_length_424_cov_18.893372	41.41	128	68	7	316	438	380	6	1.1e-23	110.8
NCVOG0817-consensus	NODE_29995_length_279_cov_6.455446	38.54	96	54	5	232	325	279	4	8e-13	74.1
NCVOG0817-consensus	NODE_29929_length_279_cov_11.242574	37.50	96	55	5	232	325	279	4	1e-12	73.8
NCVOG0046-consensus	NODE_7907_length_1054_cov_12.834186	30.12	166	108	8	3	160	846	356	5.2e-15	82.7
NCVOG0046-consensus	NODE_32987_length_260_cov_7.885246	47.95	73	34	4	1	69	37	252	9.2e-13	73.2
NCVOG0046-consensus	NODE_32976_length_260_cov_8.213115	47.95	73	34	4	1	69	37	252	9.2e-13	73.2
NCVOG0046-consensus	NODE_14942_length_566_cov_7.276074	41.18	68	40	0	3	70	403	203	8.5e-11	67.8
NCVOG0047-consensus	NODE_9440_length_908_cov_11.456077	28.46	260	164	22	173	422	819	79	1.5e-25	119.0
NCVOG0037-consensus	NODE_14811_length_572_cov_7.284848	59.68	186	55	20	649	814	3	557	5.2e-55	216.4
NCVOG0037-consensus	NODE_552_length_3532_cov_9.797685	45.28	762	302	115	396	1042	13	2271	4.8e-53	212.5
NCVOG0037-consensus	NODE_37807_length_236_cov_4.849057	70.27	74	22	0	396	469	13	231	1.1e-31	137.7
NCVOG0037-consensus	NODE_34084_length_254_cov_6.734463	53.25	77	31	5	505	576	4	231	6.8e-23	108.6
NCVOG0037-consensus	NODE_27413_length_299_cov_8.090090	52.63	76	34	2	279	352	233	9	2.7e-20	100.2
NCVOG0037-consensus	NODE_3399_length_1783_cov_8.852286	38.10	441	177	96	7	352	1317	9	2.3e-17	93.0
NCVOG0778-consensus	NODE_12649_length_688_cov_35.497545	35.06	231	142	8	268	498	671	6	1.7e-31	137.7
NCVOG0778-consensus	NODE_45379_length_212_cov_28.703704	36.92	65	41	0	268	332	197	6	1.2e-13	76.7
NCVOG0778-consensus	NODE_50547_length_198_cov_21.289256	43.28	67	35	3	322	388	197	9	1.4e-12	73.0
NCVOG0017-consensus	NODE_8294_length_1015_cov_9.440299	31.40	293	142	59	49	282	884	19	2.2e-13	77.4
NCVOG0017-consensus	NODE_47828_length_206_cov_6.465116	44.62	65	36	0	117	181	206	15	1e-12	72.8
NCVOG0017-consensus	NODE_15843_length_530_cov_7.472406	26.67	180	114	18	97	264	3	517	2.6e-12	72.8
NCVOG0007-consensus	NODE_39526_length_230_cov_4.104575	46.15	65	35	0	135	199	227	36	8.9e-13	73.2
NCVOG0007-consensus	NODE_39527_length_230_cov_4.091503	46.03	63	34	0	137	199	221	36	1.4e-11	69.2
NCVOG0335-consensus	NODE_9440_length_908_cov_11.456077	32.08	265	160	20	170	429	822	76	8.3e-20	100.0
NCVOG1115-consensus	NODE_11734_length_745_cov_22.086826	32.08	240	111	52	151	340	37	741	7.6e-11	68.7
NCVOG0015-consensus	NODE_11606_length_755_cov_9.370206	28.69	251	160	19	104	345	746	31	2.2e-20	100.6
NCVOG0015-consensus	NODE_7401_length_1112_cov_11.272464	30.24	248	150	23	36	263	726	7	9e-16	85.9
NCVOG0015-consensus	NODE_19664_length_410_cov_10.870871	35.66	129	76	7	90	211	22	405	3.3e-12	72.6
NCVOG0005-consensus	NODE_13193_length_655_cov_12.065744	29.71	138	93	4	102	235	538	132	6.9e-14	78.8
NCVOG0486-consensus	NODE_19754_length_408_cov_13.694864	34.62	78	49	2	234	311	1	225	3.3e-13	75.6
NCVOG0744-consensus	NODE_7850_length_1060_cov_12.613428	31.33	233	152	8	205	434	282	958	4.7e-29	130.1
NCVOG0744-consensus	NODE_12666_length_687_cov_9.227869	55.74	61	27	0	125	185	451	630	1.4e-17	91.3
NCVOG0744-consensus	NODE_2232_length_2161_cov_13.662668	30.58	412	216	70	86	428	1227	6	2e-15	85.8
NCVOG0284-consensus	NODE_2245_length_2155_cov_11.447064	36.67	180	91	23	151	309	450	976	2e-14	81.8
NCVOG0284-consensus	NODE_3731_length_1712_cov_12.018349	27.45	306	186	36	18	309	1471	629	6e-12	73.2
NCVOG4129-consensus	NODE_4990_length_1469_cov_6.711207	25.22	341	247	8	13	348	153	1163	4.1e-19	97.2
NCVOG4129-consensus	NODE_1052_length_2854_cov_6.361181	27.64	199	143	1	31	229	2851	2261	9.3e-14	80.4
NCVOG4129-consensus	NODE_9388_length_914_cov_4.819594	25.00	248	180	6	4	246	1	734	2.8e-12	73.8
NCVOG4129-consensus	NODE_4656_length_1525_cov_5.488950	31.66	259	154	23	6	250	770	1510	3.6e-12	74.2
NCVOG4129-consensus	NODE_2226_length_2164_cov_6.943939	25.42	236	168	8	3	232	76	770	9.2e-11	70.0
NCVOG0806-consensus	NODE_5121_length_1443_cov_12.167643	36.61	407	204	54	86	446	193	1372	7.6e-30	132.9
NCVOG0329-consensus	NODE_3404_length_1782_cov_9.919648	38.43	242	113	36	1103	1312	712	6	1.2e-20	104.2
NCVOG0329-consensus	NODE_6079_length_1287_cov_10.185124	25.23	432	289	34	300	712	1264	29	4.4e-12	75.3
NCVOG0329-consensus	NODE_47619_length_206_cov_10.457364	38.81	67	36	5	1149	1215	7	189	6.2e-12	72.2
NCVOG0329-consensus	NODE_6035_length_1295_cov_8.215928	20.14	278	203	19	355	623	28	828	4.9e-11	71.8
NCVOG0029-consensus	NODE_3230_length_1839_cov_9.094211	32.89	529	260	95	21	464	1549	6	5.4e-43	177.2
NCVOG0029-consensus	NODE_497_length_3667_cov_9.926741	31.21	346	179	59	54	344	2325	1307	2.3e-20	103.0
NCVOG0029-consensus	NODE_5770_length_1336_cov_12.623511	28.90	301	158	56	188	434	1336	449	9.9e-18	92.8
NCVOG0029-consensus	NODE_55985_length_184_cov_6.102804	46.67	60	32	0	153	212	182	6	1.5e-12	72.7
NCVOG0029-consensus	NODE_18736_length_433_cov_6.629213	56.82	44	19	0	149	192	225	97	9.9e-11	67.9
NCVOG4566-consensus	NODE_4990_length_1469_cov_6.711207	22.47	494	342	41	29	516	1456	83	3.2e-18	95.4
NCVOG4566-consensus	NODE_2004_length_2264_cov_10.203018	27.19	217	147	11	295	511	1614	2228	6e-11	71.9
NCVOG4154-consensus	NODE_29598_length_282_cov_6.043902	44.95	109	43	17	124	232	5	277	5.6e-11	67.3
NCVOG4154-consensus	NODE_29186_length_285_cov_7.562500	46.79	109	42	16	146	254	5	280	6.9e-11	67.0
NCVOG5034-consensus	NODE_4990_length_1469_cov_6.711207	29.32	191	127	8	169	351	1441	872	1.3e-11	72.0
NCVOG4416-consensus	NODE_13923_length_613_cov_16.350746	32.92	161	104	4	97	253	502	23	2.2e-12	72.9
NCVOG0242-consensus	NODE_8925_length_954_cov_11.481186	32.18	174	95	23	464	620	258	756	9.1e-16	86.1
NCVOG0332-consensus	NODE_10223_length_846_cov_10.569571	30.16	126	83	5	109	232	834	469	2.3e-14	80.3
NCVOG1326-consensus	NODE_4930_length_1478_cov_8.486081	50.78	128	62	1	23	149	404	784	7e-40	164.7
NCVOG1326-consensus	NODE_10095_length_856_cov_8.971759	41.95	174	77	24	1	150	540	28	8.8e-34	143.7
NCVOG1326-consensus	NODE_21174_length_379_cov_22.430464	48.74	119	57	4	31	146	12	362	8.6e-33	139.2
NCVOG1326-consensus	NODE_26785_length_305_cov_6.618421	49.43	87	44	0	60	146	40	297	9.9e-29	125.4
NCVOG1326-consensus	NODE_3764_length_1706_cov_9.746470	49.43	87	44	0	60	146	539	796	1.9e-27	123.6
NCVOG0036-consensus	NODE_4050_length_1636_cov_12.384221	40.79	152	88	2	73	222	514	62	1.9e-26	121.4
NCVOG0222-consensus	NODE_4990_length_1469_cov_6.711207	39.00	441	233	36	72	502	1357	116	6.2e-42	173.3
NCVOG0222-consensus	NODE_6035_length_1295_cov_8.215928	22.37	371	267	21	150	506	7	1095	3.1e-18	94.4
NCVOG0222-consensus	NODE_4495_length_1552_cov_10.357288	23.67	414	298	18	87	500	1536	352	7.3e-16	86.8
NCVOG0222-consensus	NODE_263_length_4390_cov_9.839323	30.42	263	173	10	132	394	3630	4385	2.5e-11	73.2
NCVOG0222-consensus	NODE_4656_length_1525_cov_5.488950	24.43	397	273	27	128	518	1525	405	6.9e-11	70.2
NCVOG0014-consensus	NODE_4303_length_1586_cov_10.197482	24.57	403	267	37	116	490	1361	187	1.4e-14	82.5
NCVOG0014-consensus	NODE_3561_length_1746_cov_8.593170	24.73	283	195	18	32	304	823	6	1.6e-13	79.2
NCVOG0014-consensus	NODE_19664_length_410_cov_10.870871	30.88	136	94	0	144	279	1	405	3.2e-13	76.1
NCVOG0014-consensus	NODE_7401_length_1112_cov_11.272464	26.17	214	142	16	145	351	672	61	3.6e-13	77.4
NCVOG0014-consensus	NODE_11606_length_755_cov_9.370206	28.32	226	148	14	171	395	728	93	5.7e-13	76.2
NCVOG0014-consensus	NODE_12790_length_679_cov_11.431894	29.86	144	92	9	86	220	443	15	1.2e-12	75.0
NCVOG0014-consensus	NODE_1919_length_2305_cov_11.304309	28.85	156	109	2	128	282	479	18	2.9e-11	72.1
NCVOG0002-consensus	NODE_5089_length_1448_cov_10.423778	35.87	276	162	15	301	569	1058	258	1.7e-30	135.9
NCVOG0002-consensus	NODE_7225_length_1136_cov_8.768650	28.33	240	154	18	332	557	732	30	1.9e-18	95.6
NCVOG0002-consensus	NODE_11077_length_787_cov_13.281690	30.91	275	161	29	488	751	787	26	1.6e-14	82.0
NCVOG0002-consensus	NODE_912_length_2989_cov_8.719093	22.16	695	475	66	157	829	160	2095	1.5e-11	74.1
NCVOG1194-consensus	NODE_98797_length_152_cov_4.426667	50.00	50	25	0	62	111	152	6	3e-18	90.8
NCVOG0780-consensus	NODE_5259_length_1422_cov_10.879554	26.88	320	201	33	21	324	918	15	1.4e-15	85.3
NCVOG4845-consensus	NODE_5128_length_1442_cov_10.731868	26.50	532	308	83	74	595	49	1422	2e-33	145.3
NCVOG4845-consensus	NODE_8551_length_989_cov_11.732456	29.66	236	141	25	89	314	821	162	1.8e-22	108.3
NCVOG4845-consensus	NODE_298_length_4250_cov_7.718907	32.97	185	110	14	137	310	637	99	8.2e-21	104.9
NCVOG0585-consensus	NODE_6057_length_1291_cov_8.948929	31.08	222	113	40	292	511	1227	679	1.9e-11	71.8
NCVOG0743-consensus	NODE_3371_length_1793_cov_9.145688	27.75	191	127	11	70	252	1793	1233	1.2e-16	89.3
NCVOG2775-consensus	NODE_1189_length_2740_cov_10.820879	35.55	256	156	9	161	410	942	187	4.6e-29	131.6
NCVOG2775-consensus	NODE_1277_length_2678_cov_9.640138	28.10	395	229	55	201	548	2599	1450	3.1e-15	85.6
NCVOG2775-consensus	NODE_58_length_6960_cov_7.893651	28.68	394	243	38	7	384	3565	4671	3e-14	83.7
NCVOG2775-consensus	NODE_4210_length_1602_cov_10.310164	32.14	224	130	22	182	383	674	12	2.4e-12	75.3
NCVOG2775-consensus	NODE_103_length_5711_cov_10.331381	34.43	212	127	12	144	344	5083	5706	5.6e-11	72.6
NCVOG0924-consensus	NODE_11678_length_749_cov_12.505952	37.04	81	46	5	26	106	401	625	2.5e-11	69.2
NCVOG3063-consensus	NODE_9583_length_897_cov_6.279268	25.00	272	178	26	36	295	894	124	1.3e-11	71.2
NCVOG0893-consensus	NODE_14887_length_568_cov_10.723014	26.74	187	125	12	178	352	4	559	9.1e-26	118.8
NCVOG0275-consensus	NODE_17447_length_470_cov_10.132316	36.79	106	66	1	34	138	464	150	1.7e-17	89.0
NCVOG0275-consensus	NODE_6106_length_1284_cov_7.018227	30.70	114	76	3	7	119	34	366	1.4e-13	77.5
NCVOG0275-consensus	NODE_1922_length_2303_cov_10.612309	24.57	175	129	3	6	179	1686	1171	6.3e-13	76.2
NCVOG0729-consensus	NODE_6845_length_1182_cov_9.029864	33.17	407	207	65	134	487	1178	7	2.5e-27	124.6
NCVOG0729-consensus	NODE_14274_length_597_cov_9.909615	49.31	144	53	20	5	129	58	483	3.5e-25	116.4
NCVOG0729-consensus	NODE_83734_length_155_cov_6.564103	64.71	51	18	0	52	102	155	6	6.3e-19	93.7
NCVOG0729-consensus	NODE_18969_length_428_cov_5.658120	38.10	126	58	20	166	277	427	73	2.4e-15	83.2
NCVOG5103-consensus	NODE_209_length_4664_cov_11.150861	25.24	206	134	20	316	517	3259	3825	1.3e-19	101.8
NCVOG5103-consensus	NODE_13422_length_641_cov_9.762411	36.14	202	112	17	309	500	55	636	4.4e-18	93.9
NCVOG5103-consensus	NODE_10791_length_807_cov_5.154795	24.08	191	144	1	324	513	804	235	4.2e-15	84.3
NCVOG5103-consensus	NODE_8010_length_1044_cov_9.731127	45.61	57	30	1	442	498	294	130	9e-13	76.9
NCVOG5103-consensus	NODE_6628_length_1209_cov_11.726148	28.76	299	188	25	164	455	845	6	1.2e-12	76.7
NCVOG5103-consensus	NODE_34751_length_251_cov_4.459770	51.11	45	21	1	452	496	134	6	8.5e-12	71.6
NCVOG5103-consensus	NODE_14434_length_589_cov_11.886719	28.81	118	84	0	336	453	1	351	2.5e-11	71.3
NCVOG4874-consensus	NODE_6311_length_1253_cov_6.685374	43.98	266	114	35	120	366	13	755	6.4e-71	268.8
NCVOG4874-consensus	NODE_24263_length_332_cov_7.501961	56.25	96	42	0	151	246	326	42	5.2e-40	164.3
NCVOG4874-consensus	NODE_2698_length_1993_cov_8.395616	39.46	408	155	92	37	366	429	1595	2.7e-31	137.9
NCVOG4874-consensus	NODE_91189_length_155_cov_5.320513	53.85	52	23	1	90	141	155	6	1.2e-14	78.9
NCVOG4874-consensus	NODE_86746_length_155_cov_6.064103	53.85	52	23	1	90	141	155	6	1.2e-14	78.9
NCVOG4874-consensus	NODE_24785_length_326_cov_10.172691	42.57	101	46	12	25	114	29	321	1.3e-13	76.6
NCVOG4605-consensus	NODE_8798_length_965_cov_12.329955	26.80	306	202	22	254	546	3	890	3.3e-13	77.8
NCVOG4423-consensus	NODE_4286_length_1589_cov_8.685185	28.64	213	144	8	20	225	944	1572	5.4e-13	76.1
NCVOG4423-consensus	NODE_13923_length_613_cov_16.350746	38.52	135	79	4	89	219	505	104	7.2e-13	74.3
NCVOG4423-consensus	NODE_4850_length_1494_cov_8.273112	31.11	180	116	8	43	219	17	538	5.5e-12	72.6
NCVOG4423-consensus	NODE_2713_length_1987_cov_13.862827	37.71	175	104	5	51	220	729	212	7.8e-12	72.5
NCVOG4423-consensus	NODE_8699_length_976_cov_7.023359	40.29	139	79	4	88	222	665	252	8.6e-12	71.4
NCVOG4423-consensus	NODE_15453_length_544_cov_7.171306	36.36	143	87	4	82	220	101	526	1.5e-11	69.7
NCVOG4423-consensus	NODE_4694_length_1518_cov_14.988203	40.43	141	80	4	83	219	603	1022	1.7e-11	71.0
NCVOG4423-consensus	NODE_10804_length_806_cov_7.762689	31.03	232	133	27	3	222	700	53	1.8e-11	70.0
NCVOG4423-consensus	NODE_9334_length_918_cov_12.256837	35.04	137	85	4	90	222	118	525	2.1e-11	70.0
NCVOG4423-consensus	NODE_11146_length_783_cov_28.787535	40.44	136	77	4	88	219	337	741	8.5e-11	67.7
NCVOG0605-consensus	NODE_1333_length_2639_cov_10.657299	32.47	231	140	16	265	488	1287	625	2.4e-23	112.3
NCVOG0605-consensus	NODE_5271_length_1419_cov_13.155738	34.84	221	117	27	273	488	1416	823	3.3e-19	97.7
NCVOG0605-consensus	NODE_9758_length_882_cov_11.468323	35.68	213	112	25	279	488	298	867	2.1e-18	94.3
NCVOG0605-consensus	NODE_209_length_4664_cov_11.150861	24.20	471	327	30	4	470	483	1808	9e-18	94.6
NCVOG0605-consensus	NODE_17830_length_458_cov_10.530184	35.14	148	87	9	344	488	440	18	1.5e-16	87.2
NCVOG0605-consensus	NODE_2618_length_2022_cov_7.953728	28.39	236	153	16	265	490	959	1645	8.2e-15	83.6
NCVOG0605-consensus	NODE_26684_length_306_cov_6.685590	49.55	111	38	18	380	488	10	291	3.2e-14	78.9
NCVOG0605-consensus	NODE_16324_length_512_cov_5.682759	34.06	138	89	2	353	489	476	69	1.9e-13	77.0
NCVOG0605-consensus	NODE_4814_length_1501_cov_11.346910	24.75	295	197	25	200	493	61	870	1.3e-12	75.8
NCVOG0605-consensus	NODE_17317_length_476_cov_6.378446	36.72	128	61	20	371	490	464	120	3e-11	69.6
NCVOG1136-consensus	NODE_2941_length_1918_cov_10.488322	47.57	391	155	50	137	479	593	1754	9.9e-49	196.1
NCVOG1136-consensus	NODE_43409_length_218_cov_7.893617	68.57	70	21	1	267	335	212	6	1.1e-30	133.0
NCVOG1136-consensus	NODE_47113_length_208_cov_6.366412	63.08	65	22	2	352	414	12	203	2.6e-22	105.2
NCVOG1136-consensus	NODE_1544_length_2508_cov_7.728918	34.71	170	90	21	2	158	2213	1731	1.6e-15	86.2
NCVOG0822-consensus	NODE_103_length_5711_cov_10.331381	38.73	173	88	18	59	225	5198	5673	1.8e-14	84.0
NCVOG1049-consensus	NODE_3040_length_1891_cov_12.278942	33.94	327	202	14	2	324	385	1332	2.2e-56	221.0
NCVOG1049-consensus	NODE_1302_length_2665_cov_8.509660	33.15	184	118	5	3	183	552	10	1.5e-24	115.7
NCVOG4419-consensus	NODE_8393_length_1006_cov_12.783638	28.36	268	175	17	158	412	967	179	4e-11	70.1
NCVOG4419-consensus	NODE_5102_length_1445_cov_14.513158	25.69	288	186	28	79	345	352	1191	6.9e-11	69.8
NCVOG1339-consensus	NODE_8676_length_978_cov_7.981132	29.41	255	162	18	8	255	227	955	6.7e-22	105.5
NCVOG1339-consensus	NODE_2718_length_1987_cov_9.070157	28.31	272	167	28	1	255	684	1463	9.2e-22	106.1
NCVOG1339-consensus	NODE_2783_length_1965_cov_9.788136	28.30	265	175	15	7	265	8	772	5.8e-21	103.4
NCVOG1339-consensus	NODE_1259_length_2687_cov_8.328736	27.41	259	165	23	1	248	1199	1936	1.2e-18	96.2
NCVOG1339-consensus	NODE_6540_length_1222_cov_8.839301	33.47	242	138	23	2	231	233	916	3.6e-18	93.4
NCVOG1339-consensus	NODE_6602_length_1214_cov_7.527704	30.54	239	140	26	2	226	689	12	9e-18	92.1
NCVOG1339-consensus	NODE_489_length_3677_cov_9.920556	27.55	265	172	20	2	257	1571	813	1.4e-17	93.0
NCVOG1339-consensus	NODE_2594_length_2028_cov_19.529472	28.12	224	141	20	8	224	1391	2020	1.3e-16	89.0
NCVOG1339-consensus	NODE_12656_length_687_cov_19.767213	27.98	218	140	17	47	257	7	627	1.4e-16	87.3
NCVOG1339-consensus	NODE_7833_length_1062_cov_8.922843	31.46	213	126	20	7	210	608	6	5.6e-16	86.0
NCVOG1339-consensus	NODE_3960_length_1656_cov_9.677011	31.28	211	130	15	51	255	1	603	7.1e-16	86.3
NCVOG1339-consensus	NODE_1757_length_2395_cov_8.760569	28.80	191	131	5	48	237	1497	2054	1.9e-15	85.3
NCVOG1339-consensus	NODE_3062_length_1885_cov_8.107854	26.99	226	151	14	17	237	1402	755	1.5e-13	78.7
NCVOG1339-consensus	NODE_15_length_9945_cov_6.127787	27.20	261	165	25	6	257	2003	2734	7.9e-13	78.7
NCVOG1339-consensus	NODE_4244_length_1596_cov_10.892034	27.27	220	145	15	6	221	629	6	1.8e-12	74.9
NCVOG1339-consensus	NODE_5206_length_1431_cov_8.976366	28.34	187	112	22	92	273	3	509	1.8e-11	71.4
NCVOG1339-consensus	NODE_13988_length_610_cov_15.714822	32.45	151	91	11	6	150	105	539	1.9e-11	70.1
NCVOG0319-consensus	NODE_3049_length_1889_cov_9.323400	36.27	204	93	37	23	189	1183	1785	4e-19	96.7
NCVOG0219-consensus	NODE_3404_length_1782_cov_9.919648	34.36	326	175	39	399	703	922	6	1.8e-28	129.4
NCVOG0191-consensus	NODE_1986_length_2274_cov_9.899408	28.68	136	94	3	72	207	530	135	1.7e-12	74.9
NCVOG0191-consensus	NODE_26774_length_305_cov_7.026316	30.85	94	64	1	87	179	296	18	1e-11	69.5
NCVOG4655-consensus	NODE_4656_length_1525_cov_5.488950	21.45	275	193	23	72	337	1495	716	6.9e-12	73.1
NCVOG0901-consensus	NODE_2947_length_1916_cov_8.991300	42.72	206	86	32	5	179	1372	763	3.5e-12	73.3
NCVOG2980-consensus	NODE_5977_length_1303_cov_10.836052	26.14	329	200	43	127	439	898	6	1.4e-14	82.2
NCVOG1298-consensus	NODE_14116_length_605_cov_6.933712	26.04	192	134	8	374	561	572	12	8.5e-17	88.7
NCVOG1298-consensus	NODE_2985_length_1906_cov_11.191361	24.18	397	252	49	197	574	1198	111	2.2e-14	82.4
NCVOG1298-consensus	NODE_2646_length_2009_cov_9.978778	29.97	287	173	28	225	502	1181	1971	2e-13	79.3
NCVOG0652-consensus	NODE_4433_length_1566_cov_8.241773	35.45	347	202	22	87	421	1	1008	5.7e-42	173.2
NCVOG0350-consensus	NODE_12274_length_712_cov_8.077165	28.51	235	143	25	27	239	6	698	3.5e-21	102.5
NCVOG0835-consensus	NODE_47600_length_206_cov_12.379845	53.57	56	26	0	205	260	200	36	8.7e-16	82.7
NCVOG1062-consensus	NODE_1563_length_2500_cov_43.746595	28.86	201	135	8	231	428	1604	2188	5.2e-21	104.5
NCVOG4522-consensus	NODE_1388_length_2597_cov_11.207540	42.17	83	48	0	262	344	2346	2591	8.3e-11	70.5
NCVOG1352-consensus	NODE_256_length_4434_cov_9.284599	33.64	217	114	30	18	209	1476	2104	6.9e-23	110.5
NCVOG1352-consensus	NODE_23077_length_348_cov_6.022140	41.23	114	62	5	66	174	1	337	4.5e-21	100.8
NCVOG4422-consensus	NODE_645_length_3361_cov_8.302071	28.57	294	191	19	57	335	2717	1853	1.5e-11	73.0
NCVOG4422-consensus	NODE_4765_length_1507_cov_11.130070	27.27	253	173	11	57	298	367	1116	8.3e-11	69.4
NCVOG4422-consensus	NODE_688_length_3296_cov_7.452625	30.59	255	158	19	63	300	811	60	9e-11	70.4
NCVOG1357-consensus	NODE_921_length_2979_cov_10.126465	28.45	362	210	49	58	383	1158	115	1.1e-23	113.3
NCVOG5117-consensus	NODE_16392_length_509_cov_9.550926	45.38	119	57	8	851	965	347	6	6.1e-19	97.1
NCVOG5117-consensus	NODE_2241_length_2156_cov_9.952862	40.13	157	78	16	816	968	2061	1630	3.5e-16	90.0
NCVOG5117-consensus	NODE_11731_length_746_cov_9.690583	38.81	134	58	24	817	950	91	417	4.1e-14	81.6
NCVOG5117-consensus	NODE_100320_length_145_cov_12.250000	61.70	47	18	0	906	952	1	138	7.3e-12	71.8
NCVOG5117-consensus	NODE_209_length_4664_cov_11.150861	25.38	331	225	22	651	972	810	1760	7.3e-12	76.8
NCVOG5117-consensus	NODE_209_length_4664_cov_11.150861	37.24	196	92	31	800	965	3956	3375	2.1e-11	75.2
NCVOG5117-consensus	NODE_4990_length_1469_cov_6.711207	26.37	273	189	12	695	963	629	1420	5.7e-11	72.1
NCVOG0052-consensus	NODE_6338_length_1247_cov_17.822222	31.19	109	72	3	36	144	562	876	7.2e-17	88.6
NCVOG0052-consensus	NODE_598_length_3440_cov_11.003864	39.42	104	59	4	36	138	892	1187	7.6e-14	80.0
NCVOG4122-consensus	NODE_4765_length_1507_cov_11.130070	32.38	383	234	25	104	469	1	1122	6.2e-19	96.8
NCVOG4122-consensus	NODE_5102_length_1445_cov_14.513158	34.13	375	223	24	92	450	343	1432	1.1e-18	95.9
NCVOG4122-consensus	NODE_4850_length_1494_cov_8.273112	32.01	303	192	14	49	342	17	907	1.1e-18	95.9
NCVOG4122-consensus	NODE_283_length_4300_cov_6.991949	28.01	457	311	18	22	461	1740	3104	8.8e-17	91.1
NCVOG4122-consensus	NODE_7140_length_1147_cov_7.585981	30.46	371	225	33	6	363	1056	7	4.1e-16	87.0
NCVOG4122-consensus	NODE_7730_length_1074_cov_7.086259	34.74	331	197	19	82	401	95	1060	4.9e-16	86.7
NCVOG4122-consensus	NODE_171_length_4895_cov_8.191366	34.87	413	241	28	74	462	3617	4840	9.8e-16	87.9
NCVOG4122-consensus	NODE_154_length_5062_cov_16.790973	31.86	408	251	27	49	442	2868	4049	2.2e-15	86.8
NCVOG4122-consensus	NODE_154_length_5062_cov_16.790973	34.78	299	180	15	147	432	726	1613	9.1e-14	81.4
NCVOG4122-consensus	NODE_8393_length_1006_cov_12.783638	34.76	328	198	16	86	398	985	8	2.7e-14	80.8
NCVOG4122-consensus	NODE_2713_length_1987_cov_13.862827	31.29	294	188	14	122	402	901	26	2.7e-14	81.7
NCVOG4122-consensus	NODE_620_length_3409_cov_8.017407	29.05	389	249	27	28	401	1134	2261	2.9e-14	82.4
NCVOG4122-consensus	NODE_4744_length_1510_cov_14.229588	31.83	333	208	19	127	444	1432	449	3.6e-14	81.0
NCVOG4122-consensus	NODE_1940_length_2295_cov_8.816501	35.38	260	156	12	212	460	1089	1862	4.8e-14	81.2
NCVOG4122-consensus	NODE_1369_length_2608_cov_8.504939	35.41	353	208	20	124	460	1916	873	4.1e-13	78.2
NCVOG4122-consensus	NODE_9913_length_870_cov_9.239596	32.41	290	181	15	96	371	4	867	5.1e-13	76.3
NCVOG4122-consensus	NODE_9334_length_918_cov_12.256837	32.11	299	187	16	90	373	6	894	6.2e-13	76.1
NCVOG4122-consensus	NODE_536_length_3565_cov_6.581709	34.81	385	226	25	95	460	3047	1918	7.9e-13	77.7
NCVOG4122-consensus	NODE_631_length_3389_cov_7.770531	32.77	415	257	22	66	461	1501	2733	9.5e-13	77.4
NCVOG4122-consensus	NODE_1474_length_2547_cov_10.350202	30.12	322	198	27	6	312	1614	2540	1.6e-12	76.3
NCVOG4122-consensus	NODE_6919_length_1173_cov_7.394161	37.28	287	166	14	129	401	281	1138	2.6e-12	74.4
NCVOG4122-consensus	NODE_561_length_3515_cov_8.762944	38.21	212	121	10	140	341	2475	1843	2.7e-12	75.9
NCVOG4122-consensus	NODE_2122_length_2213_cov_7.900281	33.47	245	142	21	147	371	433	1161	3.6e-12	74.9
NCVOG4122-consensus	NODE_2122_length_2213_cov_7.900281	36.75	351	200	22	113	451	1189	2208	3.6e-12	74.9
NCVOG4122-consensus	NODE_11258_length_777_cov_9.712857	35.58	208	124	10	145	342	4	624	4.2e-12	73.1
NCVOG4122-consensus	NODE_98_length_5797_cov_7.451923	32.34	368	227	22	116	463	3486	4580	5.1e-12	75.7
NCVOG4122-consensus	NODE_12730_length_683_cov_7.085809	39.41	170	97	6	119	282	545	39	5.8e-12	72.5
NCVOG4122-consensus	NODE_667_length_3323_cov_7.521257	28.24	347	216	33	6	334	2328	3320	6e-12	74.7
NCVOG4122-consensus	NODE_667_length_3323_cov_7.521257	33.33	318	196	16	99	401	1	948	9.3e-13	77.4
NCVOG4122-consensus	NODE_8699_length_976_cov_7.023359	33.33	294	174	22	53	333	853	6	6.3e-12	72.9
NCVOG4122-consensus	NODE_688_length_3296_cov_7.452625	37.27	271	154	16	140	396	808	5	6.7e-12	74.5
NCVOG4122-consensus	NODE_3654_length_1728_cov_7.903695	33.66	404	252	16	70	457	1335	127	8e-12	73.4
NCVOG4122-consensus	NODE_1751_length_2398_cov_12.046963	34.43	305	185	15	170	460	47	955	9.4e-12	73.6
NCVOG4122-consensus	NODE_6270_length_1258_cov_13.853514	35.04	254	149	16	170	409	431	1183	1.6e-11	71.9
NCVOG4122-consensus	NODE_645_length_3361_cov_8.302071	37.69	321	183	17	96	400	2275	1323	2.1e-11	72.9
NCVOG4122-consensus	NODE_5498_length_1383_cov_9.464012	32.02	203	125	13	91	282	612	13	3.9e-11	70.8
NCVOG4122-consensus	NODE_721_length_3258_cov_11.260924	32.25	276	175	12	110	373	546	1368	4.9e-11	71.7
NCVOG4122-consensus	NODE_14427_length_590_cov_4.372320	34.01	197	116	14	140	324	587	6	9.5e-11	68.2
NCVOG0032-consensus	NODE_1765_length_2390_cov_10.930393	36.36	209	112	21	675	862	100	717	3.9e-17	92.4
NCVOG0032-consensus	NODE_2454_length_2082_cov_11.735661	33.51	188	103	22	677	846	217	765	1e-15	87.5
NCVOG0032-consensus	NODE_5034_length_1460_cov_8.914678	29.59	267	133	55	238	472	868	144	1.6e-12	76.4
NCVOG0032-consensus	NODE_15711_length_535_cov_8.253275	39.00	100	52	9	723	813	225	521	7.1e-11	69.4
NCVOG0302-consensus	NODE_4749_length_1509_cov_10.148743	30.17	179	123	2	3	181	872	345	1.8e-20	102.1
NCVOG0302-consensus	NODE_13910_length_614_cov_9.895717	31.69	183	112	13	311	482	4	541	9.2e-16	85.2
NCVOG0302-consensus	NODE_8000_length_1045_cov_10.566116	35.26	173	82	30	359	505	97	596	3.3e-14	80.8
NCVOG0302-consensus	NODE_4223_length_1600_cov_9.814183	24.19	339	226	31	205	535	1459	527	1.9e-12	75.6
NCVOG0302-consensus	NODE_5177_length_1435_cov_10.818851	27.18	298	185	32	197	462	890	10	2.3e-11	71.8
NCVOG0302-consensus	NODE_8709_length_974_cov_12.169454	32.20	177	82	38	340	478	964	441	3.3e-11	70.7
NCVOG0012-consensus	NODE_7121_length_1149_cov_7.422575	36.96	230	126	19	259	480	496	1143	8.9e-20	99.3
NCVOG0012-consensus	NODE_16392_length_509_cov_9.550926	50.00	116	50	8	305	415	1	336	2.2e-19	96.8
NCVOG0012-consensus	NODE_17165_length_482_cov_4.308642	44.04	109	55	6	308	411	163	479	8.5e-14	78.1
NCVOG0012-consensus	NODE_100320_length_145_cov_12.250000	72.92	48	13	0	326	373	145	5	1.7e-13	75.4
NCVOG0012-consensus	NODE_2683_length_1997_cov_11.014583	45.87	109	51	8	308	410	653	970	2.8e-12	75.1
NCVOG0012-consensus	NODE_11731_length_746_cov_9.690583	45.16	124	55	13	318	430	419	57	7.4e-12	72.3
NCVOG0012-consensus	NODE_13185_length_656_cov_5.911917	45.00	100	45	10	321	414	196	480	1.1e-11	71.6
NCVOG0012-consensus	NODE_4920_length_1480_cov_9.244476	42.61	115	56	10	310	417	1413	1081	2.3e-11	71.7
NCVOG0012-consensus	NODE_393_length_3911_cov_8.570162	51.35	111	45	9	306	408	1864	2190	2.4e-11	73.0
NCVOG0603-consensus	NODE_31586_length_269_cov_5.572917	43.75	64	36	0	182	245	76	264	4.7e-14	78.0
NCVOG0603-consensus	NODE_31525_length_269_cov_7.062500	43.75	64	36	0	182	245	76	264	4.7e-14	78.0
NCVOG5081-consensus	NODE_2226_length_2164_cov_6.943939	23.82	361	244	31	21	376	1	1002	1.8e-13	78.9
NCVOG1127-consensus	NODE_16943_length_488_cov_21.849148	30.28	142	93	6	126	267	67	471	4.5e-20	99.3
NCVOG1127-consensus	NODE_73604_length_155_cov_8.897436	44.90	49	27	0	154	202	1	144	1e-11	69.9
NCVOG0868-consensus	NODE_99386_length_149_cov_25.472222	53.06	49	23	0	160	208	149	6	9.1e-12	69.3
NCVOG0985-consensus	NODE_3536_length_1752_cov_13.437612	29.40	381	204	65	171	492	1719	614	8.8e-32	139.8
NCVOG0985-consensus	NODE_28925_length_287_cov_8.066667	45.24	84	42	4	227	309	285	48	1.3e-13	76.9
NCVOG2900-consensus	NODE_4286_length_1589_cov_8.685185	40.16	122	73	0	32	153	1222	1584	4e-18	93.0
NCVOG0025-consensus	NODE_19391_length_417_cov_11.447059	43.30	97	53	2	385	481	125	406	6.1e-20	98.4
NCVOG0025-consensus	NODE_6713_length_1199_cov_10.874332	28.04	296	181	32	224	509	97	915	1.1e-19	99.1
NCVOG0025-consensus	NODE_2792_length_1962_cov_8.017507	28.97	290	168	38	240	516	746	1533	3e-18	95.0
NCVOG0025-consensus	NODE_1386_length_2598_cov_8.146370	45.35	86	42	5	436	521	1	240	6.3e-18	94.4
NCVOG0025-consensus	NODE_4502_length_1546_cov_9.758995	28.46	260	168	18	235	487	1546	815	3.8e-17	91.0
NCVOG0025-consensus	NODE_7467_length_1104_cov_10.160662	52.46	61	28	1	441	501	4	180	1.9e-16	88.2
NCVOG0025-consensus	NODE_2589_length_2033_cov_13.379857	27.68	177	113	15	344	511	300	809	4.4e-14	81.2
NCVOG0025-consensus	NODE_1178_length_2752_cov_10.429159	29.34	259	145	38	294	520	6	749	1.5e-13	79.9
NCVOG0025-consensus	NODE_31836_length_267_cov_6.668421	50.00	58	29	0	437	494	1	171	1.7e-13	76.3
NCVOG0025-consensus	NODE_95673_length_155_cov_4.487179	52.00	50	24	0	427	476	1	147	6.1e-13	73.7
NCVOG0025-consensus	NODE_95022_length_155_cov_4.628205	52.00	50	24	0	427	476	1	147	6.1e-13	73.7
NCVOG0025-consensus	NODE_14418_length_590_cov_10.226121	38.83	103	59	4	422	521	528	238	3.8e-12	73.0
NCVOG0025-consensus	NODE_14538_length_584_cov_12.932939	36.49	74	47	0	415	488	569	351	2.6e-11	70.2
NCVOG0025-consensus	NODE_41765_length_223_cov_6.335616	46.88	64	33	1	435	498	16	201	5.7e-11	67.7
NCVOG0271-consensus	NODE_8672_length_978_cov_11.448391	38.51	322	181	17	179	486	969	16	6.2e-36	154.0
NCVOG0271-consensus	NODE_9258_length_925_cov_9.720519	39.74	307	137	48	602	864	913	12	1.4e-29	132.8
NCVOG0271-consensus	NODE_960_length_2940_cov_12.347538	31.78	1073	535	197	179	1156	14	2909	7.2e-27	125.4
NCVOG0271-consensus	NODE_16571_length_503_cov_9.584507	41.42	169	96	3	567	732	1	498	1.7e-20	101.7
NCVOG0271-consensus	NODE_6140_length_1279_cov_11.889351	42.27	291	143	25	892	1157	23	890	3.4e-17	92.1
NCVOG0271-consensus	NODE_18368_length_443_cov_7.713115	58.78	148	42	19	977	1105	443	5	1.1e-13	78.9
NCVOG0271-consensus	NODE_22468_length_356_cov_16.921147	60.36	111	33	11	873	972	22	347	3.8e-13	76.8
NCVOG5078-consensus	NODE_3927_length_1664_cov_10.190296	23.66	372	246	38	27	381	50	1095	1.4e-11	72.2
NCVOG0078-consensus	NODE_2137_length_2205_cov_10.716165	42.77	166	84	11	72	235	2098	1631	2.1e-23	111.3
NCVOG0078-consensus	NODE_2311_length_2132_cov_10.401946	51.82	110	51	2	89	196	863	1189	1.1e-22	108.9
NCVOG0078-consensus	NODE_32739_length_262_cov_0.789189	54.67	75	34	0	113	187	261	40	3.4e-17	87.6
NCVOG0078-consensus	NODE_50768_length_198_cov_5.347107	61.29	62	24	0	126	187	189	7	2.6e-15	80.9
NCVOG0078-consensus	NODE_50638_length_198_cov_7.851240	59.68	62	25	0	126	187	189	7	1.8e-14	78.1
NCVOG0078-consensus	NODE_63988_length_164_cov_6.896552	67.31	52	17	0	126	177	7	159	2.1e-14	77.6
NCVOG4568-consensus	NODE_2683_length_1997_cov_11.014583	37.23	282	167	10	211	490	353	1167	2e-16	88.9
NCVOG4568-consensus	NODE_13185_length_656_cov_5.911917	44.95	218	106	14	246	458	7	626	6.4e-16	85.6
NCVOG4568-consensus	NODE_3499_length_1761_cov_6.886580	36.84	228	139	5	239	464	1758	1091	4.7e-15	84.2
NCVOG4568-consensus	NODE_6628_length_1209_cov_11.726148	56.85	146	59	4	330	475	13	435	5e-13	76.9
NCVOG4568-consensus	NODE_4990_length_1469_cov_6.711207	34.83	178	112	4	305	482	1468	950	2.7e-11	71.4
NCVOG4568-consensus	NODE_17165_length_482_cov_4.308642	48.26	172	76	13	256	426	7	479	6e-11	68.7
NCVOG0061-consensus	NODE_3486_length_1763_cov_9.656194	31.56	244	137	30	25	247	737	42	3.8e-18	94.6
NCVOG0061-consensus	NODE_42133_length_222_cov_5.117241	44.44	54	30	0	373	426	219	61	1.5e-12	73.0
NCVOG0061-consensus	NODE_42100_length_222_cov_5.710345	44.44	54	30	0	373	426	219	61	1.5e-12	73.0
NCVOG4468-consensus	NODE_103_length_5711_cov_10.331381	37.01	127	70	10	275	395	5198	5559	9.8e-11	71.5
NCVOG0451-consensus	NODE_645_length_3361_cov_8.302071	37.10	310	183	12	98	398	2717	1800	2.5e-24	115.7
NCVOG0451-consensus	NODE_1369_length_2608_cov_8.504939	36.59	276	163	12	134	402	1961	1152	4e-21	104.6
NCVOG0451-consensus	NODE_631_length_3389_cov_7.770531	37.27	271	159	11	140	402	1465	2265	7.7e-20	100.8
NCVOG0451-consensus	NODE_8393_length_1006_cov_12.783638	35.59	281	172	9	129	402	928	95	1e-19	98.6
NCVOG0451-consensus	NODE_688_length_3296_cov_7.452625	37.22	266	158	9	140	398	793	5	1.5e-19	99.8
NCVOG0451-consensus	NODE_9913_length_870_cov_9.239596	33.70	276	174	9	134	402	46	864	4.9e-19	96.1
NCVOG0451-consensus	NODE_536_length_3565_cov_6.581709	36.46	288	171	12	132	410	2742	1891	1.3e-18	96.7
NCVOG0451-consensus	NODE_1940_length_2295_cov_8.816501	35.71	266	157	14	113	372	1092	1862	3.4e-18	94.7
NCVOG0451-consensus	NODE_6213_length_1268_cov_9.503778	30.84	347	219	21	67	402	140	1147	4.3e-18	93.5
NCVOG0451-consensus	NODE_4850_length_1494_cov_8.273112	33.09	275	172	12	134	402	185	988	5.2e-18	93.5
NCVOG0451-consensus	NODE_1751_length_2398_cov_12.046963	35.15	293	179	11	119	402	90	955	8e-18	93.6
NCVOG0451-consensus	NODE_3654_length_1728_cov_7.903695	34.06	276	173	9	134	402	1308	490	9.2e-18	92.9
NCVOG0451-consensus	NODE_171_length_4895_cov_8.191366	34.95	289	174	14	129	407	3698	4549	4.1e-17	92.2
NCVOG0451-consensus	NODE_11258_length_777_cov_9.712857	34.40	250	152	12	169	408	1	741	4.5e-17	89.5
NCVOG0451-consensus	NODE_6270_length_1258_cov_13.853514	34.34	265	165	9	140	397	446	1231	9e-17	89.1
NCVOG0451-consensus	NODE_2713_length_1987_cov_13.862827	32.30	291	188	9	119	402	895	32	2e-16	88.6
NCVOG0451-consensus	NODE_537_length_3560_cov_8.330462	31.60	288	187	10	129	409	12	863	3.5e-16	88.7
NCVOG0451-consensus	NODE_3888_length_1673_cov_12.625940	32.26	248	160	8	134	375	914	1648	8e-16	86.4
NCVOG0451-consensus	NODE_1087_length_2820_cov_10.738972	32.04	284	180	13	68	339	871	28	2.2e-15	85.7
NCVOG0451-consensus	NODE_98_length_5797_cov_7.451923	32.81	320	201	14	101	412	3654	4592	4e-15	85.9
NCVOG0451-consensus	NODE_6669_length_1205_cov_9.190603	31.93	285	184	10	134	412	1160	321	8.9e-15	82.5
NCVOG0451-consensus	NODE_1474_length_2547_cov_10.350202	35.05	214	132	7	134	340	1899	2537	1.1e-14	83.2
NCVOG0451-consensus	NODE_4765_length_1507_cov_11.130070	34.18	237	148	8	111	341	131	828	1.7e-14	81.8
NCVOG0451-consensus	NODE_10677_length_815_cov_7.821138	37.56	213	127	6	134	340	682	47	1.8e-14	80.8
NCVOG0451-consensus	NODE_6919_length_1173_cov_7.394161	38.55	249	144	9	134	375	407	1144	2.2e-14	81.1
NCVOG0451-consensus	NODE_240_length_4489_cov_7.838849	32.32	263	160	18	120	375	218	970	3.6e-14	82.3
NCVOG0451-consensus	NODE_58_length_6960_cov_7.893651	33.92	283	172	15	134	407	3934	4761	7e-14	82.0
NCVOG0451-consensus	NODE_561_length_3515_cov_8.762944	41.55	207	115	6	140	340	2460	1843	1.2e-13	80.3
NCVOG0451-consensus	NODE_5498_length_1383_cov_9.464012	34.84	221	133	11	161	375	651	7	1.7e-13	78.4
NCVOG0451-consensus	NODE_12851_length_675_cov_11.204013	37.30	185	110	6	195	375	6	551	2.1e-13	77.1
NCVOG0451-consensus	NODE_1560_length_2501_cov_9.252475	34.01	247	154	9	101	341	1161	1889	4.4e-13	77.9
NCVOG0451-consensus	NODE_3105_length_1876_cov_8.046693	36.49	222	135	6	126	341	795	133	8e-13	76.6
NCVOG0451-consensus	NODE_2990_length_1906_cov_7.386003	37.04	162	97	5	184	340	1398	1880	9.3e-13	76.4
NCVOG0451-consensus	NODE_693_length_3289_cov_6.652864	33.20	253	158	11	138	382	3286	2544	1e-12	77.0
NCVOG0451-consensus	NODE_4286_length_1589_cov_8.685185	37.78	135	84	0	156	290	1183	1584	1.5e-12	75.5
NCVOG0451-consensus	NODE_13064_length_663_cov_7.501706	34.08	223	138	9	144	359	663	4	1.5e-12	74.2
NCVOG0451-consensus	NODE_3935_length_1661_cov_5.879419	35.29	153	95	4	134	282	21	476	2e-12	75.1
NCVOG0451-consensus	NODE_4744_length_1510_cov_14.229588	36.23	276	167	9	134	402	1300	482	2e-12	74.9
NCVOG0451-consensus	NODE_7667_length_1081_cov_8.823705	29.24	277	185	11	134	402	989	171	2.7e-12	74.1
NCVOG0451-consensus	NODE_9723_length_885_cov_9.226485	35.53	228	139	8	154	375	2	676	3.6e-12	73.4
NCVOG0451-consensus	NODE_5099_length_1446_cov_10.503287	30.70	228	150	8	142	364	683	12	3.8e-12	74.0
NCVOG0451-consensus	NODE_13962_length_612_cov_4.190654	33.68	193	122	6	154	340	612	37	3.9e-12	72.7
NCVOG0451-consensus	NODE_3432_length_1776_cov_5.818128	39.22	153	89	4	134	282	1763	1308	4.8e-12	73.9
NCVOG0451-consensus	NODE_7730_length_1074_cov_7.086259	35.43	254	147	17	129	372	153	886	6.7e-12	72.7
NCVOG0451-consensus	NODE_13923_length_613_cov_16.350746	33.33	201	128	6	147	341	607	8	6.7e-12	71.9
NCVOG0451-consensus	NODE_4575_length_1539_cov_8.949384	33.64	217	129	15	134	335	1479	834	6.9e-12	73.2
NCVOG0451-consensus	NODE_9334_length_918_cov_12.256837	33.45	281	175	12	134	407	67	891	7.3e-12	72.4
NCVOG0451-consensus	NODE_154_length_5062_cov_16.790973	34.01	247	155	8	134	375	888	1616	7.4e-12	74.8
NCVOG0451-consensus	NODE_154_length_5062_cov_16.790973	36.73	275	162	12	134	402	2745	3548	7.4e-12	74.8
NCVOG0451-consensus	NODE_7323_length_1123_cov_10.440727	33.47	236	148	9	147	375	115	813	1e-11	72.1
NCVOG0451-consensus	NODE_6261_length_1260_cov_11.873204	34.64	306	186	14	101	398	360	1256	1.1e-11	72.3
NCVOG0451-consensus	NODE_1020_length_2881_cov_6.865549	36.54	208	126	6	140	341	2698	2078	1.1e-11	73.4
NCVOG0451-consensus	NODE_9117_length_937_cov_11.491860	32.22	239	154	8	111	341	81	790	1.9e-11	71.0
NCVOG0451-consensus	NODE_15453_length_544_cov_7.171306	38.29	175	103	5	141	310	2	523	1.9e-11	70.2
NCVOG0451-consensus	NODE_2495_length_2067_cov_13.277387	33.67	199	122	10	152	340	1767	1174	2.1e-11	72.0
NCVOG0451-consensus	NODE_4724_length_1513_cov_12.207521	33.65	208	128	10	134	331	40	660	2.2e-11	71.5
NCVOG0451-consensus	NODE_7613_length_1087_cov_8.998020	30.26	228	152	7	123	343	98	778	2.6e-11	70.8
NCVOG0451-consensus	NODE_4318_length_1584_cov_7.798275	32.78	241	148	14	141	375	1559	866	2.7e-11	71.3
NCVOG0451-consensus	NODE_1981_length_2275_cov_10.824841	30.64	235	153	10	134	362	2108	1419	3.1e-11	71.6
NCVOG0451-consensus	NODE_721_length_3258_cov_11.260924	36.29	248	150	8	134	375	543	1275	3.2e-11	72.1
NCVOG0451-consensus	NODE_4655_length_1525_cov_9.571823	30.71	241	155	12	165	400	14	712	4.3e-11	70.5
NCVOG0451-consensus	NODE_7758_length_1070_cov_10.645519	43.14	153	83	4	134	282	8	463	4.9e-11	69.9
NCVOG0451-consensus	NODE_1741_length_2404_cov_9.477869	34.74	190	117	7	155	340	737	180	5e-11	71.0
NCVOG0451-consensus	NODE_8546_length_991_cov_6.814004	36.67	180	108	6	134	307	938	406	5.1e-11	69.7
NCVOG0451-consensus	NODE_527_length_3588_cov_10.708630	34.91	169	105	5	148	311	3588	3085	5.4e-11	71.5
NCVOG1351-consensus	NODE_1286_length_2673_cov_11.303929	42.18	147	69	16	130	267	420	4	3.7e-25	118.5
NCVOG1351-consensus	NODE_4189_length_1606_cov_8.910399	31.56	358	192	53	144	452	4	1044	5.5e-24	113.8
NCVOG1351-consensus	NODE_91534_length_155_cov_5.269231	66.67	48	16	0	243	290	3	143	1.9e-17	88.8
NCVOG1351-consensus	NODE_73304_length_155_cov_9.025641	66.67	48	16	0	243	290	3	143	1.9e-17	88.8
NCVOG1351-consensus	NODE_566_length_3504_cov_8.841844	22.43	321	229	20	36	343	3281	2347	7.3e-16	88.0
NCVOG1351-consensus	NODE_3926_length_1664_cov_11.455577	37.60	125	57	21	239	342	1298	933	3.8e-12	74.6
NCVOG1351-consensus	NODE_19354_length_418_cov_9.087977	36.08	97	60	2	269	363	416	133	5.1e-11	68.8
NCVOG4241-consensus	NODE_33787_length_256_cov_4.670391	59.26	81	31	2	7	87	16	249	3.2e-15	80.5
NCVOG4241-consensus	NODE_10419_length_833_cov_8.021164	48.72	117	56	4	10	126	460	795	1.3e-14	80.1
NCVOG4241-consensus	NODE_10419_length_833_cov_8.021164	54.35	92	35	7	2	86	124	396	2e-13	76.2
NCVOG4241-consensus	NODE_6079_length_1287_cov_10.185124	46.09	128	65	4	2	127	986	612	4.6e-14	78.9
NCVOG0531-consensus	NODE_7195_length_1139_cov_10.506591	25.69	288	191	23	8	275	76	925	2.9e-16	87.4
NCVOG4121-consensus	NODE_5102_length_1445_cov_14.513158	30.51	177	106	17	133	301	522	1020	9.1e-11	69.0
NCVOG0231-consensus	NODE_16093_length_521_cov_6.141892	32.14	140	84	11	203	341	452	66	2e-17	90.0
NCVOG0231-consensus	NODE_2421_length_2097_cov_12.035149	36.36	165	87	18	203	351	977	498	2.5e-17	91.7
NCVOG0231-consensus	NODE_8046_length_1039_cov_12.612266	31.97	122	67	16	167	283	641	970	1.4e-13	78.2
NCVOG0231-consensus	NODE_1259_length_2687_cov_8.328736	31.69	142	84	13	174	315	610	993	1.5e-11	72.9
NCVOG0231-consensus	NODE_1259_length_2687_cov_8.328736	30.23	215	118	32	173	383	52	605	1e-13	80.1
NCVOG0231-consensus	NODE_6070_length_1288_cov_8.828241	37.36	91	50	7	202	291	999	1250	1.8e-11	71.5
NCVOG0301-consensus	NODE_4223_length_1600_cov_9.814183	28.12	224	149	12	252	470	1322	675	5e-14	80.8
NCVOG0301-consensus	NODE_5177_length_1435_cov_10.818851	27.51	269	168	27	212	460	790	16	2.2e-12	75.2
NCVOG0301-consensus	NODE_8000_length_1045_cov_10.566116	35.34	133	78	8	344	470	48	435	1e-11	72.5
NCVOG0301-consensus	NODE_2897_length_1932_cov_13.808625	27.58	330	180	59	212	486	955	1921	1.6e-11	72.7
NCVOG0301-consensus	NODE_13910_length_614_cov_9.895717	31.84	179	102	20	314	477	10	526	2.6e-11	70.4
NCVOG2860-consensus	NODE_1369_length_2608_cov_8.504939	36.67	270	161	10	108	368	2033	1230	1.1e-12	76.4
NCVOG2860-consensus	NODE_645_length_3361_cov_8.302071	34.43	273	166	13	108	368	2771	1959	1.3e-11	73.3
NCVOG2860-consensus	NODE_4850_length_1494_cov_8.273112	31.90	232	152	6	110	335	212	904	2.8e-11	71.0
NCVOG2860-consensus	NODE_124_length_5469_cov_13.135015	32.94	255	160	11	108	351	1848	1087	9.9e-11	71.1
NCVOG0001-consensus	NODE_1368_length_2607_cov_9.393520	31.61	541	295	75	78	555	1971	396	6.8e-45	184.2
NCVOG0001-consensus	NODE_3485_length_1764_cov_10.540012	37.31	260	138	25	306	550	37	779	6.1e-38	160.6
NCVOG0001-consensus	NODE_4399_length_1571_cov_11.319277	39.80	201	102	19	333	522	590	15	5.3e-34	147.3
NCVOG0001-consensus	NODE_3209_length_1844_cov_10.041313	37.50	248	122	33	362	595	670	1351	8e-25	117.1
NCVOG0001-consensus	NODE_16366_length_510_cov_10.468822	43.37	166	78	16	446	600	497	18	4.4e-23	109.4
NCVOG0001-consensus	NODE_4707_length_1516_cov_11.259208	32.75	287	153	40	340	599	31	843	4.9e-19	97.5
NCVOG0001-consensus	NODE_9067_length_941_cov_11.237269	37.88	264	129	35	319	556	880	123	1.7e-18	95.0
NCVOG0001-consensus	NODE_13608_length_631_cov_11.285199	40.49	205	90	32	373	556	4	574	5.6e-17	89.4
NCVOG0001-consensus	NODE_25412_length_319_cov_8.578512	41.75	103	52	8	476	577	310	30	4.3e-16	85.5
NCVOG0001-consensus	NODE_18398_length_442_cov_8.575342	46.81	94	39	11	358	442	278	6	4.8e-16	85.8
NCVOG0001-consensus	NODE_25445_length_319_cov_6.033058	41.75	103	52	8	476	577	310	30	5.5e-16	85.2
NCVOG0001-consensus	NODE_19659_length_410_cov_12.852853	46.10	141	52	24	337	464	395	11	4.3e-15	82.6
NCVOG0001-consensus	NODE_3163_length_1859_cov_10.097643	42.55	94	52	2	464	555	1859	1581	1.9e-14	82.6
NCVOG0001-consensus	NODE_924_length_2977_cov_9.816897	30.61	330	131	98	320	562	1586	2537	3.4e-14	82.4
NCVOG0001-consensus	NODE_7551_length_1095_cov_10.033399	27.97	261	139	49	341	563	871	129	1.5e-13	78.8
NCVOG0001-consensus	NODE_8966_length_950_cov_11.728522	35.83	120	57	20	351	461	363	40	9.7e-12	72.6
NCVOG0001-consensus	NODE_5226_length_1428_cov_8.905996	28.26	276	152	46	392	621	25	835	1.6e-11	72.5
NCVOG0001-consensus	NODE_1525_length_2517_cov_9.772131	32.50	280	142	47	351	587	335	1155	1.7e-11	73.3
NCVOG0001-consensus	NODE_10588_length_821_cov_10.069892	29.95	187	112	19	369	541	807	267	4.8e-11	70.1
NCVOG1197-consensus	NODE_56_length_6980_cov_6.781689	29.41	442	311	1	54	495	4654	5973	1.2e-24	118.2
NCVOG1197-consensus	NODE_56_length_6980_cov_6.781689	29.79	386	263	8	56	441	1178	2308	6.5e-17	92.4
NCVOG1197-consensus	NODE_787_length_3163_cov_8.531432	28.41	447	318	2	54	500	3026	1695	3.3e-23	112.2
NCVOG1197-consensus	NODE_4767_length_1506_cov_12.564731	28.91	460	315	12	55	507	141	1498	3.7e-23	111.0
NCVOG1197-consensus	NODE_5354_length_1405_cov_10.579066	30.00	340	238	0	56	395	309	1325	2.2e-22	108.3
NCVOG1197-consensus	NODE_1704_length_2425_cov_6.979557	27.75	519	339	36	21	526	636	2116	1.7e-20	102.9
NCVOG1197-consensus	NODE_285_length_4288_cov_8.327238	27.83	424	282	24	77	500	3157	1961	3.4e-20	102.6
NCVOG1197-consensus	NODE_285_length_4288_cov_8.327238	27.33	311	221	5	2	311	927	10	2.5e-13	79.8
NCVOG1197-consensus	NODE_803_length_3139_cov_8.046702	28.05	435	286	27	59	491	3118	1892	8.7e-20	100.8
NCVOG1197-consensus	NODE_2518_length_2057_cov_10.133838	30.46	302	210	0	54	355	1151	2053	1.4e-19	99.6
NCVOG1197-consensus	NODE_3_length_14336_cov_7.671716	26.70	427	304	9	2	426	12645	13897	1.4e-19	102.3
NCVOG1197-consensus	NODE_3_length_14336_cov_7.671716	26.86	350	256	0	56	405	11062	12108	7.1e-16	90.0
NCVOG1197-consensus	NODE_3_length_14336_cov_7.671716	28.13	327	232	3	50	373	3867	4836	4e-15	87.5
NCVOG1197-consensus	NODE_4872_length_1488_cov_9.450035	29.85	402	281	1	55	456	276	1475	1.5e-19	98.9
NCVOG1197-consensus	NODE_147_length_5131_cov_8.154333	27.69	484	332	18	52	520	2543	1106	1.6e-19	100.7
NCVOG1197-consensus	NODE_1069_length_2834_cov_8.363439	28.07	399	277	10	75	473	2832	1669	3.6e-19	98.6
NCVOG1197-consensus	NODE_1069_length_2834_cov_8.363439	29.78	319	219	5	72	386	1069	119	2.2e-17	92.7
NCVOG1197-consensus	NODE_3135_length_1867_cov_6.258659	27.64	445	296	26	41	465	1318	15	5.7e-19	97.4
NCVOG1197-consensus	NODE_3_length_14336_cov_7.671716	29.05	444	306	9	28	467	9794	8481	5.8e-19	100.3
NCVOG1197-consensus	NODE_4166_length_1612_cov_11.657980	25.79	508	360	17	24	524	1533	51	8.5e-19	96.6
NCVOG1197-consensus	NODE_4792_length_1504_cov_7.117730	29.81	369	244	15	37	390	1106	7	3.7e-18	94.4
NCVOG1197-consensus	NODE_896_length_3008_cov_7.738656	27.74	393	268	16	127	508	3005	1845	5.8e-18	94.7
NCVOG1197-consensus	NODE_1819_length_2359_cov_8.867660	26.24	526	334	54	21	499	771	2312	8.8e-18	93.8
NCVOG1197-consensus	NODE_3068_length_1883_cov_11.410299	30.26	304	212	0	55	358	67	975	1.2e-17	93.0
NCVOG1197-consensus	NODE_9063_length_942_cov_7.446243	27.06	303	217	4	70	368	1	906	1.3e-16	88.6
NCVOG1197-consensus	NODE_1211_length_2725_cov_5.309290	28.47	404	282	7	107	507	2171	975	3e-16	88.9
NCVOG1197-consensus	NODE_10461_length_830_cov_13.462151	30.00	270	188	1	231	500	1	804	3.1e-16	87.1
NCVOG1197-consensus	NODE_3874_length_1677_cov_12.363125	30.07	296	178	29	66	358	1673	867	9.4e-16	86.5
NCVOG1197-consensus	NODE_872_length_3035_cov_8.211291	30.73	397	256	19	90	472	1860	3032	1.3e-15	87.0
NCVOG1197-consensus	NODE_141_length_5234_cov_8.142331	27.04	540	362	32	2	519	2527	943	2.2e-15	87.0
NCVOG1197-consensus	NODE_141_length_5234_cov_8.142331	27.58	388	256	25	138	520	5232	4136	2.2e-15	87.0
NCVOG1197-consensus	NODE_3615_length_1733_cov_10.908816	30.58	291	199	3	82	371	1731	872	3e-15	84.9
NCVOG1197-consensus	NODE_2239_length_2158_cov_7.140798	26.87	428	298	15	94	520	1782	544	6.8e-15	84.0
NCVOG1197-consensus	NODE_2139_length_2205_cov_7.259868	29.32	307	214	3	59	362	574	1491	7e-15	84.0
NCVOG1197-consensus	NODE_3150_length_1862_cov_7.832493	28.80	375	255	12	106	475	2	1102	1.6e-14	82.6
NCVOG1197-consensus	NODE_222_length_4596_cov_9.286789	28.69	474	318	20	13	472	2503	1107	2.2e-14	83.4
NCVOG1197-consensus	NODE_222_length_4596_cov_9.286789	28.54	396	269	14	59	451	4574	3433	1.5e-17	93.9
NCVOG1197-consensus	NODE_953_length_2945_cov_17.914575	30.84	214	148	0	143	356	2939	2301	6.2e-14	81.3
NCVOG1197-consensus	NODE_535_length_3568_cov_7.552564	33.20	253	167	2	99	350	1046	294	8.4e-14	81.1
NCVOG1197-consensus	NODE_651_length_3356_cov_7.543458	27.56	439	292	26	56	483	1759	491	1e-13	80.7
NCVOG1197-consensus	NODE_5010_length_1465_cov_9.605187	30.64	297	204	2	55	351	511	1392	1.2e-13	79.3
NCVOG1197-consensus	NODE_177_length_4854_cov_8.271091	30.34	445	288	22	77	513	2140	3427	1.4e-13	80.9
NCVOG1197-consensus	NODE_218_length_4611_cov_7.206304	28.05	303	214	4	56	355	2043	1141	2.4e-13	80.0
NCVOG1197-consensus	NODE_9689_length_887_cov_10.753086	27.49	291	200	11	99	389	21	857	4.3e-13	76.8
NCVOG1197-consensus	NODE_326_length_4140_cov_8.169333	26.70	412	294	8	65	471	3409	2186	9.7e-13	77.8
NCVOG1197-consensus	NODE_2813_length_1954_cov_7.635056	27.99	268	188	5	2	268	1154	366	3.8e-12	74.8
NCVOG1197-consensus	NODE_2833_length_1949_cov_7.677885	26.84	354	246	13	2	345	1407	366	4.4e-12	74.6
NCVOG1197-consensus	NODE_920_length_2980_cov_10.351705	27.37	358	253	7	39	389	1904	2970	6.2e-12	74.7
NCVOG1197-consensus	NODE_11466_length_764_cov_5.528384	28.24	255	177	6	143	394	4	756	9.3e-12	72.1
NCVOG1197-consensus	NODE_7343_length_1121_cov_7.956897	28.00	250	178	2	125	374	1	741	1.2e-11	72.3
NCVOG1197-consensus	NODE_14282_length_597_cov_5.815385	29.08	196	139	0	116	311	5	589	1.4e-11	71.2
NCVOG1197-consensus	NODE_14791_length_573_cov_6.064516	32.61	184	124	0	172	355	572	24	2.1e-11	70.5
NCVOG1197-consensus	NODE_3189_length_1852_cov_9.372394	27.48	484	298	53	66	509	1831	442	5.9e-11	70.7
NCVOG2058-consensus	NODE_667_length_3323_cov_7.521257	37.67	292	167	15	89	368	85	948	1e-28	130.2
NCVOG2058-consensus	NODE_667_length_3323_cov_7.521257	37.97	266	148	17	77	331	2544	3320	9.1e-16	87.2
NCVOG2058-consensus	NODE_124_length_5469_cov_13.135015	33.89	360	222	16	19	368	1916	862	1.5e-28	130.4
NCVOG2058-consensus	NODE_8393_length_1006_cov_12.783638	42.27	291	159	9	90	371	952	83	3.9e-27	123.2
NCVOG2058-consensus	NODE_645_length_3361_cov_8.302071	36.53	386	223	22	32	399	2920	1782	3.9e-27	124.9
NCVOG2058-consensus	NODE_721_length_3258_cov_11.260924	34.41	372	226	18	23	380	303	1401	5e-27	124.5
NCVOG2058-consensus	NODE_6213_length_1268_cov_9.503778	35.56	329	189	23	33	339	266	1246	6.5e-27	122.8
NCVOG2058-consensus	NODE_3092_length_1877_cov_12.796111	39.51	286	164	9	92	368	926	72	7.4e-27	123.2
NCVOG2058-consensus	NODE_3654_length_1728_cov_7.903695	37.22	360	209	17	51	399	1728	670	7.7e-27	123.0
NCVOG2058-consensus	NODE_3654_length_1728_cov_7.903695	41.04	212	119	6	133	338	654	22	3.6e-15	84.2
NCVOG2058-consensus	NODE_97_length_5849_cov_6.409910	38.71	279	159	12	103	369	3738	2905	1.6e-26	123.7
NCVOG2058-consensus	NODE_10384_length_835_cov_8.927441	41.63	257	142	8	123	371	5	772	2.1e-26	120.5
NCVOG2058-consensus	NODE_537_length_3560_cov_8.330462	36.22	312	190	9	97	399	12	944	6.2e-25	117.7
NCVOG2058-consensus	NODE_58_length_6960_cov_7.893651	34.08	355	215	19	30	368	3708	4758	9.3e-25	118.1
NCVOG2058-consensus	NODE_631_length_3389_cov_7.770531	36.55	290	173	11	92	371	1879	2742	1.2e-24	116.7
NCVOG2058-consensus	NODE_171_length_4895_cov_8.191366	34.69	392	231	25	11	387	3468	4606	4.9e-24	115.2
NCVOG2058-consensus	NODE_9913_length_870_cov_9.239596	36.92	260	156	8	118	369	1	777	5.6e-24	112.5
NCVOG2058-consensus	NODE_1369_length_2608_cov_8.504939	39.56	316	154	37	90	368	2000	1056	1.5e-23	112.7
NCVOG2058-consensus	NODE_4765_length_1507_cov_11.130070	35.86	304	184	11	75	371	31	927	3.8e-23	110.5
NCVOG2058-consensus	NODE_4744_length_1510_cov_14.229588	38.59	311	176	15	73	368	1501	572	2.5e-22	107.8
NCVOG2058-consensus	NODE_688_length_3296_cov_7.452625	40.00	265	149	10	108	363	793	5	7.3e-22	107.4
NCVOG2058-consensus	NODE_11258_length_777_cov_9.712857	38.57	210	123	6	107	310	1	627	1.5e-21	104.3
NCVOG2058-consensus	NODE_166_length_4941_cov_5.951891	33.12	320	199	15	91	398	3959	3012	3.2e-21	105.8
NCVOG2058-consensus	NODE_154_length_5062_cov_16.790973	37.93	290	171	9	90	371	756	1619	3.3e-21	105.8
NCVOG2058-consensus	NODE_154_length_5062_cov_16.790973	40.86	279	151	14	103	371	2829	3650	3.3e-21	105.8
NCVOG2058-consensus	NODE_98_length_5797_cov_7.451923	37.21	301	177	12	90	378	3612	4511	5.7e-21	105.2
NCVOG2058-consensus	NODE_98_length_5797_cov_7.451923	35.74	235	137	14	112	339	4527	5205	1.8e-14	83.6
NCVOG2058-consensus	NODE_9334_length_918_cov_12.256837	36.99	292	169	15	91	370	31	894	1.7e-20	101.0
NCVOG2058-consensus	NODE_4850_length_1494_cov_8.273112	36.95	295	167	19	109	388	113	982	1.9e-20	101.6
NCVOG2058-consensus	NODE_1940_length_2295_cov_8.816501	42.25	258	141	8	87	337	1095	1862	2.5e-20	101.8
NCVOG2058-consensus	NODE_3105_length_1876_cov_8.046693	44.36	266	136	12	78	334	840	55	7.9e-20	99.8
NCVOG2058-consensus	NODE_561_length_3515_cov_8.762944	36.10	241	147	7	133	366	2475	1756	2e-19	99.4
NCVOG2058-consensus	NODE_1751_length_2398_cov_12.046963	36.00	300	181	11	75	365	59	949	2e-19	98.8
NCVOG2058-consensus	NODE_10692_length_814_cov_6.883311	37.50	272	154	16	103	363	13	810	6.6e-19	95.5
NCVOG2058-consensus	NODE_3888_length_1673_cov_12.625940	32.59	313	202	9	67	371	719	1651	9.2e-19	96.1
NCVOG2058-consensus	NODE_2713_length_1987_cov_13.862827	37.93	290	172	8	90	371	886	20	1.3e-18	95.9
NCVOG2058-consensus	NODE_5102_length_1445_cov_14.513158	42.19	256	138	10	92	339	619	1375	2e-18	94.8
NCVOG2058-consensus	NODE_15453_length_544_cov_7.171306	43.43	175	94	5	109	278	2	523	2.2e-18	93.2
NCVOG2058-consensus	NODE_1474_length_2547_cov_10.350202	35.98	239	138	15	19	249	1852	2540	3.2e-18	94.9
NCVOG2058-consensus	NODE_1474_length_2547_cov_10.350202	29.71	239	144	24	92	306	19	732	6.9e-14	80.5
NCVOG2058-consensus	NODE_12851_length_675_cov_11.204013	41.46	205	114	6	103	301	6	617	5.4e-18	92.2
NCVOG2058-consensus	NODE_7041_length_1159_cov_8.083179	45.00	180	94	5	136	310	547	11	6.3e-18	92.8
NCVOG2058-consensus	NODE_536_length_3565_cov_6.581709	38.83	291	161	17	90	367	2775	1918	2.9e-17	92.2
NCVOG2058-consensus	NODE_240_length_4489_cov_7.838849	37.18	234	131	16	116	339	287	967	4.2e-17	92.0
NCVOG2058-consensus	NODE_7613_length_1087_cov_8.998020	36.43	258	156	8	122	371	101	871	5.8e-17	89.5
NCVOG2058-consensus	NODE_5099_length_1446_cov_10.503287	27.73	321	219	13	60	369	1026	75	8.9e-17	89.3
NCVOG2058-consensus	NODE_16733_length_497_cov_6.750000	44.67	150	79	4	103	248	486	40	1.2e-16	87.4
NCVOG2058-consensus	NODE_13009_length_666_cov_5.738540	33.64	214	136	6	103	310	1	639	1.4e-16	87.6
NCVOG2058-consensus	NODE_591_length_3447_cov_9.556677	40.91	242	133	10	103	337	2220	1511	3.7e-16	88.5
NCVOG2058-consensus	NODE_1981_length_2275_cov_10.824841	32.75	284	177	14	84	357	2255	1419	6.2e-16	87.2
NCVOG2058-consensus	NODE_9723_length_885_cov_9.226485	38.37	245	137	14	92	325	2	724	8.1e-16	85.4
NCVOG2058-consensus	NODE_14026_length_609_cov_6.048872	41.07	168	88	11	90	249	95	586	1.6e-15	83.9
NCVOG2058-consensus	NODE_2990_length_1906_cov_7.386003	35.45	220	132	10	65	278	1240	1880	1.8e-15	85.4
NCVOG2058-consensus	NODE_8699_length_976_cov_7.023359	43.48	230	123	7	108	330	692	6	2e-15	84.3
NCVOG2058-consensus	NODE_19839_length_407_cov_5.915152	48.55	138	63	8	110	242	405	4	3.2e-15	82.3
NCVOG2058-consensus	NODE_6669_length_1205_cov_9.190603	37.25	255	152	8	89	335	1109	348	6.4e-15	82.9
NCVOG2058-consensus	NODE_7684_length_1078_cov_12.318681	40.34	176	99	6	109	279	13	530	7.4e-15	82.5
NCVOG2058-consensus	NODE_1087_length_2820_cov_10.738972	33.93	336	207	15	46	371	1003	16	7.7e-15	83.8
NCVOG2058-consensus	NODE_9570_length_898_cov_8.419001	42.68	157	86	4	97	249	134	601	1.6e-14	81.1
NCVOG2058-consensus	NODE_5645_length_1357_cov_10.777344	28.20	266	181	10	120	375	1357	563	3.2e-14	80.7
NCVOG2058-consensus	NODE_4468_length_1557_cov_6.567568	40.72	167	94	5	118	279	1557	1060	3.6e-14	80.7
NCVOG2058-consensus	NODE_5309_length_1413_cov_8.589072	30.94	278	180	12	109	378	1413	595	4.3e-14	80.4
NCVOG2058-consensus	NODE_13962_length_612_cov_4.190654	38.17	186	106	9	102	278	591	37	5.4e-14	78.8
NCVOG2058-consensus	NODE_4286_length_1589_cov_8.685185	37.04	135	85	0	94	228	1183	1584	7.3e-14	79.8
NCVOG2058-consensus	NODE_5498_length_1383_cov_9.464012	38.79	214	119	12	106	310	636	7	8.3e-14	79.4
NCVOG2058-consensus	NODE_14427_length_590_cov_4.372320	39.49	195	112	6	133	321	587	6	1e-13	77.8
NCVOG2058-consensus	NODE_4724_length_1513_cov_12.207521	42.54	181	93	11	107	279	55	585	1e-13	79.2
NCVOG2058-consensus	NODE_12800_length_679_cov_5.485050	39.31	173	95	10	110	274	509	6	1.6e-13	77.4
NCVOG2058-consensus	NODE_4655_length_1525_cov_9.571823	46.36	151	77	4	103	249	14	463	1.6e-13	78.6
NCVOG2058-consensus	NODE_4655_length_1525_cov_9.571823	41.57	178	96	8	70	241	760	1276	1e-13	79.2
NCVOG2058-consensus	NODE_6261_length_1260_cov_11.873204	40.43	235	133	7	108	335	189	890	1.9e-13	78.0
NCVOG2058-consensus	NODE_13064_length_663_cov_7.501706	40.18	219	123	8	142	352	663	10	2.6e-13	76.7
NCVOG2058-consensus	NODE_17546_length_467_cov_7.035897	44.44	144	72	8	103	238	6	434	5.4e-13	75.1
NCVOG2058-consensus	NODE_2645_length_2009_cov_10.387164	37.57	173	103	5	112	279	1052	1567	9.2e-13	76.5
NCVOG2058-consensus	NODE_15437_length_544_cov_20.100642	34.66	176	110	5	103	273	15	539	9.4e-13	74.5
NCVOG2058-consensus	NODE_14751_length_575_cov_7.108434	40.91	176	96	8	108	278	554	39	1e-12	74.5
NCVOG2058-consensus	NODE_1864_length_2333_cov_9.760195	43.24	148	80	4	136	279	9	449	1.8e-12	75.7
NCVOG2058-consensus	NODE_283_length_4300_cov_6.991949	33.23	310	194	13	102	398	1806	2732	2e-12	76.4
NCVOG2058-consensus	NODE_283_length_4300_cov_6.991949	34.56	217	133	9	103	310	16	663	2e-12	76.4
NCVOG2058-consensus	NODE_12730_length_683_cov_7.085809	40.93	215	122	5	127	338	674	39	2e-12	73.7
NCVOG2058-consensus	NODE_9953_length_867_cov_6.217722	40.45	178	97	9	104	274	529	5	2.3e-12	73.9
NCVOG2058-consensus	NODE_9117_length_937_cov_11.491860	36.47	255	151	11	122	368	119	867	2.4e-12	73.9
NCVOG2058-consensus	NODE_14858_length_570_cov_4.237323	38.98	177	99	9	112	279	569	42	6.5e-12	71.8
NCVOG2058-consensus	NODE_1741_length_2404_cov_9.477869	34.55	246	144	17	58	290	770	48	7.3e-12	73.7
NCVOG2058-consensus	NODE_7140_length_1147_cov_7.585981	36.50	274	163	11	92	359	813	10	7.7e-12	72.6
NCVOG2058-consensus	NODE_1692_length_2433_cov_7.337436	37.90	248	147	7	127	368	1851	1114	8.4e-12	73.5
NCVOG2058-consensus	NODE_5174_length_1436_cov_7.768212	40.00	175	100	5	108	277	1389	868	9.7e-12	72.6
NCVOG2058-consensus	NODE_17312_length_476_cov_7.122807	43.84	146	78	4	107	248	465	31	1.1e-11	70.8
NCVOG2058-consensus	NODE_16503_length_505_cov_8.591121	43.33	150	81	4	103	248	18	464	1.1e-11	70.8
NCVOG2058-consensus	NODE_24959_length_324_cov_8.530364	49.50	101	48	3	122	219	11	310	1.2e-11	70.1
NCVOG2058-consensus	NODE_17570_length_466_cov_8.709512	40.51	158	87	7	142	295	1	462	1.4e-11	70.4
NCVOG2058-consensus	NODE_10511_length_826_cov_12.943925	31.73	271	170	15	22	279	10	813	1.4e-11	71.2
NCVOG2058-consensus	NODE_788_length_3162_cov_9.376985	37.21	215	107	28	137	327	1	626	1.4e-11	73.1
NCVOG2058-consensus	NODE_13901_length_614_cov_13.767225	38.30	188	112	4	127	310	597	37	1.8e-11	70.4
NCVOG2058-consensus	NODE_7323_length_1123_cov_10.440727	36.55	238	144	7	108	338	376	1086	2.5e-11	70.8
NCVOG2058-consensus	NODE_4123_length_1621_cov_10.287565	31.09	267	170	14	108	368	416	1187	3.7e-11	70.8
NCVOG2058-consensus	NODE_2513_length_2060_cov_8.137670	31.37	306	191	19	76	368	127	1023	4.7e-11	70.8
NCVOG2058-consensus	NODE_11100_length_786_cov_10.148096	32.18	261	169	8	107	359	3	782	5.2e-11	69.3
NCVOG0066-consensus	NODE_1629_length_2461_cov_8.358641	29.52	332	216	18	119	447	215	1162	3.9e-44	181.5
NCVOG0066-consensus	NODE_7145_length_1146_cov_9.154350	33.44	299	186	13	177	466	1134	255	1.8e-43	178.3
NCVOG0066-consensus	NODE_5238_length_1425_cov_9.974777	32.88	365	206	39	121	452	1364	299	3.1e-39	164.5
NCVOG0066-consensus	NODE_7955_length_1049_cov_11.389918	32.27	313	187	25	79	370	938	19	9.8e-39	162.4
NCVOG0066-consensus	NODE_5006_length_1466_cov_8.110151	34.89	235	146	7	177	406	1445	754	1.3e-37	159.1
NCVOG0066-consensus	NODE_2005_length_2264_cov_8.952904	32.97	279	168	19	190	451	2263	1440	1.9e-29	132.6
NCVOG0066-consensus	NODE_4307_length_1585_cov_12.686340	33.46	269	156	23	163	411	1582	792	6e-27	123.8
NCVOG0066-consensus	NODE_7729_length_1074_cov_8.602808	28.41	352	220	32	199	530	5	1015	7.6e-24	112.9
NCVOG0066-consensus	NODE_37976_length_235_cov_5.164557	49.35	77	39	0	184	260	3	230	7.4e-17	87.5
NCVOG0066-consensus	NODE_10383_length_835_cov_9.730871	34.29	245	117	44	118	320	725	6	6.4e-16	86.3
NCVOG0066-consensus	NODE_9037_length_944_cov_13.222607	31.84	245	152	15	187	419	938	216	3.5e-15	84.0
NCVOG0066-consensus	NODE_34123_length_254_cov_5.937853	47.44	78	41	0	177	254	242	12	5.7e-15	81.4
NCVOG0066-consensus	NODE_42181_length_222_cov_4.020690	43.84	73	41	0	190	262	2	217	1.1e-13	76.9
NCVOG0066-consensus	NODE_5739_length_1342_cov_10.956522	38.30	141	75	12	134	266	413	6	1.7e-13	78.9
NCVOG0066-consensus	NODE_666_length_3325_cov_7.275862	26.90	316	201	30	118	406	2318	3251	3.5e-13	79.2
NCVOG0066-consensus	NODE_666_length_3325_cov_7.275862	27.24	246	152	27	180	406	55	765	1.3e-13	80.6
NCVOG0066-consensus	NODE_9593_length_896_cov_8.821734	31.79	280	153	38	208	468	34	809	2.5e-12	74.4
NCVOG0066-consensus	NODE_6959_length_1169_cov_9.678571	30.23	129	82	8	297	421	1166	795	5.2e-12	73.7
NCVOG0066-consensus	NODE_21470_length_374_cov_6.632997	34.51	113	59	15	119	221	49	367	5.6e-12	72.0
NCVOG0066-consensus	NODE_1713_length_2420_cov_11.082800	28.87	336	195	44	118	411	840	1834	1.6e-11	73.2
NCVOG0066-consensus	NODE_32028_length_266_cov_6.735450	41.56	77	45	0	208	284	233	6	3.4e-11	68.9
NCVOG4108-consensus	NODE_283_length_4300_cov_6.991949	24.52	416	273	41	140	535	1941	3122	2.1e-11	73.6
NCVOG0038-consensus	NODE_2216_length_2167_cov_10.340191	36.23	679	331	102	391	991	7	1948	6e-51	204.9
NCVOG0038-consensus	NODE_25990_length_313_cov_6.245763	42.20	109	40	23	711	802	309	6	7.8e-18	92.1
NCVOG0228-consensus	NODE_3640_length_1730_cov_8.361162	32.16	538	297	68	452	927	1730	150	1.1e-19	100.5
NCVOG0228-consensus	NODE_18714_length_434_cov_4.495798	39.06	128	68	10	777	894	431	51	2.5e-19	97.3
NCVOG0228-consensus	NODE_26883_length_304_cov_7.343612	41.10	73	42	1	498	570	294	82	6.5e-11	68.8
NCVOG1128-consensus	NODE_8231_length_1020_cov_7.683987	32.73	165	103	8	133	294	1000	524	1.3e-21	104.8
NCVOG1128-consensus	NODE_5032_length_1460_cov_10.020969	32.98	94	57	6	133	221	1177	1452	4.1e-14	80.5
NCVOG1128-consensus	NODE_3895_length_1672_cov_9.588088	25.27	186	119	20	133	301	678	1223	2.7e-11	71.3
NCVOG0280-consensus	NODE_1206_length_2727_cov_22.192453	22.59	664	479	35	1150	1795	4	1935	4.5e-17	93.4
NCVOG0280-consensus	NODE_1755_length_2395_cov_11.293356	21.39	823	569	78	446	1224	2361	6	2.6e-12	77.4
NCVOG0280-consensus	NODE_3496_length_1761_cov_12.929335	20.29	621	447	48	673	1281	1	1752	2.7e-12	76.9
NCVOG0218-consensus	NODE_209_length_4664_cov_11.150861	34.56	327	188	26	644	953	3364	4314	4.4e-27	126.7
NCVOG0218-consensus	NODE_4125_length_1621_cov_6.878238	31.51	511	296	54	430	895	120	1610	1.2e-25	120.5
NCVOG0218-consensus	NODE_16392_length_509_cov_9.550926	45.28	159	72	15	631	774	1	474	5.1e-23	110.0
NCVOG0218-consensus	NODE_11387_length_769_cov_5.998555	36.91	233	129	18	639	868	715	65	4.9e-21	104.0
NCVOG0218-consensus	NODE_7121_length_1149_cov_7.422575	47.33	131	66	3	599	727	587	973	2.4e-20	102.3
NCVOG0218-consensus	NODE_9286_length_922_cov_9.882840	41.27	189	98	13	721	899	738	190	1.1e-19	99.8
NCVOG0218-consensus	NODE_2842_length_1945_cov_10.299786	34.68	248	151	11	664	903	1203	1934	3.5e-19	99.2
NCVOG0218-consensus	NODE_393_length_3911_cov_8.570162	45.27	148	68	13	728	872	1786	2196	2.4e-17	94.1
NCVOG0218-consensus	NODE_12873_length_674_cov_7.115578	34.83	201	119	12	673	863	4	597	5.4e-17	90.4
NCVOG0218-consensus	NODE_2683_length_1997_cov_11.014583	42.94	163	74	19	773	921	653	1117	2.4e-16	89.8
NCVOG0218-consensus	NODE_13185_length_656_cov_5.911917	40.14	147	80	8	599	739	160	591	8.7e-16	86.4
NCVOG0218-consensus	NODE_11731_length_746_cov_9.690583	50.81	124	46	15	727	843	451	111	4.1e-15	84.3
NCVOG0218-consensus	NODE_100320_length_145_cov_12.250000	81.25	48	9	0	793	840	145	5	4.3e-15	81.9
NCVOG0218-consensus	NODE_7634_length_1085_cov_4.986111	29.48	346	222	22	561	886	1027	15	4.3e-15	84.8
NCVOG0218-consensus	NODE_2915_length_1929_cov_9.889849	32.73	275	168	17	682	947	1022	1819	4.4e-15	85.6
NCVOG0218-consensus	NODE_17165_length_482_cov_4.308642	46.15	104	53	3	614	717	163	462	1e-14	82.4
NCVOG0218-consensus	NODE_2241_length_2156_cov_9.952862	42.94	177	82	19	648	814	1640	2136	5e-14	82.3
NCVOG0218-consensus	NODE_501_length_3661_cov_9.257812	34.65	202	123	9	624	819	1541	2130	1.2e-13	81.8
NCVOG0218-consensus	NODE_9388_length_914_cov_4.819594	32.65	294	181	17	623	900	868	15	1.4e-13	79.5
NCVOG0218-consensus	NODE_2226_length_2164_cov_6.943939	27.87	445	285	36	459	886	1258	6	1.6e-13	80.6
NCVOG0218-consensus	NODE_444_length_3786_cov_11.872472	31.86	317	186	30	473	773	2657	3546	1.8e-13	81.2
NCVOG0218-consensus	NODE_4920_length_1480_cov_9.244476	38.67	150	77	15	797	934	1413	976	5.4e-13	78.3
NCVOG0218-consensus	NODE_9329_length_919_cov_4.574822	33.12	311	177	31	543	825	919	17	5.9e-13	77.5
NCVOG0218-consensus	NODE_3499_length_1761_cov_6.886580	36.00	175	103	9	757	930	1497	1004	6.5e-13	78.2
NCVOG0218-consensus	NODE_26227_length_311_cov_4.551282	43.81	105	56	3	711	814	311	6	1e-12	75.1
NCVOG0218-consensus	NODE_2472_length_2076_cov_10.209605	28.02	232	157	10	675	896	717	25	1.3e-12	77.5
NCVOG0218-consensus	NODE_26202_length_311_cov_5.679487	43.81	105	56	3	711	814	311	6	1.9e-12	74.2
NCVOG0218-consensus	NODE_14990_length_564_cov_5.776181	44.54	119	56	10	625	734	522	176	2.6e-11	71.3
NCVOG0218-consensus	NODE_105038_length_118_cov_5.975610	81.58	38	7	0	798	835	1	111	3.4e-11	68.7
NCVOG0218-consensus	NODE_1055_length_2852_cov_7.531171	35.31	354	152	77	611	888	1817	2838	6.8e-11	72.2
NCVOG0218-consensus	NODE_2735_length_1980_cov_6.602207	30.71	241	156	11	701	932	440	1149	9.6e-11	71.2
NCVOG0820-consensus	NODE_324_length_4143_cov_9.471717	29.71	441	240	70	58	447	3939	2687	2.6e-21	106.1
NCVOG0820-consensus	NODE_60_length_6810_cov_11.206000	30.22	278	150	44	58	308	875	96	2.2e-20	103.7
NCVOG0820-consensus	NODE_7200_length_1138_cov_19.854854	24.25	301	187	41	59	341	933	105	2.7e-18	94.2
NCVOG0820-consensus	NODE_489_length_3677_cov_9.920556	27.35	362	220	43	96	447	3626	2645	8.6e-18	94.2
NCVOG0820-consensus	NODE_8385_length_1007_cov_11.524731	32.37	173	84	33	70	226	470	6	6.8e-17	89.4
NCVOG0820-consensus	NODE_45548_length_212_cov_7.377778	52.38	63	26	4	166	226	28	207	1.9e-13	75.6
NCVOG4344-consensus	NODE_1277_length_2678_cov_9.640138	31.88	229	145	11	114	340	2605	1955	7e-12	74.3
NCVOG2246-consensus	NODE_473_length_3714_cov_12.097883	32.88	438	269	25	32	454	1629	353	9.2e-49	197.1
NCVOG2246-consensus	NODE_7185_length_1141_cov_7.453008	33.16	386	233	25	70	438	16	1136	2.4e-34	147.5
NCVOG5370-consensus	NODE_4495_length_1552_cov_10.357288	30.10	289	149	53	1	264	773	1542	9.8e-13	76.1
NCVOG1242-consensus	NODE_7055_length_1157_cov_12.229630	47.37	57	30	0	6	62	759	926	3.5e-11	69.6
NCVOG4487-consensus	NODE_3451_length_1772_cov_8.843068	31.61	193	116	16	304	484	5	562	7.5e-17	90.4
NCVOG4487-consensus	NODE_1259_length_2687_cov_8.328736	28.35	194	118	21	279	471	10	528	1.6e-15	86.6
NCVOG4487-consensus	NODE_14394_length_591_cov_13.260700	31.25	192	111	21	291	482	50	559	3.9e-12	73.1
NCVOG0273-consensus	NODE_50297_length_199_cov_8.483607	41.27	63	36	1	96	157	191	6	5.8e-12	69.5
NCVOG0273-consensus	NODE_3791_length_1700_cov_9.276648	42.54	134	64	13	79	199	571	179	7.2e-11	69.0
