NCVOG4069-consensus	NODE_330_length_27715_cov_55.754288	30.65	124	76	10	157	272	6358	5996	4.9e-16	90.2
NCVOG4069-consensus	NODE_330_length_27715_cov_55.754288	25.48	208	133	22	88	280	8818	8219	8.9e-14	82.7
NCVOG4069-consensus	NODE_1540_length_7667_cov_42.763241	44.80	125	64	5	155	276	5661	5296	2.9e-14	82.4
NCVOG0719-consensus	NODE_823_length_15027_cov_48.963278	25.70	179	132	1	51	228	13663	13130	6.1e-14	81.2
NCVOG0269-consensus	NODE_1518_length_7786_cov_43.264107	20.67	595	440	32	307	889	3123	1408	2.3e-13	81.2
NCVOG2772-consensus	NODE_3305_length_1139_cov_1024.950094	30.77	377	244	17	58	430	1083	7	4.1e-15	82.2
NCVOG2772-consensus	NODE_1518_length_7786_cov_43.264107	23.43	397	294	10	75	464	3390	2212	1.5e-12	76.5
NCVOG2772-consensus	NODE_1518_length_7786_cov_43.264107	28.00	375	253	17	91	458	2205	1114	1.5e-12	76.5
NCVOG4682-consensus	NODE_1518_length_7786_cov_43.264107	27.60	308	206	17	7	304	2196	1301	2.5e-26	122.2
NCVOG4682-consensus	NODE_1518_length_7786_cov_43.264107	23.20	250	186	6	12	257	2946	2210	7.3e-15	84.1
NCVOG4682-consensus	NODE_1518_length_7786_cov_43.264107	25.33	300	205	19	30	316	4239	3367	1.7e-14	82.9
NCVOG4682-consensus	NODE_3069_length_1516_cov_29.165393	26.26	278	193	12	28	300	1513	716	5.2e-21	102.2
NCVOG4682-consensus	NODE_1164_length_10531_cov_51.986704	24.28	243	167	17	64	301	5619	6308	8.5e-21	104.3
NCVOG4682-consensus	NODE_1314_length_9161_cov_46.721158	24.18	335	223	31	3	315	7345	8319	9.1e-20	100.6
NCVOG4682-consensus	NODE_1792_length_6194_cov_48.882786	21.94	278	190	27	28	291	4272	5061	1.2e-12	76.5
NCVOG4682-consensus	NODE_3223_length_1240_cov_24.455718	32.86	70	44	3	122	188	533	739	3.3e-11	69.3
NCVOG0321-consensus	NODE_1338_length_8894_cov_49.186798	34.31	204	120	14	307	507	158	733	3.5e-22	108.7
NCVOG0321-consensus	NODE_1291_length_9373_cov_50.471278	29.08	282	183	17	221	497	6031	6833	8.7e-16	87.6
NCVOG0321-consensus	NODE_919_length_13612_cov_50.982342	31.40	207	120	22	309	503	4956	4381	6.2e-13	78.6
NCVOG0333-consensus	NODE_641_length_18051_cov_54.197730	41.67	120	52	18	599	709	2396	2725	5.1e-11	73.1
NCVOG2223-consensus	NODE_2244_length_3923_cov_45.301352	45.19	104	53	4	719	821	650	949	4.5e-15	84.8
NCVOG0233-consensus	NODE_1117_length_11096_cov_42.471186	37.05	923	479	102	38	866	8744	6003	3.9e-59	232.6
NCVOG0233-consensus	NODE_617_length_18626_cov_101.540514	26.59	643	414	58	61	677	6880	5051	4.5e-39	166.7
NCVOG0233-consensus	NODE_98_length_48252_cov_55.725874	34.07	901	438	156	36	783	25399	22717	1.2e-26	126.8
NCVOG0233-consensus	NODE_635_length_18176_cov_49.313774	26.90	699	353	158	233	775	4948	7031	4e-25	120.3
NCVOG0233-consensus	NODE_83_length_50720_cov_57.112118	25.61	695	390	127	93	681	11436	13438	2.1e-22	112.7
NCVOG0233-consensus	NODE_472_length_22174_cov_53.082093	25.72	906	481	192	136	860	9253	11922	1.3e-17	95.6
NCVOG0233-consensus	NODE_137_length_42180_cov_106.422274	28.17	717	345	170	133	682	20476	22608	4.4e-17	94.8
NCVOG0233-consensus	NODE_231_length_33760_cov_56.753585	25.70	611	370	84	92	661	18576	16880	4e-16	91.3
NCVOG0233-consensus	NODE_217_length_34551_cov_51.546209	26.30	791	437	146	91	761	23887	26178	1e-14	86.7
NCVOG0233-consensus	NODE_1300_length_9255_cov_39.522772	28.94	387	230	45	31	373	7983	6837	1.7e-13	80.7
NCVOG0233-consensus	NODE_1300_length_9255_cov_39.522772	29.17	384	211	61	480	809	5974	4853	1.7e-13	80.7
NCVOG0233-consensus	NODE_398_length_24597_cov_53.673532	26.96	868	338	296	210	788	9072	11645	4.1e-11	74.2
NCVOG0233-consensus	NODE_107_length_46650_cov_59.550877	23.95	806	376	237	145	732	27747	30096	4.4e-11	75.0
NCVOG1313-consensus	NODE_248_length_32424_cov_48.976257	34.72	72	43	4	81	152	19704	19904	6e-11	72.4
NCVOG1023-consensus	NODE_786_length_15729_cov_45.928444	39.84	123	63	11	30	147	6890	6543	2.5e-24	114.9
NCVOG0023-consensus	NODE_1841_length_5940_cov_52.415828	29.68	438	288	20	378	806	2410	1133	1.3e-41	173.5
NCVOG0023-consensus	NODE_491_length_21679_cov_51.151131	28.44	443	291	26	375	806	20203	21483	4.8e-38	163.4
NCVOG0023-consensus	NODE_2477_length_3068_cov_65.383484	28.57	448	293	27	372	811	1438	157	1.5e-35	152.3
NCVOG0023-consensus	NODE_5_length_110427_cov_55.180054	26.38	614	420	32	231	830	86675	84907	3.2e-35	156.4
NCVOG0023-consensus	NODE_293_length_29688_cov_276.747357	29.85	469	278	51	375	806	13442	14803	4.8e-35	153.9
NCVOG0023-consensus	NODE_238_length_33138_cov_54.321557	28.81	479	308	33	345	806	22542	21157	3.5e-34	151.2
NCVOG0023-consensus	NODE_46_length_59032_cov_52.911814	28.17	458	304	25	360	807	37244	35923	3.1e-31	142.3
NCVOG0023-consensus	NODE_2509_length_2935_cov_65.311407	29.55	379	240	27	440	810	468	1544	7.5e-30	133.3
NCVOG0023-consensus	NODE_2204_length_4059_cov_171.173782	34.15	284	176	11	373	651	834	4	1.2e-27	126.5
NCVOG0023-consensus	NODE_360_length_26504_cov_64.560260	29.05	358	226	28	440	788	24927	25940	2e-27	128.4
NCVOG0023-consensus	NODE_2119_length_4363_cov_65.017032	24.73	469	312	41	402	848	2344	1004	1.3e-24	116.5
NCVOG0023-consensus	NODE_447_length_23027_cov_57.432593	31.20	343	222	14	467	806	5132	6120	2.7e-24	117.9
NCVOG0023-consensus	NODE_271_length_30928_cov_56.077113	27.40	416	273	29	395	796	1413	214	3e-24	118.1
NCVOG0023-consensus	NODE_1746_length_6384_cov_130.783415	26.31	631	404	61	161	767	4258	6030	4.7e-23	111.9
NCVOG0023-consensus	NODE_2439_length_3173_cov_49.855620	26.10	433	286	34	376	792	1154	2395	8.6e-23	110.0
NCVOG0023-consensus	NODE_360_length_26504_cov_64.560260	27.82	417	273	28	382	786	3522	2327	8.7e-22	109.7
NCVOG0023-consensus	NODE_1404_length_8467_cov_50.129917	24.58	472	325	31	371	824	2282	925	1e-21	107.8
NCVOG0023-consensus	NODE_2869_length_1909_cov_92.174672	23.54	429	301	27	395	805	1550	294	2.1e-20	101.3
NCVOG0023-consensus	NODE_3434_length_997_cov_47.164130	35.38	195	117	9	373	562	425	994	9.8e-19	94.9
NCVOG0023-consensus	NODE_1705_length_6574_cov_91.421117	27.23	470	291	51	380	810	6563	5193	2.1e-17	93.2
NCVOG0023-consensus	NODE_147_length_40474_cov_79.082358	24.57	403	279	25	424	810	29630	28452	2.8e-17	95.3
NCVOG0023-consensus	NODE_2496_length_2989_cov_53.542239	24.20	405	278	29	424	810	1680	2858	4.2e-17	91.0
NCVOG0023-consensus	NODE_375_length_25672_cov_76.341903	36.21	174	109	2	483	654	153	667	4.6e-17	94.0
NCVOG0023-consensus	NODE_2702_length_2334_cov_75.549845	29.19	346	209	36	483	806	1372	386	3.8e-16	87.5
NCVOG0023-consensus	NODE_912_length_13710_cov_86.272941	22.90	441	309	31	373	799	1520	252	1.5e-15	88.0
NCVOG0023-consensus	NODE_726_length_16360_cov_54.618743	24.35	382	275	14	395	766	13570	14700	6.8e-15	86.1
NCVOG0023-consensus	NODE_4809_length_304_cov_112.643172	45.54	101	54	1	487	587	302	6	6.4e-14	77.1
NCVOG0023-consensus	NODE_508_length_21334_cov_59.318719	23.53	425	301	24	366	780	6707	7932	2.2e-13	81.5
NCVOG0023-consensus	NODE_2202_length_4062_cov_57.183187	23.68	435	305	27	394	810	2041	3315	1.8e-12	76.1
NCVOG0023-consensus	NODE_1803_length_6169_cov_70.511819	23.24	469	325	35	379	836	1784	3115	2.2e-12	76.4
NCVOG0023-consensus	NODE_5429_length_232_cov_49.909677	50.00	76	38	0	487	562	230	6	3.5e-12	71.0
NCVOG0023-consensus	NODE_4014_length_453_cov_189.242021	28.28	145	102	2	539	681	13	444	5.3e-12	71.3
NCVOG0023-consensus	NODE_4244_length_386_cov_215.682848	34.23	111	71	2	443	552	34	360	3.5e-11	68.4
NCVOG0023-consensus	NODE_1248_length_9710_cov_63.687117	23.80	521	324	73	306	789	5691	7134	8.6e-11	71.7
NCVOG1013-consensus	NODE_1552_length_7612_cov_51.004247	29.01	355	217	35	200	523	4096	3059	1.4e-15	87.0
NCVOG1013-consensus	NODE_478_length_22015_cov_52.836038	28.61	367	227	35	137	476	14530	13463	4.3e-12	77.0
NCVOG1013-consensus	NODE_634_length_18190_cov_56.601833	28.93	401	227	58	109	462	13852	12706	7.5e-12	75.9
NCVOG1013-consensus	NODE_1643_length_6938_cov_51.834864	27.14	269	177	19	335	589	3943	3163	5.1e-11	71.7
NCVOG0013-consensus	NODE_344_length_27149_cov_49.603576	29.77	215	143	8	130	342	22472	23095	2.6e-13	81.0
NCVOG2971-consensus	NODE_6232_length_187_cov_59.400000	39.02	41	25	0	8	48	46	165	1.4e-23	106.2
NCVOG2971-consensus	NODE_8333_length_153_cov_85.526316	36.59	41	26	0	8	48	12	131	5.1e-17	84.2
NCVOG2971-consensus	NODE_8336_length_153_cov_63.618421	36.59	41	26	0	8	48	12	131	5.1e-17	84.2
NCVOG2971-consensus	NODE_4656_length_320_cov_54.823045	36.59	41	26	0	8	48	256	137	3.2e-13	72.6
NCVOG2971-consensus	NODE_6134_length_191_cov_50.464912	32.00	50	31	3	79	126	7	150	5e-13	71.2
NCVOG2971-consensus	NODE_11941_length_135_cov_47.396552	54.55	22	9	1	105	126	101	42	5.7e-12	67.2
NCVOG2971-consensus	NODE_7488_length_155_cov_66.038462	54.55	22	9	1	105	126	144	85	9.8e-12	66.6
NCVOG2971-consensus	NODE_14718_length_128_cov_26.470588	31.03	29	20	0	106	134	121	38	2.7e-11	64.9
NCVOG2971-consensus	NODE_5327_length_240_cov_36.460123	24.24	66	48	2	2	65	30	224	6.6e-11	64.5
NCVOG4631-consensus	NODE_1375_length_8669_cov_54.085428	31.11	90	60	2	393	481	6653	6390	4.4e-11	72.7
NCVOG4631-consensus	NODE_263_length_31274_cov_50.376382	25.53	188	121	19	293	474	2389	1876	5.4e-11	74.3
NCVOG0763-consensus	NODE_1518_length_7786_cov_43.264107	27.76	299	197	19	27	313	2922	2060	6.6e-18	93.6
NCVOG0763-consensus	NODE_577_length_19813_cov_53.102908	31.97	244	145	21	85	312	12002	12713	2.3e-13	79.9
NCVOG0763-consensus	NODE_116_length_45722_cov_52.296528	32.33	331	190	34	5	313	17191	16250	4.6e-12	76.8
NCVOG0763-consensus	NODE_2517_length_2915_cov_40.777308	26.58	316	202	30	3	313	989	120	5.3e-12	72.6
NCVOG0763-consensus	NODE_18_length_88542_cov_56.127440	28.96	297	194	17	24	313	16853	17710	8.3e-12	76.9
NCVOG0763-consensus	NODE_1511_length_7821_cov_37.842846	28.09	324	205	28	5	312	7750	6830	5.4e-11	70.6
NCVOG4670-consensus	NODE_38_length_64571_cov_55.196034	35.29	187	92	29	356	534	15983	16471	6.7e-11	74.3
NCVOG0073-consensus	NODE_163_length_39140_cov_53.638353	38.88	661	341	63	29	640	24161	26092	4.9e-92	343.8
NCVOG0073-consensus	NODE_337_length_27390_cov_56.648849	35.81	578	320	51	162	707	8126	6453	2.8e-55	221.2
NCVOG0073-consensus	NODE_337_length_27390_cov_56.648849	34.07	135	81	8	29	162	8799	8419	3e-12	78.2
NCVOG0073-consensus	NODE_218_length_34448_cov_54.434291	26.97	445	307	18	90	520	2229	910	4.6e-41	174.3
NCVOG0073-consensus	NODE_211_length_34864_cov_55.089344	32.55	728	367	124	31	656	28874	26768	6.9e-37	160.4
NCVOG0073-consensus	NODE_1058_length_11692_cov_51.021696	29.71	589	337	77	34	560	8537	10251	2.3e-21	107.3
NCVOG0073-consensus	NODE_175_length_37854_cov_56.815920	29.36	218	148	6	57	268	6745	6101	3.1e-14	85.3
NCVOG0073-consensus	NODE_250_length_32206_cov_50.086464	44.96	129	63	8	423	548	2331	1969	2.8e-11	75.3
NCVOG0898-consensus	NODE_1518_length_7786_cov_43.264107	24.07	756	532	42	101	831	4009	1806	7.7e-18	94.8
NCVOG4643-consensus	NODE_38_length_64571_cov_55.196034	25.20	127	88	7	15	134	16086	16459	2.4e-13	81.7
NCVOG4643-consensus	NODE_15_length_92802_cov_51.481769	27.83	115	71	12	26	135	44873	44553	6.4e-11	74.1
NCVOG2653-consensus	NODE_3275_length_1171_cov_369.840951	29.29	99	61	9	315	412	1123	854	5.3e-12	71.7
NCVOG0679-consensus	NODE_3305_length_1139_cov_1024.950094	26.86	283	199	8	1	275	875	36	1.9e-13	75.9
NCVOG0268-consensus	NODE_1518_length_7786_cov_43.264107	26.46	291	197	17	296	580	2406	1570	1.6e-12	76.7
NCVOG4523-consensus	NODE_1231_length_9855_cov_44.296789	32.05	883	421	179	84	841	4716	2253	7.5e-20	102.2
NCVOG4523-consensus	NODE_291_length_29755_cov_49.815789	31.07	1033	458	254	10	823	4040	6988	3.9e-12	78.2
NCVOG1353-consensus	NODE_905_length_13779_cov_53.478908	54.70	808	235	131	101	779	2667	261	7.3e-78	295.0
NCVOG5235-consensus	NODE_30499_length_79_cov_231.500000	52.94	17	8	0	253	269	22	69	1.4e-13	73.4
NCVOG5235-consensus	NODE_30383_length_79_cov_347.500000	52.94	17	8	0	253	269	22	69	1.4e-13	73.4
NCVOG5235-consensus	NODE_25809_length_84_cov_28301.714286	47.62	21	11	0	420	440	3	62	4e-12	68.6
NCVOG5235-consensus	NODE_25288_length_86_cov_91.777778	52.94	17	8	0	425	441	81	34	3.2e-11	65.7
NCVOG5235-consensus	NODE_22457_length_95_cov_264.222222	52.94	17	8	0	253	269	11	58	7.9e-11	64.5
NCVOG5235-consensus	NODE_22365_length_95_cov_37.315789	45.45	22	9	3	62	80	94	32	7.9e-11	64.5
NCVOG4445-consensus	NODE_634_length_18190_cov_56.601833	29.08	306	202	15	79	380	13311	12432	4.5e-19	99.0
NCVOG4445-consensus	NODE_1289_length_9387_cov_43.149731	29.49	217	133	20	185	384	4630	3992	8.7e-11	70.5
NCVOG5135-consensus	NODE_68_length_54401_cov_57.937652	36.14	83	48	5	34	114	9475	9239	1.5e-16	91.2
NCVOG5135-consensus	NODE_38_length_64571_cov_55.196034	33.70	92	53	8	4	92	16247	16504	5.2e-16	89.6
NCVOG5135-consensus	NODE_103_length_47229_cov_56.730998	34.75	141	75	17	1	129	37363	37765	6e-16	88.9
NCVOG5135-consensus	NODE_2317_length_3651_cov_54.201735	28.89	90	63	1	4	92	1091	825	7.9e-15	81.5
NCVOG5135-consensus	NODE_724_length_16374_cov_56.346996	44.44	54	28	2	7	60	3891	3739	5e-14	81.0
NCVOG5135-consensus	NODE_2638_length_2526_cov_45.982033	25.66	113	74	10	1	109	202	519	3.2e-13	75.7
NCVOG5135-consensus	NODE_2766_length_2176_cov_31.948071	34.33	67	43	1	2	67	1726	1923	7.6e-13	74.2
NCVOG5135-consensus	NODE_1283_length_9433_cov_47.278431	39.13	69	31	11	2	63	3605	3414	4.6e-12	73.7
NCVOG5135-consensus	NODE_1844_length_5925_cov_58.636628	23.33	120	89	3	9	128	155	502	1.2e-11	71.6
NCVOG5135-consensus	NODE_79_length_51054_cov_101.776801	23.21	112	82	4	2	113	1693	1373	1.3e-11	74.6
NCVOG5135-consensus	NODE_378_length_25562_cov_53.277065	33.05	118	65	14	2	107	21741	21397	2.7e-11	72.6
NCVOG5135-consensus	NODE_239_length_33128_cov_58.860065	43.10	58	24	9	6	62	28826	28972	3.7e-11	72.5
NCVOG5135-consensus	NODE_2_length_118576_cov_58.038000	41.82	55	30	2	7	61	44321	44476	6.2e-11	73.6
NCVOG5135-consensus	NODE_2880_length_1889_cov_28.089404	29.00	100	63	8	2	100	342	67	6.9e-11	67.5
NCVOG5135-consensus	NODE_385_length_25382_cov_96.495238	28.41	88	60	3	3	88	24773	25030	7.5e-11	71.1
NCVOG5135-consensus	NODE_3172_length_1323_cov_24.764045	29.75	121	68	17	3	118	929	1248	7.5e-11	66.9
NCVOG5135-consensus	NODE_156_length_39729_cov_54.271109	35.24	105	54	14	14	107	18299	18601	7.7e-11	71.7
NCVOG5135-consensus	NODE_1_length_182523_cov_54.623072	28.00	75	54	0	11	85	8513	8734	8.3e-11	73.5
NCVOG1343-consensus	NODE_1423_length_8375_cov_50.819595	31.76	233	146	13	5	234	6494	5829	4.2e-41	171.1
NCVOG1343-consensus	NODE_59_length_55965_cov_58.002791	36.18	152	85	12	90	236	4911	5338	2.1e-21	108.5
NCVOG1343-consensus	NODE_144_length_40682_cov_53.605073	34.02	97	58	6	18	112	9642	9917	1.8e-12	78.3
NCVOG0243-consensus	NODE_265_length_31237_cov_56.554204	29.22	332	205	30	25	337	1058	99	3.6e-18	96.9
NCVOG0055-consensus	NODE_308_length_28707_cov_57.824345	31.43	280	160	32	146	393	22442	21622	2.2e-19	100.9
NCVOG0055-consensus	NODE_2744_length_2234_cov_42.102921	42.96	135	67	10	182	311	974	588	8.5e-14	78.6
NCVOG0435-consensus	NODE_2608_length_2619_cov_36.897325	45.95	111	59	1	97	207	2134	2460	9.5e-16	84.3
NCVOG0435-consensus	NODE_2022_length_4828_cov_64.608714	30.77	130	88	2	82	210	1843	1460	1.7e-11	71.0
NCVOG4105-consensus	NODE_430_length_23434_cov_50.538340	31.50	1143	434	349	7	815	5390	2050	3e-20	104.8
NCVOG4105-consensus	NODE_67_length_55448_cov_54.452674	23.77	568	352	81	46	571	14679	13104	1.5e-11	77.1
NCVOG0305-consensus	NODE_70_length_53304_cov_50.796645	34.18	196	123	6	1334	1527	2847	2275	1.7e-19	104.0
NCVOG0305-consensus	NODE_238_length_33138_cov_54.321557	28.12	320	155	75	1303	1551	15937	16877	2.7e-14	86.1
NCVOG0305-consensus	NODE_788_length_15721_cov_50.662043	40.71	113	63	4	1416	1528	5204	4881	5.2e-12	77.4
NCVOG0305-consensus	NODE_1813_length_6096_cov_43.827712	27.99	268	164	29	1316	1555	1763	970	9e-12	75.2
NCVOG0305-consensus	NODE_1012_length_12152_cov_59.652008	25.91	328	180	63	763	1039	6650	7590	9.7e-11	72.8
NCVOG4804-consensus	NODE_20_length_84730_cov_56.892361	54.26	129	31	28	80	180	25485	25104	1.4e-20	105.3
NCVOG0844-consensus	NODE_38_length_64571_cov_55.196034	29.01	293	167	41	3	263	53216	52370	1.4e-13	82.1
NCVOG2963-consensus	NODE_3305_length_1139_cov_1024.950094	32.79	308	187	20	5	299	893	4	1e-18	93.6
NCVOG2963-consensus	NODE_305_length_28860_cov_51.506549	34.98	223	125	20	110	320	2498	1857	1.3e-12	78.0
NCVOG0249-consensus	NODE_1312_length_9173_cov_129.385114	27.61	163	108	10	10	165	575	99	2e-11	72.7
NCVOG0249-consensus	NODE_271_length_30928_cov_56.077113	26.83	246	168	12	30	265	19142	18418	5e-11	73.1
NCVOG0249-consensus	NODE_1463_length_8093_cov_86.994386	28.22	163	107	10	10	165	7242	7718	6.8e-11	70.7
NCVOG0249-consensus	NODE_912_length_13710_cov_86.272941	26.18	233	160	12	30	257	11276	11950	9.3e-11	71.0
NCVOG4883-consensus	NODE_158_length_39583_cov_53.181137	34.87	261	127	43	176	408	30099	30829	1e-27	129.1
NCVOG0360-consensus	NODE_16_length_89267_cov_55.391008	42.77	318	154	28	24	315	11469	12411	8.2e-40	169.9
NCVOG0979-consensus	NODE_63_length_55617_cov_52.656014	46.09	358	146	47	16	328	37427	36363	6.4e-53	213.0
NCVOG0699-consensus	NODE_1927_length_5398_cov_42.963353	26.91	223	158	5	207	425	3757	4419	1.6e-14	82.4
NCVOG0699-consensus	NODE_379_length_25526_cov_50.805218	27.09	358	223	38	100	431	19826	18794	5.2e-14	83.0
NCVOG0699-consensus	NODE_621_length_18516_cov_50.661045	26.20	332	228	17	98	422	8983	8029	7.3e-12	75.4
NCVOG0274-consensus	NODE_74_length_52111_cov_55.349483	38.51	1379	690	158	141	1385	32911	36966	1.7e-54	220.1
NCVOG0274-consensus	NODE_923_length_13546_cov_47.439082	30.63	506	267	84	209	635	1570	75	1.5e-36	158.5
NCVOG0274-consensus	NODE_270_length_30992_cov_116.118454	43.86	114	56	8	1259	1369	25888	26209	1.2e-13	83.6
NCVOG0274-consensus	NODE_1632_length_6999_cov_38.420977	31.14	472	192	133	716	1055	137	1542	2.9e-11	73.6
NCVOG0274-consensus	NODE_59_length_55965_cov_58.002791	29.99	1367	601	356	304	1320	24582	28623	3.5e-11	76.3
NCVOG0162-consensus	NODE_3305_length_1139_cov_1024.950094	29.59	98	66	3	6	102	288	6	1.6e-12	72.3
NCVOG1074-consensus	NODE_667_length_17695_cov_55.091554	35.05	214	121	18	132	341	10270	9676	4e-18	95.8
NCVOG0074-consensus	NODE_163_length_39140_cov_53.638353	60.65	643	201	52	20	610	24176	26095	1.4e-155	554.3
NCVOG0074-consensus	NODE_337_length_27390_cov_56.648849	47.31	651	216	127	83	612	8592	6663	1.4e-94	351.2
NCVOG0074-consensus	NODE_337_length_27390_cov_56.648849	68.00	75	23	1	9	82	8817	8596	2e-17	94.8
NCVOG0074-consensus	NODE_211_length_34864_cov_55.089344	42.06	680	287	107	33	616	28826	26831	4e-67	260.3
NCVOG0074-consensus	NODE_218_length_34448_cov_54.434291	30.97	565	319	71	30	524	2497	817	3.6e-57	227.2
NCVOG0074-consensus	NODE_175_length_37854_cov_56.815920	54.07	135	59	3	140	271	6421	6020	1.1e-25	122.8
NCVOG0074-consensus	NODE_1058_length_11692_cov_51.021696	32.82	582	322	69	34	549	8579	10308	8.2e-25	118.2
NCVOG0074-consensus	NODE_250_length_32206_cov_50.086464	59.06	127	45	7	395	517	2331	1969	4.6e-19	100.5
NCVOG0074-consensus	NODE_5_length_110427_cov_55.180054	32.09	430	216	76	39	394	19513	20787	5.5e-17	95.4
NCVOG0074-consensus	NODE_863_length_14379_cov_51.472032	29.74	696	374	115	6	636	11402	9470	2.3e-13	80.5
NCVOG1196-consensus	NODE_1518_length_7786_cov_43.264107	26.58	933	635	50	157	1073	3963	1276	3.9e-41	172.6
NCVOG1196-consensus	NODE_3305_length_1139_cov_1024.950094	28.72	397	260	23	471	861	1123	9	3.2e-18	93.7
NCVOG1196-consensus	NODE_693_length_17056_cov_45.477413	24.29	597	392	60	62	614	7399	9130	1.3e-12	79.0
NCVOG4614-consensus	NODE_1657_length_6875_cov_55.743013	26.62	154	108	5	36	184	3891	3435	1.7e-11	72.0
NCVOG0064-consensus	NODE_693_length_17056_cov_45.477413	24.79	363	239	34	23	362	9715	10767	1.5e-11	74.3
NCVOG0244-consensus	NODE_238_length_33138_cov_54.321557	26.10	387	262	24	44	425	17332	18432	1.1e-52	212.1
NCVOG0244-consensus	NODE_1761_length_6321_cov_51.453876	26.71	292	193	21	96	380	4395	5223	8.6e-27	123.7
NCVOG0244-consensus	NODE_519_length_21100_cov_100.186795	30.70	114	77	2	14	126	18442	18111	5.5e-20	102.8
NCVOG0244-consensus	NODE_5160_length_255_cov_53.134831	35.09	57	37	0	353	409	219	52	1.2e-19	95.3
NCVOG0244-consensus	NODE_204_length_35326_cov_51.931402	25.99	227	152	16	31	248	22093	22749	2.7e-17	94.7
NCVOG0244-consensus	NODE_1254_length_9660_cov_57.481478	22.47	365	254	29	91	432	2909	3982	1.3e-16	90.5
NCVOG0244-consensus	NODE_234_length_33487_cov_52.543280	31.82	110	70	5	136	243	10210	9895	7.8e-16	89.7
NCVOG0244-consensus	NODE_521_length_21057_cov_54.659628	29.81	104	66	7	315	414	3860	3561	8.6e-16	88.9
NCVOG0244-consensus	NODE_1128_length_10960_cov_50.954332	30.77	104	63	9	317	414	4270	4569	1.3e-15	87.4
NCVOG0244-consensus	NODE_3422_length_1006_cov_17.277718	32.81	64	42	1	296	358	260	448	1.3e-15	83.9
NCVOG0244-consensus	NODE_409_length_24235_cov_99.461421	23.57	297	194	33	63	352	16408	17215	4.3e-15	86.8
NCVOG0244-consensus	NODE_2809_length_2068_cov_33.125063	29.29	99	62	8	19	112	833	549	1e-11	72.0
NCVOG0304-consensus	NODE_558_length_20206_cov_50.575935	32.67	150	97	4	39	184	1102	660	1.3e-13	81.3
NCVOG0304-consensus	NODE_1638_length_6967_cov_46.906821	36.36	154	85	13	58	201	4785	5234	1.4e-13	79.7
NCVOG0214-consensus	NODE_323_length_28042_cov_47.749437	25.35	493	331	37	82	548	12805	14247	4.8e-22	110.5
NCVOG0214-consensus	NODE_323_length_28042_cov_47.749437	32.89	225	137	14	290	513	12163	12795	2.5e-16	91.6
NCVOG0214-consensus	NODE_952_length_13159_cov_87.351475	30.63	271	173	15	318	578	4241	5035	2.6e-17	93.7
NCVOG0214-consensus	NODE_1518_length_7786_cov_43.264107	22.07	290	211	15	225	508	3006	2167	6.6e-12	75.0
NCVOG0214-consensus	NODE_793_length_15636_cov_53.144547	25.51	494	307	61	136	580	10815	9383	1.6e-11	74.7
NCVOG0214-consensus	NODE_197_length_35987_cov_52.422250	52.88	104	42	7	389	489	12837	12541	9.3e-11	73.4
NCVOG0276-consensus	NODE_20_length_84730_cov_56.892361	51.82	330	146	13	33	356	48213	47258	6.7e-196	688.5
NCVOG0276-consensus	NODE_73_length_52129_cov_57.173384	60.15	389	101	54	23	357	31910	33067	2.9e-169	599.4
NCVOG0276-consensus	NODE_982_length_12710_cov_47.240719	25.85	352	155	106	39	284	1157	115	6.4e-35	151.0
NCVOG2487-consensus	NODE_609_length_18950_cov_56.409527	31.21	141	87	10	36	174	2046	1651	3.2e-11	71.9
NCVOG2487-consensus	NODE_609_length_18950_cov_56.409527	31.97	147	87	13	30	176	2736	2338	3.2e-11	71.9
NCVOG4665-consensus	NODE_79_length_51054_cov_101.776801	34.21	152	84	16	375	515	1846	1409	2.4e-15	88.5
NCVOG4665-consensus	NODE_38_length_64571_cov_55.196034	37.88	132	67	15	392	512	16086	16462	5.1e-14	84.5
NCVOG5020-consensus	NODE_648_length_17988_cov_50.802815	37.74	53	30	3	185	234	3707	3862	2.8e-13	79.0
NCVOG4966-consensus	NODE_3305_length_1139_cov_1024.950094	29.52	376	254	11	54	419	1134	19	2.2e-25	116.3
NCVOG4966-consensus	NODE_1518_length_7786_cov_43.264107	27.43	463	312	24	30	474	3777	2410	4.2e-18	94.9
NCVOG4966-consensus	NODE_1518_length_7786_cov_43.264107	29.60	375	229	35	36	386	2175	1093	4.2e-18	94.9
NCVOG0030-consensus	NODE_248_length_32424_cov_48.976257	36.56	227	133	11	266	489	198	851	4.6e-27	127.4
NCVOG4494-consensus	NODE_1437_length_8262_cov_47.802932	37.50	240	143	7	25	258	2480	1771	9.3e-20	100.6
NCVOG4494-consensus	NODE_1213_length_10082_cov_49.845177	34.94	269	155	20	54	314	1016	253	3.7e-16	88.9
NCVOG4494-consensus	NODE_146_length_40552_cov_58.882817	35.48	186	113	7	12	193	39285	39830	9.1e-14	83.0
NCVOG5094-consensus	NODE_3305_length_1139_cov_1024.950094	31.52	257	167	9	44	297	756	9	6e-15	81.0
NCVOG0077-consensus	NODE_3643_length_758_cov_41.792952	36.72	256	152	10	460	708	758	7	3.3e-34	145.6
NCVOG0077-consensus	NODE_3648_length_755_cov_204.317109	36.33	256	152	11	460	708	755	7	6.6e-33	141.3
NCVOG0077-consensus	NODE_697_length_16950_cov_51.158004	37.84	222	126	12	487	704	16887	16249	8e-26	122.2
NCVOG0077-consensus	NODE_249_length_32289_cov_54.091891	30.20	404	237	45	337	706	21056	19881	8.3e-21	106.5
NCVOG0077-consensus	NODE_3045_length_1553_cov_254.380081	30.63	431	259	40	223	625	1245	12	1.6e-19	97.8
NCVOG0077-consensus	NODE_2797_length_2097_cov_104.190099	31.51	311	185	28	333	625	1191	2086	3.2e-15	84.0
NCVOG0077-consensus	NODE_402_length_24449_cov_60.026054	31.74	397	241	30	333	708	11016	9860	6.9e-15	86.4
NCVOG0077-consensus	NODE_465_length_22345_cov_323.324636	33.42	389	230	29	336	704	10780	11916	1.6e-14	85.1
NCVOG0077-consensus	NODE_15_length_92802_cov_51.481769	28.63	482	258	86	301	714	56597	57981	4.6e-14	85.6
NCVOG0077-consensus	NODE_495_length_21612_cov_50.629208	28.63	262	145	42	333	553	20714	21489	3.2e-13	80.7
NCVOG0077-consensus	NODE_3841_length_553_cov_18.989496	42.24	116	64	3	588	701	150	491	8.3e-13	74.0
NCVOG0077-consensus	NODE_985_length_12582_cov_47.015914	31.30	246	147	22	323	554	9760	10470	1.8e-12	77.5
NCVOG0077-consensus	NODE_13_length_96065_cov_53.170917	26.71	513	220	156	329	695	41630	40125	7.6e-12	78.3
NCVOG0077-consensus	NODE_3630_length_770_cov_368.551227	39.81	108	62	3	601	708	770	459	3.5e-11	69.1
NCVOG0267-consensus	NODE_2365_length_3500_cov_39.007011	29.75	474	287	46	287	748	1336	2652	2.4e-15	85.8
NCVOG0267-consensus	NODE_1365_length_8736_cov_50.017554	31.88	414	244	38	328	733	5329	6477	3e-12	76.9
NCVOG0067-consensus	NODE_365_length_26331_cov_99.578236	24.44	266	170	31	145	395	13768	13022	2.2e-11	74.7
NCVOG4357-consensus	NODE_369_length_26017_cov_53.757325	32.04	540	243	124	2	427	7921	9503	2.5e-21	107.4
NCVOG5007-consensus	NODE_3305_length_1139_cov_1024.950094	34.32	169	94	17	8	175	457	6	5.2e-14	77.7
NCVOG0517-consensus	NODE_3305_length_1139_cov_1024.950094	26.34	243	168	11	83	315	726	10	6e-20	97.7
NCVOG0517-consensus	NODE_305_length_28860_cov_51.506549	28.06	253	166	16	92	344	2459	1752	5.9e-16	89.2
NCVOG0517-consensus	NODE_334_length_27572_cov_52.289944	23.69	287	212	7	60	343	24610	23765	6.6e-15	85.6
NCVOG0517-consensus	NODE_768_length_15894_cov_49.520516	32.96	179	112	8	160	333	3869	4393	2.8e-14	82.7
NCVOG0037-consensus	NODE_1075_length_11486_cov_48.727846	40.94	1143	404	271	70	943	3148	6537	9.8e-37	158.5
NCVOG0037-consensus	NODE_43_length_62385_cov_58.021105	40.30	1149	414	272	35	915	35069	38468	1.5e-33	150.4
NCVOG0007-consensus	NODE_1593_length_7233_cov_48.956121	36.29	350	184	39	48	358	3317	4363	1.1e-31	139.4
NCVOG2662-consensus	NODE_2404_length_3330_cov_35.785121	26.44	87	59	5	15	101	2299	2057	7e-11	67.4
NCVOG1115-consensus	NODE_621_length_18516_cov_50.661045	39.64	222	85	49	237	409	2823	2165	9.9e-16	88.0
NCVOG0015-consensus	NODE_731_length_16297_cov_54.951603	32.67	150	98	3	99	245	4731	4285	4.1e-14	82.7
NCVOG0005-consensus	NODE_205_length_35208_cov_48.611170	28.08	317	180	48	52	326	10145	9218	2e-11	74.9
NCVOG0486-consensus	NODE_593_length_19497_cov_107.811020	30.49	364	190	63	63	371	9174	10234	7.5e-21	105.0
NCVOG0897-consensus	NODE_2718_length_2290_cov_34.154993	31.34	201	116	22	58	243	1597	2175	5.5e-31	135.1
NCVOG0806-consensus	NODE_124_length_45045_cov_59.277531	45.03	382	150	60	126	447	16131	14993	3.3e-18	97.6
NCVOG0806-consensus	NODE_148_length_40438_cov_52.534179	30.45	486	274	64	17	447	16639	18062	6.1e-13	80.0
NCVOG0329-consensus	NODE_2244_length_3923_cov_45.301352	32.37	241	107	56	1115	1301	458	1163	7.1e-12	74.7
NCVOG0329-consensus	NODE_1120_length_11078_cov_54.397782	34.59	133	78	9	1144	1276	10226	9858	1.1e-11	75.5
NCVOG0029-consensus	NODE_705_length_16838_cov_51.568820	29.05	420	157	141	71	349	14434	15682	1.7e-11	74.3
NCVOG1193-consensus	NODE_616_length_18644_cov_49.664728	36.49	74	44	3	4	75	9242	9027	8.6e-11	70.6
NCVOG5278-consensus	NODE_2653_length_2498_cov_45.988848	27.03	111	77	4	241	351	1555	1872	6.9e-11	69.6
NCVOG4154-consensus	NODE_3305_length_1139_cov_1024.950094	38.32	214	127	5	54	262	637	13	2.6e-16	85.5
NCVOG4154-consensus	NODE_5206_length_251_cov_320.224138	51.69	89	37	6	142	230	3	248	4.2e-13	72.7
NCVOG0984-consensus	NODE_10279_length_147_cov_26.371429	50.00	26	13	0	169	194	146	72	1.4e-12	69.6
NCVOG0984-consensus	NODE_1438_length_8250_cov_49.525388	24.39	82	62	0	126	207	4634	4392	3.1e-11	71.0
NCVOG0646-consensus	NODE_3521_length_907_cov_21.240964	28.57	105	71	4	186	290	622	323	2.6e-11	69.2
NCVOG0785-consensus	NODE_3493_length_939_cov_22.049884	39.39	66	40	0	153	218	766	572	7.7e-12	69.9
NCVOG1326-consensus	NODE_1898_length_5524_cov_43.291904	43.86	114	43	21	46	138	851	513	3.1e-11	69.9
NCVOG0036-consensus	NODE_182_length_37177_cov_58.039299	34.98	223	115	30	105	302	19119	18471	2e-15	87.7
NCVOG0222-consensus	NODE_1540_length_7667_cov_42.763241	22.81	434	315	20	85	504	6384	5104	2.2e-11	72.6
NCVOG0014-consensus	NODE_344_length_27149_cov_49.603576	28.69	237	165	4	116	348	22415	23122	2.1e-18	97.9
NCVOG0014-consensus	NODE_691_length_17109_cov_45.460721	25.81	217	160	1	124	339	12585	11938	7.2e-14	82.1
NCVOG0002-consensus	NODE_96_length_48301_cov_57.981482	33.46	520	294	52	332	836	45166	46611	1.3e-37	163.2
NCVOG0780-consensus	NODE_928_length_13444_cov_54.798833	30.34	267	166	20	114	369	10051	10821	1.3e-15	87.1
NCVOG4845-consensus	NODE_188_length_36654_cov_56.794762	25.85	619	365	94	62	629	6040	7750	3.6e-34	150.9
NCVOG4845-consensus	NODE_365_length_26331_cov_99.578236	27.45	470	298	43	158	621	11691	10396	3.9e-25	120.4
NCVOG4845-consensus	NODE_390_length_25074_cov_57.222747	33.87	186	109	14	163	346	18080	17562	1.5e-23	115.1
NCVOG4845-consensus	NODE_834_length_14906_cov_51.731540	29.74	269	150	39	113	345	235	1021	7.8e-15	85.4
NCVOG4845-consensus	NODE_1558_length_7512_cov_43.154943	29.44	197	113	26	134	305	6348	5768	1.4e-13	80.2
NCVOG4845-consensus	NODE_156_length_39729_cov_54.271109	24.95	529	289	108	163	628	4709	6143	1.7e-13	82.3
NCVOG4845-consensus	NODE_124_length_45045_cov_59.277531	23.39	419	270	51	229	621	3021	1861	1.1e-12	79.9
NCVOG0585-consensus	NODE_391_length_25011_cov_103.063290	35.82	67	43	0	420	486	8433	8630	1.2e-28	131.8
NCVOG0585-consensus	NODE_896_length_13898_cov_95.803994	31.28	179	109	14	325	492	2047	2565	3.1e-20	102.9
NCVOG0585-consensus	NODE_4110_length_423_cov_9.208092	41.79	67	36	3	447	511	355	161	1e-14	79.5
NCVOG0585-consensus	NODE_1927_length_5398_cov_42.963353	23.73	118	88	2	387	502	5351	5001	1.9e-12	75.7
NCVOG0585-consensus	NODE_3305_length_1139_cov_1024.950094	23.98	196	140	9	46	237	1073	506	1.5e-11	70.5
NCVOG4579-consensus	NODE_234_length_33487_cov_52.543280	41.18	85	48	2	189	272	10125	9877	4.5e-13	79.6
NCVOG4579-consensus	NODE_578_length_19810_cov_50.818933	43.84	73	35	6	199	271	9953	9756	4.5e-12	75.5
NCVOG2775-consensus	NODE_204_length_35326_cov_51.931402	36.77	223	140	1	180	402	22087	22749	3.1e-27	127.7
NCVOG2775-consensus	NODE_1254_length_9660_cov_57.481478	32.24	304	165	41	124	404	2983	3835	7.8e-18	94.6
NCVOG2775-consensus	NODE_38_length_64571_cov_55.196034	35.10	208	132	3	208	413	15551	16168	2.4e-17	95.7
NCVOG2775-consensus	NODE_196_length_36042_cov_49.265397	31.82	242	146	19	181	407	32649	31941	3.3e-12	77.8
NCVOG2775-consensus	NODE_238_length_33138_cov_54.321557	31.50	346	202	35	95	420	17329	18318	6.5e-12	76.7
NCVOG4884-consensus	NODE_130_length_44328_cov_56.922827	44.28	201	105	7	279	477	19684	20268	1.5e-34	152.5
NCVOG4884-consensus	NODE_519_length_21100_cov_100.186795	38.15	173	92	15	214	379	20456	20947	1.5e-15	88.3
NCVOG4575-consensus	NODE_38_length_64571_cov_55.196034	31.52	92	61	2	1	92	16196	16462	9.6e-12	76.2
NCVOG4575-consensus	NODE_506_length_21380_cov_55.908088	27.93	179	117	12	3	171	10281	9754	1.4e-11	74.1
NCVOG0893-consensus	NODE_104_length_47077_cov_55.017064	27.71	599	245	188	102	520	22889	24634	2.1e-11	76.0
NCVOG0275-consensus	NODE_81_length_50749_cov_55.273524	31.35	185	101	26	7	165	33199	32648	4.8e-11	72.8
NCVOG1175-consensus	NODE_3137_length_1394_cov_44.962035	37.31	134	76	8	85	214	112	498	2.8e-13	75.3
NCVOG0729-consensus	NODE_998_length_12360_cov_51.838476	33.93	610	243	160	2	462	2056	283	3e-14	82.9
NCVOG5103-consensus	NODE_862_length_14414_cov_93.543628	30.83	253	153	22	273	514	9436	10158	7.6e-35	152.5
NCVOG5103-consensus	NODE_3305_length_1139_cov_1024.950094	35.75	193	120	4	309	499	569	4	7.4e-29	129.0
NCVOG5103-consensus	NODE_913_length_13709_cov_51.170555	35.46	141	86	5	352	492	13118	13522	2e-25	121.1
NCVOG5103-consensus	NODE_1566_length_7470_cov_44.776140	27.12	236	153	19	282	504	5104	5780	2.8e-22	109.8
NCVOG5103-consensus	NODE_198_length_35930_cov_51.318514	28.22	241	151	22	276	501	1829	2527	6.9e-20	104.2
NCVOG5103-consensus	NODE_3012_length_1633_cov_36.059769	25.76	330	210	35	221	521	652	1600	1.2e-18	95.6
NCVOG5103-consensus	NODE_697_length_16950_cov_51.158004	28.83	281	172	28	263	516	615	1451	5.4e-18	96.8
NCVOG5103-consensus	NODE_768_length_15894_cov_49.520516	30.59	255	160	17	294	535	3831	4570	1.9e-17	94.9
NCVOG5103-consensus	NODE_959_length_13025_cov_55.535604	25.22	226	156	13	286	503	8157	8812	4.6e-17	93.3
NCVOG5103-consensus	NODE_132_length_43761_cov_53.106904	29.10	189	129	5	317	501	43193	43753	9.2e-17	94.0
NCVOG5103-consensus	NODE_35_length_66166_cov_54.273934	29.08	196	132	7	345	535	60200	60778	1.9e-16	93.6
NCVOG5103-consensus	NODE_1278_length_9470_cov_93.087831	25.89	224	150	16	289	497	7089	7754	6.7e-16	89.0
NCVOG5103-consensus	NODE_1278_length_9470_cov_93.087831	34.78	207	116	19	312	504	7761	8363	3.3e-16	90.0
NCVOG5103-consensus	NODE_838_length_14873_cov_46.921668	24.80	254	164	27	280	512	1486	746	2.2e-15	87.9
NCVOG5103-consensus	NODE_5206_length_251_cov_320.224138	38.55	83	51	0	338	420	3	248	8e-15	80.2
NCVOG5103-consensus	NODE_127_length_44705_cov_55.508795	31.54	260	133	45	316	531	4657	3884	1.4e-14	86.9
NCVOG5103-consensus	NODE_643_length_18011_cov_47.469667	24.38	201	136	16	329	514	1970	1374	1.5e-14	85.4
NCVOG5103-consensus	NODE_852_length_14600_cov_45.217173	29.41	153	101	7	365	513	1080	636	3.5e-14	83.9
NCVOG5103-consensus	NODE_1162_length_10542_cov_48.777544	39.00	100	52	9	430	524	8148	8424	4.3e-14	83.1
NCVOG5103-consensus	NODE_1161_length_10547_cov_39.666285	24.54	216	145	18	317	514	1997	1359	1.2e-13	81.6
NCVOG5103-consensus	NODE_1161_length_10547_cov_39.666285	25.21	234	138	37	312	510	4043	3357	1.2e-13	81.6
NCVOG5103-consensus	NODE_1448_length_8189_cov_41.142012	30.81	198	120	17	313	502	2689	2128	1.3e-13	81.2
NCVOG5103-consensus	NODE_1448_length_8189_cov_41.142012	24.18	244	147	38	294	503	3745	3029	9e-14	81.7
NCVOG5103-consensus	NODE_3354_length_1071_cov_19.828974	33.33	66	42	2	442	506	317	508	2.5e-13	77.3
NCVOG5103-consensus	NODE_631_length_18220_cov_49.508295	32.80	125	74	10	403	521	12401	12760	1e-12	79.3
NCVOG5103-consensus	NODE_558_length_20206_cov_50.575935	24.17	240	168	14	276	506	2531	3226	2.8e-12	78.1
NCVOG5103-consensus	NODE_3346_length_1086_cov_21.444995	26.83	164	103	17	356	503	894	411	4.3e-12	73.2
NCVOG5103-consensus	NODE_481_length_21904_cov_103.293994	28.80	125	83	6	388	511	971	615	4e-11	74.3
NCVOG5103-consensus	NODE_88_length_49166_cov_83.301147	25.47	369	236	39	283	623	30045	28989	4e-11	75.5
NCVOG5103-consensus	NODE_2062_length_4629_cov_41.463752	65.62	32	11	0	323	354	1725	1817	9.5e-11	70.8
NCVOG4874-consensus	NODE_1898_length_5524_cov_43.291904	43.08	383	174	44	12	365	3429	2331	1.7e-87	324.5
NCVOG4874-consensus	NODE_302_length_29114_cov_46.307504	39.08	412	166	85	25	365	9017	7839	6.3e-52	208.8
NCVOG4605-consensus	NODE_323_length_28042_cov_47.749437	28.50	635	388	66	2	602	12389	14174	1.8e-11	75.4
NCVOG4423-consensus	NODE_1927_length_5398_cov_42.963353	33.55	155	102	1	68	221	3847	4308	7.9e-15	82.4
NCVOG4423-consensus	NODE_379_length_25526_cov_50.805218	30.46	174	119	2	45	218	19267	18755	7.3e-13	78.1
NCVOG5439-consensus	NODE_3305_length_1139_cov_1024.950094	27.57	185	117	17	4	173	204	743	1.7e-15	82.0
NCVOG1136-consensus	NODE_1380_length_8634_cov_39.401893	48.96	337	119	53	194	479	2853	3854	2.5e-25	119.0
NCVOG1049-consensus	NODE_1412_length_8441_cov_44.955165	28.15	341	215	30	4	315	4357	3341	2.1e-59	231.6
NCVOG1049-consensus	NODE_64_length_55603_cov_57.747650	30.08	359	182	69	7	314	26985	25974	5.3e-35	153.3
NCVOG1049-consensus	NODE_519_length_21100_cov_100.186795	31.68	303	152	55	57	313	3611	4483	1.1e-29	134.3
NCVOG5009-consensus	NODE_220_length_34226_cov_56.081701	41.03	39	23	0	9	47	4686	4573	2.9e-11	72.0
NCVOG5009-consensus	NODE_768_length_15894_cov_49.520516	29.23	65	46	0	4	68	4241	4432	9.8e-11	69.1
NCVOG0219-consensus	NODE_2244_length_3923_cov_45.301352	45.19	104	53	4	538	640	650	949	5.2e-15	84.2
NCVOG1298-consensus	NODE_1518_length_7786_cov_43.264107	28.33	353	239	14	232	575	2871	1831	1e-37	160.4
NCVOG1298-consensus	NODE_1518_length_7786_cov_43.264107	26.33	376	248	29	207	571	3953	2887	4e-30	135.1
NCVOG1298-consensus	NODE_1518_length_7786_cov_43.264107	29.09	275	171	24	303	574	1816	1066	3.8e-25	118.6
NCVOG1298-consensus	NODE_3305_length_1139_cov_1024.950094	28.85	364	227	32	232	575	1079	47	1.5e-34	147.1
NCVOG1298-consensus	NODE_1084_length_11395_cov_85.624669	24.27	445	295	42	149	576	10983	9731	5.8e-19	98.6
NCVOG1298-consensus	NODE_2675_length_2419_cov_28.133219	27.25	356	217	42	260	602	1496	523	6.4e-19	96.2
NCVOG1298-consensus	NODE_84_length_50437_cov_53.870969	23.80	479	314	51	121	569	27276	25914	5.1e-18	97.6
NCVOG1298-consensus	NODE_695_length_16997_cov_48.555260	21.97	264	195	11	323	583	8759	9519	1.9e-14	84.2
NCVOG1298-consensus	NODE_323_length_28042_cov_47.749437	22.58	310	219	21	299	593	13312	14220	8.1e-14	82.8
NCVOG1298-consensus	NODE_323_length_28042_cov_47.749437	21.69	332	247	13	240	564	12292	13266	5.4e-16	90.1
NCVOG1298-consensus	NODE_36_length_64988_cov_54.384942	22.79	294	215	12	288	575	45903	45049	8.3e-13	80.7
NCVOG1298-consensus	NODE_228_length_33863_cov_52.841384	24.30	428	273	51	168	563	26424	25203	4e-12	77.5
NCVOG1298-consensus	NODE_5206_length_251_cov_320.224138	36.59	82	51	1	412	492	1	239	6.3e-12	69.8
NCVOG1298-consensus	NODE_436_length_23263_cov_50.181920	26.20	355	224	38	238	562	3335	4370	1.8e-11	74.8
NCVOG1298-consensus	NODE_1033_length_11867_cov_48.414504	23.59	373	253	32	213	570	9509	10569	2.7e-11	73.2
NCVOG0657-consensus	NODE_3305_length_1139_cov_1024.950094	27.59	348	224	28	4	334	1003	4	1.8e-16	86.2
NCVOG4098-consensus	NODE_3305_length_1139_cov_1024.950094	30.94	139	90	6	47	184	451	55	1.9e-19	95.4
NCVOG4098-consensus	NODE_3804_length_582_cov_49.845545	28.18	110	75	4	54	161	445	125	3.8e-11	66.8
NCVOG4098-consensus	NODE_5206_length_251_cov_320.224138	27.69	65	47	0	62	126	15	206	4.5e-11	65.3
NCVOG4098-consensus	NODE_867_length_14316_cov_43.536414	23.87	155	108	10	31	185	8123	8554	6.1e-11	70.7
NCVOG4098-consensus	NODE_695_length_16997_cov_48.555260	27.81	187	119	16	7	187	8652	9175	7.7e-11	70.6
NCVOG1272-consensus	NODE_1518_length_7786_cov_43.264107	23.36	1023	723	61	1163	2143	4146	1158	4.9e-19	100.1
NCVOG4496-consensus	NODE_2213_length_4028_cov_51.767148	32.54	126	81	4	41	163	529	162	6.7e-14	79.6
NCVOG4496-consensus	NODE_27_length_75372_cov_56.416110	31.45	159	94	15	4	155	40009	39560	2.6e-12	78.6
NCVOG0450-consensus	NODE_1552_length_7612_cov_51.004247	43.38	325	137	47	115	401	4012	3068	2e-54	215.4
NCVOG0450-consensus	NODE_643_length_18011_cov_47.469667	40.35	342	182	22	109	436	17030	16032	2.8e-46	189.6
NCVOG0450-consensus	NODE_1643_length_6938_cov_51.834864	34.83	267	156	18	122	379	3931	3163	4.5e-44	180.9
NCVOG0450-consensus	NODE_712_length_16689_cov_57.187455	39.11	202	98	25	166	363	5495	4966	3.1e-34	149.4
NCVOG0450-consensus	NODE_453_length_22846_cov_51.879397	43.75	256	111	33	137	369	15813	15085	1.9e-31	140.6
NCVOG0450-consensus	NODE_1379_length_8645_cov_51.194561	37.16	296	137	49	147	401	4953	4101	1e-20	103.6
NCVOG0450-consensus	NODE_1379_length_8645_cov_51.194561	52.17	92	41	3	141	232	3392	3129	1e-20	103.6
NCVOG0450-consensus	NODE_407_length_24379_cov_51.128508	50.42	119	50	9	176	291	7548	7875	3.2e-20	103.4
NCVOG0450-consensus	NODE_1755_length_6343_cov_52.685605	28.70	338	205	36	141	442	2411	3413	1.3e-15	86.2
NCVOG0450-consensus	NODE_1242_length_9769_cov_52.169624	34.87	195	103	24	155	346	5530	5014	2.5e-12	75.9
NCVOG0450-consensus	NODE_2256_length_3898_cov_46.968333	28.28	297	157	56	157	402	686	1554	2.5e-11	71.2
NCVOG0652-consensus	NODE_428_length_23493_cov_57.372267	31.58	342	206	28	99	413	22006	23017	1.4e-22	111.2
NCVOG2632-consensus	NODE_3064_length_1525_cov_33.180939	23.08	104	77	3	1	101	376	68	1.1e-20	99.6
NCVOG2632-consensus	NODE_6656_length_170_cov_100.279570	32.14	28	19	0	131	158	85	165	1.2e-13	73.1
NCVOG2632-consensus	NODE_3792_length_594_cov_45.864603	32.76	58	38	1	91	147	249	83	5.3e-13	72.7
NCVOG0835-consensus	NODE_344_length_27149_cov_49.603576	41.22	131	71	6	3	127	13282	12893	7.7e-35	151.5
NCVOG0835-consensus	NODE_344_length_27149_cov_49.603576	36.48	159	72	29	128	261	12267	11806	7.8e-15	85.0
NCVOG4522-consensus	NODE_1324_length_9055_cov_53.760080	37.95	195	79	42	244	402	8766	8207	3.5e-17	91.9
NCVOG1352-consensus	NODE_587_length_19650_cov_54.672917	31.25	160	63	47	61	173	913	439	3.4e-15	85.5
NCVOG1352-consensus	NODE_122_length_45193_cov_55.949198	35.48	62	35	5	128	184	11076	11258	1.8e-11	74.4
NCVOG3057-consensus	NODE_4757_length_311_cov_59.538462	30.51	59	38	3	42	100	55	219	2.3e-12	70.3
NCVOG0052-consensus	NODE_190_length_36468_cov_52.619192	37.96	108	64	3	31	138	26005	26316	4.2e-22	109.3
NCVOG0052-consensus	NODE_380_length_25505_cov_50.876475	31.73	104	65	6	36	139	25143	25433	1.4e-18	97.1
NCVOG4122-consensus	NODE_621_length_18516_cov_50.661045	30.99	355	235	10	83	432	8986	7948	9.6e-34	148.1
NCVOG4122-consensus	NODE_1927_length_5398_cov_42.963353	29.47	302	201	12	87	382	3799	4681	5.5e-28	127.2
NCVOG4122-consensus	NODE_830_length_14918_cov_52.696651	27.84	388	259	21	96	465	780	1931	1.1e-20	104.4
NCVOG4122-consensus	NODE_925_length_13489_cov_50.175142	28.57	357	231	24	125	462	1515	467	2.9e-19	99.5
NCVOG4122-consensus	NODE_1380_length_8634_cov_39.401893	27.20	397	260	29	76	462	1099	2223	5.5e-18	94.6
NCVOG4122-consensus	NODE_1289_length_9387_cov_43.149731	26.39	288	189	23	182	457	4744	3917	7.2e-18	94.4
NCVOG4122-consensus	NODE_379_length_25526_cov_50.805218	29.05	296	186	24	179	460	19607	18755	1.3e-16	91.7
NCVOG4122-consensus	NODE_5_length_110427_cov_55.180054	24.93	345	226	33	120	446	48259	49245	1.1e-14	87.3
NCVOG4122-consensus	NODE_643_length_18011_cov_47.469667	23.60	356	246	26	122	471	17216	16212	3.5e-13	79.7
NCVOG4122-consensus	NODE_524_length_21018_cov_51.422855	31.01	158	105	4	213	366	9609	9139	1.5e-12	77.8
NCVOG4122-consensus	NODE_1075_length_11486_cov_48.727846	24.01	379	273	15	90	462	10202	11308	3.1e-12	75.9
NCVOG4122-consensus	NODE_213_length_34729_cov_48.843559	27.52	218	146	12	147	363	23494	24111	2e-11	74.8
NCVOG4122-consensus	NODE_1761_length_6321_cov_51.453876	22.26	319	228	20	56	370	4311	5214	3.5e-11	71.6
NCVOG4122-consensus	NODE_457_length_22710_cov_55.283612	23.56	331	230	23	151	471	15768	14820	4.8e-11	72.9
NCVOG4122-consensus	NODE_259_length_31523_cov_54.418909	25.14	366	237	37	9	347	21011	22075	8.1e-11	72.7
NCVOG0232-consensus	NODE_909_length_13747_cov_332.662911	22.18	293	207	21	8	289	4811	5656	4.4e-12	75.0
NCVOG0032-consensus	NODE_144_length_40682_cov_53.605073	24.13	808	397	216	152	782	21840	24139	8e-29	133.8
NCVOG0032-consensus	NODE_1117_length_11096_cov_42.471186	28.25	584	328	91	290	814	199	1841	2.3e-26	123.8
NCVOG0032-consensus	NODE_1537_length_7677_cov_51.522763	28.01	689	310	186	230	829	2923	4689	7.6e-18	94.9
NCVOG0032-consensus	NODE_935_length_13373_cov_55.580250	25.93	833	375	242	290	880	502	2983	7.2e-16	89.1
NCVOG0032-consensus	NODE_576_length_19816_cov_55.394093	24.24	590	290	157	257	815	4745	6133	7.3e-15	86.3
NCVOG0032-consensus	NODE_803_length_15393_cov_52.544463	28.72	188	121	13	684	866	5265	4731	4.6e-14	83.3
NCVOG0032-consensus	NODE_242_length_32891_cov_81.886969	23.79	517	346	48	27	507	31286	32785	7.7e-14	83.7
NCVOG0032-consensus	NODE_546_length_20506_cov_52.698566	27.80	446	185	137	275	584	3568	2255	8.7e-14	82.8
NCVOG0032-consensus	NODE_189_length_36642_cov_50.460276	24.16	774	380	207	310	882	18392	20676	8.4e-12	77.1
NCVOG0302-consensus	NODE_449_length_23007_cov_52.950938	29.94	167	115	2	2	168	15087	15578	3.8e-14	83.5
NCVOG0302-consensus	NODE_558_length_20206_cov_50.575935	27.87	445	269	52	136	534	1459	160	1.8e-13	81.0
NCVOG1427-consensus	NODE_38_length_64571_cov_55.196034	37.93	87	51	3	337	420	16206	16459	2.6e-14	86.0
NCVOG1127-consensus	NODE_706_length_16818_cov_47.895168	28.37	282	172	30	76	329	8004	7172	1.3e-16	91.3
NCVOG0690-consensus	NODE_3305_length_1139_cov_1024.950094	38.96	77	45	2	3	78	230	10	5.3e-17	87.2
NCVOG0690-consensus	NODE_3305_length_1139_cov_1024.950094	41.10	73	42	1	3	74	451	238	5.3e-17	87.2
NCVOG0690-consensus	NODE_949_length_13181_cov_50.902701	34.58	107	66	4	1	103	8433	8746	3.2e-15	84.8
NCVOG0690-consensus	NODE_263_length_31274_cov_50.376382	35.92	103	58	8	3	104	1080	800	2e-14	83.4
NCVOG0690-consensus	NODE_5206_length_251_cov_320.224138	40.58	69	40	1	3	70	14	215	5.8e-13	71.6
NCVOG0690-consensus	NODE_116_length_45722_cov_52.296528	28.40	169	106	15	3	170	21469	21010	1.6e-12	77.6
NCVOG0690-consensus	NODE_183_length_37153_cov_50.244525	29.25	106	71	4	12	114	11553	11864	3e-11	73.1
NCVOG1207-consensus	NODE_4715_length_315_cov_2.823529	32.26	62	39	3	61	122	17	190	8.5e-12	67.9
NCVOG4590-consensus	NODE_1552_length_7612_cov_51.004247	25.23	321	195	45	48	341	3923	3028	8.6e-11	70.6
NCVOG2900-consensus	NODE_1927_length_5398_cov_42.963353	30.11	186	129	1	3	187	3883	4437	1.2e-12	75.1
NCVOG4744-consensus	NODE_174_length_38197_cov_54.519832	30.35	201	115	25	30	223	10086	9543	5.9e-11	73.9
NCVOG0025-consensus	NODE_2091_length_4473_cov_52.606460	26.34	391	256	32	113	487	1444	339	9.4e-17	89.7
NCVOG0025-consensus	NODE_2206_length_4052_cov_36.093836	25.12	414	270	40	91	486	2358	3530	3.8e-16	87.5
NCVOG0025-consensus	NODE_296_length_29329_cov_105.229010	21.97	396	286	23	117	500	14861	16004	1.7e-13	81.6
NCVOG0025-consensus	NODE_1774_length_6248_cov_41.710420	23.87	465	286	68	81	508	4108	2818	1.9e-12	75.9
NCVOG0025-consensus	NODE_810_length_15265_cov_51.286410	25.94	397	256	38	104	493	4022	2930	3.9e-12	76.2
NCVOG0025-consensus	NODE_56_length_56632_cov_57.327540	24.32	440	270	63	78	502	12579	13751	6.4e-11	74.0
NCVOG0271-consensus	NODE_2124_length_4354_cov_43.329904	27.14	910	495	168	103	862	2745	77	1.3e-29	133.6
NCVOG0271-consensus	NODE_3392_length_1028_cov_32.670873	49.18	244	100	24	889	1108	229	955	5e-29	129.5
NCVOG0271-consensus	NODE_190_length_36468_cov_52.619192	38.33	1195	474	263	179	1113	5143	8703	6e-28	131.1
NCVOG0271-consensus	NODE_4_length_110470_cov_55.640394	27.88	1259	680	228	101	1159	72141	75824	1.3e-24	121.6
NCVOG0271-consensus	NODE_2927_length_1773_cov_33.870283	33.77	530	256	95	602	1039	133	1700	1.9e-24	115.1
NCVOG4595-consensus	NODE_1161_length_10547_cov_39.666285	39.47	114	50	19	19	116	3562	3891	5.3e-11	69.7
NCVOG0078-consensus	NODE_30_length_71158_cov_53.925156	52.88	104	48	1	88	191	48006	47701	1.3e-20	105.5
NCVOG0078-consensus	NODE_30_length_71158_cov_53.925156	40.38	156	59	34	72	198	18337	18784	4.9e-13	80.3
NCVOG0078-consensus	NODE_1597_length_7221_cov_42.634798	41.94	93	53	1	94	185	4410	4135	2e-12	75.0
NCVOG0078-consensus	NODE_621_length_18516_cov_50.661045	35.62	146	66	28	74	191	12115	11681	1.9e-11	73.1
NCVOG5301-consensus	NODE_457_length_22710_cov_55.283612	29.80	151	90	16	443	583	15681	15250	9.5e-15	85.9
NCVOG5301-consensus	NODE_766_length_15911_cov_50.231274	32.98	188	114	12	397	572	10998	10448	3.9e-11	73.4
NCVOG4468-consensus	NODE_1254_length_9660_cov_57.481478	26.23	122	81	9	240	361	3116	3451	1.1e-21	107.1
NCVOG4468-consensus	NODE_1370_length_8691_cov_52.397144	29.03	124	81	7	283	405	8402	8054	1.4e-21	106.7
NCVOG4468-consensus	NODE_238_length_33138_cov_54.321557	22.56	195	123	28	262	440	17722	18267	1.4e-18	98.6
NCVOG4468-consensus	NODE_238_length_33138_cov_54.321557	32.84	67	40	5	292	358	17344	17526	1.2e-15	88.9
NCVOG4468-consensus	NODE_204_length_35326_cov_51.931402	26.56	128	83	11	245	369	22402	22758	2.4e-18	97.9
NCVOG4468-consensus	NODE_1293_length_9349_cov_50.317947	32.81	64	39	4	304	367	607	783	1.7e-15	86.5
NCVOG4468-consensus	NODE_488_length_21762_cov_54.157620	26.97	89	60	5	270	358	7030	7278	1e-14	85.2
NCVOG4468-consensus	NODE_2809_length_2068_cov_33.125063	26.80	97	63	8	269	363	815	546	3.1e-14	80.2
NCVOG4468-consensus	NODE_1676_length_6761_cov_55.810443	28.57	98	68	2	198	293	6633	6343	4.8e-14	81.2
NCVOG4468-consensus	NODE_23_length_82630_cov_58.272988	24.14	58	44	0	47	104	28574	28404	9e-14	83.9
NCVOG4468-consensus	NODE_3067_length_1517_cov_39.945833	41.67	36	21	0	343	378	193	89	4.3e-13	75.9
NCVOG4468-consensus	NODE_755_length_16073_cov_54.848900	34.21	76	35	15	304	364	6476	6254	1e-12	78.0
NCVOG4468-consensus	NODE_1927_length_5398_cov_42.963353	31.25	80	45	10	271	350	4108	4314	1.1e-12	76.4
NCVOG4468-consensus	NODE_1011_length_12159_cov_48.879325	24.22	161	99	23	244	385	11171	11638	1.8e-12	76.9
NCVOG4468-consensus	NODE_889_length_13998_cov_54.972128	32.71	107	63	9	231	332	2906	2605	2.7e-12	76.5
NCVOG4468-consensus	NODE_889_length_13998_cov_54.972128	39.47	38	23	0	278	315	5587	5477	2.7e-12	76.5
NCVOG4468-consensus	NODE_2132_length_4340_cov_76.682618	24.68	77	57	1	345	420	2852	3079	3.3e-12	74.5
NCVOG4468-consensus	NODE_2990_length_1672_cov_40.736677	26.76	71	51	1	345	414	1113	1322	5.3e-12	72.4
NCVOG4468-consensus	NODE_2641_length_2521_cov_157.820786	26.76	71	51	1	345	414	79	288	1.8e-11	71.2
NCVOG4468-consensus	NODE_478_length_22015_cov_52.836038	24.14	116	76	12	267	382	14067	13759	3.3e-11	73.5
NCVOG4468-consensus	NODE_478_length_22015_cov_52.836038	32.00	75	38	13	289	361	14259	14071	5.7e-13	79.4
NCVOG4468-consensus	NODE_631_length_18220_cov_49.508295	31.91	47	32	0	272	318	9542	9679	9.4e-11	71.7
NCVOG0451-consensus	NODE_1927_length_5398_cov_42.963353	33.79	219	145	0	126	344	3751	4404	4.5e-27	123.9
NCVOG0451-consensus	NODE_1289_length_9387_cov_43.149731	37.13	167	105	0	173	339	4405	3908	8.1e-20	100.6
NCVOG0451-consensus	NODE_379_length_25526_cov_50.805218	33.33	183	119	3	102	283	19282	18743	1.2e-18	98.2
NCVOG0451-consensus	NODE_379_length_25526_cov_50.805218	35.67	157	86	15	177	319	19892	19428	4.9e-12	76.2
NCVOG0451-consensus	NODE_634_length_18190_cov_56.601833	30.00	290	193	10	124	410	13347	12502	1.2e-18	97.7
NCVOG0451-consensus	NODE_925_length_13489_cov_50.175142	32.79	244	152	12	127	364	1494	784	4.8e-17	92.0
NCVOG0451-consensus	NODE_31_length_68815_cov_54.646266	31.28	227	144	12	120	340	46432	45773	1.6e-16	92.5
NCVOG0451-consensus	NODE_1075_length_11486_cov_48.727846	28.08	260	153	34	146	379	9962	10714	1.7e-14	83.3
NCVOG0451-consensus	NODE_524_length_21018_cov_51.422855	28.63	248	169	8	127	373	9582	8863	3.7e-14	83.0
NCVOG0451-consensus	NODE_259_length_31523_cov_54.418909	26.28	274	173	29	142	398	21167	21949	3.7e-14	83.6
NCVOG0451-consensus	NODE_419_length_23930_cov_55.353163	32.46	228	137	17	154	377	9765	10406	7.3e-14	82.2
NCVOG0451-consensus	NODE_727_length_16350_cov_51.193634	30.04	283	174	24	126	399	6252	5452	8.8e-14	81.4
NCVOG0451-consensus	NODE_830_length_14918_cov_52.696651	30.04	263	174	10	123	382	789	1553	2.1e-13	80.0
NCVOG0451-consensus	NODE_46_length_59032_cov_52.911814	34.22	187	102	21	137	302	52239	51690	2.1e-13	81.9
NCVOG0451-consensus	NODE_957_length_13077_cov_50.598077	30.80	250	154	19	146	383	11853	12578	3.8e-13	78.9
NCVOG0451-consensus	NODE_621_length_18516_cov_50.661045	28.71	310	199	22	102	408	8907	8044	4.5e-13	79.2
NCVOG0451-consensus	NODE_213_length_34729_cov_48.843559	31.96	219	135	14	129	347	23545	24156	5.7e-13	79.8
NCVOG0451-consensus	NODE_102_length_47310_cov_53.560329	27.57	214	152	3	139	350	23274	22643	1.9e-11	75.2
NCVOG0451-consensus	NODE_943_length_13294_cov_47.446924	29.25	212	130	20	184	391	12333	12917	2.4e-11	73.0
NCVOG0451-consensus	NODE_12_length_97848_cov_52.950190	39.45	109	66	0	173	281	80571	80248	6.8e-11	74.4
NCVOG4431-consensus	NODE_1518_length_7786_cov_43.264107	28.12	288	186	21	11	282	1953	1108	2.6e-13	78.2
NCVOG4431-consensus	NODE_1518_length_7786_cov_43.264107	22.06	272	206	6	12	283	3252	2458	5.2e-12	73.9
NCVOG4431-consensus	NODE_3305_length_1139_cov_1024.950094	36.23	207	124	8	58	261	599	9	7.4e-12	70.6
NCVOG4431-consensus	NODE_768_length_15894_cov_49.520516	38.06	155	89	7	21	171	3902	4354	8.7e-12	74.2
NCVOG0967-consensus	NODE_1540_length_7667_cov_42.763241	22.04	912	641	70	17	890	6481	3853	1.2e-11	74.4
NCVOG1351-consensus	NODE_1629_length_7029_cov_49.421030	36.22	127	59	22	242	346	5271	4894	7e-13	77.6
NCVOG1351-consensus	NODE_107_length_46650_cov_59.550877	29.85	335	150	85	174	429	37197	38174	4.4e-11	74.3
NCVOG4331-consensus	NODE_2489_length_3013_cov_42.902589	23.85	524	328	71	268	766	1550	136	2e-15	85.3
NCVOG4221-consensus	NODE_5206_length_251_cov_320.224138	42.55	47	27	0	2016	2062	7	144	4.2e-31	135.2
NCVOG4221-consensus	NODE_12183_length_131_cov_64.703704	47.50	40	21	0	2016	2055	122	6	3.9e-27	121.1
NCVOG4221-consensus	NODE_3305_length_1139_cov_1024.950094	24.21	95	72	0	1966	2060	775	494	4.3e-24	114.1
NCVOG4221-consensus	NODE_3305_length_1139_cov_1024.950094	30.86	81	55	1	1981	2060	456	219	7.7e-26	119.9
NCVOG4221-consensus	NODE_3305_length_1139_cov_1024.950094	41.27	63	36	1	2001	2062	202	21	4.3e-24	114.1
NCVOG4221-consensus	NODE_2575_length_2725_cov_45.218278	26.21	103	75	1	1924	2026	410	108	4.7e-20	102.0
NCVOG4221-consensus	NODE_5327_length_240_cov_36.460123	21.05	76	55	5	1981	2056	15	224	1.1e-19	97.2
NCVOG4221-consensus	NODE_1314_length_9161_cov_46.721158	26.75	228	153	14	344	570	7333	7974	1.6e-18	98.6
NCVOG4221-consensus	NODE_3382_length_1040_cov_30.527518	19.19	172	134	5	227	397	473	973	5.8e-17	90.3
NCVOG4221-consensus	NODE_1518_length_7786_cov_43.264107	23.63	347	242	23	232	570	4398	3406	2.3e-16	91.2
NCVOG4221-consensus	NODE_1518_length_7786_cov_43.264107	29.26	188	111	22	400	581	2055	1543	1.8e-31	141.4
NCVOG4221-consensus	NODE_1518_length_7786_cov_43.264107	19.69	391	295	19	212	596	1530	400	1.6e-17	95.1
NCVOG4221-consensus	NODE_4012_length_454_cov_36.981432	22.67	75	58	0	1549	1623	230	9	3.8e-16	86.4
NCVOG4221-consensus	NODE_5299_length_243_cov_2.078313	26.87	67	49	0	544	610	202	5	3.9e-16	85.5
NCVOG4221-consensus	NODE_24471_length_89_cov_31.250000	48.28	29	15	0	2031	2059	89	6	1.5e-15	82.1
NCVOG4221-consensus	NODE_3909_length_502_cov_121.030588	40.74	54	31	1	2010	2062	286	130	4.2e-15	83.1
NCVOG4221-consensus	NODE_3896_length_511_cov_15.523041	24.51	102	75	2	180	279	193	491	5.1e-15	82.8
NCVOG4221-consensus	NODE_3653_length_747_cov_460.902985	25.45	110	80	2	1946	2053	342	668	7.6e-14	79.5
NCVOG4221-consensus	NODE_40765_length_78_cov_32.000000	56.00	25	11	0	2029	2053	77	6	7.7e-14	76.2
NCVOG4221-consensus	NODE_3770_length_613_cov_45.626866	24.85	169	117	10	203	367	61	530	1.4e-13	78.3
NCVOG4221-consensus	NODE_2557_length_2778_cov_39.962977	23.53	170	120	10	1617	1776	2085	1585	2.1e-12	76.6
NCVOG4221-consensus	NODE_4840_length_300_cov_38.273543	40.00	45	26	1	2017	2060	3	134	3e-12	72.9
NCVOG4221-consensus	NODE_34042_length_78_cov_1429.000000	56.00	25	11	0	2029	2053	78	7	4.3e-12	70.4
NCVOG4221-consensus	NODE_12593_length_130_cov_31.075472	45.83	24	13	0	895	918	20	88	4.7e-12	71.0
NCVOG4221-consensus	NODE_29021_length_80_cov_66.666667	56.00	25	11	0	2029	2053	80	9	5.6e-12	70.0
NCVOG4221-consensus	NODE_5000_length_276_cov_54.090452	32.00	50	33	1	2010	2059	32	175	6.8e-11	68.2
NCVOG4121-consensus	NODE_478_length_22015_cov_52.836038	27.91	172	99	25	89	244	13980	13495	2.8e-32	142.8
NCVOG4121-consensus	NODE_478_length_22015_cov_52.836038	23.14	121	87	6	156	276	14361	14020	7.1e-14	81.7
NCVOG4121-consensus	NODE_634_length_18190_cov_56.601833	25.77	194	123	21	115	296	13347	12796	2.6e-30	136.0
NCVOG4121-consensus	NODE_634_length_18190_cov_56.601833	26.92	78	55	2	216	291	12771	12541	8.1e-17	91.2
NCVOG4121-consensus	NODE_925_length_13489_cov_50.175142	30.84	107	64	10	203	301	1509	1198	2.7e-30	135.5
NCVOG4121-consensus	NODE_925_length_13489_cov_50.175142	26.88	160	94	23	141	288	763	320	7e-16	87.6
NCVOG4121-consensus	NODE_925_length_13489_cov_50.175142	24.56	114	77	9	157	270	1161	850	2.9e-15	85.6
NCVOG4121-consensus	NODE_213_length_34729_cov_48.843559	31.73	104	66	5	197	297	23590	23892	3.1e-27	126.7
NCVOG4121-consensus	NODE_1927_length_5398_cov_42.963353	22.95	183	125	16	117	293	3943	4458	1.4e-26	121.9
NCVOG4121-consensus	NODE_31_length_68815_cov_54.646266	27.18	103	67	8	203	297	46426	46121	1.2e-25	122.5
NCVOG4121-consensus	NODE_115_length_45755_cov_52.047638	26.71	146	95	12	159	296	22802	23224	8e-25	119.1
NCVOG4121-consensus	NODE_830_length_14918_cov_52.696651	28.38	148	93	13	138	280	780	1196	4.6e-24	115.0
NCVOG4121-consensus	NODE_643_length_18011_cov_47.469667	20.92	153	104	17	135	280	16634	16209	7e-24	114.6
NCVOG4121-consensus	NODE_46_length_59032_cov_52.911814	26.92	156	101	13	155	297	52218	51758	2.4e-23	114.6
NCVOG4121-consensus	NODE_259_length_31523_cov_54.418909	22.60	208	146	15	102	297	21083	21694	4.9e-23	112.6
NCVOG4121-consensus	NODE_259_length_31523_cov_54.418909	26.49	151	96	15	138	281	21758	22183	1.4e-20	104.5
NCVOG4121-consensus	NODE_766_length_15911_cov_50.231274	27.98	168	100	21	91	244	10911	10436	9e-23	110.8
NCVOG4121-consensus	NODE_2809_length_2068_cov_33.125063	25.79	190	118	23	138	307	1121	564	2.8e-22	106.2
NCVOG4121-consensus	NODE_2422_length_3262_cov_36.586499	32.86	70	44	3	226	293	771	568	7.6e-22	105.4
NCVOG4121-consensus	NODE_5_length_110427_cov_55.180054	23.74	198	136	15	79	268	48547	49116	1.3e-20	106.4
NCVOG4121-consensus	NODE_524_length_21018_cov_51.422855	26.81	138	88	13	138	270	9600	9214	2.3e-20	103.2
NCVOG4121-consensus	NODE_1380_length_8634_cov_39.401893	21.76	193	139	12	87	272	1669	2229	2.7e-20	101.7
NCVOG4121-consensus	NODE_1380_length_8634_cov_39.401893	33.85	65	41	2	235	297	1408	1599	2.7e-20	101.7
NCVOG4121-consensus	NODE_696_length_16951_cov_51.665106	25.60	125	87	6	155	278	11009	11363	2.9e-20	102.5
NCVOG4121-consensus	NODE_12_length_97848_cov_52.950190	26.58	158	101	15	154	297	80802	80341	1.7e-19	102.5
NCVOG4121-consensus	NODE_621_length_18516_cov_50.661045	25.24	206	134	20	109	307	8601	8026	1.2e-18	97.3
NCVOG4121-consensus	NODE_419_length_23930_cov_55.353163	28.57	126	72	18	141	260	10005	10343	4.4e-18	95.8
NCVOG4121-consensus	NODE_238_length_33138_cov_54.321557	30.71	140	76	21	157	275	17914	18330	4.4e-18	96.3
NCVOG4121-consensus	NODE_2808_length_2069_cov_17.901606	36.96	46	28	1	226	270	1733	1867	1.1e-17	90.9
NCVOG4121-consensus	NODE_957_length_13077_cov_50.598077	26.42	106	72	6	198	297	11856	12170	3.9e-17	91.8
NCVOG4121-consensus	NODE_957_length_13077_cov_50.598077	25.00	156	90	27	138	280	12333	12755	7.9e-17	90.8
NCVOG4121-consensus	NODE_1272_length_9538_cov_45.255470	31.11	90	55	7	158	240	1807	2073	7.9e-17	90.3
NCVOG4121-consensus	NODE_891_length_13975_cov_51.506044	33.33	57	35	3	225	278	10072	10239	9.2e-17	90.6
NCVOG4121-consensus	NODE_875_length_14219_cov_51.398176	22.02	168	118	13	150	306	12221	11727	1.9e-16	89.6
NCVOG4121-consensus	NODE_2147_length_4273_cov_43.602240	25.68	74	53	2	226	297	1169	1387	9.3e-16	85.6
NCVOG4121-consensus	NODE_1685_length_6724_cov_42.254551	25.85	147	94	15	157	296	6129	5716	2.5e-15	84.8
NCVOG4121-consensus	NODE_518_length_21152_cov_107.074353	24.67	150	91	22	121	261	6453	6046	1.6e-14	83.8
NCVOG4121-consensus	NODE_69_length_54242_cov_51.405889	27.56	156	90	23	160	297	37763	38212	6.3e-14	83.2
NCVOG4121-consensus	NODE_727_length_16350_cov_51.193634	29.21	202	120	23	86	274	6102	5530	1.5e-13	80.2
NCVOG4121-consensus	NODE_379_length_25526_cov_50.805218	28.95	152	96	12	149	296	19183	18755	8.2e-13	78.4
NCVOG4121-consensus	NODE_379_length_25526_cov_50.805218	26.25	160	104	14	138	285	19880	19410	3e-19	99.8
NCVOG4121-consensus	NODE_1075_length_11486_cov_48.727846	31.39	137	76	18	117	243	10325	10708	2.4e-12	75.7
NCVOG4121-consensus	NODE_1075_length_11486_cov_48.727846	26.24	141	92	12	160	297	10913	11305	1.2e-12	76.7
NCVOG4121-consensus	NODE_176_length_37842_cov_97.540421	36.00	50	32	0	194	243	33198	33052	8.1e-12	75.6
NCVOG4121-consensus	NODE_236_length_33361_cov_50.156772	26.62	139	83	19	139	272	22519	22156	1.2e-11	74.8
NCVOG4121-consensus	NODE_632_length_18209_cov_47.446062	22.60	146	88	25	141	272	16590	16991	1.3e-11	73.9
NCVOG5195-consensus	NODE_2062_length_4629_cov_41.463752	76.92	26	6	0	120	145	1734	1808	2.3e-12	73.5
NCVOG0397-consensus	NODE_5107_length_261_cov_45.385870	24.32	74	56	0	280	353	36	254	4.8e-12	69.7
NCVOG0301-consensus	NODE_558_length_20206_cov_50.575935	30.62	307	173	40	264	537	1043	151	3.7e-12	76.7
NCVOG1121-consensus	NODE_3305_length_1139_cov_1024.950094	26.06	376	261	17	163	528	1136	45	4.8e-20	98.7
NCVOG1121-consensus	NODE_305_length_28860_cov_51.506549	29.87	298	189	20	163	450	2609	1749	5.9e-12	76.5
NCVOG0021-consensus	NODE_1518_length_7786_cov_43.264107	24.48	776	532	54	33	782	3589	1349	2e-15	87.1
NCVOG2860-consensus	NODE_1761_length_6321_cov_51.453876	26.52	230	159	10	81	304	4548	5214	5.7e-11	70.5
NCVOG2860-consensus	NODE_1927_length_5398_cov_42.963353	31.09	193	131	2	118	308	3826	4401	8.5e-11	69.7
NCVOG0001-consensus	NODE_81_length_50749_cov_55.273524	42.25	329	161	29	279	600	35863	34946	1.5e-34	152.6
NCVOG0001-consensus	NODE_1338_length_8894_cov_49.186798	39.27	275	139	28	328	595	2554	3312	1.6e-24	116.8
NCVOG0001-consensus	NODE_216_length_34589_cov_52.245364	41.67	276	139	22	320	593	26561	25797	7.7e-21	106.5
NCVOG0001-consensus	NODE_1286_length_9417_cov_44.137152	35.12	205	123	10	321	516	8487	9095	3.4e-15	85.9
NCVOG0001-consensus	NODE_1322_length_9088_cov_49.493508	34.39	285	133	54	328	566	4335	3512	6.9e-15	84.8
NCVOG0001-consensus	NODE_1322_length_9088_cov_49.493508	38.86	229	100	40	363	562	5195	4545	6.9e-15	84.8
NCVOG0001-consensus	NODE_671_length_17622_cov_52.724138	34.48	232	108	44	363	555	12442	11767	2.4e-14	84.0
NCVOG0001-consensus	NODE_1545_length_7630_cov_57.420760	36.89	206	102	28	339	519	1827	1224	4.6e-14	81.8
NCVOG0001-consensus	NODE_322_length_28065_cov_55.723596	31.75	274	142	45	302	554	13185	12449	1.6e-12	78.6
NCVOG0001-consensus	NODE_356_length_26642_cov_54.809072	27.97	286	189	17	326	600	19744	20580	2.2e-12	78.0
NCVOG0001-consensus	NODE_292_length_29717_cov_51.714980	42.46	285	106	58	322	560	1202	391	3e-12	77.8
NCVOG0001-consensus	NODE_485_length_21861_cov_46.199688	33.94	277	122	61	327	554	890	105	1.4e-11	75.0
NCVOG5338-consensus	NODE_793_length_15636_cov_53.144547	28.50	207	120	28	88	270	11061	10456	3.6e-11	73.2
NCVOG2608-consensus	NODE_3305_length_1139_cov_1024.950094	37.70	122	75	1	2	122	414	54	3.7e-14	77.9
NCVOG2608-consensus	NODE_5206_length_251_cov_320.224138	43.53	85	46	2	38	122	1	246	1.1e-12	70.8
NCVOG2058-consensus	NODE_621_length_18516_cov_50.661045	34.72	288	178	10	93	379	8846	8017	1.1e-28	131.0
NCVOG2058-consensus	NODE_1927_length_5398_cov_42.963353	31.07	280	187	6	94	372	3841	4660	5.4e-24	113.6
NCVOG2058-consensus	NODE_1289_length_9387_cov_43.149731	31.38	239	149	15	111	334	4630	3917	9.9e-21	103.6
NCVOG2058-consensus	NODE_31_length_68815_cov_54.646266	30.47	279	181	13	119	389	46429	45611	3.3e-20	104.7
NCVOG2058-consensus	NODE_379_length_25526_cov_50.805218	31.71	328	186	38	46	341	19703	18743	2.9e-18	96.9
NCVOG2058-consensus	NODE_1380_length_8634_cov_39.401893	29.76	252	170	7	92	341	1492	2229	4.5e-18	94.7
NCVOG2058-consensus	NODE_1075_length_11486_cov_48.727846	26.22	267	185	12	77	341	10193	10960	3.9e-17	92.0
NCVOG2058-consensus	NODE_925_length_13489_cov_50.175142	31.72	227	144	11	118	338	1515	853	3.6e-16	89.0
NCVOG2058-consensus	NODE_213_length_34729_cov_48.843559	30.91	275	172	18	78	352	23410	24177	7.3e-15	86.0
NCVOG2058-consensus	NODE_46_length_59032_cov_52.911814	34.74	213	121	18	97	305	52257	51668	8.4e-15	86.6
NCVOG2058-consensus	NODE_524_length_21018_cov_51.422855	29.23	195	134	4	118	311	9603	9031	1.4e-14	84.4
NCVOG2058-consensus	NODE_634_length_18190_cov_56.601833	31.02	274	182	7	92	362	13347	12541	7.8e-14	81.7
NCVOG2058-consensus	NODE_727_length_16350_cov_51.193634	31.82	264	160	20	93	352	6243	5503	1.2e-13	80.8
NCVOG2058-consensus	NODE_41_length_62421_cov_55.903086	30.14	282	174	23	81	355	36856	37638	3.8e-13	81.1
NCVOG2058-consensus	NODE_830_length_14918_cov_52.696651	31.22	221	145	7	119	338	780	1421	5.1e-13	78.7
NCVOG2058-consensus	NODE_259_length_31523_cov_54.418909	30.17	232	156	6	108	338	21470	22147	1.5e-12	78.1
NCVOG2058-consensus	NODE_5_length_110427_cov_55.180054	29.36	218	138	16	99	312	48430	49044	9.3e-12	77.4
NCVOG2058-consensus	NODE_419_length_23930_cov_55.353163	27.45	306	178	44	110	372	9495	10406	2.4e-11	73.8
NCVOG2058-consensus	NODE_238_length_33138_cov_54.321557	28.31	325	167	66	107	365	17332	18303	5.8e-11	73.0
NCVOG5128-consensus	NODE_182_length_37177_cov_58.039299	22.82	149	110	5	78	222	34445	34013	4.2e-13	79.9
NCVOG5128-consensus	NODE_742_length_16212_cov_45.212581	31.88	69	46	1	70	138	11835	12035	8.5e-13	77.6
NCVOG5128-consensus	NODE_2370_length_3488_cov_35.629434	30.65	62	42	1	123	184	417	596	3.8e-12	73.3
NCVOG5128-consensus	NODE_537_length_20755_cov_51.255344	28.79	66	42	5	149	209	18049	17855	1.7e-11	73.7
NCVOG5128-consensus	NODE_1995_length_4953_cov_43.582209	22.45	98	72	4	165	260	3428	3148	4.1e-11	70.4
NCVOG0775-consensus	NODE_38_length_64571_cov_55.196034	29.11	158	104	8	65	220	16307	16759	2.9e-14	85.0
NCVOG0066-consensus	NODE_2077_length_4527_cov_42.686517	28.18	330	206	31	85	387	1094	128	4.2e-22	107.7
NCVOG0066-consensus	NODE_2077_length_4527_cov_42.686517	34.55	385	198	54	119	452	2243	1107	4.2e-22	107.7
NCVOG4108-consensus	NODE_1289_length_9387_cov_43.149731	22.05	195	150	2	350	542	4618	4037	3.7e-34	148.8
NCVOG4108-consensus	NODE_925_length_13489_cov_50.175142	27.88	104	74	1	429	532	1593	1288	1.1e-24	117.9
NCVOG4108-consensus	NODE_634_length_18190_cov_56.601833	24.15	265	184	17	316	576	13212	12460	2.4e-23	113.8
NCVOG4108-consensus	NODE_1761_length_6321_cov_51.453876	26.28	137	94	7	407	536	4407	4814	9.1e-23	110.4
NCVOG4108-consensus	NODE_621_length_18516_cov_50.661045	24.52	261	175	22	132	381	8816	8074	2.4e-17	94.0
NCVOG4108-consensus	NODE_524_length_21018_cov_51.422855	24.82	141	105	1	173	312	9597	9178	3.6e-14	83.6
NCVOG4108-consensus	NODE_379_length_25526_cov_50.805218	25.14	362	228	43	198	540	19892	18890	6e-14	83.1
NCVOG4108-consensus	NODE_1075_length_11486_cov_48.727846	25.51	98	72	1	459	555	10226	10516	9.8e-14	81.3
NCVOG4108-consensus	NODE_836_length_14901_cov_53.262345	26.67	150	104	6	386	532	545	110	6.6e-13	78.9
NCVOG4108-consensus	NODE_31_length_68815_cov_54.646266	21.07	394	250	61	169	503	46438	45266	2.3e-12	79.3
NCVOG4108-consensus	NODE_1685_length_6724_cov_42.254551	24.77	222	146	21	256	468	6330	5706	2.7e-12	75.7
NCVOG4108-consensus	NODE_518_length_21152_cov_107.074353	26.09	69	49	2	486	552	6303	6100	8.8e-12	75.7
NCVOG4108-consensus	NODE_1561_length_7496_cov_47.506807	25.00	140	89	16	148	271	5063	5479	3.8e-11	72.1
NCVOG4108-consensus	NODE_2809_length_2068_cov_33.125063	22.22	234	167	15	319	541	1229	543	6.4e-11	69.4
NCVOG0228-consensus	NODE_363_length_26447_cov_51.003527	29.00	600	316	110	411	921	17682	15955	5.2e-17	94.0
NCVOG0228-consensus	NODE_2805_length_2082_cov_24.339152	30.09	339	168	69	403	687	1044	78	1.2e-12	75.8
NCVOG0280-consensus	NODE_113_length_46282_cov_47.765913	20.79	1732	1182	190	49	1692	20692	25578	3.7e-23	116.2
NCVOG0280-consensus	NODE_113_length_46282_cov_47.765913	21.55	1680	1159	159	79	1635	29506	34430	4.9e-29	135.7
NCVOG0280-consensus	NODE_113_length_46282_cov_47.765913	21.54	1114	753	121	479	1512	26233	29448	1.2e-23	117.8
NCVOG0280-consensus	NODE_113_length_46282_cov_47.765913	20.78	1882	1277	214	6	1772	34639	39956	3.5e-22	112.9
NCVOG0280-consensus	NODE_113_length_46282_cov_47.765913	21.09	1674	1138	183	167	1782	40309	44950	7.1e-21	108.6
NCVOG0280-consensus	NODE_1045_length_11794_cov_48.344371	20.82	1619	1072	210	258	1744	5953	10564	6.8e-21	106.7
NCVOG0280-consensus	NODE_389_length_25101_cov_86.753756	22.05	1501	1001	169	317	1748	10867	6668	6.5e-20	104.5
NCVOG0280-consensus	NODE_8_length_103020_cov_57.302303	20.98	1039	733	88	408	1389	102938	99918	6.8e-19	103.1
NCVOG0280-consensus	NODE_140_length_41577_cov_49.662096	19.48	883	647	64	783	1640	32212	34740	3.3e-11	76.3
NCVOG0218-consensus	NODE_1033_length_11867_cov_48.414504	31.31	789	362	180	354	980	8563	6264	1e-13	82.1
NCVOG0218-consensus	NODE_1278_length_9470_cov_93.087831	29.30	710	429	73	238	899	6363	8396	6.7e-13	79.1
NCVOG0218-consensus	NODE_1622_length_7056_cov_39.240436	32.03	715	322	164	349	910	5511	3413	2.5e-12	76.8
NCVOG0218-consensus	NODE_3468_length_965_cov_15.542793	39.31	290	152	24	629	911	70	885	5.7e-12	72.7
NCVOG0218-consensus	NODE_3069_length_1516_cov_29.165393	40.00	305	153	30	589	864	610	1512	1.3e-11	72.2
NCVOG0218-consensus	NODE_2675_length_2419_cov_28.133219	40.81	272	151	10	582	850	561	1348	2e-11	72.3
NCVOG0218-consensus	NODE_1084_length_11395_cov_85.624669	30.50	741	345	170	336	909	8463	10639	6.5e-11	72.8
NCVOG0308-consensus	NODE_1910_length_5477_cov_76.777963	21.19	637	439	63	244	859	1717	3498	1.1e-11	74.2
NCVOG0018-consensus	NODE_1540_length_7667_cov_42.763241	24.68	940	625	83	163	1051	5238	2524	2.7e-12	76.9
NCVOG0018-consensus	NODE_1540_length_7667_cov_42.763241	22.14	840	585	69	280	1106	7642	5296	1.4e-13	81.2
NCVOG0800-consensus	NODE_2414_length_3272_cov_55.691393	33.33	30	19	1	41	69	516	430	7.6e-11	67.5
NCVOG0008-consensus	NODE_1896_length_5531_cov_54.655666	43.59	39	22	0	179	217	1882	1995	3.4e-21	103.6
NCVOG0008-consensus	NODE_71_length_53168_cov_57.189316	32.08	53	36	0	146	198	15833	15988	1.5e-17	94.7
NCVOG0008-consensus	NODE_1650_length_6887_cov_50.112775	42.42	33	18	1	187	218	103	194	9.4e-14	79.2
NCVOG0008-consensus	NODE_3250_length_1201_cov_33.552491	38.46	26	16	0	138	163	1195	1121	5.1e-12	70.9
NCVOG0008-consensus	NODE_783_length_15749_cov_54.860643	45.00	20	11	0	79	98	2865	2809	5.4e-12	74.6
NCVOG0008-consensus	NODE_981_length_12710_cov_54.278952	38.71	31	19	0	202	232	2152	2063	1.6e-11	72.6
NCVOG0008-consensus	NODE_1242_length_9769_cov_52.169624	35.14	37	24	0	128	164	1891	1784	4.9e-11	70.7
NCVOG0008-consensus	NODE_3387_length_1033_cov_33.092050	30.00	70	46	3	2	71	827	630	5.4e-11	67.3
NCVOG0008-consensus	NODE_6704_length_169_cov_55.456522	43.24	37	16	5	145	176	126	19	7.3e-11	64.3
NCVOG0670-consensus	NODE_1205_length_10126_cov_46.561548	25.84	178	91	41	294	430	9055	9585	6.9e-19	98.4
NCVOG0670-consensus	NODE_416_length_23995_cov_53.888034	31.03	58	40	0	385	442	15259	15429	8e-17	92.8
NCVOG4116-consensus	NODE_634_length_18190_cov_56.601833	29.35	201	133	9	238	433	13206	12619	3.6e-38	162.7
NCVOG4116-consensus	NODE_1380_length_8634_cov_39.401893	24.82	274	191	15	149	408	1414	2229	1.5e-35	152.9
NCVOG4116-consensus	NODE_1927_length_5398_cov_42.963353	34.48	145	91	4	238	380	3892	4317	3.6e-33	144.3
NCVOG4116-consensus	NODE_1075_length_11486_cov_48.727846	30.06	173	117	4	272	441	10202	10714	1.8e-30	136.4
NCVOG4116-consensus	NODE_621_length_18516_cov_50.661045	31.25	176	109	12	235	405	8454	7951	8.2e-27	125.0
NCVOG4116-consensus	NODE_379_length_25526_cov_50.805218	24.01	329	226	24	101	408	19715	18743	2e-25	120.8
NCVOG4116-consensus	NODE_259_length_31523_cov_54.418909	30.61	147	97	5	238	381	21644	22075	1.3e-24	118.5
NCVOG4116-consensus	NODE_696_length_16951_cov_51.665106	32.57	175	110	8	238	405	11012	11522	4e-24	115.9
NCVOG4116-consensus	NODE_2147_length_4273_cov_43.602240	25.35	217	137	25	236	431	842	1465	8.1e-23	109.6
NCVOG4116-consensus	NODE_59_length_55965_cov_58.002791	32.79	122	79	3	228	349	7540	7893	7.5e-22	110.1
NCVOG4116-consensus	NODE_31_length_68815_cov_54.646266	37.04	135	79	6	278	406	46429	46028	1.1e-19	103.1
NCVOG4116-consensus	NODE_518_length_21152_cov_107.074353	33.33	150	94	6	256	401	6462	6022	1.1e-18	98.2
NCVOG4116-consensus	NODE_925_length_13489_cov_50.175142	27.44	164	111	8	275	430	1521	1033	1.1e-18	97.5
NCVOG4116-consensus	NODE_46_length_59032_cov_52.911814	35.17	145	80	14	239	374	52074	51662	4.9e-18	97.5
NCVOG4116-consensus	NODE_727_length_16350_cov_51.193634	25.88	255	159	30	160	410	6213	5530	2.8e-17	93.1
NCVOG4116-consensus	NODE_2422_length_3262_cov_36.586499	33.63	113	71	4	267	378	882	556	3.4e-16	87.2
NCVOG4116-consensus	NODE_213_length_34729_cov_48.843559	33.59	128	80	5	271	396	23581	23952	1.4e-14	85.3
NCVOG4116-consensus	NODE_800_length_15442_cov_51.137195	29.73	111	74	4	268	378	6328	6645	2e-14	83.5
NCVOG4116-consensus	NODE_344_length_27149_cov_49.603576	35.92	103	64	2	274	374	17878	17573	3.6e-14	83.5
NCVOG4116-consensus	NODE_3422_length_1006_cov_17.277718	46.94	49	21	5	301	344	260	403	2e-13	76.3
NCVOG4116-consensus	NODE_1032_length_11872_cov_50.196524	32.14	84	57	0	268	351	8387	8635	2.5e-12	76.2
NCVOG4116-consensus	NODE_1761_length_6321_cov_51.453876	28.19	227	150	13	212	433	4470	5121	3.1e-12	75.0
NCVOG4116-consensus	NODE_957_length_13077_cov_50.598077	26.06	188	122	17	233	409	11829	12371	3.7e-12	75.8
NCVOG4116-consensus	NODE_478_length_22015_cov_52.836038	27.22	169	120	3	232	399	13935	13438	2e-11	74.1
NCVOG4206-consensus	NODE_1836_length_5960_cov_52.660377	32.79	61	39	2	127	187	3449	3276	1.4e-12	75.7
NCVOG4206-consensus	NODE_1175_length_10431_cov_48.702917	35.48	62	36	4	117	177	5260	5091	7.1e-12	74.2
NCVOG4206-consensus	NODE_2211_length_4031_cov_44.780981	36.36	33	20	1	215	246	487	582	5.6e-11	69.8
NCVOG1006-consensus	NODE_2451_length_3131_cov_35.663720	28.03	157	85	28	8	136	571	108	1.3e-14	80.6
