NCVOG1069-consensus	NODE_25_length_148347_cov_9.547225	25.34	363	176	95	115	393	110346	109294	3.4e-13	83.8
NCVOG0669-consensus	NODE_299_length_28223_cov_9.184147	26.73	217	131	28	270	464	25849	26478	4.2e-18	97.8
NCVOG0669-consensus	NODE_282_length_30256_cov_9.675934	24.63	406	246	60	90	439	20350	19154	8.1e-17	93.6
NCVOG0669-consensus	NODE_14_length_172133_cov_9.605878	23.77	387	236	59	105	437	4785	3649	5.7e-11	76.5
NCVOG0333-consensus	NODE_2273_length_473_cov_10.744949	43.88	98	39	16	619	709	473	210	6.1e-19	95.2
NCVOG0333-consensus	NODE_2273_length_473_cov_10.744949	54.84	62	21	7	634	695	206	45	6.6e-16	85.2
NCVOG0333-consensus	NODE_80_length_91027_cov_11.135900	48.35	91	44	3	605	695	25501	25761	9e-17	95.6
NCVOG0333-consensus	NODE_72_length_95291_cov_9.494444	48.35	91	44	3	605	695	6491	6751	1.1e-16	95.5
NCVOG0333-consensus	NODE_230_length_38168_cov_9.815521	53.42	73	31	3	605	677	11469	11263	3.9e-16	92.3
NCVOG0333-consensus	NODE_80_length_91027_cov_11.135900	41.67	120	52	18	599	709	20028	19699	6.1e-16	92.9
NCVOG0333-consensus	NODE_53_length_110146_cov_10.070965	42.86	112	48	16	605	709	101138	100833	1.2e-15	92.2
NCVOG0333-consensus	NODE_156_length_54320_cov_9.503844	53.42	73	31	3	605	677	45110	45316	1.3e-15	91.0
NCVOG0333-consensus	NODE_148_length_57695_cov_9.234996	53.42	73	31	3	605	677	6499	6293	1.6e-15	90.8
NCVOG0333-consensus	NODE_700_length_3750_cov_9.484890	62.96	54	18	2	632	684	3744	3589	9.3e-15	84.3
NCVOG0333-consensus	NODE_378_length_20480_cov_9.222908	49.33	75	31	7	632	706	3952	4152	7.4e-11	73.8
NCVOG2223-consensus	NODE_74_length_94241_cov_9.631851	39.16	166	80	21	698	846	43611	44087	1.9e-16	94.9
NCVOG0233-consensus	NODE_37_length_124335_cov_19.834997	36.16	921	478	110	36	853	20293	23031	4.9e-79	303.2
NCVOG0233-consensus	NODE_139_length_60385_cov_9.225227	31.86	904	448	168	25	762	27530	24834	1.2e-56	227.8
NCVOG0233-consensus	NODE_5_length_215145_cov_9.883588	33.93	392	219	40	499	850	116610	115440	2.7e-48	201.4
NCVOG0233-consensus	NODE_5_length_215145_cov_9.883588	29.28	888	395	233	161	817	114171	111527	2.7e-48	201.4
NCVOG0233-consensus	NODE_5_length_215145_cov_9.883588	27.82	586	285	138	50	500	118836	117103	2.9e-14	88.3
NCVOG0233-consensus	NODE_107_length_73823_cov_19.186898	26.82	783	392	181	145	746	57243	54914	1e-46	195.1
NCVOG0233-consensus	NODE_9_length_195692_cov_9.770600	24.27	923	559	140	28	864	164450	161865	5.2e-34	152.2
NCVOG0233-consensus	NODE_76_length_93679_cov_9.634164	29.94	618	338	95	136	669	65862	67679	3.4e-28	133.9
NCVOG0233-consensus	NODE_54_length_109013_cov_9.394287	27.81	640	349	113	136	673	50268	52151	3.2e-23	117.6
NCVOG0233-consensus	NODE_501_length_10375_cov_8.876869	25.39	701	356	167	135	670	2019	4098	1.6e-17	95.3
NCVOG0233-consensus	NODE_201_length_43638_cov_13.234798	27.98	672	343	141	136	671	15637	13648	4e-17	96.0
NCVOG0233-consensus	NODE_296_length_28279_cov_9.754999	27.42	766	385	171	133	729	12084	9806	2e-11	76.5
NCVOG0023-consensus	NODE_512_length_10017_cov_8.925352	31.83	333	214	13	377	701	8305	7325	1e-63	248.7
NCVOG0013-consensus	NODE_23_length_150275_cov_9.421763	28.81	243	149	24	120	344	41501	42204	1.2e-16	95.6
NCVOG4582-consensus	NODE_164_length_51769_cov_11.729740	31.90	210	123	20	124	325	35890	36478	1.9e-11	76.1
NCVOG0073-consensus	NODE_378_length_20480_cov_9.222908	39.19	643	349	42	20	640	16847	14986	1.6e-186	657.8
NCVOG0073-consensus	NODE_378_length_20480_cov_9.222908	38.62	681	350	68	7	640	14252	12280	2.1e-196	690.6
NCVOG0073-consensus	NODE_53_length_110146_cov_10.070965	39.50	643	347	42	20	640	80171	78310	1.8e-185	656.7
NCVOG0073-consensus	NODE_53_length_110146_cov_10.070965	38.42	695	358	70	20	665	77914	75896	1.7e-195	690.0
NCVOG0073-consensus	NODE_48_length_113645_cov_9.473619	39.86	715	393	37	16	716	41913	43979	1.4e-181	643.8
NCVOG0073-consensus	NODE_48_length_113645_cov_9.473619	39.35	643	348	42	20	640	13458	15319	7.2e-204	717.9
NCVOG0073-consensus	NODE_48_length_113645_cov_9.473619	39.52	630	334	47	37	640	16035	17854	3.3e-192	679.1
NCVOG0073-consensus	NODE_47_length_113809_cov_11.880210	40.26	626	344	30	26	636	89185	91012	2.2e-153	550.2
NCVOG0073-consensus	NODE_452_length_14072_cov_9.409289	37.39	658	363	49	19	644	3403	1490	1.9e-142	510.8
NCVOG0073-consensus	NODE_411_length_17233_cov_9.408429	35.36	707	361	96	19	664	6842	8846	8.5e-117	425.9
NCVOG0073-consensus	NODE_342_length_22829_cov_9.645007	33.38	725	383	100	19	674	4254	6324	1.1e-88	332.9
NCVOG0073-consensus	NODE_114_length_70352_cov_9.506894	27.41	518	330	46	51	531	43249	41726	6.9e-74	285.4
NCVOG0073-consensus	NODE_24_length_148603_cov_10.757120	34.44	363	202	36	291	642	119695	118687	7e-46	193.4
NCVOG0073-consensus	NODE_197_length_44293_cov_9.727090	29.28	263	177	9	194	450	23874	23108	9.1e-25	121.6
NCVOG0073-consensus	NODE_288_length_29386_cov_9.410591	28.38	458	255	73	22	408	9077	10433	1.8e-21	110.0
NCVOG0073-consensus	NODE_464_length_13317_cov_9.499094	27.91	412	240	57	24	379	7091	8318	4.6e-21	107.5
NCVOG0073-consensus	NODE_188_length_46735_cov_9.952934	28.61	416	236	61	23	379	41778	40550	2.9e-20	106.7
NCVOG0268-consensus	NODE_183_length_47402_cov_9.816274	23.97	363	260	16	237	589	10403	9338	3.7e-14	85.8
NCVOG0268-consensus	NODE_183_length_47402_cov_9.816274	25.39	319	209	29	285	600	9082	8207	1.3e-15	90.6
NCVOG0613-consensus	NODE_6_length_211208_cov_9.707319	35.34	116	70	5	9	120	152030	152371	4.9e-17	93.5
NCVOG0613-consensus	NODE_11_length_176731_cov_9.602726	35.45	110	66	5	15	120	6989	6666	1.3e-14	86.7
NCVOG4523-consensus	NODE_15_length_167202_cov_9.518648	31.09	891	446	168	52	823	16373	18887	5.2e-31	144.3
NCVOG4523-consensus	NODE_86_length_86043_cov_9.456500	30.93	236	146	17	11	241	64636	63972	3.7e-18	100.8
NCVOG1353-consensus	NODE_35_length_125171_cov_9.589149	55.17	832	265	108	74	800	62387	64856	2.6e-80	307.4
NCVOG4445-consensus	NODE_881_length_2035_cov_15.420838	31.05	277	164	27	96	350	1219	2031	1.9e-14	81.6
NCVOG4445-consensus	NODE_913_length_1888_cov_12.273330	31.39	309	179	33	96	378	617	1519	1.7e-13	78.3
NCVOG4445-consensus	NODE_901_length_1936_cov_9.185584	30.39	306	186	27	96	378	1005	103	2.6e-13	77.7
NCVOG4445-consensus	NODE_784_length_2763_cov_8.967982	30.56	180	108	17	184	346	1273	737	2.6e-12	74.9
NCVOG4123-consensus	NODE_2374_length_454_cov_6.453581	34.29	140	82	10	160	289	422	6	3.5e-13	75.3
NCVOG4123-consensus	NODE_1382_length_888_cov_7.909988	28.04	214	138	16	160	358	248	883	5e-11	69.1
NCVOG4045-consensus	NODE_222_length_39316_cov_18.107928	28.33	240	119	53	191	379	36779	36071	4.9e-12	77.8
NCVOG0243-consensus	NODE_271_length_31944_cov_10.374682	28.06	417	245	55	16	392	18556	17362	8.1e-26	123.3
NCVOG0055-consensus	NODE_442_length_15040_cov_9.352937	32.97	273	132	51	192	421	14095	13314	2.6e-23	114.1
NCVOG0055-consensus	NODE_77_length_93460_cov_9.424285	33.33	192	111	17	182	372	17317	17841	1.9e-20	107.2
NCVOG4105-consensus	NODE_39_length_123484_cov_9.257327	34.88	1164	585	173	44	1064	35926	32538	1e-64	256.0
NCVOG1045-consensus	NODE_232_length_38046_cov_8.956122	30.63	222	142	12	328	543	31676	31036	6.1e-25	121.2
NCVOG0235-consensus	NODE_170_length_50009_cov_10.456801	35.65	418	209	60	3	364	867	2093	4.8e-36	158.6
NCVOG0235-consensus	NODE_661_length_4367_cov_15.856177	29.88	241	123	46	373	568	23	735	2e-14	83.3
NCVOG0305-consensus	NODE_656_length_4431_cov_9.008728	34.15	246	153	9	1316	1555	3185	3910	2.2e-25	121.1
NCVOG0305-consensus	NODE_224_length_38805_cov_11.704116	33.74	246	154	9	1316	1555	9462	8737	2.9e-24	120.5
NCVOG0305-consensus	NODE_242_length_35295_cov_9.301408	29.92	254	156	22	784	1029	24359	25075	9.9e-15	88.6
NCVOG0305-consensus	NODE_511_length_10060_cov_10.219251	31.77	299	183	21	782	1072	2516	1666	2.4e-14	85.5
NCVOG0305-consensus	NODE_10_length_178185_cov_10.219687	31.47	251	149	23	1320	1555	27075	26350	2.9e-14	89.2
NCVOG0305-consensus	NODE_78_length_93389_cov_9.363544	28.74	254	159	22	784	1029	83848	84564	6e-14	87.4
NCVOG0305-consensus	NODE_2321_length_462_cov_11.161039	35.71	140	80	10	849	981	429	22	6.3e-12	73.1
NCVOG0305-consensus	NODE_558_length_7831_cov_9.999871	34.63	205	123	11	782	979	6250	5653	7.9e-12	76.8
NCVOG0305-consensus	NODE_633_length_4798_cov_13.308833	31.80	283	172	21	782	1055	2914	2105	9.5e-11	72.5
NCVOG0248-consensus	NODE_16_length_162408_cov_9.372326	32.99	488	236	91	48	494	69535	68235	6.2e-21	109.7
NCVOG0105-consensus	NODE_85_length_86171_cov_10.232827	33.64	214	114	28	631	818	68725	68093	2.1e-11	78.2
NCVOG4804-consensus	NODE_995_length_1545_cov_22.767711	54.29	140	58	6	44	183	1142	1540	3.9e-35	148.9
NCVOG4804-consensus	NODE_456_length_13830_cov_11.437764	51.97	152	61	12	32	183	5800	5384	9.5e-34	147.5
NCVOG4804-consensus	NODE_311_length_27091_cov_9.761050	52.70	148	58	12	36	183	16140	16544	1.1e-32	144.9
NCVOG4804-consensus	NODE_221_length_39567_cov_9.140517	56.25	144	48	15	37	180	2981	3364	2.2e-31	141.1
NCVOG4804-consensus	NODE_18711_length_146_cov_18.072464	66.67	48	16	0	107	154	146	6	1e-14	77.7
NCVOG4804-consensus	NODE_18721_length_146_cov_16.855072	59.57	47	19	0	82	128	4	141	9.1e-13	71.2
NCVOG0282-consensus	NODE_242_length_35295_cov_9.301408	27.84	388	251	29	199	572	23960	25075	1.4e-15	90.6
NCVOG0282-consensus	NODE_78_length_93389_cov_9.363544	28.44	552	342	53	37	572	83035	84564	1e-13	85.8
NCVOG4883-consensus	NODE_258_length_33408_cov_10.229336	32.35	442	249	50	40	460	18394	17163	5.9e-55	220.4
NCVOG4883-consensus	NODE_16_length_162408_cov_9.372326	32.59	451	243	61	40	460	135746	136996	2.3e-51	210.6
NCVOG0360-consensus	NODE_70_length_95390_cov_9.482295	47.18	301	152	7	24	319	25365	24472	2.3e-97	362.3
NCVOG0360-consensus	NODE_238_length_35979_cov_9.193443	27.10	321	191	43	24	305	5954	6901	5.9e-12	77.1
NCVOG0360-consensus	NODE_152_length_55879_cov_9.755833	27.16	324	187	49	24	305	30749	31696	1.2e-11	76.7
NCVOG0979-consensus	NODE_356_length_21923_cov_8.748238	43.05	374	155	58	13	328	13044	11932	8.6e-69	265.4
NCVOG0979-consensus	NODE_392_length_18761_cov_9.560694	43.19	382	151	66	13	328	11754	10622	1.9e-67	260.7
NCVOG0764-consensus	NODE_260_length_33193_cov_9.255979	25.52	286	156	57	8	240	17843	18685	1.4e-12	78.9
NCVOG4274-consensus	NODE_121_length_68539_cov_9.444305	22.41	696	498	42	132	810	39554	41551	6.9e-25	122.4
NCVOG4274-consensus	NODE_415_length_17003_cov_10.510812	21.55	529	375	40	305	817	9025	10536	5.8e-11	74.1
NCVOG2734-consensus	NODE_784_length_2763_cov_8.967982	25.08	299	209	15	35	331	1228	374	1.3e-15	86.8
NCVOG2734-consensus	NODE_538_length_8729_cov_10.328056	24.61	321	220	22	31	348	3783	2881	2.5e-14	84.1
NCVOG2734-consensus	NODE_538_length_8729_cov_10.328056	23.79	311	222	15	31	339	2799	1909	3.1e-14	83.8
NCVOG2734-consensus	NODE_538_length_8729_cov_10.328056	25.28	269	186	15	65	331	1905	1141	1.5e-13	81.6
NCVOG2734-consensus	NODE_2374_length_454_cov_6.453581	30.67	150	100	4	120	265	452	6	2.5e-13	76.6
NCVOG2734-consensus	NODE_881_length_2035_cov_15.420838	24.88	209	149	8	68	274	1330	1935	8e-13	77.0
NCVOG2734-consensus	NODE_843_length_2308_cov_7.534290	25.40	248	177	8	29	274	902	180	2.3e-12	75.7
NCVOG2734-consensus	NODE_1382_length_888_cov_7.909988	27.12	236	160	12	44	273	2	688	7.2e-12	72.7
NCVOG2734-consensus	NODE_1199_length_1116_cov_10.394610	26.80	194	135	7	119	310	443	1006	1.2e-11	72.3
NCVOG2734-consensus	NODE_913_length_1888_cov_12.273330	24.08	245	178	8	31	273	623	1336	2.4e-11	72.1
NCVOG2734-consensus	NODE_1837_length_586_cov_7.365422	26.49	185	128	8	65	247	45	578	2.6e-11	70.2
NCVOG2734-consensus	NODE_901_length_1936_cov_9.185584	25.73	241	171	8	31	269	801	100	3e-11	71.7
NCVOG0274-consensus	NODE_12_length_176376_cov_9.704167	38.05	1506	701	232	80	1375	166137	161701	1.8e-85	323.1
NCVOG0274-consensus	NODE_387_length_19176_cov_8.962459	37.58	1477	707	215	93	1375	9732	14088	2.4e-85	322.2
NCVOG0274-consensus	NODE_387_length_19176_cov_8.962459	41.90	105	53	8	6	102	9406	9717	4.3e-17	95.4
NCVOG0274-consensus	NODE_74_length_94241_cov_9.631851	31.17	1203	576	252	136	1110	25499	21992	7e-47	196.7
NCVOG0274-consensus	NODE_100_length_78626_cov_19.103986	32.61	1484	745	255	126	1364	32595	36971	1.2e-45	192.3
NCVOG0274-consensus	NODE_261_length_33015_cov_9.540531	29.22	486	249	95	136	541	24942	23539	1.3e-23	117.9
NCVOG0274-consensus	NODE_261_length_33015_cov_9.540531	56.84	95	39	2	971	1064	23060	22782	1.3e-23	117.9
NCVOG0074-consensus	NODE_48_length_113645_cov_9.473619	63.35	633	230	2	5	636	41922	43812	1.5e-195	689.7
NCVOG0074-consensus	NODE_48_length_113645_cov_9.473619	64.80	625	201	19	5	610	13455	15322	1.5e-195	689.7
NCVOG0074-consensus	NODE_48_length_113645_cov_9.473619	61.84	608	210	22	25	610	16041	17857	8.7e-176	624.0
NCVOG0074-consensus	NODE_378_length_20480_cov_9.222908	64.32	625	204	19	5	610	16850	14983	3.2e-195	686.1
NCVOG0074-consensus	NODE_378_length_20480_cov_9.222908	60.53	641	210	43	13	610	14192	12277	2.4e-177	626.7
NCVOG0074-consensus	NODE_53_length_110146_cov_10.070965	64.64	625	202	19	5	610	80174	78307	8e-195	687.2
NCVOG0074-consensus	NODE_53_length_110146_cov_10.070965	60.28	647	215	42	11	615	77899	75962	1.6e-176	626.5
NCVOG0074-consensus	NODE_47_length_113809_cov_11.880210	58.16	619	236	23	12	610	89185	91027	4e-139	502.2
NCVOG0074-consensus	NODE_452_length_14072_cov_9.409289	56.39	642	237	43	6	610	3400	1498	1.9e-135	487.0
NCVOG0074-consensus	NODE_411_length_17233_cov_9.408429	45.63	629	290	52	27	616	6957	8795	7.2e-79	299.3
NCVOG0074-consensus	NODE_342_length_22829_cov_9.645007	45.31	640	294	56	19	616	4355	6225	1.7e-78	298.5
NCVOG0074-consensus	NODE_24_length_148603_cov_10.757120	49.65	288	127	18	321	606	119510	118702	9.5e-39	169.2
NCVOG0074-consensus	NODE_114_length_70352_cov_9.506894	32.54	504	294	46	48	506	43222	41717	3.6e-38	166.2
NCVOG0074-consensus	NODE_464_length_13317_cov_9.499094	33.49	424	212	70	39	394	7227	8489	3e-21	107.6
NCVOG0074-consensus	NODE_288_length_29386_cov_9.410591	33.33	423	213	69	39	394	9218	10469	3.5e-20	105.2
NCVOG0074-consensus	NODE_188_length_46735_cov_9.952934	32.65	441	224	73	25	394	41681	40378	6.8e-20	104.9
NCVOG0074-consensus	NODE_96_length_79920_cov_9.352041	44.81	154	78	7	236	386	24022	24460	5.4e-16	92.7
NCVOG1299-consensus	NODE_91_length_82804_cov_9.342041	41.13	141	58	25	30	147	54261	53852	7.7e-13	80.2
NCVOG1299-consensus	NODE_16_length_162408_cov_9.372326	48.09	131	28	40	56	146	121215	121600	2.2e-11	76.2
NCVOG0064-consensus	NODE_64_length_100728_cov_9.641981	24.00	375	230	55	13	342	74948	73865	1.7e-12	81.1
NCVOG0064-consensus	NODE_31_length_130555_cov_9.601465	25.69	288	176	38	23	286	7604	8416	6.2e-11	76.2
NCVOG1354-consensus	NODE_563_length_7752_cov_10.250163	35.34	133	63	23	184	295	2314	1925	1.2e-12	77.6
NCVOG2254-consensus	NODE_347_length_22470_cov_11.672903	29.31	331	190	44	58	351	10113	11077	1.8e-16	93.2
NCVOG4324-consensus	NODE_73_length_94929_cov_9.233184	32.67	505	269	71	143	610	77159	78566	2.1e-28	134.1
NCVOG4134-consensus	NODE_53_length_110146_cov_10.070965	32.97	461	239	70	43	456	23623	22323	5.7e-11	76.0
NCVOG4134-consensus	NODE_24_length_148603_cov_10.757120	32.53	455	239	68	43	456	92416	91140	6.2e-11	76.3
NCVOG0034-consensus	NODE_22_length_154953_cov_9.477608	33.13	326	170	48	116	417	66676	67578	1.8e-21	111.3
NCVOG0214-consensus	NODE_47_length_113809_cov_11.880210	30.48	269	168	19	268	517	71053	71852	5.1e-15	90.3
NCVOG0214-consensus	NODE_498_length_10714_cov_9.908151	24.55	501	348	30	63	547	7870	9305	6.9e-14	83.1
NCVOG0214-consensus	NODE_14886_length_154_cov_5.493506	58.82	51	21	0	433	483	154	5	9.5e-11	66.6
NCVOG0004-consensus	NODE_252_length_34311_cov_9.415581	32.70	159	94	13	123	281	25768	25334	2.4e-21	109.2
NCVOG0276-consensus	NODE_319_length_25854_cov_9.882609	58.82	340	88	52	56	343	13738	12724	1.9e-80	304.4
NCVOG0276-consensus	NODE_120_length_68925_cov_9.787808	58.14	344	93	51	59	351	17066	16040	4.8e-80	304.4
NCVOG0276-consensus	NODE_714_length_3420_cov_9.763087	45.34	311	125	45	63	343	1487	2351	2.1e-36	155.1
NCVOG4882-consensus	NODE_936_length_1808_cov_7.359330	32.13	221	146	4	704	922	221	870	2.1e-31	139.0
NCVOG4882-consensus	NODE_345_length_22665_cov_9.936382	33.86	127	80	4	743	868	11585	11217	1.1e-11	77.2
NCVOG2204-consensus	NODE_1_length_290300_cov_9.447142	39.73	219	108	24	239	437	224453	223814	2.5e-42	180.4
NCVOG2204-consensus	NODE_35_length_125171_cov_9.589149	31.30	230	143	15	218	434	25414	24734	1.7e-31	144.3
NCVOG2204-consensus	NODE_16_length_162408_cov_9.372326	30.67	163	103	10	287	440	156266	156748	1.6e-21	107.9
NCVOG1060-consensus	NODE_2_length_250877_cov_9.396778	32.26	217	125	22	134	334	1179	552	5.3e-20	106.3
NCVOG0030-consensus	NODE_58_length_104700_cov_9.680500	34.24	549	267	94	26	502	70455	68884	7.5e-47	195.8
NCVOG0030-consensus	NODE_44_length_121008_cov_9.395928	30.93	582	235	167	75	502	29632	27935	1.6e-18	101.9
NCVOG0030-consensus	NODE_211_length_41208_cov_9.561693	28.98	421	243	56	68	475	30697	31827	1.3e-15	90.7
NCVOG4494-consensus	NODE_23_length_150275_cov_9.421763	32.14	308	192	17	21	313	148124	147210	1.3e-21	111.9
NCVOG4494-consensus	NODE_107_length_73823_cov_19.186898	37.83	230	130	13	14	233	63520	64197	1.2e-20	107.8
NCVOG4494-consensus	NODE_124_length_68143_cov_9.275997	36.99	219	131	7	21	232	35537	34884	1.1e-17	97.8
NCVOG4494-consensus	NODE_56_length_106447_cov_9.716772	32.92	240	145	16	33	256	5874	6586	1.3e-17	98.2
NCVOG4494-consensus	NODE_422_length_16443_cov_9.053098	36.42	151	91	5	22	167	5299	4850	8.3e-17	92.8
NCVOG4494-consensus	NODE_62_length_102912_cov_9.410920	39.77	176	99	7	44	212	87105	87629	7.6e-15	89.0
NCVOG4494-consensus	NODE_278_length_30972_cov_10.606894	31.89	185	117	9	55	233	27137	27675	1.2e-14	86.6
NCVOG4494-consensus	NODE_205_length_42234_cov_9.921010	34.43	183	111	9	9	186	18197	18730	2.2e-14	86.1
NCVOG4494-consensus	NODE_308_length_27252_cov_9.756734	34.78	184	113	7	42	218	4051	3503	4.4e-14	84.5
NCVOG4494-consensus	NODE_88_length_85055_cov_9.422250	38.31	154	89	6	36	183	36274	35816	1.2e-12	81.3
NCVOG4494-consensus	NODE_43_length_121046_cov_9.729212	40.00	115	68	1	55	168	2140	1799	1.5e-12	81.6
NCVOG4494-consensus	NODE_503_length_10299_cov_9.063882	27.39	314	186	42	23	314	6550	5672	1.2e-11	75.0
NCVOG4494-consensus	NODE_41_length_122447_cov_10.220144	29.00	300	193	20	34	316	105617	106494	4.5e-11	76.7
NCVOG4494-consensus	NODE_17_length_161619_cov_9.489613	32.58	178	115	5	19	193	109095	108571	8.2e-11	76.1
NCVOG4477-consensus	NODE_112_length_71682_cov_8.875009	39.83	118	59	12	706	820	34474	34151	2.4e-12	82.1
NCVOG5057-consensus	NODE_253_length_34123_cov_9.412648	31.37	255	173	2	25	277	29298	30059	5e-24	117.0
NCVOG0267-consensus	NODE_173_length_49489_cov_9.468712	27.21	408	216	81	329	679	33854	35002	8e-22	112.2
NCVOG0267-consensus	NODE_4_length_222830_cov_9.407451	26.02	561	348	67	279	796	65748	64149	1.8e-17	99.4
NCVOG0267-consensus	NODE_67_length_98222_cov_9.584584	25.62	480	225	132	343	718	5384	6732	1.9e-15	92.1
NCVOG0267-consensus	NODE_164_length_51769_cov_11.729740	26.07	537	283	114	260	718	33468	34949	1.7e-14	88.0
NCVOG0517-consensus	NODE_246_length_35026_cov_14.527655	33.62	229	129	23	131	341	8029	8693	3.1e-13	81.4
NCVOG0046-consensus	NODE_35_length_125171_cov_9.589149	50.00	86	40	3	4	86	60864	61118	1.2e-15	91.1
NCVOG0046-consensus	NODE_14_length_172133_cov_9.605878	47.67	86	42	3	4	86	108825	108571	4.5e-14	86.2
NCVOG1337-consensus	NODE_245_length_35088_cov_10.647425	29.64	253	137	41	31	249	16887	17621	2.7e-19	101.2
NCVOG0037-consensus	NODE_133_length_63169_cov_9.717571	44.09	1150	426	217	89	1023	50853	54273	1.1e-56	228.3
NCVOG0017-consensus	NODE_73_length_94929_cov_9.233184	31.37	373	173	83	47	336	36644	35537	6e-13	81.9
NCVOG4159-consensus	NODE_531_length_9011_cov_8.305686	38.60	272	143	24	6	260	1030	1815	1.3e-32	143.4
NCVOG1115-consensus	NODE_89_length_83525_cov_9.551984	30.79	432	203	96	61	409	41372	42621	5.3e-29	135.4
NCVOG0015-consensus	NODE_23_length_150275_cov_9.421763	34.16	161	99	7	95	248	41866	42345	5.1e-19	103.3
NCVOG0015-consensus	NODE_23_length_150275_cov_9.421763	36.50	137	80	7	88	217	41261	41668	4.6e-15	90.1
NCVOG0486-consensus	NODE_21_length_155032_cov_9.382079	28.16	412	216	80	35	376	119743	118545	7.9e-14	85.7
NCVOG0744-consensus	NODE_42_length_122172_cov_9.783218	26.44	522	304	80	70	519	77552	76016	1.8e-24	121.2
NCVOG0897-consensus	NODE_412_length_17201_cov_9.144476	30.69	290	128	73	22	241	643	1500	6.4e-18	95.7
NCVOG0806-consensus	NODE_102_length_76862_cov_9.651056	46.29	404	166	51	85	447	72703	73877	7.3e-54	217.9
NCVOG0806-consensus	NODE_269_length_31986_cov_10.060014	36.51	304	142	51	192	447	13162	14053	2.9e-13	81.8
NCVOG4676-consensus	NODE_843_length_2308_cov_7.534290	31.14	228	143	14	68	288	1148	489	8.2e-14	79.3
NCVOG4676-consensus	NODE_913_length_1888_cov_12.273330	30.00	210	136	11	59	260	1031	1648	3.1e-12	73.8
NCVOG4676-consensus	NODE_630_length_4891_cov_9.918779	28.71	202	131	13	68	260	4028	4618	3.7e-12	74.9
NCVOG4676-consensus	NODE_784_length_2763_cov_8.967982	29.22	219	135	20	67	274	907	281	6e-11	70.1
NCVOG4676-consensus	NODE_901_length_1936_cov_9.185584	28.16	206	137	11	63	260	876	271	7.5e-11	69.2
NCVOG0329-consensus	NODE_2_length_250877_cov_9.396778	26.46	669	410	82	122	757	23107	24961	1.6e-14	89.8
NCVOG0329-consensus	NODE_39_length_123484_cov_9.257327	37.23	94	45	14	1159	1243	22498	22761	4.4e-14	88.0
NCVOG0329-consensus	NODE_74_length_94241_cov_9.631851	32.12	302	162	43	1067	1340	43398	44253	1.3e-12	82.8
NCVOG0029-consensus	NODE_22_length_154953_cov_9.477608	31.23	381	176	86	54	350	48341	49466	5.3e-24	120.0
NCVOG0029-consensus	NODE_219_length_39931_cov_9.086767	33.98	362	161	78	68	351	17363	16289	7.1e-11	74.5
NCVOG1066-consensus	NODE_2_length_250877_cov_9.396778	35.32	218	111	30	1	190	75044	75684	1.3e-13	84.7
NCVOG0242-consensus	NODE_51_length_111120_cov_9.940311	35.71	126	69	12	511	632	10056	9706	6.5e-18	99.7
NCVOG0242-consensus	NODE_63_length_101784_cov_9.732536	35.64	101	63	2	511	609	23295	22996	2.3e-17	97.7
NCVOG0242-consensus	NODE_172_length_49587_cov_10.435326	33.66	101	65	2	511	609	25084	25383	5.9e-13	82.0
NCVOG0242-consensus	NODE_11_length_176731_cov_9.602726	23.76	623	350	125	138	666	2146	3884	1e-11	79.5
NCVOG0036-consensus	NODE_231_length_38107_cov_9.112937	37.50	208	124	6	98	303	18420	19028	4.3e-29	134.2
NCVOG0036-consensus	NODE_399_length_18134_cov_8.554965	35.47	203	125	6	108	308	4313	4906	1.3e-26	124.9
NCVOG0314-consensus	NODE_203_length_42729_cov_9.138868	42.50	80	45	1	26	104	33757	33993	6.7e-14	82.2
NCVOG0222-consensus	NODE_121_length_68539_cov_9.444305	28.17	458	318	11	52	504	40483	41833	3.2e-29	136.1
NCVOG0222-consensus	NODE_121_length_68539_cov_9.444305	24.44	450	329	11	59	504	39137	40462	6.1e-23	115.2
NCVOG0222-consensus	NODE_250_length_34582_cov_10.000927	27.03	407	283	14	101	501	16568	15375	5e-17	94.6
NCVOG0222-consensus	NODE_87_length_85202_cov_9.570396	29.72	471	299	32	24	475	10178	8822	2.5e-15	90.3
NCVOG0222-consensus	NODE_415_length_17003_cov_10.510812	25.49	357	242	24	148	497	9499	10515	1.4e-13	82.1
NCVOG0222-consensus	NODE_106_length_74050_cov_9.624371	25.11	462	311	35	68	504	19059	20411	2.3e-12	80.3
NCVOG0014-consensus	NODE_23_length_150275_cov_9.421763	24.84	314	227	9	65	370	40784	41719	6e-18	99.9
NCVOG0014-consensus	NODE_23_length_150275_cov_9.421763	28.00	175	126	0	131	305	41791	42312	5.5e-16	93.4
NCVOG0014-consensus	NODE_117_length_69441_cov_9.531227	24.50	200	149	2	152	349	23850	24440	3.4e-13	83.0
NCVOG0002-consensus	NODE_11_length_176731_cov_9.602726	28.68	530	326	52	332	835	172815	174311	2e-51	209.2
NCVOG0002-consensus	NODE_79_length_91305_cov_9.788398	27.84	528	329	52	332	835	25116	23620	2.5e-50	207.4
NCVOG0002-consensus	NODE_131_length_63684_cov_9.536639	27.84	528	329	52	332	835	4868	3372	1.3e-48	201.2
NCVOG0002-consensus	NODE_80_length_91027_cov_11.135900	28.04	592	326	100	303	833	5928	4273	2.6e-27	130.9
NCVOG1194-consensus	NODE_16161_length_152_cov_4.840000	48.00	50	26	0	62	111	152	6	1.6e-14	78.0
NCVOG1194-consensus	NODE_17222_length_150_cov_8.739726	50.00	50	25	0	62	111	150	4	5.6e-14	76.1
NCVOG1194-consensus	NODE_4323_length_290_cov_5.103286	53.06	49	22	1	62	109	287	146	2.5e-12	71.6
NCVOG1194-consensus	NODE_2819_length_396_cov_5.009404	48.98	49	25	0	63	111	395	252	1.3e-11	69.6
NCVOG4845-consensus	NODE_250_length_34582_cov_10.000927	26.34	505	302	70	138	627	30857	32197	8.3e-15	87.6
NCVOG2775-consensus	NODE_901_length_1936_cov_9.185584	37.82	349	207	10	66	405	1154	118	2.5e-48	194.6
NCVOG2775-consensus	NODE_538_length_8729_cov_10.328056	38.25	332	200	5	72	402	3303	2323	3.2e-47	193.1
NCVOG2775-consensus	NODE_538_length_8729_cov_10.328056	34.15	407	259	9	93	496	2055	856	4.4e-46	189.4
NCVOG2775-consensus	NODE_538_length_8729_cov_10.328056	35.91	323	195	12	89	402	4259	3307	3.1e-39	166.6
NCVOG2775-consensus	NODE_784_length_2763_cov_8.967982	39.16	309	185	3	98	405	1276	359	1.5e-46	189.2
NCVOG2775-consensus	NODE_913_length_1888_cov_12.273330	34.69	392	235	21	15	405	392	1504	5.2e-46	186.9
NCVOG2775-consensus	NODE_843_length_2308_cov_7.534290	34.54	388	244	10	21	405	1253	114	1.2e-44	182.7
NCVOG2775-consensus	NODE_881_length_2035_cov_15.420838	40.67	268	157	2	116	382	1234	2031	6.9e-42	173.3
NCVOG2775-consensus	NODE_1382_length_888_cov_7.909988	40.07	292	168	7	93	379	14	880	6.8e-37	155.5
NCVOG2775-consensus	NODE_1837_length_586_cov_7.365422	45.03	191	105	0	199	389	9	578	2e-34	146.7
NCVOG2775-consensus	NODE_630_length_4891_cov_9.918779	33.49	424	261	21	29	438	3517	4762	3.2e-33	145.8
NCVOG2775-consensus	NODE_1199_length_1116_cov_10.394610	36.25	331	195	16	69	387	49	1024	1.9e-31	137.7
NCVOG2775-consensus	NODE_1896_length_565_cov_12.317623	40.64	187	111	0	200	386	563	6	2.9e-29	129.5
NCVOG2775-consensus	NODE_2142_length_498_cov_15.665083	40.85	164	97	0	220	383	496	8	3.6e-24	112.4
NCVOG2775-consensus	NODE_2382_length_452_cov_14.845333	43.62	149	84	0	213	361	2	445	3.4e-23	109.0
NCVOG2775-consensus	NODE_2441_length_443_cov_6.945355	41.43	140	82	0	219	358	7	423	3.7e-22	105.6
NCVOG2775-consensus	NODE_2709_length_407_cov_7.539394	42.75	131	75	0	240	370	393	4	7.2e-21	101.1
NCVOG2775-consensus	NODE_1094_length_1285_cov_11.755795	32.43	259	161	14	120	364	777	6	7.2e-21	102.8
NCVOG2775-consensus	NODE_1442_length_842_cov_10.084967	32.41	253	153	18	153	388	86	838	2.7e-20	100.3
NCVOG2775-consensus	NODE_2555_length_428_cov_5.319088	40.85	142	84	0	202	343	426	4	1.1e-19	97.3
NCVOG2775-consensus	NODE_1414_length_863_cov_13.572519	31.62	291	176	23	29	301	10	858	5.8e-17	89.3
NCVOG2775-consensus	NODE_3138_length_367_cov_6.324138	37.70	122	76	0	201	322	366	4	1.7e-16	86.5
NCVOG2775-consensus	NODE_122_length_68299_cov_10.887131	32.53	292	165	32	124	400	22575	23396	4.4e-16	92.7
NCVOG2775-consensus	NODE_3790_length_321_cov_9.704918	45.79	107	57	1	180	286	3	317	4.4e-16	84.9
NCVOG2775-consensus	NODE_3048_length_374_cov_10.962963	40.52	116	69	0	256	371	356	12	6.9e-16	84.5
NCVOG2775-consensus	NODE_243_length_35220_cov_9.619128	45.83	120	65	0	234	353	35218	34862	1.1e-15	90.4
NCVOG2775-consensus	NODE_310_length_27167_cov_10.858619	33.33	357	214	24	58	404	12478	11453	1.6e-15	89.5
NCVOG2775-consensus	NODE_2374_length_454_cov_6.453581	43.36	143	79	2	200	340	434	9	1.6e-15	83.5
NCVOG2775-consensus	NODE_3716_length_326_cov_7.016064	42.06	107	62	0	216	322	323	6	5.1e-15	81.4
NCVOG2775-consensus	NODE_994_length_1546_cov_7.557522	32.22	329	188	35	107	402	1543	572	5.3e-15	83.6
NCVOG2775-consensus	NODE_4724_length_271_cov_5.113402	45.56	90	49	0	280	369	271	5	2e-13	75.9
NCVOG2775-consensus	NODE_2471_length_438_cov_32.315789	47.50	80	42	0	209	288	7	243	3.9e-13	75.6
NCVOG2775-consensus	NODE_3031_length_376_cov_8.548495	45.45	88	48	0	289	376	112	372	4.8e-12	71.7
NCVOG2775-consensus	NODE_4784_length_268_cov_5.717277	43.18	88	50	0	301	388	266	6	7.4e-12	70.6
NCVOG2775-consensus	NODE_333_length_24122_cov_9.773591	26.39	288	196	16	134	405	876	16	1.2e-11	76.4
NCVOG0729-consensus	NODE_9_length_195692_cov_9.770600	37.68	552	237	107	2	462	20946	19354	1.4e-16	95.3
NCVOG5103-consensus	NODE_4323_length_290_cov_5.103286	46.58	73	36	3	436	505	290	79	1.3e-13	77.4
NCVOG4874-consensus	NODE_402_length_18040_cov_9.042977	38.06	381	161	75	5	314	9946	8825	3.5e-36	156.9
NCVOG4874-consensus	NODE_402_length_18040_cov_9.042977	36.92	428	180	90	13	366	8347	7127	1.1e-27	128.6
NCVOG4423-consensus	NODE_784_length_2763_cov_8.967982	37.82	156	83	14	83	225	772	311	2.2e-18	94.3
NCVOG4423-consensus	NODE_784_length_2763_cov_8.967982	31.80	217	127	21	26	225	1441	806	1.4e-16	88.3
NCVOG4423-consensus	NODE_1199_length_1116_cov_10.394610	40.40	151	78	12	83	221	566	1015	2.8e-18	92.6
NCVOG4423-consensus	NODE_538_length_8729_cov_10.328056	37.82	156	85	12	82	225	1839	1375	6.3e-17	91.1
NCVOG4423-consensus	NODE_538_length_8729_cov_10.328056	35.06	154	90	10	82	225	3417	2959	6.3e-17	91.1
NCVOG4423-consensus	NODE_538_length_8729_cov_10.328056	38.06	155	84	12	83	225	2925	2464	2.2e-14	82.7
NCVOG4423-consensus	NODE_1837_length_586_cov_7.365422	36.13	155	87	12	83	225	15	476	1.3e-16	86.2
NCVOG4423-consensus	NODE_2441_length_443_cov_6.945355	43.55	124	61	9	83	197	52	420	8.5e-15	79.7
NCVOG4423-consensus	NODE_913_length_1888_cov_12.273330	37.82	156	85	12	82	225	791	1255	5.2e-14	79.2
NCVOG4423-consensus	NODE_913_length_1888_cov_12.273330	38.41	151	81	12	83	221	1289	1738	3.6e-13	76.4
NCVOG4423-consensus	NODE_1896_length_565_cov_12.317623	39.74	151	79	12	83	221	560	111	6.6e-14	77.1
NCVOG4423-consensus	NODE_3048_length_374_cov_10.962963	44.09	93	46	6	113	199	323	48	1.9e-13	75.0
NCVOG4423-consensus	NODE_3716_length_326_cov_7.016064	43.40	106	51	9	98	194	323	9	2.4e-12	71.2
NCVOG4423-consensus	NODE_630_length_4891_cov_9.918779	41.03	156	78	14	83	225	4160	4621	2.8e-12	74.8
NCVOG4423-consensus	NODE_2555_length_428_cov_5.319088	40.58	138	70	12	88	213	414	4	5.3e-12	70.4
NCVOG4423-consensus	NODE_881_length_2035_cov_15.420838	35.10	151	86	12	83	221	1291	1740	5.8e-12	72.5
NCVOG4423-consensus	NODE_1094_length_1285_cov_11.755795	42.52	127	62	11	83	199	395	21	6.4e-12	71.7
NCVOG4423-consensus	NODE_2709_length_407_cov_7.539394	42.37	118	59	9	89	197	393	43	9.2e-12	69.5
NCVOG4001-consensus	NODE_881_length_2035_cov_15.420838	35.16	256	143	23	44	298	1309	2003	3.8e-17	91.1
NCVOG0605-consensus	NODE_1022_length_1453_cov_74.593023	30.92	207	124	19	285	491	1430	870	1.9e-22	108.0
NCVOG0605-consensus	NODE_298_length_28228_cov_9.399879	33.33	168	104	8	323	488	486	4	1.2e-16	93.0
NCVOG0605-consensus	NODE_14886_length_154_cov_5.493506	60.00	55	18	4	431	485	153	4	2.4e-14	77.8
NCVOG0605-consensus	NODE_1654_length_687_cov_8.381967	33.60	125	79	4	270	392	482	117	1.5e-13	77.3
NCVOG0605-consensus	NODE_4491_length_280_cov_20.556650	36.96	92	54	4	383	472	270	4	6.7e-11	67.2
NCVOG1136-consensus	NODE_61_length_103366_cov_9.614102	37.92	356	119	102	193	448	70577	71623	1.3e-19	104.7
NCVOG0710-consensus	NODE_901_length_1936_cov_9.185584	30.89	191	110	22	78	257	1011	475	7.9e-12	72.5
NCVOG0710-consensus	NODE_1382_length_888_cov_7.909988	31.55	168	103	12	110	265	17	517	8.9e-11	67.9
NCVOG4881-consensus	NODE_237_length_36341_cov_9.679655	24.57	464	303	47	4	455	9166	7887	8.4e-22	110.7
NCVOG1049-consensus	NODE_80_length_91027_cov_11.135900	36.29	259	117	48	51	264	9223	8461	2.6e-16	93.0
NCVOG1049-consensus	NODE_780_length_2778_cov_9.015938	29.74	195	108	29	7	184	1963	1422	1.2e-15	85.7
NCVOG0219-consensus	NODE_74_length_94241_cov_9.631851	30.04	273	160	31	476	731	43484	44253	1e-17	98.8
NCVOG1009-consensus	NODE_7_length_204152_cov_9.292103	34.08	267	147	29	114	373	48681	49410	3.7e-11	77.2
NCVOG0901-consensus	NODE_55_length_108847_cov_9.377512	44.50	218	80	41	1	179	58410	59052	1.6e-31	143.0
NCVOG2980-consensus	NODE_151_length_56388_cov_9.512227	35.76	509	269	58	20	474	35539	34032	1.1e-30	140.6
NCVOG2980-consensus	NODE_200_length_43738_cov_9.512610	23.88	356	232	39	132	466	39143	38139	6.1e-12	78.0
NCVOG2980-consensus	NODE_17_length_161619_cov_9.489613	25.34	513	330	53	3	473	97145	95653	1.7e-11	78.2
NCVOG5162-consensus	NODE_2350_length_458_cov_7.083990	54.44	90	38	3	2	90	130	386	9.5e-17	85.0
NCVOG4462-consensus	NODE_538_length_8729_cov_10.328056	33.18	214	131	12	53	265	3264	2659	3.5e-17	92.8
NCVOG4462-consensus	NODE_538_length_8729_cov_10.328056	30.19	212	138	10	60	270	2655	2050	4.7e-14	82.4
NCVOG4462-consensus	NODE_1837_length_586_cov_7.365422	29.89	184	123	6	83	265	45	578	1.3e-13	77.0
NCVOG4462-consensus	NODE_843_length_2308_cov_7.534290	28.97	252	166	13	53	302	965	248	1.5e-12	75.4
NCVOG4462-consensus	NODE_784_length_2763_cov_8.967982	30.22	182	121	6	83	263	742	215	2.7e-12	74.9
NCVOG4462-consensus	NODE_901_length_1936_cov_9.185584	28.23	209	140	10	58	265	762	166	8.8e-12	72.6
NCVOG4462-consensus	NODE_1896_length_565_cov_12.317623	27.07	181	126	6	83	262	530	6	5.3e-11	68.3
NCVOG0450-consensus	NODE_118_length_69360_cov_9.469365	37.13	237	120	29	175	404	63819	63188	2.5e-14	86.4
NCVOG0450-consensus	NODE_881_length_2035_cov_15.420838	28.88	187	113	20	119	285	1390	1941	8.8e-11	69.6
NCVOG0652-consensus	NODE_947_length_1718_cov_20.945765	31.14	395	222	50	69	421	1450	293	7.8e-30	132.5
NCVOG0652-consensus	NODE_699_length_3761_cov_21.861835	28.67	457	268	58	3	419	944	2249	5.1e-29	131.0
NCVOG0652-consensus	NODE_506_length_10208_cov_9.933690	27.37	391	214	70	87	414	1507	361	2e-16	90.6
NCVOG0652-consensus	NODE_527_length_9227_cov_9.413443	27.59	406	218	76	87	423	7586	8775	3.6e-16	89.6
NCVOG0350-consensus	NODE_313_length_26776_cov_21.341174	33.09	275	170	14	14	280	11766	12565	1.6e-29	134.9
NCVOG0835-consensus	NODE_129_length_64835_cov_9.326225	36.49	148	67	27	23	143	12273	12709	1.9e-12	79.4
NCVOG1062-consensus	NODE_794_length_2687_cov_8.344061	28.71	202	137	7	157	354	2546	1959	2.7e-14	81.8
NCVOG1062-consensus	NODE_2455_length_441_cov_9.291209	34.55	110	67	5	206	311	78	401	2e-13	76.3
NCVOG1062-consensus	NODE_2764_length_401_cov_20.663580	30.17	116	78	3	163	277	369	31	3.9e-12	71.9
NCVOG4522-consensus	NODE_22_length_154953_cov_9.477608	46.27	201	89	19	262	443	56290	56885	1.7e-23	118.0
NCVOG4522-consensus	NODE_165_length_51626_cov_10.083063	36.65	161	88	14	44	199	1804	2256	5.8e-15	88.1
NCVOG4422-consensus	NODE_1382_length_888_cov_7.909988	28.77	285	164	39	73	318	38	883	5.9e-11	68.7
NCVOG4122-consensus	NODE_1896_length_565_cov_12.317623	47.85	186	81	16	266	435	560	6	5.7e-26	118.3
NCVOG4122-consensus	NODE_881_length_2035_cov_15.420838	32.36	411	214	64	111	461	715	1932	6.7e-23	109.9
NCVOG4122-consensus	NODE_913_length_1888_cov_12.273330	36.79	405	203	53	86	437	145	1354	1.2e-19	99.0
NCVOG4122-consensus	NODE_526_length_9257_cov_8.739447	24.33	374	265	18	77	433	2431	3546	1.3e-16	91.2
NCVOG4122-consensus	NODE_2441_length_443_cov_6.945355	43.20	125	62	9	89	204	52	423	2.6e-16	85.8
NCVOG4122-consensus	NODE_901_length_1936_cov_9.185584	37.74	310	173	20	145	437	1381	466	1.5e-15	85.5
NCVOG4122-consensus	NODE_538_length_8729_cov_10.328056	39.45	365	189	32	113	445	2151	1060	4.4e-15	86.0
NCVOG4122-consensus	NODE_538_length_8729_cov_10.328056	37.91	335	176	32	108	410	3159	2158	9.1e-23	111.6
NCVOG4122-consensus	NODE_1199_length_1116_cov_10.394610	33.63	339	198	27	118	436	40	1024	5.6e-15	82.7
NCVOG4122-consensus	NODE_2709_length_407_cov_7.539394	49.59	121	52	9	332	443	390	31	1.7e-14	79.7
NCVOG4122-consensus	NODE_630_length_4891_cov_9.918779	36.11	396	220	33	88	460	3547	4699	8.9e-14	80.9
NCVOG4122-consensus	NODE_3048_length_374_cov_10.962963	46.53	101	46	8	121	215	317	24	9.6e-14	77.1
NCVOG4122-consensus	NODE_1382_length_888_cov_7.909988	42.50	160	79	13	109	255	8	484	3.2e-13	76.6
NCVOG4122-consensus	NODE_1382_length_888_cov_7.909988	42.42	132	61	15	137	253	491	883	4.7e-14	79.3
NCVOG4122-consensus	NODE_3790_length_321_cov_9.704918	49.06	106	45	9	338	434	3	317	8e-13	73.8
NCVOG4122-consensus	NODE_1094_length_1285_cov_11.755795	31.71	328	184	40	111	411	960	21	1.9e-12	74.5
NCVOG4122-consensus	NODE_108_length_73233_cov_9.906679	28.86	350	234	15	99	434	60570	61613	3e-12	79.7
NCVOG4122-consensus	NODE_784_length_2763_cov_8.967982	38.91	239	121	25	228	441	913	200	4.4e-12	74.4
NCVOG4122-consensus	NODE_1414_length_863_cov_13.572519	30.04	243	157	13	177	410	118	831	8.2e-12	71.8
NCVOG4122-consensus	NODE_2555_length_428_cov_5.319088	43.26	141	68	12	121	249	423	4	2.3e-11	69.4
NCVOG4122-consensus	NODE_165_length_51626_cov_10.083063	32.33	232	143	14	152	370	8482	7793	2.4e-11	76.2
NCVOG4122-consensus	NODE_843_length_2308_cov_7.534290	33.50	409	237	35	53	437	1646	462	4.1e-11	70.9
NCVOG4122-consensus	NODE_843_length_2308_cov_7.534290	41.89	148	73	13	113	247	446	6	1.2e-15	86.0
NCVOG1200-consensus	NODE_1022_length_1453_cov_74.593023	23.08	182	134	6	110	290	1421	894	2.1e-12	75.3
NCVOG0312-consensus	NODE_155_length_55050_cov_9.813599	23.29	730	471	89	136	818	25406	23346	3e-14	87.0
NCVOG0032-consensus	NODE_379_length_20368_cov_10.619339	25.17	874	500	154	66	820	12206	9709	1.3e-27	129.8
NCVOG0032-consensus	NODE_24_length_148603_cov_10.757120	26.69	708	359	160	312	871	133361	131281	1.7e-22	115.7
NCVOG0032-consensus	NODE_4_length_222830_cov_9.407451	26.58	568	316	101	285	814	128494	126991	2.5e-16	95.2
NCVOG0032-consensus	NODE_266_length_32204_cov_9.260560	24.23	809	533	80	64	839	25679	27955	3e-14	86.1
NCVOG0302-consensus	NODE_11_length_176731_cov_9.602726	31.33	166	112	2	3	168	68952	69440	2.1e-19	104.7
NCVOG0302-consensus	NODE_322_length_25317_cov_9.859984	32.08	240	136	27	296	509	12849	13562	1.8e-18	99.1
NCVOG0302-consensus	NODE_511_length_10060_cov_10.219251	21.52	237	175	11	251	479	2555	1857	1.2e-13	81.7
NCVOG0302-consensus	NODE_242_length_35295_cov_9.301408	27.19	228	148	18	262	480	24344	24997	1.3e-13	83.4
NCVOG0302-consensus	NODE_266_length_32204_cov_9.260560	32.43	185	104	21	313	477	19050	19598	1.6e-12	79.6
NCVOG0302-consensus	NODE_78_length_93389_cov_9.363544	26.43	227	151	16	262	480	83833	84486	1.9e-12	80.9
NCVOG0302-consensus	NODE_124_length_68143_cov_9.275997	32.77	177	89	30	333	479	52348	52871	7e-11	75.3
NCVOG0302-consensus	NODE_15_length_167202_cov_9.518648	25.00	184	135	3	3	184	142147	142692	7.3e-11	76.3
NCVOG0012-consensus	NODE_14265_length_155_cov_4.012821	72.00	50	14	0	326	375	150	4	1.1e-11	69.0
NCVOG0012-consensus	NODE_5619_length_239_cov_0.870370	63.64	66	20	4	311	375	185	4	3.1e-11	68.2
NCVOG0985-consensus	NODE_340_length_22870_cov_8.669153	29.43	316	173	50	64	337	3366	2452	3.5e-34	151.0
NCVOG2900-consensus	NODE_913_length_1888_cov_12.273330	31.75	189	114	15	7	180	893	1456	1.3e-15	84.5
NCVOG2900-consensus	NODE_901_length_1936_cov_9.185584	28.70	223	139	20	9	214	1020	364	6e-14	79.0
NCVOG2900-consensus	NODE_881_length_2035_cov_15.420838	30.23	215	134	16	7	206	1390	2028	1.6e-11	71.0
NCVOG2900-consensus	NODE_2555_length_428_cov_5.319088	31.91	141	84	12	39	167	423	4	2.2e-11	68.3
NCVOG2977-consensus	NODE_112_length_71682_cov_8.875009	38.24	68	42	0	116	183	34477	34277	3.5e-12	78.3
NCVOG2977-consensus	NODE_570_length_7434_cov_8.726247	26.39	144	98	8	48	184	5976	6401	2.3e-11	72.4
NCVOG2977-consensus	NODE_2_length_250877_cov_9.396778	33.88	121	67	13	70	185	166452	166117	7.8e-11	74.3
NCVOG0025-consensus	NODE_129_length_64835_cov_9.326225	27.65	434	236	78	113	522	2645	3781	4.6e-26	125.6
NCVOG0025-consensus	NODE_230_length_38168_cov_9.815521	25.44	511	301	80	51	522	19883	18481	1.2e-25	123.4
NCVOG0025-consensus	NODE_148_length_57695_cov_9.234996	28.68	408	228	63	138	522	8691	7597	7.5e-24	118.0
NCVOG0025-consensus	NODE_410_length_17384_cov_10.031842	24.55	501	331	47	47	521	14937	16373	4e-20	103.9
NCVOG0025-consensus	NODE_15_length_167202_cov_9.518648	25.61	371	232	44	142	486	77515	76464	2.5e-18	101.1
NCVOG0025-consensus	NODE_106_length_74050_cov_9.624371	25.10	514	292	93	46	501	31194	32621	4.7e-17	95.8
NCVOG0025-consensus	NODE_108_length_73233_cov_9.906679	25.60	418	285	26	110	505	61921	63157	2.3e-14	86.9
NCVOG0025-consensus	NODE_376_length_20607_cov_9.704968	26.36	478	262	90	104	502	16217	14834	2e-13	81.9
NCVOG0025-consensus	NODE_270_length_31972_cov_9.411776	25.45	444	287	44	105	521	6101	4834	2.3e-13	82.3
NCVOG0025-consensus	NODE_139_length_60385_cov_9.225227	24.28	449	286	54	97	493	9437	10762	2.4e-12	79.9
NCVOG0271-consensus	NODE_242_length_35295_cov_9.301408	40.13	1216	576	152	95	1161	31936	28317	1.1e-94	353.8
NCVOG0271-consensus	NODE_1_length_290300_cov_9.447142	34.42	1226	621	183	81	1157	128355	124795	4e-49	204.5
NCVOG0271-consensus	NODE_33_length_126881_cov_9.517752	27.14	1249	726	184	83	1159	82187	85876	2.3e-40	175.2
NCVOG0271-consensus	NODE_12_length_176376_cov_9.704167	28.46	1279	693	222	86	1167	57491	53775	5.2e-40	174.3
NCVOG0078-consensus	NODE_456_length_13830_cov_11.437764	52.68	112	51	2	87	196	6053	6385	1.2e-14	84.4
NCVOG4568-consensus	NODE_87_length_85202_cov_9.570396	34.17	319	198	12	179	485	10087	9142	4.8e-19	102.6
NCVOG4568-consensus	NODE_361_length_21403_cov_8.651224	36.21	174	111	0	309	482	15788	16306	2.6e-12	78.2
NCVOG4568-consensus	NODE_864_length_2134_cov_8.973262	45.26	190	89	15	306	485	953	1504	4.5e-11	70.8
NCVOG0451-consensus	NODE_881_length_2035_cov_15.420838	40.43	188	97	15	174	346	1291	1851	1.2e-21	105.6
NCVOG0451-consensus	NODE_901_length_1936_cov_9.185584	43.38	219	106	18	147	347	1017	364	3.9e-18	93.8
NCVOG0451-consensus	NODE_843_length_2308_cov_7.534290	41.63	257	132	18	144	382	824	57	8.2e-18	93.0
NCVOG0451-consensus	NODE_913_length_1888_cov_12.273330	38.65	251	136	18	147	379	506	1255	3.5e-17	90.6
NCVOG0451-consensus	NODE_165_length_51626_cov_10.083063	32.42	219	141	7	98	309	8446	7793	3.3e-16	92.2
NCVOG0451-consensus	NODE_1382_length_888_cov_7.909988	43.68	190	90	17	174	346	38	604	4.1e-16	86.0
NCVOG0451-consensus	NODE_784_length_2763_cov_8.967982	37.42	310	173	21	119	407	1153	227	1.3e-15	86.0
NCVOG0451-consensus	NODE_630_length_4891_cov_9.918779	45.39	152	71	12	147	286	4070	4522	1.7e-15	86.4
NCVOG0451-consensus	NODE_2471_length_438_cov_32.315789	44.86	107	49	10	180	276	1	318	1.9e-15	82.8
NCVOG0451-consensus	NODE_1837_length_586_cov_7.365422	43.92	189	91	15	174	347	15	578	2.2e-15	83.0
NCVOG0451-consensus	NODE_1199_length_1116_cov_10.394610	31.39	309	177	35	104	377	100	1021	3.3e-15	83.3
NCVOG0451-consensus	NODE_29_length_131418_cov_9.531456	28.36	342	209	36	87	397	6694	7701	1e-14	88.6
NCVOG0451-consensus	NODE_2555_length_428_cov_5.319088	41.13	141	74	9	236	367	423	4	1.1e-14	80.1
NCVOG0451-consensus	NODE_2441_length_443_cov_6.945355	45.45	121	57	9	147	258	61	420	1.5e-14	79.8
NCVOG0451-consensus	NODE_108_length_73233_cov_9.906679	30.28	284	186	12	99	375	60492	61325	2.1e-14	86.7
NCVOG0451-consensus	NODE_1442_length_842_cov_10.084967	44.54	119	57	9	147	256	485	838	2.8e-14	79.8
NCVOG0451-consensus	NODE_3716_length_326_cov_7.016064	44.44	108	51	9	158	256	326	6	2.9e-14	78.4
NCVOG0451-consensus	NODE_2374_length_454_cov_6.453581	44.53	128	61	10	144	261	431	51	1.9e-13	76.2
NCVOG0451-consensus	NODE_1414_length_863_cov_13.572519	38.21	123	69	7	143	258	463	828	3.4e-13	76.2
NCVOG0451-consensus	NODE_4784_length_268_cov_5.717277	47.13	87	40	6	176	256	263	6	4.3e-13	74.2
NCVOG0451-consensus	NODE_3048_length_374_cov_10.962963	45.16	93	45	6	174	260	323	48	4.4e-13	74.7
NCVOG0451-consensus	NODE_15_length_167202_cov_9.518648	33.33	207	131	7	173	374	115484	116095	1.2e-12	81.9
NCVOG0451-consensus	NODE_526_length_9257_cov_8.739447	28.16	277	187	12	133	402	2530	3342	1.2e-12	77.8
NCVOG0451-consensus	NODE_227_length_38587_cov_9.715061	29.21	291	193	13	113	395	19355	20201	1.6e-12	79.5
NCVOG0451-consensus	NODE_2709_length_407_cov_7.539394	42.06	126	64	9	177	293	402	28	2.2e-12	72.5
NCVOG0451-consensus	NODE_433_length_15590_cov_10.343196	43.48	115	55	10	177	281	15589	15248	2.2e-12	77.7
NCVOG0451-consensus	NODE_538_length_8729_cov_10.328056	37.55	277	152	21	124	379	3879	3052	2.5e-12	76.7
NCVOG0451-consensus	NODE_538_length_8729_cov_10.328056	38.49	278	150	21	124	380	2301	1471	2.5e-27	126.5
NCVOG0451-consensus	NODE_538_length_8729_cov_10.328056	45.90	183	84	15	180	347	3006	2461	8.2e-16	88.3
NCVOG0451-consensus	NODE_293_length_28746_cov_9.991663	29.57	186	120	11	163	340	22472	21927	1.6e-11	75.7
NCVOG0451-consensus	NODE_243_length_35220_cov_9.619128	46.15	117	54	9	147	254	35209	34862	1.9e-11	75.8
NCVOG0451-consensus	NODE_384_length_19406_cov_9.814476	29.09	220	138	18	147	348	13958	14614	2.1e-11	74.8
NCVOG0451-consensus	NODE_1896_length_565_cov_12.317623	43.87	155	75	12	144	286	560	99	2.1e-11	69.7
NCVOG0451-consensus	NODE_1094_length_1285_cov_11.755795	44.72	123	59	9	147	260	386	21	6.8e-11	69.2
NCVOG0451-consensus	NODE_2382_length_452_cov_14.845333	41.55	142	71	12	127	256	5	427	8.7e-11	67.3
NCVOG0541-consensus	NODE_316_length_25925_cov_9.809656	32.99	197	105	27	13	187	17622	17050	6.5e-11	73.1
NCVOG0967-consensus	NODE_121_length_68539_cov_9.444305	16.59	862	695	24	121	978	39698	42220	1.8e-18	101.3
NCVOG4421-consensus	NODE_3048_length_374_cov_10.962963	49.43	87	38	6	86	166	323	66	1.1e-13	75.4
NCVOG4421-consensus	NODE_901_length_1936_cov_9.185584	50.57	87	37	6	86	166	927	670	2.4e-12	73.3
NCVOG4421-consensus	NODE_2441_length_443_cov_6.945355	46.43	84	39	6	89	166	160	408	5.2e-12	70.1
NCVOG4421-consensus	NODE_4784_length_268_cov_5.717277	45.24	84	40	6	89	166	260	12	1.1e-11	68.3
NCVOG4421-consensus	NODE_630_length_4891_cov_9.918779	47.73	88	40	6	85	166	4058	4318	1.7e-11	71.8
NCVOG4421-consensus	NODE_2374_length_454_cov_6.453581	47.62	84	38	6	89	166	422	174	2.4e-11	67.9
NCVOG4421-consensus	NODE_913_length_1888_cov_12.273330	33.10	142	87	8	31	166	338	754	4.6e-11	69.0
NCVOG1351-consensus	NODE_257_length_33713_cov_10.012338	32.20	264	114	65	142	341	21120	21895	6.1e-12	77.8
NCVOG0531-consensus	NODE_577_length_7200_cov_9.237821	35.53	152	85	13	44	182	3172	2720	7.2e-13	78.3
NCVOG0301-consensus	NODE_322_length_25317_cov_9.859984	33.19	235	126	31	296	500	12840	13538	1.7e-23	115.8
NCVOG0301-consensus	NODE_55_length_108847_cov_9.377512	27.78	342	177	70	223	510	47317	46353	3e-14	87.2
NCVOG0301-consensus	NODE_242_length_35295_cov_9.301408	28.86	201	126	17	264	455	24350	24925	1e-13	83.7
NCVOG0301-consensus	NODE_78_length_93389_cov_9.363544	26.13	199	134	13	264	455	83839	84414	2e-12	80.9
NCVOG0301-consensus	NODE_20_length_156004_cov_9.356859	24.81	262	146	51	255	477	126462	125720	4.2e-12	80.5
NCVOG0301-consensus	NODE_528_length_9211_cov_9.814977	31.79	151	81	22	361	491	4763	4320	1.6e-11	74.5
NCVOG0301-consensus	NODE_266_length_32204_cov_9.260560	31.28	195	114	20	309	483	19035	19616	4.4e-11	74.9
NCVOG2860-consensus	NODE_526_length_9257_cov_8.739447	29.46	224	147	11	90	305	2686	3345	3.6e-12	76.1
NCVOG0001-consensus	NODE_341_length_22866_cov_9.325859	45.66	265	123	21	344	603	17081	16338	3.5e-63	247.6
NCVOG0001-consensus	NODE_184_length_47341_cov_9.817218	40.49	326	168	26	283	603	26010	25099	1.9e-62	246.2
NCVOG0001-consensus	NODE_66_length_99697_cov_9.427013	43.81	210	93	25	369	555	51171	51787	3.4e-45	190.0
NCVOG0001-consensus	NODE_62_length_102912_cov_9.410920	36.92	260	126	38	351	591	33753	34470	5.2e-35	156.2
NCVOG0001-consensus	NODE_444_length_14870_cov_10.365443	38.37	258	115	44	330	555	4414	3680	5.2e-33	146.8
NCVOG0001-consensus	NODE_123_length_68185_cov_9.305206	35.54	287	134	51	318	565	60355	61172	4.5e-32	145.9
NCVOG0001-consensus	NODE_123_length_68185_cov_9.305206	35.91	259	132	34	331	566	61350	62088	1.9e-37	163.7
NCVOG0001-consensus	NODE_102_length_76862_cov_9.651056	33.47	248	131	34	395	625	50325	49644	3.1e-24	120.0
NCVOG0001-consensus	NODE_202_length_43102_cov_9.956653	38.39	224	110	28	355	555	26647	25994	1.5e-23	116.9
NCVOG0001-consensus	NODE_265_length_32420_cov_9.764926	37.63	388	175	67	256	603	15629	14552	2.1e-23	116.0
NCVOG0001-consensus	NODE_17_length_161619_cov_9.489613	33.72	258	151	20	357	600	60658	59910	1.8e-22	115.1
NCVOG0001-consensus	NODE_15_length_167202_cov_9.518648	34.23	444	222	70	203	603	34555	35796	7.1e-21	109.8
NCVOG0001-consensus	NODE_172_length_49587_cov_10.435326	38.95	190	80	36	358	522	37694	38223	2.2e-18	99.9
NCVOG0001-consensus	NODE_127_length_66722_cov_9.698027	33.64	324	173	42	328	620	8417	9346	1.4e-16	94.3
NCVOG0001-consensus	NODE_211_length_41208_cov_9.561693	36.72	256	131	31	328	555	27767	28522	1.6e-16	93.5
NCVOG0001-consensus	NODE_380_length_20369_cov_8.649598	30.95	210	131	14	317	517	3069	3672	3.4e-13	81.4
NCVOG0001-consensus	NODE_106_length_74050_cov_9.624371	29.76	373	201	61	301	628	5892	4831	2.7e-12	80.3
NCVOG0001-consensus	NODE_423_length_16401_cov_10.271719	30.61	330	165	64	346	624	11271	12208	3.1e-12	77.9
NCVOG1197-consensus	NODE_445_length_14733_cov_9.447530	26.82	261	188	3	116	374	12156	11384	8.2e-12	76.1
NCVOG4518-consensus	NODE_8_length_196042_cov_9.730579	30.44	542	279	98	27	554	25982	27346	1.3e-24	122.1
NCVOG2058-consensus	NODE_1896_length_565_cov_12.317623	51.08	186	76	15	142	312	560	6	5.8e-29	128.0
NCVOG2058-consensus	NODE_901_length_1936_cov_9.185584	43.83	324	151	31	71	364	1065	100	6.1e-27	123.0
NCVOG2058-consensus	NODE_913_length_1888_cov_12.273330	45.35	258	116	25	112	346	497	1261	8.1e-27	122.6
NCVOG2058-consensus	NODE_913_length_1888_cov_12.273330	46.91	162	74	12	137	286	1274	1756	3.3e-23	110.6
NCVOG2058-consensus	NODE_843_length_2308_cov_7.534290	40.22	358	180	34	51	380	1100	48	6.1e-23	110.0
NCVOG2058-consensus	NODE_881_length_2035_cov_15.420838	45.16	248	115	21	112	338	1291	2031	1.7e-20	101.7
NCVOG2058-consensus	NODE_1442_length_842_cov_10.084967	34.92	252	140	24	108	344	119	838	6.9e-20	98.4
NCVOG2058-consensus	NODE_538_length_8729_cov_10.328056	38.44	372	199	30	34	378	2466	1363	8.5e-20	101.5
NCVOG2058-consensus	NODE_538_length_8729_cov_10.328056	37.33	375	201	34	34	380	3945	2842	1.2e-39	167.5
NCVOG2058-consensus	NODE_538_length_8729_cov_10.328056	45.83	120	56	9	172	282	2826	2470	9.2e-14	81.4
NCVOG2058-consensus	NODE_2374_length_454_cov_6.453581	44.06	143	66	14	112	240	431	6	4.3e-19	94.9
NCVOG2058-consensus	NODE_1199_length_1116_cov_10.394610	48.13	187	82	15	112	283	467	1024	1.2e-18	94.7
NCVOG2058-consensus	NODE_1837_length_586_cov_7.365422	47.34	188	84	15	142	314	15	575	4.1e-18	92.0
NCVOG2058-consensus	NODE_2441_length_443_cov_6.945355	48.39	124	55	9	142	256	52	420	7.2e-18	90.8
NCVOG2058-consensus	NODE_1382_length_888_cov_7.909988	45.00	260	118	25	112	346	38	814	2.1e-17	90.2
NCVOG2058-consensus	NODE_165_length_51626_cov_10.083063	33.59	262	164	10	107	358	8506	7724	7.7e-16	90.9
NCVOG2058-consensus	NODE_2382_length_452_cov_14.845333	48.32	149	65	12	124	260	2	445	1.4e-15	83.2
NCVOG2058-consensus	NODE_784_length_2763_cov_8.967982	39.18	319	167	27	91	382	1141	188	3.1e-14	81.3
NCVOG2058-consensus	NODE_3790_length_321_cov_9.704918	50.00	106	44	9	185	281	3	317	4.6e-14	77.7
NCVOG2058-consensus	NODE_3716_length_326_cov_7.016064	50.93	108	44	9	186	284	326	6	5.6e-14	77.4
NCVOG2058-consensus	NODE_630_length_4891_cov_9.918779	48.88	223	94	20	105	307	4034	4699	5.8e-14	81.2
NCVOG2058-consensus	NODE_243_length_35220_cov_9.619128	50.00	120	51	9	142	252	35218	34862	6.2e-14	84.0
NCVOG2058-consensus	NODE_4784_length_268_cov_5.717277	52.87	87	35	6	204	284	263	6	1.4e-13	75.8
NCVOG2058-consensus	NODE_227_length_38587_cov_9.715061	36.84	209	124	8	136	337	19415	20035	1.8e-13	82.6
NCVOG2058-consensus	NODE_2471_length_438_cov_32.315789	45.87	109	49	10	208	306	1	324	7e-13	74.2
NCVOG2058-consensus	NODE_3048_length_374_cov_10.962963	43.93	107	51	9	142	239	323	6	1.1e-12	73.2
NCVOG2058-consensus	NODE_15_length_167202_cov_9.518648	33.33	240	147	13	111	337	115484	116200	6.4e-12	79.4
NCVOG2058-consensus	NODE_526_length_9257_cov_8.739447	29.82	285	187	13	101	376	2530	3369	1.4e-11	74.2
NCVOG2058-consensus	NODE_2555_length_428_cov_5.319088	47.52	141	62	12	114	242	423	4	2.3e-11	69.1
NCVOG2058-consensus	NODE_2709_length_407_cov_7.539394	45.53	123	58	9	115	228	402	37	4.9e-11	67.9
NCVOG0038-consensus	NODE_91_length_82804_cov_9.342041	27.91	817	415	174	278	963	36689	34393	2.8e-26	127.7
NCVOG0038-consensus	NODE_368_length_20926_cov_9.922158	31.55	1084	491	251	120	970	10975	14133	3.3e-12	79.0
NCVOG0228-consensus	NODE_524_length_9267_cov_10.119478	33.98	256	154	15	452	694	3710	4468	5.9e-43	179.7
NCVOG0228-consensus	NODE_177_length_48541_cov_9.880736	30.34	379	231	33	358	708	29204	28090	1.6e-38	167.4
NCVOG0228-consensus	NODE_77_length_93460_cov_9.424285	28.59	654	370	97	324	893	51006	52925	4e-27	130.4
NCVOG0228-consensus	NODE_324_length_25141_cov_9.854492	28.94	667	374	100	337	926	5197	7117	7.9e-24	117.6
NCVOG0280-consensus	NODE_146_length_58462_cov_9.951546	20.49	1679	1152	183	87	1656	55794	51003	7.3e-13	83.3
NCVOG0280-consensus	NODE_162_length_52958_cov_11.533178	20.06	1386	965	143	363	1674	41441	45372	6.3e-12	80.1
NCVOG0218-consensus	NODE_85_length_86171_cov_10.232827	34.39	410	227	42	482	859	63026	61846	2e-19	105.0
NCVOG0218-consensus	NODE_665_length_4278_cov_9.838372	31.79	519	305	49	456	939	2027	3506	1.9e-18	97.5
NCVOG0218-consensus	NODE_191_length_46145_cov_9.876856	39.66	295	131	47	607	854	36133	37006	8.2e-16	92.1
NCVOG0218-consensus	NODE_268_length_32077_cov_9.013938	31.66	477	277	49	361	813	18869	20197	3.5e-15	89.5
NCVOG0218-consensus	NODE_13_length_172928_cov_9.476743	43.27	245	113	26	648	875	117537	118217	4.1e-15	91.5
NCVOG0218-consensus	NODE_13_length_172928_cov_9.476743	37.69	329	162	43	601	889	60823	61761	1.1e-13	86.8
NCVOG0218-consensus	NODE_285_length_29554_cov_9.529430	40.07	302	159	22	592	875	2326	1456	9.2e-15	88.0
NCVOG0218-consensus	NODE_77_length_93460_cov_9.424285	38.43	268	136	29	630	870	7786	7004	1.1e-14	89.4
NCVOG0218-consensus	NODE_214_length_40878_cov_9.441754	35.23	440	245	40	501	909	39603	40872	1.4e-14	87.8
NCVOG0218-consensus	NODE_121_length_68539_cov_9.444305	30.88	625	370	62	340	926	20830	19081	1.7e-13	85.0
NCVOG0218-consensus	NODE_25_length_148347_cov_9.547225	29.70	532	280	94	602	1049	43707	42155	6.4e-13	84.2
NCVOG0218-consensus	NODE_16_length_162408_cov_9.372326	38.52	244	133	17	659	890	92675	93378	1.1e-12	83.4
NCVOG0218-consensus	NODE_12_length_176376_cov_9.704167	32.19	320	204	13	569	882	161646	160715	1.4e-12	80.6
NCVOG0218-consensus	NODE_25_length_148347_cov_9.547225	28.09	655	362	109	273	849	13272	15122	1.4e-12	83.0
NCVOG0218-consensus	NODE_989_length_1557_cov_12.787162	36.11	288	163	21	644	922	1296	500	1.8e-12	76.1
NCVOG0218-consensus	NODE_49_length_113254_cov_9.441344	41.59	226	104	28	608	810	92369	91720	2.3e-12	81.9
NCVOG0218-consensus	NODE_387_length_19176_cov_8.962459	31.94	310	201	10	581	882	14140	15056	5e-12	78.3
NCVOG0218-consensus	NODE_348_length_22450_cov_10.526081	43.78	185	94	10	672	849	13021	12491	7.9e-12	77.8
NCVOG0218-consensus	NODE_14265_length_155_cov_4.012821	80.77	52	8	2	779	830	155	9	1.2e-11	70.0
NCVOG0218-consensus	NODE_61_length_103366_cov_9.614102	42.23	206	109	10	610	806	1545	946	1.9e-11	78.8
NCVOG0218-consensus	NODE_137_length_61689_cov_39.535197	29.57	575	313	92	416	911	32433	34069	2.5e-11	77.7
NCVOG0218-consensus	NODE_5619_length_239_cov_0.870370	69.84	63	18	1	768	829	185	4	3.4e-11	69.2
NCVOG0218-consensus	NODE_296_length_28279_cov_9.754999	37.04	270	156	14	618	875	3875	4669	6.5e-11	75.1
NCVOG0218-consensus	NODE_69_length_96345_cov_10.889641	35.98	403	212	46	548	917	40225	41335	7.6e-11	76.7
NCVOG0218-consensus	NODE_121_length_68539_cov_9.444305	24.81	790	460	134	353	1013	39918	42265	8.1e-11	76.1
NCVOG0018-consensus	NODE_121_length_68539_cov_9.444305	20.92	1047	775	53	113	1138	39194	42233	1e-33	152.3
NCVOG0018-consensus	NODE_2_length_250877_cov_9.396778	23.11	1177	819	86	20	1144	27554	24141	9.1e-27	130.3
NCVOG0018-consensus	NODE_193_length_45581_cov_9.916007	21.54	845	603	60	369	1191	24639	27056	1.8e-14	87.7
NCVOG4344-consensus	NODE_630_length_4891_cov_9.918779	28.87	336	221	18	2	327	3691	4663	6.5e-18	94.7
NCVOG4344-consensus	NODE_843_length_2308_cov_7.534290	35.29	323	193	16	14	336	1112	195	3.1e-16	88.0
NCVOG4344-consensus	NODE_1382_length_888_cov_7.909988	34.58	295	175	18	14	304	41	880	3.4e-15	83.2
NCVOG4344-consensus	NODE_913_length_1888_cov_12.273330	33.75	323	200	14	14	336	797	1720	3.9e-15	84.1
NCVOG4344-consensus	NODE_784_length_2763_cov_8.967982	31.35	386	242	23	14	392	1165	59	5.5e-15	84.1
NCVOG4344-consensus	NODE_901_length_1936_cov_9.185584	33.44	323	201	14	14	336	1023	100	8e-13	76.5
NCVOG2246-consensus	NODE_18_length_161387_cov_9.414047	32.24	425	266	22	32	452	16795	15578	6.3e-38	166.0
NCVOG4116-consensus	NODE_1896_length_565_cov_12.317623	30.17	179	108	17	271	432	560	27	1.2e-11	70.6
NCVOG4170-consensus	NODE_70_length_95390_cov_9.482295	36.66	401	157	97	36	345	33188	32009	1.3e-14	87.5
NCVOG4170-consensus	NODE_359_length_21632_cov_12.342890	32.02	228	120	35	129	327	19870	20526	1.9e-11	74.9
NCVOG1006-consensus	NODE_279_length_30972_cov_9.473313	28.80	184	112	19	13	181	25851	25315	5.1e-12	76.3
NCVOG1044-consensus	NODE_1169_length_1165_cov_6.789522	20.42	284	210	16	120	394	259	1082	3.2e-13	77.0
NCVOG1044-consensus	NODE_674_length_4048_cov_8.008310	28.03	132	90	5	268	395	476	87	1.8e-12	76.3
NCVOG1044-consensus	NODE_760_length_2942_cov_11.197906	19.91	226	170	11	174	394	2059	2715	8.6e-11	70.3
NCVOG1044-consensus	NODE_760_length_2942_cov_11.197906	22.73	264	189	15	212	470	1292	2046	8.6e-11	70.3
NCVOG0720-consensus	NODE_5_length_215145_cov_9.883588	37.98	129	76	4	42	166	121251	120868	1.6e-17	96.8
NCVOG0044-consensus	NODE_6_length_211208_cov_9.707319	30.88	217	127	23	224	426	136056	136670	1e-16	96.7
NCVOG0044-consensus	NODE_480_length_12003_cov_9.186567	27.00	300	187	32	144	421	6678	7540	2.2e-15	88.5
NCVOG0044-consensus	NODE_28_length_134278_cov_9.323686	29.20	274	162	32	219	466	2802	2008	8.1e-14	86.9
NCVOG0044-consensus	NODE_3_length_235831_cov_10.157927	32.04	181	95	28	257	424	233360	232866	1.6e-12	81.9
NCVOG0044-consensus	NODE_333_length_24122_cov_9.773591	29.41	272	164	28	171	421	22874	22083	7.4e-12	77.9
NCVOG0044-consensus	NODE_382_length_19820_cov_10.769893	25.49	306	176	52	219	476	2409	1511	2.6e-11	75.7
NCVOG0044-consensus	NODE_251_length_34361_cov_9.688251	28.96	297	157	54	177	424	19494	20366	2.8e-11	76.5
NCVOG0044-consensus	NODE_251_length_34361_cov_9.688251	25.71	354	219	44	107	431	20844	21849	4.5e-12	79.1
