NCVOG4069-consensus	NODE_24_length_162889_cov_6.765318	35.43	127	69	13	157	271	28560	28186	7.3e-12	77.0
NCVOG0321-consensus	NODE_113_length_69581_cov_6.735238	27.57	457	287	44	71	503	33512	34799	3.1e-18	96.8
NCVOG0321-consensus	NODE_21_length_168006_cov_6.999029	28.57	434	269	41	92	503	162915	164132	2.7e-15	85.1
NCVOG4113-consensus	NODE_133_length_61268_cov_6.705545	35.68	213	123	14	57	262	31794	31180	5.6e-15	85.5
NCVOG4113-consensus	NODE_25_length_160379_cov_6.798683	26.00	400	273	23	8	394	14300	15464	2.4e-14	84.7
NCVOG4113-consensus	NODE_545_length_2714_cov_8.059537	28.48	309	202	19	46	344	220	1104	2.8e-14	78.7
NCVOG4113-consensus	NODE_464_length_6036_cov_6.253230	29.37	269	175	15	41	301	508	1290	7.6e-14	78.4
NCVOG4113-consensus	NODE_349_length_16607_cov_6.750076	27.47	375	243	29	29	381	15058	13968	2.5e-13	78.1
NCVOG4113-consensus	NODE_562_length_2304_cov_6.991019	28.43	306	187	32	49	331	907	20	3.3e-13	74.9
NCVOG4113-consensus	NODE_315_length_20434_cov_7.466329	29.37	252	164	14	28	268	16088	16827	2.8e-11	71.6
NCVOG4113-consensus	NODE_386_length_12858_cov_7.512479	29.35	276	172	23	27	294	1147	1926	4.5e-11	70.3
NCVOG0669-consensus	NODE_167_length_50211_cov_6.849264	31.94	191	102	28	277	442	27855	28415	1.5e-11	74.0
NCVOG0333-consensus	NODE_1483_length_302_cov_19.737778	44.66	103	41	16	614	709	302	24	1.4e-11	67.4
NCVOG0333-consensus	NODE_184_length_47030_cov_6.151340	42.50	120	51	18	599	709	19805	19476	6.9e-11	72.3
NCVOG0333-consensus	NODE_184_length_47030_cov_6.151340	42.50	120	51	18	599	709	19349	19020	3.2e-11	73.4
NCVOG0333-consensus	NODE_184_length_47030_cov_6.151340	44.55	110	45	16	607	709	20231	19932	6.9e-11	72.3
NCVOG0233-consensus	NODE_212_length_38717_cov_6.315942	25.28	878	533	123	61	862	10302	7821	8.4e-43	178.3
NCVOG0233-consensus	NODE_18_length_176137_cov_8.094211	25.84	898	558	108	18	840	86981	84420	4.5e-37	161.3
NCVOG0233-consensus	NODE_22_length_165395_cov_6.846484	33.12	927	488	132	55	855	5681	2924	6.6e-37	160.7
NCVOG0233-consensus	NODE_37_length_126890_cov_6.641070	33.82	884	419	166	132	853	54580	51956	8.1e-37	160.2
NCVOG0233-consensus	NODE_439_length_7456_cov_6.092424	26.07	821	382	225	133	745	3522	1120	2.8e-22	107.8
NCVOG0233-consensus	NODE_429_length_8221_cov_12.250368	25.27	934	470	228	133	866	2658	5354	2.3e-20	101.6
NCVOG0233-consensus	NODE_226_length_35016_cov_6.277455	24.68	713	337	200	162	674	10147	8032	7e-17	92.1
NCVOG0233-consensus	NODE_37_length_126890_cov_6.641070	31.89	900	409	204	136	833	47521	50207	3.9e-13	81.5
NCVOG0233-consensus	NODE_201_length_41093_cov_6.593305	31.11	405	226	53	482	833	29118	30321	6.8e-13	79.1
NCVOG0233-consensus	NODE_186_length_46554_cov_6.776513	34.17	278	145	38	499	738	11109	10283	1.6e-12	78.0
NCVOG0233-consensus	NODE_299_length_22357_cov_6.340575	31.41	936	424	218	38	761	5468	8236	1.7e-12	76.9
NCVOG0233-consensus	NODE_189_length_44582_cov_6.937984	23.73	687	307	217	203	677	32915	30879	2.3e-12	77.4
NCVOG0233-consensus	NODE_9_length_232806_cov_6.738352	22.42	736	460	111	92	815	58251	60142	3.4e-11	75.3
NCVOG0023-consensus	NODE_149_length_53654_cov_6.160320	30.49	492	304	38	362	835	45259	46659	1e-36	158.5
NCVOG0023-consensus	NODE_104_length_74706_cov_109.693243	24.46	650	437	54	197	815	45112	46989	8.6e-30	136.0
NCVOG1013-consensus	NODE_742_length_856_cov_7.854942	35.82	201	98	31	202	385	272	829	1e-13	75.9
NCVOG1013-consensus	NODE_939_length_516_cov_6.993166	36.81	182	90	25	205	371	515	7	2.9e-11	67.0
NCVOG0073-consensus	NODE_13_length_200236_cov_6.816211	39.82	653	349	44	16	640	156166	158073	7e-88	328.6
NCVOG0073-consensus	NODE_289_length_24070_cov_6.198016	35.50	724	366	101	19	666	8866	10951	1.2e-37	160.7
NCVOG0073-consensus	NODE_235_length_33464_cov_6.316890	35.35	710	362	97	28	668	32824	30784	1.9e-37	160.4
NCVOG0073-consensus	NODE_45_length_121693_cov_6.752796	26.53	554	358	49	12	521	44590	46227	9.3e-35	153.4
NCVOG0073-consensus	NODE_171_length_49753_cov_6.812123	37.68	706	346	94	28	665	2211	181	6.1e-25	119.5
NCVOG0073-consensus	NODE_206_length_39926_cov_6.967678	39.93	611	298	69	28	586	37373	39143	2.6e-23	113.8
NCVOG1068-consensus	NODE_116_length_68791_cov_102.403018	50.63	160	74	5	81	237	53031	53501	1.3e-29	133.5
NCVOG1068-consensus	NODE_39_length_126097_cov_6.912974	50.00	156	70	8	88	237	23022	22572	3.5e-25	119.7
NCVOG1068-consensus	NODE_154_length_52074_cov_6.636325	47.48	139	65	8	100	234	51458	51857	1.9e-18	96.0
NCVOG4523-consensus	NODE_64_length_105244_cov_6.755380	26.82	440	221	101	446	818	59068	60274	1.6e-13	82.8
NCVOG1353-consensus	NODE_70_length_100417_cov_6.476968	53.08	859	270	133	66	793	71525	68976	1.5e-77	295.0
NCVOG1353-consensus	NODE_176_length_48921_cov_6.755098	51.72	870	270	150	70	793	29801	32383	1.2e-71	274.4
NCVOG0055-consensus	NODE_2_length_356606_cov_7.040375	36.62	142	79	11	182	320	349778	349384	5.2e-17	92.2
NCVOG4105-consensus	NODE_21_length_168006_cov_6.999029	31.35	1110	525	237	66	959	157807	161040	5.3e-11	72.0
NCVOG4598-consensus	NODE_4432_length_153_cov_3.578947	47.83	46	24	0	24	69	148	14	3.6e-11	63.2
NCVOG4804-consensus	NODE_88_length_82091_cov_6.324956	63.96	111	37	3	70	180	81988	81668	2.3e-27	126.0
NCVOG4804-consensus	NODE_189_length_44582_cov_6.937984	60.34	116	43	3	65	180	12330	12665	3.3e-27	124.6
NCVOG4804-consensus	NODE_175_length_49056_cov_6.652402	60.34	116	43	3	65	180	25233	24898	3.7e-27	124.6
NCVOG4804-consensus	NODE_3902_length_155_cov_7.141026	68.63	51	16	0	100	150	155	6	2.3e-13	70.5
NCVOG2963-consensus	NODE_262_length_28716_cov_6.171171	28.06	310	209	14	17	317	24125	23214	4.2e-12	74.5
NCVOG2963-consensus	NODE_3_length_336867_cov_6.965323	24.84	306	214	16	21	316	107145	106253	7.5e-11	72.7
NCVOG4883-consensus	NODE_18_length_176137_cov_8.094211	30.41	490	244	97	40	460	66752	65378	5.1e-15	87.1
NCVOG0360-consensus	NODE_2_length_356606_cov_7.040375	44.16	317	150	27	24	315	120887	121824	8.2e-31	139.0
NCVOG0979-consensus	NODE_227_length_34927_cov_6.430014	45.33	364	150	49	4	320	29318	28240	1.2e-33	146.5
NCVOG2734-consensus	NODE_23_length_164477_cov_6.577007	31.19	202	131	8	53	250	109309	109899	8.9e-12	76.9
NCVOG0274-consensus	NODE_104_length_74706_cov_109.693243	27.13	903	559	99	25	916	36357	33922	8.9e-51	206.5
NCVOG0274-consensus	NODE_233_length_33789_cov_6.694916	29.76	1092	548	219	162	1039	25587	22340	2.8e-31	140.6
NCVOG0274-consensus	NODE_313_length_20527_cov_11.821418	36.44	1501	708	246	96	1373	15006	10584	4.8e-21	105.9
NCVOG0274-consensus	NODE_313_length_20527_cov_11.821418	55.41	74	27	6	42	114	15234	15035	2.2e-12	77.1
NCVOG0274-consensus	NODE_135_length_60155_cov_6.728020	30.16	1462	691	330	201	1343	4652	8963	7.6e-20	103.4
NCVOG0074-consensus	NODE_13_length_200236_cov_6.816211	63.79	638	202	29	5	613	156175	158085	1.4e-131	473.2
NCVOG0074-consensus	NODE_206_length_39926_cov_6.967678	54.76	672	229	75	14	611	37373	39372	2e-84	316.2
NCVOG0074-consensus	NODE_171_length_49753_cov_6.812123	51.37	658	250	70	14	603	2211	253	1.2e-80	304.0
NCVOG0074-consensus	NODE_235_length_33464_cov_6.316890	41.90	685	310	88	27	637	32785	30778	1.2e-61	240.2
NCVOG0074-consensus	NODE_289_length_24070_cov_6.198016	45.45	649	281	73	27	616	8982	10879	3.1e-59	231.8
NCVOG0074-consensus	NODE_45_length_121693_cov_6.752796	32.90	538	303	58	19	500	44650	46248	8.3e-42	176.2
NCVOG1299-consensus	NODE_413_length_9958_cov_7.032790	52.27	88	42	0	62	149	7743	8003	3.7e-17	88.7
NCVOG4324-consensus	NODE_20_length_170047_cov_6.932612	28.76	525	291	83	139	588	31220	32763	4.6e-13	81.0
NCVOG0214-consensus	NODE_35_length_127339_cov_7.098335	33.33	231	135	19	284	509	55512	54869	5.2e-14	84.3
NCVOG0214-consensus	NODE_44_length_122337_cov_6.879135	28.70	230	157	7	284	510	10678	10008	4.8e-13	81.0
NCVOG0214-consensus	NODE_24_length_162889_cov_6.765318	31.29	163	109	3	349	510	28100	28579	5.6e-12	77.7
NCVOG0214-consensus	NODE_3_length_336867_cov_6.965323	28.22	241	164	9	286	518	6879	6173	6.8e-12	77.5
NCVOG0276-consensus	NODE_57_length_112971_cov_6.787278	51.44	381	86	99	59	340	16486	17617	3.9e-26	123.2
NCVOG0689-consensus	NODE_3_length_336867_cov_6.965323	24.87	386	260	30	1	374	107170	106078	3.1e-15	87.9
NCVOG0689-consensus	NODE_104_length_74706_cov_109.693243	24.93	345	237	22	4	342	26457	25474	5.6e-14	82.7
NCVOG0689-consensus	NODE_9_length_232806_cov_6.738352	23.65	334	222	33	9	330	19201	18274	2.6e-11	74.9
NCVOG2204-consensus	NODE_109_length_71565_cov_6.462120	32.96	355	180	58	142	442	42038	43073	9.6e-13	78.4
NCVOG0777-consensus	NODE_375_length_13692_cov_7.845318	35.87	184	101	17	163	331	8452	8994	1e-12	77.7
NCVOG0777-consensus	NODE_58_length_112001_cov_6.336002	30.94	362	220	30	277	624	14738	15762	1.5e-11	76.8
NCVOG1060-consensus	NODE_2_length_356606_cov_7.040375	27.41	394	204	82	15	353	94638	93545	2.3e-14	84.7
NCVOG0976-consensus	NODE_85_length_85109_cov_6.648289	27.18	195	134	8	194	381	13885	14463	7.3e-11	72.2
NCVOG0030-consensus	NODE_29_length_142903_cov_13.240551	31.56	621	260	165	26	490	55943	54121	5.1e-16	91.0
NCVOG0030-consensus	NODE_6_length_287573_cov_6.588797	28.00	832	455	144	39	747	224290	221885	7.9e-14	83.7
NCVOG4494-consensus	NODE_27_length_156229_cov_7.049839	30.96	239	134	31	18	230	49450	48752	6.4e-13	80.3
NCVOG0267-consensus	NODE_101_length_75259_cov_7.317594	31.12	421	244	46	323	720	68739	69921	8.7e-11	73.3
NCVOG0037-consensus	NODE_297_length_22768_cov_8.619673	41.44	1139	429	238	139	1040	3696	7084	1.2e-32	144.1
NCVOG0037-consensus	NODE_110_length_70997_cov_6.495431	41.53	1151	428	245	116	1022	50586	54014	4.8e-25	120.5
NCVOG0037-consensus	NODE_110_length_70997_cov_6.495431	40.85	142	54	30	3	114	50163	50579	7.4e-14	83.4
NCVOG0007-consensus	NODE_82_length_88011_cov_6.853401	33.50	400	197	69	20	350	28167	29361	1.4e-13	81.2
NCVOG1115-consensus	NODE_104_length_74706_cov_109.693243	28.51	242	158	15	175	407	37278	36574	8e-18	95.2
NCVOG0284-consensus	NODE_209_length_39610_cov_6.550249	25.80	345	172	84	38	309	7305	8293	8.9e-14	80.5
NCVOG0284-consensus	NODE_209_length_39610_cov_6.550249	31.85	157	69	38	182	305	10647	10195	1.6e-12	76.3
NCVOG0284-consensus	NODE_110_length_70997_cov_6.495431	30.47	256	132	46	82	310	35838	36543	5.5e-12	75.4
NCVOG0284-consensus	NODE_110_length_70997_cov_6.495431	32.53	166	80	32	182	321	38819	38345	1.8e-11	73.8
NCVOG0806-consensus	NODE_27_length_156229_cov_7.049839	42.14	439	165	89	89	447	30979	29701	1.5e-18	98.8
NCVOG0029-consensus	NODE_40_length_124901_cov_6.904978	29.77	524	229	139	71	456	98475	96922	1.2e-15	89.2
NCVOG4154-consensus	NODE_3_length_336867_cov_6.965323	33.19	235	147	10	61	288	106876	106190	4.2e-14	83.5
NCVOG4154-consensus	NODE_3_length_336867_cov_6.965323	34.88	172	104	8	123	289	107416	106913	6.7e-12	76.1
NCVOG0789-consensus	NODE_314_length_20479_cov_6.453093	37.89	227	98	43	17	202	19788	19125	9.7e-37	155.2
NCVOG0789-consensus	NODE_1237_length_368_cov_8.271478	51.92	52	25	0	38	89	20	172	1.3e-16	82.6
NCVOG0789-consensus	NODE_3943_length_155_cov_6.589744	50.00	50	24	1	97	145	4	150	4e-15	76.4
NCVOG1326-consensus	NODE_28_length_150603_cov_6.820604	42.24	116	55	12	43	152	102525	102199	3.5e-14	82.7
NCVOG0326-consensus	NODE_21_length_168006_cov_6.999029	29.45	506	291	66	7	467	162709	164138	1.6e-22	109.0
NCVOG0326-consensus	NODE_113_length_69581_cov_6.735238	34.11	343	196	30	144	467	33835	34805	3.6e-19	99.8
NCVOG0326-consensus	NODE_12_length_213487_cov_6.829261	41.50	200	102	15	269	463	27794	28350	8.1e-16	89.8
NCVOG0326-consensus	NODE_46_length_120431_cov_6.559250	30.08	399	244	35	76	467	2637	3740	2.2e-13	81.4
NCVOG0326-consensus	NODE_1199_length_379_cov_8.387417	34.13	126	79	4	335	459	13	376	1.2e-11	67.4
NCVOG0222-consensus	NODE_102_length_74969_cov_6.542194	23.46	486	343	29	1	471	52885	54295	1.4e-11	74.8
NCVOG0222-consensus	NODE_587_length_1959_cov_6.961743	23.05	499	333	51	52	505	117	1588	4.1e-11	68.0
NCVOG0002-consensus	NODE_35_length_127339_cov_7.098335	30.75	439	255	49	355	758	79043	80310	2.7e-26	125.2
NCVOG0002-consensus	NODE_18_length_176137_cov_8.094211	30.10	608	350	75	269	833	22832	21122	2.7e-23	115.4
NCVOG0585-consensus	NODE_107_length_71877_cov_6.765975	27.36	402	243	49	138	513	26107	24980	4.5e-13	79.7
NCVOG2775-consensus	NODE_127_length_64304_cov_6.541027	31.45	318	212	6	155	470	21732	20796	1e-29	135.0
NCVOG2775-consensus	NODE_23_length_164477_cov_6.577007	32.38	281	165	25	146	403	109103	109932	7.1e-20	103.6
NCVOG2775-consensus	NODE_256_length_29422_cov_6.974510	29.35	460	277	48	98	532	14472	15767	1.5e-17	93.5
NCVOG2775-consensus	NODE_256_length_29422_cov_6.974510	27.11	332	219	23	12	338	13336	14268	2.2e-17	93.0
NCVOG2775-consensus	NODE_177_length_48535_cov_7.052705	30.00	270	174	15	16	282	21117	21879	8.7e-12	75.1
NCVOG2775-consensus	NODE_53_length_114498_cov_6.970547	33.00	203	119	17	203	403	93972	93412	9.1e-11	72.9
NCVOG1175-consensus	NODE_348_length_16722_cov_7.054611	37.02	181	110	4	29	208	977	451	1.4e-17	91.4
NCVOG0729-consensus	NODE_1_length_423641_cov_6.806209	39.02	469	207	79	2	398	416168	414794	3.1e-24	117.7
NCVOG4874-consensus	NODE_64_length_105244_cov_6.755380	35.98	403	188	70	33	367	32422	31223	1e-26	125.1
NCVOG4874-consensus	NODE_64_length_105244_cov_6.755380	37.13	404	200	54	16	367	34088	32894	9.7e-26	121.9
NCVOG4001-consensus	NODE_256_length_29422_cov_6.974510	28.30	318	202	26	46	353	13873	14771	6e-11	71.5
NCVOG0605-consensus	NODE_58_length_112001_cov_6.336002	30.97	268	170	15	221	488	14552	15307	2.7e-22	110.9
NCVOG0605-consensus	NODE_26_length_156375_cov_6.625178	41.55	142	73	10	355	493	150962	150561	7e-17	88.9
NCVOG0605-consensus	NODE_107_length_71877_cov_6.765975	26.87	387	237	46	140	485	26032	24896	1.5e-14	84.6
NCVOG0605-consensus	NODE_120_length_67700_cov_6.493493	23.61	288	206	14	205	487	12311	11480	1.8e-12	77.6
NCVOG0605-consensus	NODE_154_length_52074_cov_6.636325	34.50	171	92	20	318	487	27571	27119	1.1e-11	74.6
NCVOG0605-consensus	NODE_3_length_336867_cov_6.965323	28.11	281	183	19	198	469	141498	142307	1.2e-11	75.9
NCVOG0605-consensus	NODE_6_length_287573_cov_6.588797	30.50	200	124	15	290	488	72721	73275	2.6e-11	74.9
NCVOG2639-consensus	NODE_139_length_58780_cov_6.660937	42.68	82	43	4	61	138	32681	32923	7.3e-12	73.9
NCVOG1136-consensus	NODE_29_length_142903_cov_13.240551	39.47	375	110	117	220	479	76286	75181	9.4e-12	76.2
NCVOG3091-consensus	NODE_16_length_180820_cov_6.565297	29.23	195	126	12	45	230	141003	140439	3.8e-12	76.6
NCVOG0450-consensus	NODE_742_length_856_cov_7.854942	30.49	246	151	20	110	349	161	853	9.1e-14	75.4
NCVOG0450-consensus	NODE_939_length_516_cov_6.993166	34.88	172	102	10	126	296	515	30	1.5e-11	67.3
NCVOG4522-consensus	NODE_52_length_115336_cov_6.559982	54.02	87	40	0	329	415	73029	73286	6.7e-19	99.6
NCVOG5117-consensus	NODE_375_length_13692_cov_7.845318	38.01	171	91	15	800	964	8930	8448	1.4e-12	77.4
NCVOG5117-consensus	NODE_375_length_13692_cov_7.845318	38.93	131	75	5	836	964	13683	13303	1.4e-12	77.4
NCVOG5117-consensus	NODE_6_length_287573_cov_6.588797	28.80	309	186	34	654	959	72484	73314	7.4e-12	78.5
NCVOG4122-consensus	NODE_1118_length_413_cov_10.848214	44.44	135	69	6	237	370	398	12	3.9e-15	79.0
NCVOG4122-consensus	NODE_1154_length_395_cov_5.540881	44.19	129	66	6	215	342	390	22	4.2e-14	75.5
NCVOG4122-consensus	NODE_742_length_856_cov_7.854942	37.39	222	114	25	186	400	197	805	4.6e-14	76.5
NCVOG4122-consensus	NODE_939_length_516_cov_6.993166	37.91	182	101	12	96	276	515	6	1.2e-12	71.1
NCVOG4122-consensus	NODE_53_length_114498_cov_6.970547	30.61	392	189	83	89	413	93879	92769	1.6e-12	78.4
NCVOG4122-consensus	NODE_6_length_287573_cov_6.588797	32.14	252	150	21	209	451	115748	115032	4.3e-11	74.1
NCVOG0312-consensus	NODE_129_length_63495_cov_6.904018	22.71	775	525	74	111	861	27674	29845	2.7e-14	84.5
NCVOG0312-consensus	NODE_30_length_140697_cov_6.894759	24.72	906	593	89	5	868	129704	127151	5.9e-14	84.5
NCVOG0312-consensus	NODE_126_length_64783_cov_6.748972	24.85	676	438	70	89	722	3013	1073	3.8e-13	80.7
NCVOG0312-consensus	NODE_26_length_156375_cov_6.625178	26.71	498	299	66	338	794	13730	12317	1.1e-12	80.4
NCVOG0312-consensus	NODE_77_length_94653_cov_6.956385	25.56	626	371	95	270	842	7391	9139	1.6e-11	75.8
NCVOG0312-consensus	NODE_62_length_107434_cov_6.804514	24.03	595	406	46	250	816	60566	58839	5.7e-11	74.2
NCVOG0312-consensus	NODE_202_length_40835_cov_6.495191	23.05	937	608	113	6	863	11956	14647	6.7e-11	72.5
NCVOG0032-consensus	NODE_88_length_82091_cov_6.324956	27.07	495	245	116	497	875	31342	29883	8.3e-14	83.1
NCVOG0032-consensus	NODE_26_length_156375_cov_6.625178	32.65	147	96	3	669	814	81492	81923	1.5e-13	83.1
NCVOG0032-consensus	NODE_202_length_40835_cov_6.495191	37.23	137	82	4	669	803	33271	33672	5.5e-12	76.1
NCVOG0032-consensus	NODE_11_length_225743_cov_6.657095	28.10	274	154	43	231	474	28136	27365	9e-11	73.9
NCVOG0302-consensus	NODE_2_length_356606_cov_7.040375	29.52	210	144	4	3	210	143601	142983	2.2e-13	81.9
NCVOG0302-consensus	NODE_137_length_59582_cov_6.721851	27.70	343	212	36	146	468	1026	1991	3e-11	73.5
NCVOG0012-consensus	NODE_4432_length_153_cov_3.578947	71.93	57	10	6	327	383	153	4	4.4e-22	100.7
NCVOG0012-consensus	NODE_5658_length_139_cov_10.161290	70.59	51	10	5	326	376	138	4	8.6e-19	89.7
NCVOG0012-consensus	NODE_6384_length_124_cov_7.085106	73.81	42	9	2	326	367	120	4	4.5e-17	83.8
NCVOG0012-consensus	NODE_6698_length_118_cov_6.585366	73.17	41	9	2	327	367	117	4	2.8e-16	81.1
NCVOG0012-consensus	NODE_313_length_20527_cov_11.821418	29.96	267	166	21	163	413	10631	9855	3.4e-14	81.6
NCVOG0012-consensus	NODE_7434_length_107_cov_4.633333	84.85	33	5	0	85	117	102	7	8e-14	72.8
NCVOG0012-consensus	NODE_7972_length_100_cov_5.652174	78.12	32	7	0	85	116	96	4	1.8e-12	68.2
NCVOG0012-consensus	NODE_391_length_12607_cov_6.660734	35.25	139	80	10	302	432	8485	8078	5.9e-12	73.5
NCVOG0012-consensus	NODE_375_length_13692_cov_7.845318	31.82	176	110	10	305	474	8458	8966	4.2e-11	70.7
NCVOG0012-consensus	NODE_9426_length_88_cov_3.727273	82.76	29	5	0	88	116	87	4	5e-11	63.2
NCVOG0027-consensus	NODE_116_length_68791_cov_102.403018	23.84	558	342	83	16	523	11791	10220	5.2e-12	76.4
NCVOG0985-consensus	NODE_40_length_124901_cov_6.904978	29.48	502	261	93	79	492	77814	76341	5.5e-22	110.1
NCVOG0190-consensus	NODE_4432_length_153_cov_3.578947	50.00	60	21	9	197	256	153	4	3.3e-11	64.7
NCVOG0025-consensus	NODE_137_length_59582_cov_6.721851	29.33	433	226	80	113	510	41038	39882	7.7e-16	88.7
NCVOG0025-consensus	NODE_183_length_47232_cov_6.485505	28.72	484	250	95	65	505	24796	23510	5.8e-15	85.4
NCVOG0025-consensus	NODE_332_length_18094_cov_6.563357	24.12	427	257	67	113	501	376	1560	4.8e-11	71.0
NCVOG0271-consensus	NODE_124_length_66404_cov_7.036561	41.83	1200	505	193	145	1157	25084	21518	9.2e-107	392.0
NCVOG0271-consensus	NODE_104_length_74706_cov_109.693243	28.44	872	554	70	309	1149	6982	9477	8.9e-23	113.2
NCVOG0271-consensus	NODE_331_length_18330_cov_6.369528	29.26	1210	691	165	81	1153	11151	14681	9.8e-23	111.0
NCVOG0271-consensus	NODE_14_length_189935_cov_6.672403	31.00	1226	492	354	261	1144	7704	11320	1.3e-20	107.0
NCVOG0078-consensus	NODE_864_length_599_cov_14.116858	50.00	118	57	2	89	204	184	534	3.3e-22	102.1
NCVOG0078-consensus	NODE_113_length_69581_cov_6.735238	42.86	154	83	5	58	209	31233	30784	1.3e-20	103.7
NCVOG0078-consensus	NODE_189_length_44582_cov_6.937984	49.60	125	61	2	82	204	11902	11531	5.8e-20	100.9
NCVOG0078-consensus	NODE_175_length_49056_cov_6.652402	48.41	126	63	2	88	211	25703	26077	8.3e-20	100.5
NCVOG4568-consensus	NODE_559_length_2331_cov_6.007098	32.50	200	132	3	289	485	793	201	2e-12	72.6
NCVOG4568-consensus	NODE_149_length_53654_cov_6.160320	45.88	194	89	16	305	486	52889	53455	5.6e-12	75.6
NCVOG4568-consensus	NODE_24_length_162889_cov_6.765318	37.06	197	104	20	304	485	28620	28048	8.5e-12	76.5
NCVOG4568-consensus	NODE_5_length_316408_cov_6.760224	34.07	182	116	4	308	488	292188	291659	1.3e-11	75.8
NCVOG4568-consensus	NODE_171_length_49753_cov_6.812123	34.24	184	116	5	305	485	49397	48855	4.8e-11	72.4
NCVOG4162-consensus	NODE_17_length_178947_cov_6.475158	42.86	70	39	1	3	71	28958	28752	2e-11	72.4
NCVOG4251-consensus	NODE_96_length_77266_cov_6.954048	32.55	510	235	109	37	442	66004	64507	1.5e-34	150.9
NCVOG4251-consensus	NODE_100_length_75711_cov_7.194608	28.61	395	202	80	46	369	39253	38105	4.4e-21	106.2
NCVOG4251-consensus	NODE_225_length_35043_cov_6.968226	30.89	327	156	70	47	309	8402	9355	1e-17	93.9
NCVOG4251-consensus	NODE_299_length_22357_cov_6.340575	26.13	444	233	95	35	388	16234	14931	2.2e-17	92.1
NCVOG0451-consensus	NODE_742_length_856_cov_7.854942	34.03	238	135	22	138	375	170	814	2.6e-13	73.8
NCVOG0451-consensus	NODE_6_length_287573_cov_6.588797	32.29	223	133	18	135	352	115682	115056	2.1e-11	74.9
NCVOG0967-consensus	NODE_136_length_60122_cov_6.843758	23.74	653	451	47	121	762	58271	60112	3.3e-11	74.2
NCVOG0031-consensus	NODE_116_length_68791_cov_102.403018	25.62	640	392	84	177	786	11899	10145	6.3e-14	83.6
NCVOG0021-consensus	NODE_6_length_287573_cov_6.588797	24.51	253	171	20	55	300	72589	73305	8.6e-11	74.2
NCVOG0001-consensus	NODE_78_length_93812_cov_6.424836	40.80	250	117	31	325	555	72714	72010	3e-30	137.4
NCVOG0001-consensus	NODE_78_length_93812_cov_6.424836	35.29	272	130	46	333	566	71791	71007	5.8e-28	129.9
NCVOG0001-consensus	NODE_29_length_142903_cov_13.240551	39.24	316	145	47	313	592	135563	134662	1.5e-22	112.5
NCVOG0001-consensus	NODE_288_length_24443_cov_6.939629	33.07	251	116	52	333	542	5281	4569	1.9e-16	89.7
NCVOG0001-consensus	NODE_387_length_12801_cov_6.919994	33.21	271	146	35	357	605	7651	8413	1e-13	79.7
NCVOG0001-consensus	NODE_353_length_16184_cov_6.834296	30.58	448	232	79	173	555	5823	7111	7e-13	77.2
NCVOG0001-consensus	NODE_44_length_122337_cov_6.879135	36.10	313	121	79	321	555	97636	98566	2e-12	78.6
NCVOG1197-consensus	NODE_536_length_2822_cov_6.226958	27.66	499	296	65	45	513	1098	2486	1.1e-13	77.1
NCVOG1197-consensus	NODE_545_length_2714_cov_8.059537	29.44	411	249	41	91	495	15	1135	7.6e-13	74.3
NCVOG1197-consensus	NODE_315_length_20434_cov_7.466329	30.69	479	260	72	61	513	2902	1607	6.2e-12	74.2
NCVOG4518-consensus	NODE_56_length_113190_cov_6.801376	31.03	564	285	104	19	543	62324	63811	1.3e-11	75.6
NCVOG2058-consensus	NODE_1118_length_413_cov_10.848214	40.15	137	74	8	111	247	395	12	1.4e-14	76.9
NCVOG2058-consensus	NODE_1154_length_395_cov_5.540881	43.51	131	66	8	209	339	387	22	3.5e-14	75.5
NCVOG0038-consensus	NODE_104_length_74706_cov_109.693243	26.22	965	619	93	78	1021	42246	44921	9.9e-35	152.8
NCVOG0280-consensus	NODE_202_length_40835_cov_6.495191	22.94	1094	760	83	331	1377	11411	14581	2.8e-26	124.6
NCVOG0280-consensus	NODE_1_length_423641_cov_6.806209	22.21	1414	959	141	82	1463	7610	3711	2.9e-11	76.6
NCVOG0218-consensus	NODE_4432_length_153_cov_3.578947	80.77	52	8	2	779	830	153	7	3.5e-24	108.9
NCVOG0218-consensus	NODE_313_length_20527_cov_11.821418	33.97	209	132	6	608	811	10358	9738	5.9e-23	111.9
NCVOG0218-consensus	NODE_375_length_13692_cov_7.845318	38.01	171	99	7	722	886	8419	8925	1.5e-22	110.0
NCVOG0218-consensus	NODE_375_length_13692_cov_7.845318	39.13	115	65	5	726	838	13307	13639	6.3e-13	78.0
NCVOG0218-consensus	NODE_5658_length_139_cov_10.161290	80.85	47	7	2	774	820	137	6	2.2e-21	99.4
NCVOG0218-consensus	NODE_6384_length_124_cov_7.085106	80.95	42	6	2	774	815	122	6	7.5e-19	90.8
NCVOG0218-consensus	NODE_6_length_287573_cov_6.588797	40.62	192	103	11	681	863	73295	72729	1.7e-18	99.9
NCVOG0218-consensus	NODE_3_length_336867_cov_6.965323	29.68	310	173	45	524	797	230683	231576	7.6e-18	97.8
NCVOG0218-consensus	NODE_6698_length_118_cov_6.585366	81.58	38	7	0	798	835	118	8	1.2e-17	86.8
NCVOG0218-consensus	NODE_7434_length_107_cov_4.633333	81.08	37	5	2	774	810	105	4	2.3e-15	79.1
NCVOG0218-consensus	NODE_7_length_283865_cov_6.674674	26.80	306	207	17	554	853	23525	24406	5.4e-15	88.3
NCVOG0218-consensus	NODE_391_length_12607_cov_6.660734	35.43	127	80	2	591	715	8512	8135	1.9e-13	79.6
NCVOG0218-consensus	NODE_7972_length_100_cov_5.652174	79.41	34	6	1	802	835	100	5	2.1e-12	69.1
NCVOG0218-consensus	NODE_9954_length_84_cov_81.428571	82.14	28	5	0	611	638	84	4	5.7e-12	67.4
NCVOG0218-consensus	NODE_9949_length_84_cov_87.714286	82.14	28	5	0	611	638	84	4	8.3e-12	66.9
NCVOG0218-consensus	NODE_9426_length_88_cov_3.727273	82.14	28	5	0	611	638	88	8	9.1e-12	66.8
NCVOG0218-consensus	NODE_9957_length_84_cov_72.142857	85.19	27	4	0	612	638	83	6	1.8e-11	65.8
NCVOG0218-consensus	NODE_10327_length_82_cov_71.800000	81.48	27	5	0	612	638	82	5	2.9e-11	65.0
NCVOG0218-consensus	NODE_9964_length_84_cov_62.285714	82.14	28	5	0	797	824	84	4	3.7e-11	64.7
NCVOG0218-consensus	NODE_10148_length_83_cov_77.166667	81.48	27	5	0	612	638	83	6	4.4e-11	64.5
NCVOG0218-consensus	NODE_9955_length_84_cov_78.428571	78.57	28	6	0	611	638	84	4	4.5e-11	64.5
NCVOG0218-consensus	NODE_176_length_48921_cov_6.755098	26.20	271	184	16	524	781	41967	42767	4.6e-11	73.6
NCVOG0218-consensus	NODE_10317_length_82_cov_84.600000	81.48	27	5	0	611	637	81	4	5.1e-11	64.2
NCVOG0218-consensus	NODE_9960_length_84_cov_67.142857	78.57	28	6	0	700	727	84	4	5.4e-11	64.2
NCVOG0218-consensus	NODE_10147_length_86_cov_77.666667	81.48	27	5	0	612	638	84	7	5.7e-11	64.1
NCVOG0218-consensus	NODE_10527_length_81_cov_73.000000	81.48	27	5	0	798	824	81	4	6e-11	64.0
NCVOG0308-consensus	NODE_30_length_140697_cov_6.894759	21.42	985	675	99	5	939	129345	126553	3.3e-11	75.5
NCVOG0018-consensus	NODE_136_length_60122_cov_6.843758	22.56	718	514	42	264	975	58076	60118	3.8e-17	94.2
NCVOG4344-consensus	NODE_256_length_29422_cov_6.974510	24.92	321	221	20	26	340	14418	15331	4.2e-11	71.8
NCVOG2246-consensus	NODE_143_length_55586_cov_6.618091	31.72	435	209	88	70	433	1877	629	4.3e-16	89.2
