NCVOG0719-consensus	NODE_5450_length_1527_cov_6.973793	29.30	273	148	45	27	261	1254	468	6.4e-29	129.7
NCVOG0719-consensus	NODE_463_length_5388_cov_6.607230	30.69	189	110	21	94	261	1306	1867	9e-24	114.4
NCVOG0719-consensus	NODE_104_length_12636_cov_6.698384	27.64	246	147	31	22	242	664	1378	1.8e-18	98.0
NCVOG0719-consensus	NODE_463_length_5388_cov_6.607230	30.59	170	94	24	16	166	700	213	1.8e-16	90.1
NCVOG0719-consensus	NODE_12119_length_830_cov_6.981408	30.50	141	82	16	43	167	410	825	1.3e-11	71.2
NCVOG1069-consensus	NODE_4821_length_1653_cov_7.774746	39.06	128	74	4	77	202	388	14	1.5e-17	92.7
NCVOG1069-consensus	NODE_786_length_4109_cov_5.691468	29.48	346	166	78	115	393	2600	1599	2.1e-14	83.5
NCVOG1069-consensus	NODE_6430_length_1373_cov_3.519290	38.83	103	60	3	77	178	305	6	4.2e-12	74.3
NCVOG0321-consensus	NODE_656_length_4464_cov_4.133576	31.16	414	241	44	99	506	3447	2327	5.5e-21	105.7
NCVOG0669-consensus	NODE_439_length_5532_cov_5.285610	30.43	207	135	9	261	464	693	94	1.6e-23	114.3
NCVOG0669-consensus	NODE_2817_length_2203_cov_6.685795	32.68	153	99	4	288	437	108	560	2.7e-20	102.3
NCVOG0669-consensus	NODE_1174_length_3334_cov_5.622352	22.36	474	323	45	34	464	1787	375	7.6e-16	88.1
NCVOG0669-consensus	NODE_2551_length_2309_cov_7.392921	27.59	232	144	24	254	463	1166	1850	1.9e-14	82.9
NCVOG0669-consensus	NODE_7024_length_1285_cov_5.451159	27.27	220	136	24	266	463	386	1034	9.6e-14	79.7
NCVOG0669-consensus	NODE_13818_length_722_cov_6.631008	30.70	114	75	4	327	439	1	330	2.5e-12	74.2
NCVOG0669-consensus	NODE_2556_length_2307_cov_6.092377	22.97	418	259	63	81	439	792	2024	9.3e-12	74.0
NCVOG0669-consensus	NODE_7094_length_1276_cov_5.190992	26.50	200	125	22	261	443	518	1099	1.5e-11	72.4
NCVOG0333-consensus	NODE_10497_length_936_cov_5.663562	41.67	120	52	18	599	709	584	913	8.8e-17	90.0
NCVOG0333-consensus	NODE_1772_length_2758_cov_5.535621	33.19	238	132	27	468	695	866	1511	4.2e-16	89.3
NCVOG0333-consensus	NODE_2160_length_2506_cov_5.002470	41.67	120	52	18	599	709	882	1211	5.6e-16	88.7
NCVOG0333-consensus	NODE_1966_length_2624_cov_5.098547	41.67	120	52	18	599	709	2381	2052	6.1e-16	88.7
NCVOG0333-consensus	NODE_27479_length_356_cov_3.752688	47.06	85	31	14	632	709	335	105	2.2e-13	77.3
NCVOG0333-consensus	NODE_39888_length_260_cov_7.710383	67.39	46	14	1	632	677	251	120	6.4e-13	75.3
NCVOG0333-consensus	NODE_26846_length_363_cov_4.709790	48.48	66	29	5	599	662	197	12	9.1e-11	68.6
NCVOG2223-consensus	NODE_10368_length_946_cov_10.222094	52.13	94	44	1	734	826	664	942	2.7e-26	122.0
NCVOG2223-consensus	NODE_386_length_5974_cov_5.473122	31.42	296	170	33	599	870	4515	5366	4.3e-19	100.7
NCVOG2223-consensus	NODE_88351_length_155_cov_7.307692	52.94	51	23	1	777	826	2	151	1.6e-11	70.3
NCVOG0233-consensus	NODE_71_length_17727_cov_3.772805	35.94	935	486	113	38	866	13579	16359	1.6e-65	256.4
NCVOG0233-consensus	NODE_348_length_6280_cov_3.994680	36.29	620	304	91	327	857	6278	4432	6.5e-64	249.6
NCVOG0233-consensus	NODE_278_length_7150_cov_6.006221	27.09	923	439	234	161	850	3501	6255	5.4e-59	233.4
NCVOG0233-consensus	NODE_783_length_4121_cov_8.055885	29.41	901	399	237	29	698	169	2846	2.6e-46	190.5
NCVOG0233-consensus	NODE_2400_length_2378_cov_5.756628	34.21	380	190	60	476	797	229	1351	4.7e-44	182.2
NCVOG0233-consensus	NODE_5429_length_1530_cov_6.434962	39.64	333	159	42	505	795	493	1484	1.6e-42	176.5
NCVOG0233-consensus	NODE_66_length_18565_cov_3.939312	27.88	789	399	170	173	798	6052	8388	1.1e-41	177.3
NCVOG0233-consensus	NODE_387_length_5969_cov_4.704854	23.85	717	466	80	202	869	5954	3906	1.3e-39	168.7
NCVOG0233-consensus	NODE_392_length_5894_cov_6.795771	23.51	723	462	91	202	869	16	2061	2.9e-38	164.3
NCVOG0233-consensus	NODE_4222_length_1783_cov_7.433177	28.96	480	268	73	136	554	365	1765	2e-26	123.2
NCVOG0233-consensus	NODE_13196_length_758_cov_3.292217	36.90	252	140	19	100	333	4	753	2e-23	112.0
NCVOG0233-consensus	NODE_890_length_3850_cov_4.219454	28.43	299	194	20	583	868	31	899	5.3e-22	109.7
NCVOG0233-consensus	NODE_890_length_3850_cov_4.219454	28.24	425	238	67	135	506	2348	3573	5.9e-15	86.3
NCVOG0233-consensus	NODE_15649_length_635_cov_3.926523	29.47	207	142	4	559	761	635	18	4.4e-20	100.7
NCVOG0233-consensus	NODE_12363_length_815_cov_11.623306	34.48	145	94	1	600	743	1	432	4.3e-19	97.7
NCVOG0233-consensus	NODE_14291_length_698_cov_6.349436	32.24	214	121	24	516	705	1	639	7.5e-19	96.7
NCVOG0233-consensus	NODE_9764_length_991_cov_6.693654	27.31	216	153	4	513	727	767	132	1.7e-18	96.0
NCVOG0233-consensus	NODE_5602_length_1502_cov_10.908772	26.34	372	217	57	398	714	1310	204	5.3e-18	95.0
NCVOG0233-consensus	NODE_937_length_3765_cov_6.721800	32.74	168	111	2	549	714	111	611	1.2e-17	95.2
NCVOG0233-consensus	NODE_12512_length_803_cov_7.404959	26.80	250	170	13	584	828	70	792	4.7e-17	90.9
NCVOG0233-consensus	NODE_10389_length_945_cov_7.710829	30.31	254	123	54	516	715	27	775	5.1e-17	91.1
NCVOG0233-consensus	NODE_13720_length_728_cov_7.224270	34.64	179	97	20	67	225	66	597	3.1e-16	88.1
NCVOG0233-consensus	NODE_11165_length_891_cov_5.127764	31.79	195	107	26	504	673	252	826	1e-15	86.7
NCVOG0233-consensus	NODE_19693_length_494_cov_5.877698	35.85	159	78	24	529	663	485	12	1.2e-15	85.6
NCVOG0233-consensus	NODE_1409_length_3062_cov_5.806365	26.25	301	197	25	584	864	1525	655	7.2e-15	85.6
NCVOG0233-consensus	NODE_19355_length_504_cov_6.800937	39.13	115	69	1	287	400	109	450	1.2e-14	82.3
NCVOG0233-consensus	NODE_2751_length_2230_cov_9.102647	26.48	491	245	116	289	663	2191	724	1.4e-14	84.2
NCVOG0233-consensus	NODE_22225_length_434_cov_3.761905	35.21	142	68	24	533	650	4	426	2.6e-14	81.0
NCVOG0233-consensus	NODE_9038_length_1055_cov_8.907975	30.83	240	120	46	274	467	7	723	1.9e-13	79.4
NCVOG0233-consensus	NODE_1088_length_3486_cov_4.138164	22.98	657	423	83	233	830	4	1893	2e-13	81.0
NCVOG0233-consensus	NODE_22053_length_437_cov_7.202778	28.97	145	100	3	620	761	437	6	4.5e-12	73.5
NCVOG0233-consensus	NODE_6447_length_1370_cov_11.196442	26.32	437	243	79	153	517	1370	96	6.5e-12	74.6
NCVOG0233-consensus	NODE_990_length_3647_cov_8.125210	31.03	406	213	67	29	376	1563	394	4.5e-11	73.3
NCVOG0023-consensus	NODE_857_length_3949_cov_4.390238	30.66	486	304	33	375	847	724	2118	4.9e-53	212.8
NCVOG0023-consensus	NODE_332_length_6487_cov_3.918409	35.74	277	162	16	475	738	5449	4639	3.1e-43	180.9
NCVOG0013-consensus	NODE_10619_length_927_cov_8.749412	36.77	223	133	8	122	342	726	79	5.7e-31	136.8
NCVOG0013-consensus	NODE_4299_length_1763_cov_8.682681	35.43	223	136	8	122	342	1298	651	2.8e-28	128.8
NCVOG0013-consensus	NODE_4376_length_1747_cov_4.465868	37.14	175	106	4	122	293	555	37	4.4e-26	121.5
NCVOG0013-consensus	NODE_3478_length_1978_cov_4.199369	32.87	216	134	11	122	335	1806	1189	1.6e-22	109.9
NCVOG0013-consensus	NODE_6415_length_1375_cov_5.552388	33.07	254	153	17	111	353	1335	599	1.6e-22	109.3
NCVOG0013-consensus	NODE_14596_length_682_cov_5.581818	31.14	228	144	13	122	344	665	11	6.7e-22	106.2
NCVOG0013-consensus	NODE_1554_length_2931_cov_8.931095	30.04	223	145	11	122	342	1174	536	1.3e-20	104.0
NCVOG0013-consensus	NODE_211_length_8234_cov_4.366802	33.18	220	136	11	119	335	7594	8226	2.2e-20	104.8
NCVOG0013-consensus	NODE_8815_length_1077_cov_3.746000	40.24	164	96	2	122	283	494	6	1.5e-19	99.1
NCVOG0013-consensus	NODE_1473_length_3014_cov_4.661559	33.52	179	117	2	120	298	2121	1594	6e-19	98.6
NCVOG0013-consensus	NODE_4734_length_1670_cov_4.349027	33.33	171	108	6	135	301	1670	1171	2.8e-15	85.5
NCVOG0013-consensus	NODE_353_length_6242_cov_4.686780	35.23	176	112	2	120	293	3867	4391	7.6e-15	86.0
NCVOG0013-consensus	NODE_353_length_6242_cov_4.686780	34.98	223	137	8	122	342	4413	5060	7.6e-15	86.0
NCVOG0013-consensus	NODE_14259_length_699_cov_8.191318	33.77	154	92	10	124	268	458	7	4.1e-14	80.4
NCVOG0013-consensus	NODE_666_length_4449_cov_4.765096	29.70	303	177	36	92	360	3210	4103	3.5e-13	80.0
NCVOG0013-consensus	NODE_4272_length_1770_cov_5.113408	38.51	148	89	2	122	267	457	17	9.7e-13	77.2
NCVOG0013-consensus	NODE_5090_length_1593_cov_7.379947	30.77	156	100	8	78	231	936	1382	1.6e-12	76.3
NCVOG0013-consensus	NODE_37439_length_273_cov_5.219388	43.75	80	45	0	217	296	247	11	2.4e-12	73.1
NCVOG0013-consensus	NODE_3583_length_1951_cov_6.443436	28.75	240	143	28	122	339	660	1354	3.5e-12	75.5
NCVOG0013-consensus	NODE_24083_length_401_cov_3.518519	33.59	128	80	5	86	210	16	390	6e-12	72.4
NCVOG0013-consensus	NODE_4975_length_1619_cov_6.295720	26.20	229	160	9	119	342	938	267	1.5e-11	73.1
NCVOG0013-consensus	NODE_7663_length_1203_cov_2.926288	32.62	141	93	2	145	283	427	8	8e-11	70.3
NCVOG0297-consensus	NODE_7884_length_1177_cov_8.700909	27.85	298	187	28	266	538	1147	270	6e-16	87.2
NCVOG0297-consensus	NODE_11543_length_868_cov_6.199747	28.24	216	136	19	275	475	670	42	6.6e-11	70.0
NCVOG0663-consensus	NODE_4476_length_1724_cov_7.159077	23.84	453	296	49	95	504	334	1671	4e-26	121.7
NCVOG0663-consensus	NODE_3787_length_1895_cov_8.032453	26.25	560	338	75	107	602	79	1722	6.3e-19	97.9
NCVOG0663-consensus	NODE_6440_length_1371_cov_7.821484	28.65	356	210	44	289	607	1359	316	1.4e-13	79.7
NCVOG0663-consensus	NODE_3673_length_1927_cov_6.047568	26.51	298	193	26	154	430	950	75	8.6e-13	77.6
NCVOG0073-consensus	NODE_1776_length_2756_cov_10.280328	39.82	570	318	25	75	640	2718	1075	3.9e-112	408.7
NCVOG0073-consensus	NODE_880_length_3865_cov_9.036157	36.23	632	339	64	32	634	1789	6	2.5e-77	293.6
NCVOG0073-consensus	NODE_1926_length_2650_cov_11.486203	37.82	357	211	11	283	636	26	1069	6e-62	241.9
NCVOG0073-consensus	NODE_1395_length_3076_cov_8.203401	40.92	303	165	14	29	327	2181	3056	7.8e-57	225.2
NCVOG0073-consensus	NODE_15697_length_633_cov_3.967626	47.71	218	103	11	47	263	624	4	2.4e-49	198.0
NCVOG0073-consensus	NODE_32_length_35834_cov_3.703527	28.32	459	308	21	90	531	13590	12229	7e-48	198.9
NCVOG0073-consensus	NODE_11974_length_840_cov_5.310616	35.56	270	163	11	286	554	56	832	7.7e-36	153.5
NCVOG0073-consensus	NODE_22471_length_429_cov_8.281250	54.36	149	57	11	154	299	6	425	1.5e-35	151.6
NCVOG0073-consensus	NODE_12333_length_818_cov_8.851552	38.07	197	111	11	28	223	257	814	3.2e-33	144.8
NCVOG0073-consensus	NODE_25871_length_375_cov_7.714765	40.00	125	70	5	308	432	375	19	1.6e-20	101.5
NCVOG0073-consensus	NODE_25514_length_380_cov_4.046205	38.93	131	75	5	308	438	380	6	2e-20	101.2
NCVOG0073-consensus	NODE_426_length_5635_cov_4.326196	24.58	598	390	61	20	587	2205	528	2e-18	98.4
NCVOG0073-consensus	NODE_1180_length_3330_cov_4.881955	26.53	441	274	50	10	408	1542	2833	1.5e-17	94.8
NCVOG0073-consensus	NODE_39128_length_264_cov_5.278075	48.10	79	41	0	132	210	239	6	4.9e-16	86.1
NCVOG0073-consensus	NODE_37387_length_273_cov_11.397959	39.80	98	52	7	80	177	1	270	6.1e-14	79.2
NCVOG0073-consensus	NODE_23249_length_415_cov_4.458580	34.96	123	77	3	286	408	56	412	2.7e-13	77.6
NCVOG0073-consensus	NODE_61247_length_196_cov_4.563025	51.56	64	31	0	413	476	194	6	3.5e-13	76.2
NCVOG0073-consensus	NODE_63371_length_191_cov_6.587719	54.10	61	28	0	430	490	191	12	3.6e-12	72.8
NCVOG0073-consensus	NODE_12622_length_797_cov_5.238889	28.79	257	162	21	20	265	22	747	1.6e-11	72.7
NCVOG1068-consensus	NODE_47_length_23080_cov_16.523643	41.04	134	71	8	108	236	22632	23021	2.1e-18	98.4
NCVOG1068-consensus	NODE_4130_length_1803_cov_5.741599	38.94	208	56	71	102	238	763	151	4.3e-11	70.5
NCVOG2643-consensus	NODE_354_length_6227_cov_3.672033	28.57	280	170	30	5	264	5282	4476	1.9e-13	80.2
NCVOG0613-consensus	NODE_7131_length_1271_cov_4.772194	33.12	154	76	27	1	128	742	1197	1.6e-16	87.1
NCVOG0613-consensus	NODE_70_length_17896_cov_3.739267	34.74	95	58	4	39	129	14451	14732	1.8e-11	74.1
NCVOG4523-consensus	NODE_49_length_22376_cov_3.880309	29.44	1036	456	275	1	838	19212	22069	1.6e-19	104.2
NCVOG4523-consensus	NODE_7137_length_1270_cov_7.472758	31.49	235	137	24	15	241	141	790	7.8e-18	94.5
NCVOG1353-consensus	NODE_3135_length_2085_cov_6.818725	55.26	532	170	68	67	531	493	2080	4.8e-134	480.8
NCVOG1353-consensus	NODE_16913_length_586_cov_7.705305	64.25	193	68	1	538	730	10	582	7.4e-84	312.3
NCVOG1353-consensus	NODE_81122_length_161_cov_3.190476	66.04	53	18	0	507	559	161	6	3e-20	99.1
NCVOG1353-consensus	NODE_80957_length_161_cov_3.833333	66.04	53	18	0	507	559	161	6	3e-20	99.1
NCVOG1353-consensus	NODE_5099_length_1591_cov_7.219287	50.00	72	30	6	734	800	1591	1382	4.7e-15	85.2
NCVOG4445-consensus	NODE_3109_length_2089_cov_5.022333	31.80	261	150	28	129	377	1894	1163	6.4e-14	80.7
NCVOG4445-consensus	NODE_4785_length_1659_cov_7.484829	25.32	316	217	19	77	382	1332	415	6.3e-12	73.8
NCVOG4445-consensus	NODE_16155_length_614_cov_8.167598	32.39	142	87	9	253	385	1	423	1.3e-11	71.4
NCVOG4445-consensus	NODE_6591_length_1349_cov_7.025157	28.29	258	170	15	102	350	7	759	2e-11	71.8
NCVOG4445-consensus	NODE_592_length_4764_cov_9.784084	24.68	312	204	31	96	385	1665	762	7.6e-11	71.7
NCVOG4045-consensus	NODE_53_length_21210_cov_3.832679	25.82	368	199	74	79	379	4941	3868	2.1e-16	92.3
NCVOG0243-consensus	NODE_1625_length_2872_cov_6.579249	27.68	419	242	61	26	392	1507	285	1.4e-22	110.0
NCVOG0055-consensus	NODE_5517_length_1517_cov_5.572917	31.06	264	156	26	151	393	1148	387	8.2e-22	106.7
NCVOG0055-consensus	NODE_111_length_12315_cov_6.385244	33.94	221	133	13	193	403	5635	5001	8.6e-19	99.7
NCVOG4105-consensus	NODE_1883_length_2678_cov_7.050365	42.63	190	90	19	7	177	2101	2667	2.3e-31	140.6
NCVOG4105-consensus	NODE_15736_length_631_cov_7.729242	43.46	214	97	24	544	738	1	620	4.2e-21	104.4
NCVOG4105-consensus	NODE_33798_length_297_cov_2.222727	50.52	97	29	19	490	567	296	9	8.5e-19	95.6
NCVOG4105-consensus	NODE_112663_length_155_cov_2.884615	58.33	48	19	1	464	510	149	9	1.4e-14	80.7
NCVOG4105-consensus	NODE_80736_length_161_cov_4.738095	58.33	48	19	1	464	510	13	153	1.5e-14	80.6
NCVOG4105-consensus	NODE_30110_length_328_cov_4.454183	48.57	105	35	19	464	549	322	15	3.3e-14	80.5
NCVOG4105-consensus	NODE_127917_length_125_cov_8.041667	62.50	40	15	0	528	567	125	9	2.1e-11	69.9
NCVOG1045-consensus	NODE_10596_length_929_cov_4.526995	33.90	118	73	5	406	522	586	924	1e-17	92.8
NCVOG1045-consensus	NODE_13543_length_737_cov_10.028788	30.11	186	114	16	328	504	536	7	2.9e-12	74.3
NCVOG0225-consensus	NODE_3677_length_1925_cov_12.224567	28.47	137	89	9	109	236	725	1132	2.6e-12	75.0
NCVOG0305-consensus	NODE_163_length_9494_cov_3.558883	30.25	324	209	17	753	1064	3076	2127	1e-11	77.6
NCVOG0248-consensus	NODE_2700_length_2249_cov_5.521639	27.69	455	247	82	98	490	950	2235	4e-19	98.5
NCVOG0248-consensus	NODE_16385_length_606_cov_4.916824	50.00	74	35	2	416	489	166	378	3e-17	90.4
NCVOG0248-consensus	NODE_34601_length_291_cov_3.621495	55.93	59	26	0	406	464	110	283	3e-14	79.4
NCVOG0248-consensus	NODE_28126_length_349_cov_4.198529	46.84	79	38	4	406	480	238	5	3.2e-14	79.6
NCVOG0248-consensus	NODE_909_length_3823_cov_6.529899	29.56	504	239	116	88	486	1224	2685	4.3e-14	82.6
NCVOG0248-consensus	NODE_1106_length_3440_cov_6.910497	47.37	76	36	4	416	487	3422	3198	3.3e-12	76.2
NCVOG4804-consensus	NODE_17047_length_582_cov_5.184158	66.67	111	35	2	72	180	374	45	2e-30	132.8
NCVOG4804-consensus	NODE_10460_length_939_cov_7.558005	61.18	85	31	2	72	154	683	934	5.5e-19	95.5
NCVOG4804-consensus	NODE_98973_length_155_cov_4.653846	68.63	51	16	0	104	154	155	6	2.8e-13	73.9
NCVOG4804-consensus	NODE_86192_length_155_cov_11.410256	66.67	51	17	0	100	150	155	6	4.1e-13	73.4
NCVOG4804-consensus	NODE_120370_length_146_cov_6.043478	66.67	48	16	0	99	146	1	141	1.7e-12	71.2
NCVOG4804-consensus	NODE_121465_length_143_cov_4.303030	65.96	47	16	0	104	150	1	138	3e-11	67.1
NCVOG0282-consensus	NODE_1682_length_2832_cov_6.143376	32.40	250	139	30	379	603	2796	2067	1.3e-12	78.1
NCVOG0844-consensus	NODE_2079_length_2546_cov_6.445930	30.63	271	169	19	5	263	1919	1137	1.2e-25	119.5
NCVOG0844-consensus	NODE_7133_length_1270_cov_9.284996	32.54	169	100	14	2	165	482	6	1.8e-17	91.3
NCVOG0844-consensus	NODE_1233_length_3254_cov_8.842934	36.92	130	75	7	5	134	1744	2109	2.8e-17	92.0
NCVOG0844-consensus	NODE_1233_length_3254_cov_8.842934	36.11	144	79	13	1	131	64	484	1.7e-13	79.5
NCVOG0844-consensus	NODE_657_length_4462_cov_5.445154	23.95	263	180	20	5	257	4312	3557	2.6e-13	79.3
NCVOG0844-consensus	NODE_38567_length_267_cov_4.868421	38.30	94	48	10	5	96	264	10	4.7e-11	67.7
NCVOG2963-consensus	NODE_5197_length_1574_cov_5.323313	29.15	319	194	32	22	322	1321	414	8.7e-12	73.0
NCVOG4883-consensus	NODE_10761_length_917_cov_6.458333	37.22	309	178	16	48	350	17	906	2.1e-47	191.0
NCVOG0360-consensus	NODE_3119_length_2090_cov_7.615996	48.89	225	114	1	95	319	2090	1422	5.8e-61	236.7
NCVOG0360-consensus	NODE_1716_length_2795_cov_4.708241	26.54	324	193	45	24	305	1777	2736	4.7e-12	74.7
NCVOG0360-consensus	NODE_45513_length_236_cov_4.622642	40.00	75	45	0	157	231	1	222	2.7e-11	68.6
NCVOG0979-consensus	NODE_208_length_8249_cov_9.817915	43.35	406	168	62	13	364	1465	281	2.1e-61	240.4
NCVOG0699-consensus	NODE_4892_length_1638_cov_7.928251	26.20	229	159	10	205	424	665	1345	8.9e-14	80.2
NCVOG0699-consensus	NODE_8160_length_1144_cov_6.259606	24.86	362	238	34	89	426	59	1111	5.4e-11	70.4
NCVOG4274-consensus	NODE_1572_length_2922_cov_6.369420	20.78	722	525	47	97	807	283	2331	4.6e-14	82.8
NCVOG4274-consensus	NODE_3027_length_2121_cov_6.244618	22.53	537	368	48	305	814	1882	348	3.3e-13	79.5
NCVOG2734-consensus	NODE_3581_length_1951_cov_11.279616	23.95	334	237	17	32	361	244	1203	1.5e-19	100.3
NCVOG2734-consensus	NODE_1054_length_3535_cov_7.262290	25.63	394	269	24	21	405	1604	2733	7e-19	98.9
NCVOG2734-consensus	NODE_1054_length_3535_cov_7.262290	22.44	254	189	8	34	285	749	1489	3.8e-13	79.8
NCVOG2734-consensus	NODE_7569_length_1213_cov_10.216549	27.64	199	136	8	67	262	196	770	6e-16	87.6
NCVOG2734-consensus	NODE_2373_length_2391_cov_6.280467	28.72	195	131	8	66	258	220	783	2.6e-15	86.4
NCVOG2734-consensus	NODE_125_length_11088_cov_5.999092	26.91	249	171	11	32	276	5385	4663	9e-14	83.6
NCVOG2734-consensus	NODE_125_length_11088_cov_5.999092	29.58	311	197	22	82	381	6538	5650	9e-14	83.6
NCVOG2734-consensus	NODE_12911_length_776_cov_12.148784	25.62	203	143	8	70	270	67	654	1.9e-13	78.6
NCVOG2734-consensus	NODE_12371_length_814_cov_9.602442	22.76	246	182	8	31	274	72	788	2.2e-12	75.2
NCVOG2734-consensus	NODE_3408_length_1999_cov_9.104058	28.49	179	124	4	99	273	659	126	7.2e-12	74.8
NCVOG2734-consensus	NODE_73_length_17457_cov_3.790276	25.10	247	177	8	31	275	1640	921	1.1e-11	77.2
NCVOG2734-consensus	NODE_18052_length_547_cov_11.189362	27.56	156	111	2	116	269	532	68	3.7e-11	70.5
NCVOG0274-consensus	NODE_5767_length_1476_cov_10.140916	33.93	504	272	61	680	1141	1456	9	8.7e-38	161.4
NCVOG0274-consensus	NODE_11632_length_861_cov_11.448980	52.90	138	48	17	734	854	1	409	2.6e-23	112.5
NCVOG0274-consensus	NODE_8_length_82089_cov_3.539945	32.02	1477	732	272	68	1298	44276	39945	5.7e-22	114.7
NCVOG0274-consensus	NODE_14217_length_701_cov_8.283654	44.71	208	90	25	385	576	683	90	2e-20	102.6
NCVOG0274-consensus	NODE_49459_length_224_cov_6.353741	54.79	73	33	0	1261	1333	224	9	8.2e-18	92.3
NCVOG0274-consensus	NODE_82816_length_158_cov_6.753086	73.08	52	14	0	317	368	1	153	1.6e-16	87.5
NCVOG0274-consensus	NODE_83125_length_158_cov_4.913580	73.08	52	14	0	317	368	1	153	1.6e-16	87.5
NCVOG0274-consensus	NODE_17858_length_553_cov_11.086134	34.72	144	72	22	34	155	550	122	4e-14	81.4
NCVOG0274-consensus	NODE_88491_length_155_cov_7.217949	68.00	50	16	0	990	1039	155	9	4.9e-14	79.3
NCVOG0274-consensus	NODE_92613_length_155_cov_5.769231	68.00	50	16	0	990	1039	155	9	4.9e-14	79.3
NCVOG0274-consensus	NODE_59129_length_200_cov_8.154472	83.72	43	7	0	971	1013	131	6	1.8e-13	77.7
NCVOG0274-consensus	NODE_50703_length_221_cov_5.694444	53.73	67	31	0	475	541	221	24	5.2e-13	76.4
NCVOG0274-consensus	NODE_17120_length_579_cov_9.272908	37.70	191	86	33	313	470	579	12	8.6e-13	77.0
NCVOG0274-consensus	NODE_34784_length_290_cov_3.230047	56.99	93	25	15	415	492	287	12	5.9e-12	73.3
NCVOG0274-consensus	NODE_131772_length_116_cov_11.179487	84.21	38	6	0	977	1014	1	111	1.4e-11	70.7
NCVOG0274-consensus	NODE_55434_length_209_cov_6.378788	58.82	51	21	0	799	849	209	60	3.3e-11	70.3
NCVOG0274-consensus	NODE_39236_length_263_cov_13.000000	36.47	85	54	0	589	673	1	252	4.1e-11	70.3
NCVOG0274-consensus	NODE_77125_length_167_cov_2.700000	47.27	55	29	0	734	788	1	162	6.4e-11	69.0
NCVOG0074-consensus	NODE_1776_length_2756_cov_10.280328	61.77	586	221	3	55	637	2736	982	9.2e-212	739.1
NCVOG0074-consensus	NODE_880_length_3865_cov_9.036157	47.17	600	277	40	27	599	1762	9	2.7e-127	459.0
NCVOG0074-consensus	NODE_1926_length_2650_cov_11.486203	54.97	362	160	3	251	610	5	1084	2.1e-110	402.4
NCVOG0074-consensus	NODE_1395_length_3076_cov_8.203401	59.20	299	115	7	15	307	2181	3071	1.5e-96	356.5
NCVOG0074-consensus	NODE_15697_length_633_cov_3.967626	65.40	211	70	3	30	238	633	7	5.4e-78	292.6
NCVOG0074-consensus	NODE_11974_length_840_cov_5.310616	39.78	269	159	3	255	523	38	832	3.7e-56	220.5
NCVOG0074-consensus	NODE_32_length_35834_cov_3.703527	34.63	514	296	40	24	506	13727	12220	7.2e-54	218.3
NCVOG0074-consensus	NODE_22471_length_429_cov_8.281250	69.01	142	43	1	133	274	6	425	1.1e-52	207.9
NCVOG0074-consensus	NODE_12333_length_818_cov_8.851552	48.40	188	94	3	14	199	257	814	1.5e-45	185.2
NCVOG0074-consensus	NODE_25871_length_375_cov_7.714765	57.48	127	52	2	283	409	375	4	2.1e-37	157.0
NCVOG0074-consensus	NODE_25514_length_380_cov_4.046205	55.47	128	55	2	283	410	380	6	1.9e-36	153.9
NCVOG0074-consensus	NODE_1180_length_3330_cov_4.881955	33.18	440	242	52	15	404	1599	2905	1.9e-31	140.3
NCVOG0074-consensus	NODE_37387_length_273_cov_11.397959	65.93	91	31	0	66	156	1	270	2e-30	133.4
NCVOG0074-consensus	NODE_23249_length_415_cov_4.458580	41.27	126	74	0	255	380	38	412	9.1e-26	118.5
NCVOG0074-consensus	NODE_52961_length_215_cov_6.188406	67.14	70	23	0	20	89	1	207	1.4e-23	110.3
NCVOG0074-consensus	NODE_53003_length_215_cov_5.695652	67.14	70	23	0	20	89	1	207	1.4e-23	110.3
NCVOG0074-consensus	NODE_39128_length_264_cov_5.278075	53.49	86	40	0	103	188	263	9	3.6e-21	102.6
NCVOG0074-consensus	NODE_426_length_5635_cov_4.326196	23.40	564	391	41	3	539	2214	570	1.1e-19	102.0
NCVOG0074-consensus	NODE_35151_length_287_cov_5.657143	45.83	96	49	3	174	267	2	283	4e-17	89.2
NCVOG0074-consensus	NODE_36784_length_277_cov_4.830000	46.74	92	46	3	174	263	276	7	7.3e-17	88.3
NCVOG0074-consensus	NODE_61247_length_196_cov_4.563025	58.33	60	25	0	389	448	182	6	1.9e-16	86.5
NCVOG0074-consensus	NODE_63371_length_191_cov_6.587719	61.29	62	24	0	402	463	191	9	2.2e-16	86.2
NCVOG0074-consensus	NODE_12622_length_797_cov_5.238889	25.10	255	170	21	3	243	13	753	4.4e-16	87.3
NCVOG0074-consensus	NODE_7804_length_1186_cov_5.639315	33.12	160	99	8	462	620	645	1098	4.8e-13	77.7
NCVOG0074-consensus	NODE_82447_length_159_cov_3.426829	59.62	52	21	0	424	475	1	153	8.1e-13	74.1
NCVOG0074-consensus	NODE_121508_length_143_cov_3.727273	63.83	47	17	0	402	448	143	6	3.1e-12	72.0
NCVOG0074-consensus	NODE_34434_length_292_cov_5.009302	50.00	62	30	1	14	74	188	6	2.5e-11	70.0
NCVOG0074-consensus	NODE_74330_length_171_cov_3.127660	56.36	55	24	0	450	504	171	10	3e-11	69.0
NCVOG1299-consensus	NODE_1078_length_3495_cov_6.023113	51.96	102	31	18	64	147	40	338	1.5e-16	88.9
NCVOG1299-consensus	NODE_5440_length_1529_cov_4.763774	66.67	45	15	0	102	146	1529	1398	1.9e-12	74.0
NCVOG1299-consensus	NODE_14225_length_701_cov_5.902244	47.20	125	32	34	56	146	241	608	1.9e-12	72.9
NCVOG1299-consensus	NODE_102758_length_155_cov_4.179487	64.44	45	16	0	82	126	155	24	3.5e-12	69.9
NCVOG0542-consensus	NODE_6506_length_1361_cov_2.899533	31.77	192	107	24	1	168	219	787	1.5e-12	74.5
NCVOG1196-consensus	NODE_56_length_20249_cov_7.498017	22.20	829	576	69	187	981	5172	2804	8.5e-11	75.2
NCVOG0064-consensus	NODE_18277_length_539_cov_8.432900	31.62	136	88	5	23	156	31	426	1e-15	85.1
NCVOG0064-consensus	NODE_11588_length_865_cov_6.006345	32.74	168	76	37	24	154	835	335	1.1e-11	72.4
NCVOG0064-consensus	NODE_9463_length_1017_cov_9.923404	26.28	293	173	43	74	333	995	154	3.4e-11	71.0
NCVOG1354-consensus	NODE_3748_length_1906_cov_5.944232	28.79	264	161	27	167	423	1349	623	2.4e-13	78.9
NCVOG4414-consensus	NODE_16155_length_614_cov_8.167598	29.68	155	92	17	85	227	1	447	5.8e-11	68.7
NCVOG4324-consensus	NODE_14887_length_668_cov_6.664975	37.22	223	131	9	333	550	659	6	6.4e-38	159.5
NCVOG4324-consensus	NODE_19055_length_514_cov_3.951945	39.33	89	53	1	535	622	499	236	1.2e-13	78.6
NCVOG4324-consensus	NODE_104066_length_155_cov_4.025641	48.00	50	26	0	305	354	152	6	4.6e-12	71.5
NCVOG4324-consensus	NODE_92905_length_155_cov_5.705128	48.00	50	26	0	305	354	152	6	4.6e-12	71.5
NCVOG4134-consensus	NODE_13201_length_757_cov_9.616176	32.94	252	117	52	58	263	22	752	1.7e-21	104.7
NCVOG4134-consensus	NODE_36103_length_281_cov_5.372549	35.96	89	50	7	58	142	260	6	1.3e-11	70.4
NCVOG0244-consensus	NODE_7569_length_1213_cov_10.216549	25.66	226	159	9	31	248	7	678	8.6e-13	76.8
NCVOG0244-consensus	NODE_14_length_56708_cov_3.749042	28.50	214	146	7	194	400	55219	55857	9.4e-11	75.6
NCVOG0004-consensus	NODE_1009_length_3597_cov_6.129261	30.67	163	100	13	123	285	3083	2637	2.4e-21	106.9
NCVOG2972-consensus	NODE_8043_length_1156_cov_5.075070	27.04	270	166	31	78	324	88	864	4.4e-20	100.3
NCVOG2972-consensus	NODE_14088_length_708_cov_3.690967	27.60	221	143	17	78	289	5	636	3.6e-15	83.3
NCVOG0276-consensus	NODE_1931_length_2647_cov_8.752140	57.89	380	97	63	36	352	2329	1199	1.6e-80	302.2
NCVOG2204-consensus	NODE_46_length_23250_cov_3.244897	34.78	322	168	42	152	437	21169	22111	9.5e-32	143.6
NCVOG2204-consensus	NODE_9187_length_1040_cov_10.002077	33.99	203	116	18	224	410	1040	441	1.1e-31	138.9
NCVOG2204-consensus	NODE_15641_length_635_cov_7.311828	34.13	208	110	27	218	404	608	6	2e-25	117.5
NCVOG2204-consensus	NODE_43232_length_245_cov_4.779762	35.80	81	48	4	247	324	4	240	2.3e-11	69.4
NCVOG4665-consensus	NODE_2_length_120797_cov_3.598931	40.20	204	108	14	322	514	93101	93678	7.5e-12	80.2
NCVOG1060-consensus	NODE_7919_length_1172_cov_6.294064	34.44	180	111	7	168	346	21	539	2.2e-21	104.8
NCVOG1060-consensus	NODE_38885_length_266_cov_3.132275	44.05	84	47	0	195	278	254	6	2.4e-16	85.9
NCVOG4966-consensus	NODE_5197_length_1574_cov_5.323313	29.83	352	206	41	55	377	1405	393	4.3e-13	77.9
NCVOG0030-consensus	NODE_728_length_4264_cov_6.150705	30.93	540	238	135	64	489	1608	59	2e-38	164.1
NCVOG0030-consensus	NODE_4358_length_1749_cov_6.061005	34.32	271	142	36	267	502	403	1209	2.3e-28	129.4
NCVOG0030-consensus	NODE_37615_length_272_cov_5.830769	57.30	89	38	0	335	423	4	267	2.2e-26	120.2
NCVOG0030-consensus	NODE_2670_length_2261_cov_4.251832	40.43	188	77	35	14	179	525	6	1.2e-22	110.9
NCVOG0030-consensus	NODE_44033_length_242_cov_4.381818	50.00	62	31	0	159	220	230	48	9.2e-16	84.7
NCVOG0030-consensus	NODE_860_length_3940_cov_6.933471	28.64	419	241	58	68	472	3749	2628	2e-12	77.7
NCVOG0030-consensus	NODE_29673_length_332_cov_11.847059	34.83	89	56	2	342	428	4	267	8.9e-11	68.6
NCVOG4494-consensus	NODE_2077_length_2543_cov_5.710121	37.07	205	126	3	15	216	1693	2304	8.8e-20	100.9
NCVOG4494-consensus	NODE_4497_length_1719_cov_4.487211	39.37	221	125	9	21	232	364	1023	3.7e-17	91.6
NCVOG4494-consensus	NODE_1971_length_2622_cov_6.386640	40.11	187	106	6	19	199	1870	2427	6.4e-15	84.8
NCVOG4494-consensus	NODE_930_length_3775_cov_9.849919	37.25	298	148	39	54	342	1879	1079	1.3e-14	84.4
NCVOG4494-consensus	NODE_135_length_10598_cov_6.073750	33.57	283	160	28	60	327	2527	3333	1.2e-13	82.6
NCVOG4494-consensus	NODE_12078_length_833_cov_5.380952	35.05	214	130	9	21	225	722	84	1.6e-13	78.5
NCVOG4494-consensus	NODE_14267_length_699_cov_6.565916	43.75	160	84	6	42	195	590	114	3.3e-13	77.2
NCVOG4494-consensus	NODE_7753_length_1191_cov_6.989228	37.43	187	110	7	37	216	713	156	4.4e-13	77.6
NCVOG4494-consensus	NODE_273_length_7201_cov_9.630966	39.07	215	121	10	21	225	5053	5694	3e-12	77.4
NCVOG4494-consensus	NODE_3069_length_2105_cov_7.049310	30.77	260	166	14	28	283	975	229	6.5e-12	74.5
NCVOG4494-consensus	NODE_4510_length_1716_cov_5.184259	33.47	248	156	9	21	263	302	1030	7.7e-12	74.0
NCVOG4494-consensus	NODE_2356_length_2401_cov_5.000861	34.78	230	134	16	3	220	1396	2066	1.2e-11	73.8
NCVOG4494-consensus	NODE_460_length_5399_cov_3.534761	32.75	287	172	21	37	311	907	77	2.9e-11	73.7
NCVOG4494-consensus	NODE_5716_length_1485_cov_4.298295	30.26	271	167	22	55	311	1480	695	3e-11	71.8
NCVOG2946-consensus	NODE_6168_length_1410_cov_5.038260	25.25	202	138	13	143	337	58	640	2.2e-12	75.6
NCVOG0077-consensus	NODE_9209_length_1038_cov_10.620187	39.42	137	73	10	582	710	28	429	2.8e-19	98.4
NCVOG0077-consensus	NODE_146_length_9994_cov_4.256832	27.63	503	241	123	333	714	8101	9598	3.9e-16	91.2
NCVOG0077-consensus	NODE_40321_length_258_cov_7.469613	50.00	62	24	7	619	673	10	192	3.9e-11	69.4
NCVOG0077-consensus	NODE_7207_length_1260_cov_8.465765	38.71	93	54	3	622	711	1260	985	8.8e-11	70.5
NCVOG0267-consensus	NODE_5163_length_1580_cov_9.439787	27.38	493	302	56	291	748	115	1527	3.7e-32	142.5
NCVOG0267-consensus	NODE_15040_length_662_cov_4.608547	34.38	160	98	7	560	718	184	642	7.5e-20	100.3
NCVOG0267-consensus	NODE_16519_length_601_cov_5.374046	29.41	170	112	8	567	733	583	92	2.8e-19	98.3
NCVOG0267-consensus	NODE_20639_length_470_cov_5.587786	29.68	155	101	8	567	718	452	6	3e-19	97.9
NCVOG0267-consensus	NODE_2706_length_2247_cov_8.044240	28.57	385	222	53	327	675	1408	314	4.2e-18	96.3
NCVOG0267-consensus	NODE_13915_length_716_cov_7.625978	29.63	216	125	27	468	668	100	708	2.8e-17	91.9
NCVOG0267-consensus	NODE_10222_length_956_cov_4.196815	28.63	262	154	33	266	512	919	191	9.9e-16	87.2
NCVOG0267-consensus	NODE_5523_length_1516_cov_7.136206	31.69	183	107	18	336	512	422	931	1.1e-14	84.5
NCVOG0267-consensus	NODE_1057_length_3529_cov_7.849363	25.23	444	263	69	282	670	1033	2317	1.8e-14	84.9
NCVOG0267-consensus	NODE_9992_length_975_cov_5.051225	28.00	200	129	15	341	534	125	694	9.5e-14	80.6
NCVOG0267-consensus	NODE_7014_length_1285_cov_8.724338	41.18	85	49	1	598	682	169	417	9.6e-14	81.0
NCVOG0267-consensus	NODE_10564_length_931_cov_6.400468	26.87	227	133	33	468	668	924	268	1.4e-12	76.7
NCVOG0267-consensus	NODE_69323_length_179_cov_6.490196	50.85	59	29	0	604	662	179	6	1.7e-12	74.0
NCVOG0267-consensus	NODE_22387_length_431_cov_4.522599	47.22	72	38	0	597	668	422	210	5.4e-12	73.6
NCVOG0267-consensus	NODE_22372_length_431_cov_8.533898	47.22	72	38	0	597	668	422	210	5.4e-12	73.6
NCVOG0267-consensus	NODE_17181_length_577_cov_10.256000	33.15	178	97	22	315	477	54	553	1.2e-11	72.9
NCVOG4357-consensus	NODE_5905_length_1452_cov_9.892364	43.65	181	97	5	308	487	837	310	8.4e-35	150.0
NCVOG4357-consensus	NODE_15065_length_660_cov_9.252144	41.45	193	107	6	22	214	59	616	2.1e-34	147.5
NCVOG4357-consensus	NODE_16658_length_596_cov_3.815029	41.41	198	103	13	276	471	22	579	6.1e-34	145.8
NCVOG4357-consensus	NODE_6300_length_1392_cov_4.267681	41.44	181	101	5	302	480	58	588	9.4e-34	146.4
NCVOG4357-consensus	NODE_8534_length_1104_cov_8.120740	41.36	191	105	7	299	487	463	1013	2.1e-32	141.6
NCVOG4357-consensus	NODE_2279_length_2441_cov_3.961083	39.05	210	121	7	6	214	989	381	5.5e-31	138.0
NCVOG4357-consensus	NODE_760_length_4160_cov_5.185403	33.15	531	293	62	6	480	2256	685	1.1e-29	134.5
NCVOG4357-consensus	NODE_760_length_4160_cov_5.185403	30.98	510	288	64	27	478	4160	2652	2.2e-23	113.5
NCVOG4357-consensus	NODE_760_length_4160_cov_5.185403	42.20	109	63	0	6	114	329	6	3.5e-15	86.3
NCVOG4357-consensus	NODE_411_length_5759_cov_6.467441	30.61	477	220	111	6	480	1375	2475	9.8e-27	125.1
NCVOG4357-consensus	NODE_17303_length_573_cov_3.665323	43.41	129	69	4	299	427	194	565	2.4e-23	110.6
NCVOG4357-consensus	NODE_22536_length_428_cov_4.920228	42.95	149	72	13	264	410	425	15	6.1e-23	108.8
NCVOG4357-consensus	NODE_8202_length_1139_cov_11.478343	30.33	389	195	76	63	388	10	1134	1.2e-22	109.2
NCVOG4357-consensus	NODE_32177_length_309_cov_7.586207	46.46	99	53	0	22	120	8	301	4.8e-19	95.4
NCVOG4357-consensus	NODE_9565_length_1010_cov_6.541265	30.23	344	176	64	110	398	1007	6	8.9e-19	96.2
NCVOG4357-consensus	NODE_19866_length_490_cov_3.104116	34.78	161	98	7	55	214	12	473	2.5e-18	93.7
NCVOG4357-consensus	NODE_21423_length_450_cov_12.638070	42.42	99	56	1	390	487	450	157	4.6e-15	82.7
NCVOG4357-consensus	NODE_27860_length_352_cov_3.825455	38.89	126	63	14	257	379	7	348	1e-13	77.9
NCVOG4357-consensus	NODE_43187_length_245_cov_5.601190	58.18	55	23	0	302	356	173	12	5.3e-13	75.0
NCVOG4357-consensus	NODE_43280_length_245_cov_4.244048	58.18	55	23	0	302	356	173	12	5.3e-13	75.0
NCVOG4357-consensus	NODE_12625_length_797_cov_4.040278	30.95	126	80	7	90	214	797	441	1.2e-11	72.2
NCVOG4357-consensus	NODE_31726_length_313_cov_4.004237	34.91	106	63	6	55	160	302	6	2.2e-11	69.9
NCVOG4357-consensus	NODE_42402_length_248_cov_10.830409	39.51	81	49	0	37	117	1	240	2.2e-11	69.6
NCVOG4357-consensus	NODE_39886_length_260_cov_8.147541	41.25	80	43	4	299	378	31	255	2.4e-11	69.5
NCVOG4357-consensus	NODE_42606_length_248_cov_4.058480	42.17	83	40	8	276	358	22	243	4.2e-11	68.7
NCVOG4357-consensus	NODE_39256_length_263_cov_8.354839	49.21	63	30	2	296	356	191	6	4.6e-11	68.6
NCVOG4357-consensus	NODE_53832_length_213_cov_6.573529	46.38	69	36	1	406	473	213	10	7.3e-11	67.7
NCVOG4357-consensus	NODE_54047_length_213_cov_3.397059	46.38	69	36	1	406	473	213	10	7.3e-11	67.7
NCVOG0517-consensus	NODE_5197_length_1574_cov_5.323313	32.44	262	149	28	99	334	1193	417	5.1e-14	80.5
NCVOG0046-consensus	NODE_4704_length_1675_cov_7.397997	44.57	92	47	4	6	96	979	1242	1.8e-17	92.0
NCVOG0046-consensus	NODE_61984_length_194_cov_5.350427	53.12	64	29	1	8	70	194	6	2.2e-16	85.2
NCVOG0046-consensus	NODE_80577_length_161_cov_5.571429	64.15	53	17	2	22	72	161	6	6e-15	80.2
NCVOG0046-consensus	NODE_81055_length_161_cov_3.452381	64.15	53	17	2	22	72	161	6	6e-15	80.2
NCVOG0046-consensus	NODE_25784_length_376_cov_10.334448	48.33	60	31	0	5	64	181	5	1.2e-11	70.5
NCVOG1337-consensus	NODE_202_length_8393_cov_9.426287	30.80	250	139	34	29	249	1758	1029	7.2e-21	105.3
NCVOG1337-consensus	NODE_202_length_8393_cov_9.426287	30.56	252	132	43	34	249	3121	2392	1.8e-20	104.0
NCVOG0037-consensus	NODE_33836_length_296_cov_6.433790	68.75	96	30	0	646	741	296	12	6.1e-40	165.9
NCVOG0037-consensus	NODE_13901_length_717_cov_4.520313	50.70	215	81	25	295	485	644	6	3.2e-35	151.5
NCVOG0037-consensus	NODE_5734_length_1482_cov_6.011388	54.22	166	58	18	6	153	987	1477	3.2e-25	119.3
NCVOG0037-consensus	NODE_11196_length_889_cov_4.112069	37.23	282	124	53	741	969	870	36	4e-25	118.2
NCVOG0037-consensus	NODE_76663_length_167_cov_4.911111	54.55	55	25	0	616	670	167	6	1.4e-15	84.1
NCVOG0037-consensus	NODE_76998_length_167_cov_3.322222	54.55	55	25	0	616	670	167	6	1.4e-15	84.1
NCVOG0037-consensus	NODE_24586_length_393_cov_4.227848	40.15	132	59	20	129	241	393	6	6.2e-12	73.2
NCVOG0037-consensus	NODE_24579_length_393_cov_4.563291	39.39	132	60	20	129	241	393	6	1e-11	72.5
NCVOG0778-consensus	NODE_11517_length_870_cov_5.039092	39.58	240	140	5	265	502	1	708	7.4e-58	226.0
NCVOG0778-consensus	NODE_24244_length_398_cov_7.199377	45.80	131	71	0	295	425	1	390	1.2e-35	151.1
NCVOG0778-consensus	NODE_30894_length_320_cov_6.049383	30.30	99	66	3	404	502	317	33	1.9e-12	73.7
NCVOG0017-consensus	NODE_1764_length_2763_cov_5.684289	32.59	316	146	67	49	297	574	1514	2.3e-22	109.1
NCVOG0007-consensus	NODE_16590_length_598_cov_10.765835	31.93	166	106	7	144	304	1	489	2.2e-16	87.0
NCVOG0015-consensus	NODE_4299_length_1763_cov_8.682681	40.10	197	106	12	85	269	1336	753	2.9e-20	101.9
NCVOG0015-consensus	NODE_10619_length_927_cov_8.749412	37.62	210	120	11	89	287	753	127	2.1e-19	98.1
NCVOG0015-consensus	NODE_8815_length_1077_cov_3.746000	35.71	196	119	7	64	252	596	12	2.4e-19	98.2
NCVOG0015-consensus	NODE_7778_length_1188_cov_9.981998	34.67	225	129	18	58	270	212	861	2.4e-19	98.3
NCVOG0015-consensus	NODE_6415_length_1375_cov_5.552388	34.60	211	125	13	85	283	1341	719	2.6e-19	98.4
NCVOG0015-consensus	NODE_353_length_6242_cov_4.686780	31.78	321	191	28	90	383	4389	5337	4.1e-18	96.6
NCVOG0015-consensus	NODE_353_length_6242_cov_4.686780	37.43	171	98	9	94	255	3858	4367	8.7e-16	88.9
NCVOG0015-consensus	NODE_1473_length_3014_cov_4.661559	29.52	227	146	14	42	263	2562	1912	5.5e-17	91.8
NCVOG0015-consensus	NODE_3478_length_1978_cov_4.199369	34.74	213	128	11	88	289	1944	1309	1.1e-16	90.2
NCVOG0015-consensus	NODE_1554_length_2931_cov_8.931095	33.92	227	135	15	63	279	1378	716	1.6e-16	90.2
NCVOG0015-consensus	NODE_211_length_8234_cov_4.366802	33.71	175	109	7	88	255	7573	8094	1e-15	89.0
NCVOG0015-consensus	NODE_7067_length_1278_cov_9.885096	37.93	145	83	7	90	227	437	6	2.6e-14	81.7
NCVOG0015-consensus	NODE_4272_length_1770_cov_5.113408	37.06	170	99	8	77	238	519	17	1e-11	73.5
NCVOG0005-consensus	NODE_1732_length_2783_cov_6.558389	33.50	200	112	21	56	234	718	122	7.1e-17	91.3
NCVOG0005-consensus	NODE_9674_length_999_cov_9.892625	24.43	221	152	15	53	261	704	54	6.6e-15	83.2
NCVOG0005-consensus	NODE_3910_length_1861_cov_9.276906	29.12	285	180	22	62	326	486	1331	2.3e-11	72.4
NCVOG0486-consensus	NODE_23163_length_416_cov_12.035398	37.31	134	74	10	199	332	416	48	3.1e-21	102.7
NCVOG0486-consensus	NODE_3387_length_2005_cov_6.584544	30.50	200	116	23	191	376	14	583	3.1e-19	98.3
NCVOG0744-consensus	NODE_56_length_20249_cov_7.498017	28.57	448	251	69	107	486	16902	18239	4.2e-15	88.4
NCVOG0284-consensus	NODE_6600_length_1348_cov_5.326515	29.97	317	175	47	27	311	1033	133	2.6e-13	77.8
NCVOG0806-consensus	NODE_16773_length_591_cov_13.009728	46.71	152	74	7	303	447	591	139	5.8e-37	155.7
NCVOG0806-consensus	NODE_6009_length_1435_cov_5.703976	40.49	284	138	31	192	447	1318	479	7.9e-35	149.9
NCVOG0806-consensus	NODE_55513_length_209_cov_5.507576	57.97	69	28	1	184	251	1	204	1.6e-17	89.6
NCVOG0806-consensus	NODE_29929_length_330_cov_4.343874	50.91	110	34	20	226	315	3	325	3e-16	86.0
NCVOG0806-consensus	NODE_45446_length_236_cov_5.704403	39.74	78	46	1	128	204	1	231	1.3e-13	76.8
NCVOG0806-consensus	NODE_45390_length_236_cov_7.698113	39.74	78	46	1	128	204	1	231	1.3e-13	76.8
NCVOG0806-consensus	NODE_57051_length_206_cov_3.046512	57.14	49	21	0	235	283	4	147	2.9e-13	75.4
NCVOG0806-consensus	NODE_56972_length_206_cov_3.550388	57.14	49	21	0	235	283	4	147	2.9e-13	75.4
NCVOG0806-consensus	NODE_102384_length_155_cov_4.217949	60.00	50	19	1	197	245	152	6	5.8e-11	67.4
NCVOG0806-consensus	NODE_90942_length_155_cov_6.192308	60.47	43	17	0	285	327	25	150	5.8e-11	67.4
NCVOG0806-consensus	NODE_90018_length_155_cov_6.500000	60.00	50	19	1	197	245	152	6	5.8e-11	67.4
NCVOG4676-consensus	NODE_7569_length_1213_cov_10.216549	38.46	130	77	3	131	260	355	732	6.9e-11	69.6
NCVOG2958-consensus	NODE_5492_length_1520_cov_8.426888	33.86	127	82	2	148	272	18	395	4.5e-18	93.6
NCVOG0329-consensus	NODE_10368_length_946_cov_10.222094	54.55	88	33	7	1171	1251	673	933	2.8e-21	105.8
NCVOG0329-consensus	NODE_5512_length_1517_cov_14.030556	32.55	298	165	36	338	608	31	890	1.1e-13	81.3
NCVOG0329-consensus	NODE_386_length_5974_cov_5.473122	40.95	210	93	31	1119	1300	4759	5372	4.4e-11	74.6
NCVOG0329-consensus	NODE_11_length_74076_cov_3.769159	35.59	281	154	27	316	592	72962	73732	5.9e-11	77.8
NCVOG0029-consensus	NODE_31663_length_314_cov_2.949367	51.06	94	46	0	257	350	314	36	3.3e-24	112.7
NCVOG0029-consensus	NODE_9072_length_1052_cov_5.553846	31.81	349	190	48	53	356	1044	10	2.1e-18	95.1
NCVOG0029-consensus	NODE_107626_length_155_cov_3.576923	72.00	50	14	0	295	344	155	9	1.5e-17	89.6
NCVOG0029-consensus	NODE_105804_length_155_cov_3.807692	70.00	50	15	0	295	344	155	9	4.5e-17	88.0
NCVOG0029-consensus	NODE_736_length_4243_cov_4.975694	22.63	495	336	47	34	491	4142	2691	1.5e-12	77.7
NCVOG0029-consensus	NODE_3703_length_1919_cov_6.265472	32.12	495	202	134	73	440	187	1631	5.5e-12	74.7
NCVOG4154-consensus	NODE_13615_length_733_cov_6.772866	53.04	115	53	1	148	261	608	271	9.6e-13	75.0
NCVOG0242-consensus	NODE_20_length_49463_cov_3.606427	27.54	305	155	66	372	636	32352	33181	7.6e-12	79.2
NCVOG0326-consensus	NODE_656_length_4464_cov_4.133576	26.85	391	246	40	95	468	3427	2327	3.3e-30	136.3
NCVOG0036-consensus	NODE_4217_length_1784_cov_6.809607	34.62	208	105	31	122	303	1784	1179	1.1e-19	99.5
NCVOG0036-consensus	NODE_54257_length_212_cov_5.644444	50.77	65	31	1	151	214	206	15	3.9e-13	74.6
NCVOG2216-consensus	NODE_11797_length_851_cov_7.873385	49.35	77	38	1	52	128	751	527	4.5e-12	72.5
NCVOG0314-consensus	NODE_1028_length_3572_cov_6.003147	41.25	80	46	1	26	104	1247	1483	4.6e-13	76.8
NCVOG0222-consensus	NODE_2894_length_2170_cov_8.901577	30.33	455	309	8	57	507	1861	512	1.8e-33	146.1
NCVOG0222-consensus	NODE_3111_length_2091_cov_8.342105	30.02	433	292	11	72	504	125	1387	2.5e-32	142.3
NCVOG0222-consensus	NODE_11_length_74076_cov_3.769159	29.58	453	307	12	72	518	70493	69156	3.2e-30	140.5
NCVOG0222-consensus	NODE_11_length_74076_cov_3.769159	29.80	490	320	24	23	504	73837	72421	1.8e-30	141.3
NCVOG0222-consensus	NODE_11_length_74076_cov_3.769159	30.40	329	212	17	94	420	72411	71473	1.4e-16	95.2
NCVOG0222-consensus	NODE_1572_length_2922_cov_6.369420	25.10	490	359	8	24	511	534	1980	3e-29	132.6
NCVOG0222-consensus	NODE_1572_length_2922_cov_6.369420	29.65	317	217	6	143	458	1987	2917	1.7e-17	93.5
NCVOG0222-consensus	NODE_2312_length_2428_cov_4.556784	28.54	431	278	30	78	502	804	2021	1.1e-23	113.9
NCVOG0222-consensus	NODE_5512_length_1517_cov_14.030556	29.57	399	256	25	73	471	1127	9	2e-22	109.0
NCVOG0222-consensus	NODE_368_length_6105_cov_9.128069	26.88	398	266	25	102	495	1129	6	1.5e-18	98.1
NCVOG0222-consensus	NODE_6991_length_1289_cov_5.481848	35.23	281	168	14	150	429	480	1280	1.7e-18	95.7
NCVOG0222-consensus	NODE_2131_length_2516_cov_6.271423	25.22	341	239	16	111	443	1036	41	2.4e-15	86.2
NCVOG0222-consensus	NODE_15047_length_662_cov_2.618803	34.68	222	140	5	208	429	10	657	3.2e-15	83.8
NCVOG0222-consensus	NODE_2_length_120797_cov_3.598931	27.34	289	200	10	99	383	119936	120781	1.6e-13	85.7
NCVOG0222-consensus	NODE_4617_length_1693_cov_8.404703	24.83	294	220	1	90	383	140	1015	9.4e-13	77.0
NCVOG0222-consensus	NODE_12190_length_827_cov_3.994667	27.74	292	180	31	140	428	18	806	1.2e-12	75.7
NCVOG0222-consensus	NODE_9308_length_1030_cov_3.906611	29.72	249	162	13	197	444	7	714	9.5e-12	72.9
NCVOG0222-consensus	NODE_107_length_12574_cov_4.279267	20.65	460	331	34	6	455	2546	1242	1.8e-11	75.6
NCVOG0222-consensus	NODE_11795_length_851_cov_9.095607	27.47	273	185	13	179	450	851	72	2.4e-11	71.3
NCVOG0222-consensus	NODE_13800_length_723_cov_6.735294	22.95	244	182	6	193	435	717	4	2.4e-11	71.1
NCVOG0014-consensus	NODE_666_length_4449_cov_4.765096	28.23	333	226	13	27	353	3018	3988	2.2e-25	120.4
NCVOG0014-consensus	NODE_10619_length_927_cov_8.749412	31.75	211	144	0	131	341	918	289	1e-23	112.6
NCVOG0014-consensus	NODE_4299_length_1763_cov_8.682681	27.89	294	207	5	51	341	1403	537	2.4e-21	105.7
NCVOG0014-consensus	NODE_353_length_6242_cov_4.686780	27.63	228	165	0	114	341	3846	4526	1.5e-20	104.9
NCVOG0014-consensus	NODE_353_length_6242_cov_4.686780	25.91	328	226	17	163	484	4542	5471	1.8e-14	84.6
NCVOG0014-consensus	NODE_6415_length_1375_cov_5.552388	29.13	206	146	0	136	341	1372	758	1.1e-18	96.5
NCVOG0014-consensus	NODE_7778_length_1188_cov_9.981998	28.91	211	150	0	131	341	13	642	4.1e-18	94.4
NCVOG0014-consensus	NODE_3478_length_1978_cov_4.199369	26.60	203	149	0	139	341	1974	1369	3.5e-17	92.0
NCVOG0014-consensus	NODE_1554_length_2931_cov_8.931095	29.36	218	151	3	124	341	1171	530	1.2e-14	84.2
NCVOG0014-consensus	NODE_4272_length_1770_cov_5.113408	26.09	207	152	1	103	308	628	11	2.5e-14	82.4
NCVOG0014-consensus	NODE_4376_length_1747_cov_4.465868	26.67	180	130	2	128	306	540	7	4.3e-13	78.2
NCVOG0014-consensus	NODE_4975_length_1619_cov_6.295720	25.22	230	167	5	117	341	947	261	4.6e-13	78.0
NCVOG0014-consensus	NODE_14596_length_682_cov_5.581818	25.69	218	159	3	121	335	671	29	3.7e-12	73.8
NCVOG0014-consensus	NODE_7067_length_1278_cov_9.885096	30.26	152	105	1	106	257	461	12	5.7e-12	74.1
NCVOG0014-consensus	NODE_8815_length_1077_cov_3.746000	31.82	154	105	0	188	341	515	57	2.4e-11	71.7
NCVOG0002-consensus	NODE_482_length_5248_cov_5.813382	28.22	528	280	99	332	776	2343	815	4.2e-28	130.3
NCVOG0002-consensus	NODE_2945_length_2150_cov_9.368548	30.00	180	114	12	671	840	540	1070	4.8e-15	85.6
NCVOG0002-consensus	NODE_19681_length_494_cov_9.623501	28.77	146	101	3	420	564	482	54	1.2e-12	75.6
NCVOG4845-consensus	NODE_2153_length_2507_cov_9.357613	29.61	206	137	8	134	335	1669	2259	1.9e-15	86.8
NCVOG4845-consensus	NODE_642_length_4525_cov_8.642086	32.86	210	121	20	163	354	3563	4175	3.2e-15	86.9
NCVOG4845-consensus	NODE_642_length_4525_cov_8.642086	27.12	483	270	82	163	629	1626	2865	3.2e-15	86.9
NCVOG0585-consensus	NODE_7491_length_1223_cov_7.312391	33.22	283	155	34	250	511	409	1215	1.3e-16	89.4
NCVOG0743-consensus	NODE_4536_length_1711_cov_5.768054	27.03	222	155	7	35	251	196	852	8.4e-28	126.7
NCVOG0743-consensus	NODE_10016_length_973_cov_5.285714	25.45	165	118	5	90	251	970	485	1.3e-15	85.5
NCVOG2775-consensus	NODE_1054_length_3535_cov_7.262290	37.74	318	192	6	99	413	1301	2242	5.1e-31	138.9
NCVOG2775-consensus	NODE_1054_length_3535_cov_7.262290	34.35	294	181	12	109	393	419	1288	7.7e-23	111.7
NCVOG2775-consensus	NODE_125_length_11088_cov_5.999092	34.23	371	228	16	53	422	6411	5347	5.7e-30	137.1
NCVOG2775-consensus	NODE_125_length_11088_cov_5.999092	40.53	227	132	3	191	415	5343	4669	2.5e-18	98.4
NCVOG2775-consensus	NODE_12371_length_814_cov_9.602442	34.44	270	175	2	121	389	3	806	9.5e-29	129.2
NCVOG2775-consensus	NODE_3581_length_1951_cov_11.279616	36.67	330	195	14	82	402	241	1212	2.8e-27	125.6
NCVOG2775-consensus	NODE_2373_length_2391_cov_6.280467	33.23	313	206	3	110	420	13	943	6.1e-25	118.2
NCVOG2775-consensus	NODE_3408_length_1999_cov_9.104058	37.08	240	140	11	148	386	701	15	1.1e-22	110.4
NCVOG2775-consensus	NODE_7569_length_1213_cov_10.216549	35.46	251	153	9	115	358	1	744	9.8e-22	106.5
NCVOG2775-consensus	NODE_73_length_17457_cov_3.790276	34.94	312	198	5	94	402	1692	768	1.8e-21	109.5
NCVOG2775-consensus	NODE_16155_length_614_cov_8.167598	34.98	203	131	1	178	380	7	609	3.8e-21	103.6
NCVOG2775-consensus	NODE_15_length_56051_cov_3.449280	33.53	346	222	8	100	444	45730	46743	7.4e-21	109.1
NCVOG2775-consensus	NODE_3504_length_1971_cov_6.976241	34.47	322	183	28	116	429	1087	189	1.2e-20	103.7
NCVOG2775-consensus	NODE_12911_length_776_cov_12.148784	32.43	259	172	3	94	351	1	768	3.2e-20	100.8
NCVOG2775-consensus	NODE_14_length_56708_cov_3.749042	32.30	421	263	22	66	479	55174	56384	5.3e-20	106.3
NCVOG2775-consensus	NODE_18052_length_547_cov_11.189362	39.05	169	103	0	218	386	547	44	1.5e-19	98.1
NCVOG2775-consensus	NODE_19291_length_506_cov_5.550117	39.77	171	100	3	227	397	1	501	3.1e-18	93.6
NCVOG2775-consensus	NODE_20220_length_481_cov_3.844059	41.88	160	93	0	224	383	481	5	2e-17	90.9
NCVOG2775-consensus	NODE_16078_length_617_cov_11.237037	36.14	166	105	1	193	357	506	12	1.5e-16	88.4
NCVOG2775-consensus	NODE_592_length_4764_cov_9.784084	30.00	360	216	36	85	413	1833	774	6.5e-16	89.2
NCVOG2775-consensus	NODE_9480_length_1016_cov_11.952077	39.13	138	84	0	249	386	1014	604	2.7e-14	81.6
NCVOG2775-consensus	NODE_2_length_120797_cov_3.598931	25.36	422	295	20	1	417	60202	61415	1.2e-13	86.3
NCVOG2775-consensus	NODE_2264_length_2451_cov_6.505897	31.49	362	217	31	107	437	905	1981	1.4e-11	73.8
NCVOG2775-consensus	NODE_848_length_3974_cov_5.332820	27.29	447	251	74	114	492	802	2115	3.6e-11	73.1
NCVOG2775-consensus	NODE_13311_length_750_cov_9.115899	32.41	253	151	20	131	371	1	732	6.7e-11	69.8
NCVOG2775-consensus	NODE_37574_length_272_cov_8.200000	46.59	88	47	0	216	303	4	264	7.4e-11	68.2
NCVOG2775-consensus	NODE_37639_length_272_cov_5.338462	46.59	88	47	0	216	303	269	9	7.4e-11	68.2
NCVOG4904-consensus	NODE_1158_length_3358_cov_5.064919	26.35	315	211	21	88	390	1479	571	4.2e-11	73.0
NCVOG0893-consensus	NODE_8968_length_1061_cov_7.316057	32.66	346	215	18	150	483	1058	42	1.2e-53	212.8
NCVOG0893-consensus	NODE_17271_length_574_cov_6.476861	46.97	66	35	0	200	265	203	9	6.8e-12	73.2
NCVOG1175-consensus	NODE_656_length_4464_cov_4.133576	33.18	214	100	43	31	215	4156	3560	3.5e-14	81.9
NCVOG0729-consensus	NODE_2292_length_2436_cov_7.042815	39.00	482	223	71	35	459	1702	308	9.2e-21	104.2
NCVOG5103-consensus	NODE_3696_length_1920_cov_9.343462	36.70	267	160	9	255	517	936	162	4.5e-25	119.1
NCVOG5103-consensus	NODE_12123_length_830_cov_5.977424	35.55	211	70	66	320	530	44	475	1.5e-18	96.2
NCVOG5103-consensus	NODE_23029_length_419_cov_5.131579	40.65	155	76	16	323	477	1	414	5.5e-15	83.4
NCVOG5103-consensus	NODE_2870_length_2179_cov_5.217888	48.28	116	55	5	395	509	1203	871	1.6e-14	84.2
NCVOG5103-consensus	NODE_20790_length_466_cov_4.470437	40.12	162	74	23	310	470	422	6	2.5e-13	78.1
NCVOG5103-consensus	NODE_4748_length_1666_cov_6.503461	48.54	103	47	6	393	495	946	1233	4.2e-11	72.5
NCVOG4874-consensus	NODE_36863_length_276_cov_11.904523	48.39	62	31	1	83	144	276	97	6.4e-12	71.1
NCVOG4423-consensus	NODE_3103_length_2094_cov_8.767476	32.62	141	88	7	86	219	1143	1562	3.7e-12	74.1
NCVOG4423-consensus	NODE_6591_length_1349_cov_7.025157	30.88	136	91	3	88	220	76	480	5.7e-11	69.5
NCVOG4001-consensus	NODE_2264_length_2451_cov_6.505897	28.80	375	228	39	32	390	1234	2286	7.5e-24	114.5
NCVOG4001-consensus	NODE_14_length_56708_cov_3.749042	32.93	334	174	50	90	395	55219	56151	1.7e-22	114.6
NCVOG4001-consensus	NODE_73_length_17457_cov_3.790276	34.80	319	180	28	45	360	1646	768	1.3e-15	90.1
NCVOG4001-consensus	NODE_11760_length_853_cov_7.914948	30.26	271	154	35	55	312	788	49	3.7e-14	80.8
NCVOG4001-consensus	NODE_1054_length_3535_cov_7.262290	30.83	386	231	36	66	448	1688	2739	9.9e-14	81.5
NCVOG4001-consensus	NODE_1054_length_3535_cov_7.262290	29.73	444	264	48	29	469	488	1681	6.2e-23	112.0
NCVOG4001-consensus	NODE_16078_length_617_cov_11.237037	32.37	173	100	17	108	280	482	18	3.2e-12	73.9
NCVOG4001-consensus	NODE_12371_length_814_cov_9.602442	30.72	293	177	26	94	384	3	806	6.4e-11	70.0
NCVOG1136-consensus	NODE_13403_length_745_cov_6.983533	47.74	199	59	45	296	451	19	602	1.5e-18	95.0
NCVOG1136-consensus	NODE_16416_length_605_cov_3.193182	45.50	200	63	46	296	451	19	601	3.5e-18	93.4
NCVOG0080-consensus	NODE_15538_length_640_cov_5.898757	35.00	140	78	13	160	286	148	560	7.7e-15	82.5
NCVOG0080-consensus	NODE_9313_length_1029_cov_7.682773	31.34	217	119	30	298	488	999	364	3.1e-13	77.9
NCVOG0822-consensus	NODE_73_length_17457_cov_3.790276	35.08	325	179	32	56	374	1640	747	2.5e-20	105.5
NCVOG0822-consensus	NODE_2264_length_2451_cov_6.505897	27.50	400	256	34	27	410	1185	2325	1.1e-18	97.2
NCVOG0822-consensus	NODE_125_length_11088_cov_5.999092	31.04	364	222	29	57	418	5871	4864	1.8e-14	85.4
NCVOG0822-consensus	NODE_14_length_56708_cov_3.749042	28.16	348	205	45	58	380	55117	56097	3e-14	87.0
NCVOG4881-consensus	NODE_1830_length_2715_cov_8.754738	24.57	460	287	60	4	455	2539	1319	1.4e-18	97.2
NCVOG0059-consensus	NODE_68245_length_182_cov_3.590476	45.76	59	32	0	284	342	4	177	4.8e-11	67.9
NCVOG0059-consensus	NODE_68089_length_182_cov_4.400000	45.76	59	32	0	284	342	4	177	4.8e-11	67.9
NCVOG1049-consensus	NODE_10696_length_922_cov_5.590533	34.43	183	110	10	6	183	260	790	1.7e-22	107.8
NCVOG1049-consensus	NODE_695_length_4346_cov_5.708128	29.25	212	136	14	6	213	3688	3094	6.6e-14	81.5
NCVOG1049-consensus	NODE_17412_length_568_cov_7.816701	30.08	133	88	5	96	227	443	60	2.7e-12	73.2
NCVOG4219-consensus	NODE_2053_length_2563_cov_8.139179	25.72	311	191	40	3	278	1761	847	1.3e-11	73.1
NCVOG0219-consensus	NODE_10368_length_946_cov_10.222094	52.13	94	44	1	553	645	664	942	1.1e-24	116.3
NCVOG0219-consensus	NODE_386_length_5974_cov_5.473122	38.73	204	100	25	510	689	4769	5366	1.8e-17	94.9
NCVOG0219-consensus	NODE_88351_length_155_cov_7.307692	52.94	51	23	1	596	645	2	151	7.5e-11	67.7
NCVOG4655-consensus	NODE_1158_length_3358_cov_5.064919	28.35	261	168	19	76	325	1500	745	1.1e-15	87.3
NCVOG0901-consensus	NODE_1096_length_3472_cov_5.559776	42.01	219	85	42	6	183	2456	3104	4.7e-23	110.8
NCVOG2980-consensus	NODE_38949_length_265_cov_5.952128	43.75	64	36	0	411	474	16	204	2.7e-15	82.6
NCVOG2980-consensus	NODE_41354_length_253_cov_9.284091	44.05	84	46	1	207	289	2	250	8.1e-12	71.0
NCVOG4462-consensus	NODE_1054_length_3535_cov_7.262290	32.05	234	143	16	53	283	1358	2017	3.9e-17	92.2
NCVOG4462-consensus	NODE_14_length_56708_cov_3.749042	32.00	225	145	8	81	301	55561	56220	3.9e-16	92.9
NCVOG4462-consensus	NODE_73_length_17457_cov_3.790276	27.87	366	237	27	20	376	1614	584	1.7e-15	89.1
NCVOG4462-consensus	NODE_16155_length_614_cov_8.167598	29.06	203	136	8	85	285	10	597	1.7e-14	80.9
NCVOG4462-consensus	NODE_16078_length_617_cov_11.237037	29.65	172	113	8	96	264	515	18	4.8e-11	69.5
NCVOG4462-consensus	NODE_3408_length_1999_cov_9.104058	33.56	149	94	5	116	264	536	108	5e-11	71.1
NCVOG4462-consensus	NODE_7569_length_1213_cov_10.216549	28.44	225	149	12	59	276	115	771	5.1e-11	70.3
NCVOG0450-consensus	NODE_10443_length_941_cov_4.461806	43.18	264	133	17	120	371	779	6	1.1e-56	221.8
NCVOG0450-consensus	NODE_3298_length_2034_cov_8.087980	34.97	286	157	29	120	402	82	858	5.5e-24	114.4
NCVOG0450-consensus	NODE_115_length_11757_cov_5.662500	43.22	236	119	15	145	365	46	750	1.9e-19	101.8
NCVOG0450-consensus	NODE_30270_length_326_cov_6.040161	46.53	101	51	3	120	217	299	4	2e-19	96.6
NCVOG0450-consensus	NODE_51424_length_219_cov_6.028169	48.61	72	37	0	301	372	2	214	4e-18	91.7
NCVOG0450-consensus	NODE_15274_length_650_cov_10.879581	47.13	174	81	11	210	372	524	6	1.9e-17	91.0
NCVOG0450-consensus	NODE_3222_length_2055_cov_6.913043	50.00	76	34	4	212	286	2052	1837	6.5e-15	84.2
NCVOG0450-consensus	NODE_6759_length_1324_cov_8.690457	48.75	80	40	1	119	198	812	579	8.7e-15	83.2
NCVOG0450-consensus	NODE_23031_length_419_cov_4.961988	39.42	137	73	10	141	273	398	9	5e-13	75.7
NCVOG0450-consensus	NODE_79098_length_164_cov_2.620690	48.15	54	28	0	210	263	164	6	5.2e-13	74.3
NCVOG0450-consensus	NODE_28949_length_341_cov_2.928030	37.82	119	65	9	148	263	339	4	1.1e-11	70.8
NCVOG0652-consensus	NODE_15884_length_625_cov_6.065693	36.42	162	99	4	262	421	93	569	9.2e-26	118.5
NCVOG0652-consensus	NODE_1869_length_2687_cov_3.550192	36.43	409	224	36	48	421	1115	2333	1.1e-14	83.8
NCVOG0652-consensus	NODE_36151_length_281_cov_4.509804	43.75	64	36	0	198	261	239	51	1.5e-14	80.1
NCVOG0652-consensus	NODE_10439_length_941_cov_5.501157	36.61	224	125	17	55	261	225	891	1.8e-14	81.5
NCVOG0652-consensus	NODE_4714_length_1674_cov_4.865373	33.64	330	182	37	128	421	1	976	1e-13	79.9
NCVOG0652-consensus	NODE_3610_length_1942_cov_5.987131	31.64	452	242	67	36	421	112	1453	1.7e-11	72.7
NCVOG0652-consensus	NODE_54855_length_211_cov_4.432836	41.27	63	37	0	359	421	203	18	3.8e-11	68.4
NCVOG0350-consensus	NODE_6281_length_1394_cov_5.426727	31.11	270	167	19	24	275	292	1095	2.7e-15	84.3
NCVOG2642-consensus	NODE_7606_length_1209_cov_8.541519	34.19	155	80	22	27	160	594	1048	5.3e-13	76.0
NCVOG0835-consensus	NODE_1886_length_2676_cov_9.782224	39.85	133	77	3	112	242	398	6	5.9e-13	77.4
NCVOG0835-consensus	NODE_1886_length_2676_cov_9.782224	37.58	149	69	24	23	147	1333	894	5.9e-13	77.4
NCVOG4522-consensus	NODE_11421_length_875_cov_12.325815	42.41	224	88	41	262	444	782	114	2.2e-25	117.8
NCVOG1352-consensus	NODE_6968_length_1292_cov_6.418930	24.07	241	172	11	6	237	935	228	1.8e-12	74.5
NCVOG1352-consensus	NODE_16626_length_597_cov_3.730769	51.67	60	29	0	48	107	7	183	2.2e-11	69.8
NCVOG5117-consensus	NODE_20790_length_466_cov_4.470437	38.36	159	89	9	806	964	4	450	6e-12	74.2
NCVOG5117-consensus	NODE_12123_length_830_cov_5.977424	35.10	208	117	18	763	964	597	13	8.9e-12	74.4
NCVOG4122-consensus	NODE_592_length_4764_cov_9.784084	27.61	489	304	50	24	468	1982	543	4.7e-16	89.3
NCVOG4122-consensus	NODE_2034_length_2578_cov_6.475810	30.62	258	165	14	140	385	1026	1790	6.7e-16	87.9
NCVOG4122-consensus	NODE_10325_length_949_cov_6.502294	31.49	289	180	18	98	370	893	36	2e-14	81.6
NCVOG4122-consensus	NODE_125_length_11088_cov_5.999092	31.91	423	248	40	89	471	6405	5140	4.4e-14	84.0
NCVOG4122-consensus	NODE_123_length_11242_cov_10.450157	30.77	312	193	23	82	372	1245	319	6e-11	73.6
NCVOG0312-consensus	NODE_2775_length_2221_cov_7.164179	21.15	662	459	63	218	840	2089	193	1e-11	74.8
NCVOG0312-consensus	NODE_2070_length_2552_cov_11.741818	20.55	550	397	40	264	796	2108	531	1.6e-11	74.4
NCVOG0312-consensus	NODE_4891_length_1638_cov_8.864830	21.25	527	376	39	273	782	1565	54	4.8e-11	72.1
NCVOG0312-consensus	NODE_1537_length_2956_cov_4.858284	23.46	243	171	15	555	796	704	1387	7e-11	72.4
NCVOG0032-consensus	NODE_4973_length_1619_cov_7.776913	41.43	140	79	3	681	820	522	929	8.7e-21	104.4
NCVOG0032-consensus	NODE_10386_length_945_cov_10.573733	42.22	135	76	2	696	830	40	435	1.5e-19	99.5
NCVOG0032-consensus	NODE_10797_length_915_cov_3.171838	38.30	141	85	2	680	820	470	57	2.8e-19	98.5
NCVOG0032-consensus	NODE_1364_length_3114_cov_9.645374	28.22	723	339	180	238	820	2791	756	2.9e-18	96.9
NCVOG0032-consensus	NODE_18979_length_516_cov_9.218679	41.76	91	53	0	730	820	513	244	2.7e-15	84.5
NCVOG0032-consensus	NODE_3209_length_2058_cov_8.575467	26.09	594	305	134	253	753	1651	6	3.1e-14	83.0
NCVOG0032-consensus	NODE_41260_length_254_cov_3.813559	46.43	84	45	0	722	805	254	6	4.8e-14	79.3
NCVOG0032-consensus	NODE_807_length_4070_cov_4.157776	25.76	660	365	125	222	814	109	1899	1.7e-13	81.5
NCVOG0032-consensus	NODE_2844_length_2192_cov_8.443972	35.29	153	96	3	677	828	629	1078	6.5e-13	78.7
NCVOG0032-consensus	NODE_8750_length_1084_cov_5.582920	28.75	400	231	54	409	800	1060	6	7.5e-13	77.4
NCVOG0032-consensus	NODE_519_length_5056_cov_4.588672	29.51	610	302	128	307	833	1885	3566	2.4e-12	78.0
NCVOG0032-consensus	NODE_80_length_16318_cov_6.442584	32.99	291	150	45	248	517	4242	5039	3.8e-11	75.7
NCVOG0302-consensus	NODE_7884_length_1177_cov_8.700909	29.28	304	181	34	262	535	1162	270	1.1e-24	116.2
NCVOG0302-consensus	NODE_39_length_29261_cov_3.533340	29.82	171	118	2	3	173	24301	24804	3.8e-15	89.1
NCVOG0302-consensus	NODE_8152_length_1144_cov_9.941893	37.84	148	81	11	352	494	222	636	7.1e-13	76.9
NCVOG0302-consensus	NODE_4_length_100119_cov_3.677515	35.53	152	76	22	352	482	98098	98547	1.2e-11	79.3
NCVOG0302-consensus	NODE_10280_length_952_cov_6.780571	26.95	167	102	20	305	451	451	948	2.8e-11	71.3
NCVOG0302-consensus	NODE_11543_length_868_cov_6.199747	25.95	262	158	36	244	470	813	42	3.6e-11	70.9
NCVOG0302-consensus	NODE_5465_length_1524_cov_8.496199	35.00	120	73	5	360	479	22	363	9.3e-11	70.3
NCVOG1127-consensus	NODE_2477_length_2343_cov_6.051633	24.19	215	149	14	122	324	1483	2118	1.9e-13	79.9
NCVOG0281-consensus	NODE_204_length_8360_cov_7.027164	18.31	759	557	63	23	763	2439	4577	1.2e-12	79.7
NCVOG0985-consensus	NODE_1_length_155861_cov_3.785273	27.24	514	268	106	64	492	113399	111926	3.8e-12	81.4
NCVOG2900-consensus	NODE_1054_length_3535_cov_7.262290	27.68	224	146	16	6	214	512	1177	1.1e-11	73.2
NCVOG0996-consensus	NODE_3111_length_2091_cov_8.342105	20.99	486	363	21	17	500	11	1402	2.5e-11	72.5
NCVOG0025-consensus	NODE_3818_length_1885_cov_11.143252	28.94	425	233	69	113	522	20	1129	7.7e-22	107.3
NCVOG0025-consensus	NODE_9251_length_1035_cov_7.815240	34.91	169	87	23	372	522	1031	543	3.4e-20	101.0
NCVOG0025-consensus	NODE_2003_length_2601_cov_5.000396	23.38	462	298	56	101	521	1740	411	1.7e-17	93.4
NCVOG0025-consensus	NODE_7987_length_1162_cov_9.230415	26.80	403	233	62	101	481	19	1100	3e-14	81.4
NCVOG0025-consensus	NODE_743_length_4201_cov_5.387973	25.66	456	285	54	102	521	4168	2878	3.2e-14	83.2
NCVOG0025-consensus	NODE_14204_length_702_cov_5.932800	38.61	101	55	7	408	501	261	560	6.4e-14	79.6
NCVOG0025-consensus	NODE_1108_length_3436_cov_5.574873	25.91	220	148	15	310	522	2460	3092	9.8e-14	81.3
NCVOG0025-consensus	NODE_18115_length_545_cov_12.038462	33.57	143	75	20	376	501	544	128	1.2e-13	78.4
NCVOG0025-consensus	NODE_4145_length_1800_cov_7.396402	43.06	72	41	0	422	493	1501	1289	1.1e-12	76.9
NCVOG0025-consensus	NODE_312_length_6645_cov_7.435292	26.72	247	152	29	284	521	4415	5092	3.6e-12	77.1
NCVOG0025-consensus	NODE_91_length_14168_cov_7.167483	26.04	407	259	42	113	508	3139	2019	1.8e-11	75.8
NCVOG0025-consensus	NODE_47253_length_230_cov_14.150327	42.25	71	36	5	445	515	1	195	2.2e-11	69.6
NCVOG0025-consensus	NODE_11152_length_891_cov_10.582310	44.62	65	36	0	427	491	389	198	2.6e-11	71.3
NCVOG0025-consensus	NODE_93_length_14049_cov_6.121958	32.87	143	83	13	355	486	2983	2564	4.2e-11	74.6
NCVOG0025-consensus	NODE_4351_length_1750_cov_7.897191	25.13	199	140	9	294	487	1681	1100	6.1e-11	71.0
NCVOG0025-consensus	NODE_31942_length_311_cov_4.777778	36.59	82	52	0	410	491	299	57	9e-11	68.0
NCVOG0025-consensus	NODE_31903_length_311_cov_5.863248	36.59	82	52	0	410	491	13	255	9e-11	68.0
NCVOG0025-consensus	NODE_7195_length_1261_cov_9.043074	29.86	144	94	7	375	517	22	432	9.6e-11	69.9
NCVOG0271-consensus	NODE_11615_length_863_cov_5.643766	53.70	257	114	5	901	1157	848	96	8.8e-82	306.5
NCVOG0271-consensus	NODE_591_length_4770_cov_8.586831	43.98	266	123	26	914	1153	4770	3976	3.2e-59	234.1
NCVOG0271-consensus	NODE_10359_length_947_cov_4.990805	40.29	278	144	22	377	632	947	119	6.2e-50	200.8
NCVOG0271-consensus	NODE_21060_length_459_cov_5.397906	56.76	148	64	0	901	1048	7	447	8.9e-48	192.6
NCVOG0271-consensus	NODE_947_length_3742_cov_5.042019	45.24	473	195	64	634	1046	3710	2311	7e-46	189.4
NCVOG0271-consensus	NODE_15638_length_635_cov_7.646953	36.02	211	129	6	407	612	4	630	2.2e-31	138.7
NCVOG0271-consensus	NODE_82252_length_159_cov_4.768293	82.69	52	9	0	1022	1073	159	7	5e-23	108.9
NCVOG0271-consensus	NODE_18202_length_542_cov_6.352688	60.71	140	37	18	1022	1143	542	126	4.3e-22	107.5
NCVOG0271-consensus	NODE_48_length_22539_cov_16.189998	26.99	289	194	17	828	1109	12980	13813	7.5e-20	105.5
NCVOG0271-consensus	NODE_448_length_5474_cov_5.530850	31.83	311	154	58	22	276	4395	5316	3.3e-12	78.1
NCVOG0078-consensus	NODE_7344_length_1243_cov_6.325043	50.00	124	60	2	87	208	173	541	9.3e-19	95.4
NCVOG0078-consensus	NODE_3654_length_1931_cov_13.696332	50.00	124	60	2	87	208	1611	1243	2e-18	95.0
NCVOG0078-consensus	NODE_10460_length_939_cov_7.558005	50.41	121	58	2	87	205	365	6	4.7e-18	92.7
NCVOG4568-consensus	NODE_2894_length_2170_cov_8.901577	46.34	205	109	1	282	485	1539	932	4.8e-12	74.9
NCVOG4568-consensus	NODE_1572_length_2922_cov_6.369420	23.74	438	308	26	61	486	483	1749	5.9e-11	71.7
NCVOG0061-consensus	NODE_533_length_4997_cov_8.289024	30.41	615	295	133	59	553	3163	4953	6.2e-28	129.1
NCVOG0451-consensus	NODE_3103_length_2094_cov_8.767476	29.50	278	183	13	141	409	1125	1943	1.3e-22	109.7
NCVOG0451-consensus	NODE_1983_length_2616_cov_4.638583	43.55	124	69	1	135	257	565	197	1.3e-15	86.8
NCVOG0451-consensus	NODE_2264_length_2451_cov_6.505897	29.90	311	183	35	122	402	224	1138	2.2e-13	79.3
NCVOG0451-consensus	NODE_2358_length_2400_cov_8.191993	29.41	238	143	25	61	273	714	6	3e-13	78.8
NCVOG0451-consensus	NODE_6591_length_1349_cov_7.025157	34.38	256	161	7	126	375	4	765	1.1e-12	76.1
NCVOG0451-consensus	NODE_9461_length_1018_cov_4.902232	26.40	322	212	25	74	372	991	39	3.5e-12	74.0
NCVOG0451-consensus	NODE_27148_length_359_cov_13.379433	38.26	115	68	3	133	244	4	345	9.8e-11	67.7
NCVOG0541-consensus	NODE_21895_length_441_cov_3.549451	30.84	107	69	5	97	203	55	357	4.2e-11	68.8
NCVOG0967-consensus	NODE_11_length_74076_cov_3.769159	17.14	846	671	30	105	946	73908	71452	1.2e-14	89.7
NCVOG0967-consensus	NODE_2238_length_2461_cov_12.089765	22.24	661	475	39	112	759	544	2439	7.1e-14	82.2
NCVOG0967-consensus	NODE_1572_length_2922_cov_6.369420	20.64	659	497	26	105	761	373	2274	1.1e-11	75.2
NCVOG0531-consensus	NODE_21_length_45652_cov_3.794602	32.66	199	126	8	1	191	4109	3516	8.3e-21	108.3
NCVOG0531-consensus	NODE_5967_length_1442_cov_11.594139	25.53	141	103	2	56	196	25	438	3.2e-13	78.1
NCVOG0331-consensus	NODE_6076_length_1424_cov_5.588716	32.89	152	88	14	188	329	855	1295	1.4e-13	78.9
NCVOG0301-consensus	NODE_7884_length_1177_cov_8.700909	31.48	305	173	36	262	535	1162	270	1.5e-21	105.8
NCVOG0301-consensus	NODE_5465_length_1524_cov_8.496199	34.67	150	91	7	360	506	19	453	3.3e-15	85.1
NCVOG0301-consensus	NODE_8152_length_1144_cov_9.941893	35.51	138	81	8	377	508	286	686	3.6e-12	74.6
NCVOG0301-consensus	NODE_4_length_100119_cov_3.677515	31.85	157	96	11	357	507	98164	98616	6.8e-11	76.8
NCVOG0001-consensus	NODE_14390_length_692_cov_9.295935	39.01	223	124	12	302	518	653	6	1e-39	165.6
NCVOG0001-consensus	NODE_665_length_4449_cov_7.284081	34.30	309	183	20	267	566	2473	1583	2.4e-34	150.4
NCVOG0001-consensus	NODE_665_length_4449_cov_7.284081	35.88	262	119	49	331	555	3245	2499	4.8e-27	126.1
NCVOG0001-consensus	NODE_3881_length_1869_cov_8.204241	45.05	182	84	16	337	514	608	102	4.3e-31	138.3
NCVOG0001-consensus	NODE_6493_length_1363_cov_9.080093	39.11	202	105	18	328	522	776	1345	7.9e-24	113.8
NCVOG0001-consensus	NODE_6256_length_1398_cov_10.755488	38.10	210	114	16	363	570	464	1048	5.2e-21	104.4
NCVOG0001-consensus	NODE_107_length_12574_cov_4.279267	40.63	315	128	59	287	555	9501	10395	5.6e-20	104.2
NCVOG0001-consensus	NODE_2266_length_2450_cov_5.601349	37.69	130	73	8	462	591	7	369	5.2e-18	95.3
NCVOG0001-consensus	NODE_3741_length_1907_cov_7.691803	46.67	165	68	20	365	512	480	6	1.7e-16	89.9
NCVOG0001-consensus	NODE_9263_length_1034_cov_5.080460	34.78	161	87	18	333	479	471	6	5.6e-16	87.3
NCVOG0001-consensus	NODE_12519_length_803_cov_5.008264	31.94	216	112	35	392	573	785	150	6.2e-15	83.4
NCVOG0001-consensus	NODE_83_length_15155_cov_6.722082	31.82	198	118	17	364	550	12061	12629	1e-14	86.9
NCVOG0001-consensus	NODE_46612_length_233_cov_2.993590	52.05	73	31	4	488	556	233	18	5.4e-14	78.5
NCVOG0001-consensus	NODE_46419_length_233_cov_4.455128	52.05	73	31	4	488	556	233	18	5.4e-14	78.5
NCVOG0001-consensus	NODE_5010_length_1612_cov_9.599349	32.07	237	132	29	340	553	1390	703	3.8e-13	78.5
NCVOG0001-consensus	NODE_5010_length_1612_cov_9.599349	35.29	170	88	22	329	479	525	28	2.7e-15	85.7
NCVOG0001-consensus	NODE_29_length_39249_cov_3.723808	33.33	357	176	62	328	625	38122	37076	4.9e-13	82.7
NCVOG0001-consensus	NODE_114422_length_155_cov_2.512821	52.94	51	24	0	468	518	1	150	4e-12	71.7
NCVOG0001-consensus	NODE_3449_length_1984_cov_5.803356	43.43	99	45	11	357	447	1660	1942	4.5e-12	75.2
NCVOG0001-consensus	NODE_8408_length_1116_cov_8.916266	33.77	154	80	22	476	607	4	460	1e-11	73.2
NCVOG0001-consensus	NODE_876_length_3883_cov_5.730951	32.34	334	157	69	326	600	2077	3037	1.3e-11	74.7
NCVOG0001-consensus	NODE_35994_length_282_cov_4.014634	49.32	73	34	3	337	409	212	6	1.6e-11	70.6
NCVOG0001-consensus	NODE_10705_length_921_cov_8.138626	27.69	242	128	47	432	627	891	178	1.8e-11	72.1
NCVOG0001-consensus	NODE_4711_length_1674_cov_7.569192	33.72	258	117	54	369	591	898	189	1.9e-11	72.9
NCVOG0001-consensus	NODE_18192_length_542_cov_8.823656	43.90	82	43	3	476	555	12	251	3.5e-11	70.4
NCVOG1197-consensus	NODE_12638_length_796_cov_5.254520	27.59	261	189	0	98	358	4	783	2.6e-21	104.4
NCVOG1197-consensus	NODE_545_length_4942_cov_4.193011	23.54	378	276	13	141	509	843	1961	5.2e-16	89.4
NCVOG1197-consensus	NODE_12489_length_804_cov_9.382393	25.59	254	189	0	67	320	37	795	9.8e-14	79.2
NCVOG1197-consensus	NODE_2788_length_2216_cov_5.101917	23.72	333	224	30	59	382	1220	2148	1e-12	77.3
NCVOG1197-consensus	NODE_8069_length_1153_cov_8.920074	25.71	245	170	12	166	404	208	921	8.2e-12	73.3
NCVOG1197-consensus	NODE_5931_length_1449_cov_7.060496	22.46	325	238	14	2	315	1266	304	9.1e-11	70.2
NCVOG4518-consensus	NODE_2123_length_2522_cov_7.641309	31.41	538	264	105	50	554	2212	830	2.9e-13	79.4
NCVOG2058-consensus	NODE_3103_length_2094_cov_8.767476	33.33	273	171	11	109	370	1125	1940	1.3e-18	96.4
NCVOG2058-consensus	NODE_6591_length_1349_cov_7.025157	36.24	229	139	7	89	310	82	765	4.5e-18	94.0
NCVOG2058-consensus	NODE_123_length_11242_cov_10.450157	35.02	297	174	19	88	369	1194	319	1e-15	89.2
NCVOG2058-consensus	NODE_1054_length_3535_cov_7.262290	34.07	317	182	27	92	381	1535	2482	5.1e-14	81.9
NCVOG2058-consensus	NODE_1983_length_2616_cov_4.638583	34.48	203	117	16	141	339	637	68	1.4e-12	76.7
NCVOG2058-consensus	NODE_2034_length_2578_cov_6.475810	33.33	240	150	10	103	333	1026	1739	2.3e-12	76.0
NCVOG2058-consensus	NODE_73_length_17457_cov_3.790276	33.12	308	179	27	91	371	1640	720	4.2e-12	77.8
NCVOG2058-consensus	NODE_592_length_4764_cov_9.784084	31.85	336	174	55	92	372	1656	654	7.2e-12	75.2
NCVOG2058-consensus	NODE_2373_length_2391_cov_6.280467	31.36	220	133	18	119	320	10	666	1.7e-11	72.9
NCVOG2058-consensus	NODE_4892_length_1638_cov_7.928251	27.46	284	192	14	93	367	572	1403	3e-11	71.6
NCVOG0066-consensus	NODE_17926_length_551_cov_8.909283	33.82	136	84	6	258	390	1	396	8.4e-12	72.4
NCVOG0038-consensus	NODE_3913_length_1861_cov_6.242713	34.95	535	233	115	255	688	1551	6	3.5e-22	109.5
NCVOG0038-consensus	NODE_5914_length_1451_cov_6.982533	30.69	404	162	118	680	972	48	1219	2.3e-18	96.5
NCVOG0038-consensus	NODE_48_length_22539_cov_16.189998	26.08	625	374	88	269	867	9503	11182	6.9e-16	92.2
NCVOG0038-consensus	NODE_64941_length_188_cov_6.072072	63.64	44	16	0	647	690	7	135	5.5e-11	69.0
NCVOG0228-consensus	NODE_121_length_11305_cov_6.796224	31.26	531	294	71	452	921	2196	643	2.9e-44	185.3
NCVOG0228-consensus	NODE_1031_length_3569_cov_8.373425	31.67	420	218	69	540	893	4	1245	8.7e-21	105.6
NCVOG1128-consensus	NODE_12704_length_790_cov_9.171108	25.15	171	116	12	155	315	222	725	1.9e-13	77.8
NCVOG1128-consensus	NODE_10148_length_961_cov_6.196833	35.96	89	54	3	153	240	285	28	1.5e-11	71.8
NCVOG1128-consensus	NODE_40786_length_256_cov_5.446927	38.16	76	46	1	153	228	227	6	7.1e-11	67.6
NCVOG0280-consensus	NODE_204_length_8360_cov_7.027164	19.79	1536	1140	92	251	1737	1623	6088	3.3e-31	142.4
NCVOG0280-consensus	NODE_3204_length_2060_cov_7.257186	20.89	723	501	71	564	1263	34	2055	2.4e-20	104.3
NCVOG0280-consensus	NODE_3489_length_1975_cov_4.609589	22.64	614	417	58	564	1152	1766	27	1.3e-13	81.8
NCVOG0280-consensus	NODE_2775_length_2221_cov_7.164179	22.81	732	493	72	683	1388	2127	73	4.4e-13	80.3
NCVOG0280-consensus	NODE_4205_length_1787_cov_6.022222	22.45	530	357	54	763	1268	13	1501	1.3e-11	75.0
NCVOG0280-consensus	NODE_2070_length_2552_cov_11.741818	21.97	742	484	95	738	1428	2459	369	1.7e-11	75.2
NCVOG0218-consensus	NODE_20000_length_486_cov_4.136919	55.84	154	53	15	656	807	67	482	4.1e-12	74.2
NCVOG0218-consensus	NODE_12123_length_830_cov_5.977424	53.25	169	63	16	637	805	23	478	4.6e-12	74.8
NCVOG0218-consensus	NODE_11033_length_899_cov_3.621655	38.13	299	142	43	577	840	873	12	4.1e-11	71.7
NCVOG0308-consensus	NODE_2775_length_2221_cov_7.164179	20.61	660	456	68	253	869	2154	253	7.4e-12	75.4
NCVOG0018-consensus	NODE_11_length_74076_cov_3.769159	20.63	1173	871	60	20	1171	73272	69888	4.4e-26	127.9
NCVOG0018-consensus	NODE_1572_length_2922_cov_6.369420	20.61	553	428	11	544	1093	316	1947	1.7e-12	78.1
NCVOG0018-consensus	NODE_2894_length_2170_cov_8.901577	20.90	445	343	9	634	1072	1804	482	7.6e-12	75.5
NCVOG0018-consensus	NODE_2238_length_2461_cov_12.089765	23.02	795	536	76	279	1056	177	2379	2.8e-11	73.9
NCVOG4344-consensus	NODE_15_length_56051_cov_3.449280	33.96	318	191	19	15	330	45739	46632	2e-17	97.5
NCVOG4344-consensus	NODE_16155_length_614_cov_8.167598	31.10	209	136	8	128	336	4	603	5.7e-16	86.2
NCVOG4344-consensus	NODE_1054_length_3535_cov_7.262290	34.63	335	203	16	23	355	1730	2685	1.2e-15	87.7
NCVOG4344-consensus	NODE_7569_length_1213_cov_10.216549	30.74	257	166	12	62	315	1	741	2.3e-14	81.8
NCVOG4344-consensus	NODE_592_length_4764_cov_9.784084	28.30	311	194	29	14	308	1136	246	1.5e-12	77.8
NCVOG4344-consensus	NODE_3408_length_1999_cov_9.104058	30.81	185	121	7	2	186	605	75	6.7e-12	74.4
NCVOG4344-consensus	NODE_125_length_11088_cov_5.999092	30.41	319	211	11	24	342	5682	4762	2.3e-11	75.0
NCVOG4344-consensus	NODE_1584_length_2910_cov_4.996470	33.33	201	120	14	14	214	2054	2611	2.5e-11	73.0
NCVOG0670-consensus	NODE_31_length_36014_cov_3.563709	22.15	483	322	54	21	472	18743	20119	3.6e-14	86.5
NCVOG4116-consensus	NODE_2264_length_2451_cov_6.505897	25.16	314	206	29	147	433	104	1036	1.4e-14	83.4
NCVOG4116-consensus	NODE_7239_length_1257_cov_7.568644	25.94	347	233	24	44	375	1006	6	9.2e-12	73.1
NCVOG0316-consensus	NODE_1002_length_3611_cov_4.237691	23.89	293	214	9	33	320	1046	183	3.6e-18	95.5
NCVOG0316-consensus	NODE_11092_length_896_cov_4.015873	26.45	276	191	12	7	279	68	865	5.4e-17	89.6
NCVOG0316-consensus	NODE_920_length_3799_cov_4.734014	28.18	220	149	9	104	320	1164	1802	9.7e-14	80.8
NCVOG0316-consensus	NODE_920_length_3799_cov_4.734014	24.73	275	198	9	69	339	1821	2627	1.9e-14	83.2
NCVOG0316-consensus	NODE_920_length_3799_cov_4.734014	26.50	234	165	7	91	320	468	1157	9.7e-14	80.8
NCVOG0316-consensus	NODE_1073_length_3501_cov_5.636974	30.00	250	159	16	56	300	1610	2319	3.5e-13	78.9
NCVOG0316-consensus	NODE_4703_length_1675_cov_7.426783	28.04	189	130	6	123	310	1630	1082	5.4e-11	70.5
NCVOG0316-consensus	NODE_4132_length_1803_cov_5.590382	26.74	273	184	16	22	283	1766	966	6.2e-11	70.4
NCVOG0316-consensus	NODE_13008_length_769_cov_6.290462	27.46	193	132	8	133	321	4	567	7.2e-11	69.0
NCVOG4170-consensus	NODE_327_length_6526_cov_5.031013	34.50	171	108	4	129	298	3005	2505	8.4e-21	105.1
NCVOG4170-consensus	NODE_46652_length_232_cov_13.348387	50.65	77	36	2	262	338	230	9	4.2e-15	81.4
NCVOG4170-consensus	NODE_81511_length_160_cov_6.096386	63.83	47	17	0	217	263	19	156	6.6e-15	80.2
NCVOG4170-consensus	NODE_36718_length_278_cov_2.716418	52.50	80	20	18	217	278	19	253	1.7e-14	79.6
NCVOG1006-consensus	NODE_1893_length_2672_cov_6.154528	40.00	95	48	9	92	181	27	296	3e-12	74.5
NCVOG0370-consensus	NODE_12478_length_805_cov_6.807692	34.21	190	95	30	23	211	264	743	2.2e-14	80.1
NCVOG0370-consensus	NODE_8244_length_1135_cov_7.316635	32.42	182	93	30	30	211	658	1110	4.8e-11	69.5
NCVOG1044-consensus	NODE_257_length_7389_cov_3.896198	21.69	295	215	16	168	457	5591	6439	3.3e-17	93.8
NCVOG1044-consensus	NODE_713_length_4305_cov_4.941343	21.03	290	213	16	168	451	2944	3780	3.2e-16	89.7
NCVOG1044-consensus	NODE_6298_length_1392_cov_4.844867	23.85	239	169	13	172	404	1390	698	3.3e-15	84.8
NCVOG1044-consensus	NODE_6658_length_1337_cov_6.563492	22.41	232	169	11	171	397	1203	529	4.2e-14	81.0
NCVOG1044-consensus	NODE_815_length_4057_cov_7.431407	22.92	288	204	18	171	450	1387	557	2.3e-13	80.2
NCVOG1044-consensus	NODE_815_length_4057_cov_7.431407	21.00	300	218	19	168	460	2275	1415	1.4e-13	80.9
NCVOG1044-consensus	NODE_14806_length_672_cov_2.273950	23.35	197	143	8	243	435	85	660	3.1e-13	77.2
NCVOG1044-consensus	NODE_9108_length_1049_cov_4.477366	23.45	226	160	13	233	450	664	9	7.4e-13	76.5
NCVOG1044-consensus	NODE_1088_length_3486_cov_4.138164	25.14	175	123	8	279	449	3479	2970	1.9e-12	76.9
NCVOG1044-consensus	NODE_1794_length_2740_cov_22.797597	20.18	223	168	10	170	386	1069	1722	4.9e-12	75.2
NCVOG1044-consensus	NODE_17283_length_574_cov_3.026157	25.47	161	114	6	244	398	16	491	1.7e-11	71.2
NCVOG0720-consensus	NODE_8133_length_1147_cov_6.313084	35.71	154	82	17	21	166	535	966	1.6e-15	84.0
NCVOG0720-consensus	NODE_120_length_11310_cov_5.905546	36.44	118	72	3	51	165	9202	9552	6.2e-13	78.7
NCVOG0044-consensus	NODE_14706_length_676_cov_10.682805	37.74	106	61	5	331	434	342	647	8.9e-15	83.3
NCVOG0044-consensus	NODE_10769_length_916_cov_10.920143	34.96	123	75	5	331	453	461	111	1.8e-14	82.7
NCVOG0044-consensus	NODE_3854_length_1877_cov_5.078889	42.11	95	54	1	332	426	1865	1587	7.7e-13	78.4
NCVOG0044-consensus	NODE_14400_length_692_cov_5.960976	37.37	99	57	5	331	427	142	426	1.7e-11	72.4
