NCVOG0719-consensus	NODE_486_length_8083_cov_26.715963	35.02	237	147	7	37	266	2081	2786	8.8e-32	139.3
NCVOG0719-consensus	NODE_486_length_8083_cov_26.715963	29.05	296	162	48	25	275	932	1795	6.4e-13	76.6
NCVOG0719-consensus	NODE_367_length_9922_cov_30.267039	27.56	225	153	10	8	230	3767	4410	2.1e-13	78.5
NCVOG0169-consensus	NODE_2247_length_1405_cov_20.344880	31.25	224	142	12	177	392	1295	639	6.1e-12	71.3
NCVOG0169-consensus	NODE_4784_length_799_cov_13.186981	47.74	155	71	10	241	386	792	334	1.3e-11	69.5
NCVOG0169-consensus	NODE_3038_length_1059_cov_18.808554	46.71	152	72	9	241	384	1043	594	6.3e-11	67.6
NCVOG1069-consensus	NODE_30_length_32360_cov_27.385497	30.46	417	215	75	76	442	20142	21314	8.1e-17	92.2
NCVOG1069-consensus	NODE_600_length_6854_cov_28.565589	28.43	408	230	62	75	432	6663	5479	1.3e-14	82.7
NCVOG1243-consensus	NODE_25_length_36217_cov_25.378611	27.30	304	186	35	3	293	14141	14983	5.3e-12	75.8
NCVOG0669-consensus	NODE_14_length_54371_cov_30.144378	26.72	247	168	13	223	464	36602	37311	3.2e-13	81.1
NCVOG0333-consensus	NODE_3482_length_986_cov_40.056106	48.35	91	38	9	605	695	724	966	5.5e-12	71.8
NCVOG0333-consensus	NODE_3889_length_925_cov_29.937500	53.42	73	31	3	605	677	126	332	1.1e-11	70.7
NCVOG0333-consensus	NODE_257_length_12177_cov_28.455207	47.78	90	44	3	605	694	8122	7865	2.7e-11	73.1
NCVOG2223-consensus	NODE_1001_length_4120_cov_25.173633	32.95	352	204	32	571	911	598	1587	6.2e-42	173.7
NCVOG0233-consensus	NODE_72_length_22192_cov_23.553380	43.11	392	194	29	504	866	22071	20905	2.6e-57	227.2
NCVOG0233-consensus	NODE_142_length_16633_cov_28.549589	34.81	902	482	106	54	858	5771	8444	6.7e-39	165.6
NCVOG0233-consensus	NODE_1162_length_3418_cov_30.560611	26.57	557	353	56	158	688	3418	1841	5.3e-36	153.7
NCVOG0233-consensus	NODE_47_length_26845_cov_26.196018	27.56	802	436	145	131	788	15408	17805	1.5e-33	148.5
NCVOG0233-consensus	NODE_643_length_6437_cov_25.768396	24.90	767	442	134	204	850	4112	6359	2.8e-33	145.5
NCVOG0233-consensus	NODE_2728_length_1150_cov_22.259087	33.42	371	216	31	156	497	1135	32	9.1e-31	134.7
NCVOG0233-consensus	NODE_4512_length_833_cov_28.842593	34.06	276	162	20	166	421	833	9	4.1e-29	128.8
NCVOG0233-consensus	NODE_1394_length_2664_cov_27.658291	36.73	539	258	83	399	856	2661	1058	3.3e-23	110.8
NCVOG0233-consensus	NODE_916_length_4602_cov_26.638895	27.33	827	480	121	10	729	2806	379	6.3e-21	104.0
NCVOG0233-consensus	NODE_2376_length_1321_cov_26.558682	28.34	441	270	46	342	738	3	1304	8e-21	101.9
NCVOG0233-consensus	NODE_750_length_5578_cov_22.862570	27.91	817	474	115	70	792	2571	187	3.4e-20	101.8
NCVOG0233-consensus	NODE_22_length_37730_cov_25.699599	25.43	940	548	153	66	867	7995	10762	6.2e-20	103.8
NCVOG0233-consensus	NODE_22_length_37730_cov_25.699599	27.36	731	423	108	97	729	11418	13577	1e-18	99.7
NCVOG0233-consensus	NODE_1558_length_2223_cov_54.404473	28.04	542	282	108	287	729	84	1675	4e-19	97.0
NCVOG0233-consensus	NODE_1291_length_2956_cov_95.496353	25.05	471	303	50	203	649	2956	1629	6.5e-19	96.7
NCVOG0233-consensus	NODE_399_length_9344_cov_24.650480	25.35	860	480	162	17	729	5366	7891	1.1e-17	94.3
NCVOG0233-consensus	NODE_15_length_49827_cov_27.521829	25.72	871	518	129	17	771	7271	9831	1.6e-17	96.2
NCVOG0233-consensus	NODE_2786_length_1127_cov_44.160952	24.13	402	255	50	164	547	16	1122	8.2e-13	75.0
NCVOG0233-consensus	NODE_1635_length_2029_cov_33.091701	28.84	638	331	123	142	668	4	1872	1.2e-12	75.3
NCVOG0233-consensus	NODE_1443_length_2536_cov_25.067507	30.07	143	92	8	23	161	2054	2467	1.3e-12	75.5
NCVOG0233-consensus	NODE_4537_length_830_cov_27.909695	25.65	269	172	28	290	545	64	822	1.5e-12	73.7
NCVOG0023-consensus	NODE_89_length_20787_cov_14.046354	27.56	733	459	72	72	787	15382	13358	3.5e-49	200.0
NCVOG0023-consensus	NODE_4164_length_884_cov_26.666667	29.10	299	190	22	376	661	878	12	6.4e-26	118.2
NCVOG0023-consensus	NODE_211_length_13502_cov_14.925512	27.74	429	272	38	381	804	11514	10330	8.1e-24	115.1
NCVOG0023-consensus	NODE_11_length_60829_cov_369.364827	26.96	434	283	34	393	806	30776	32032	8.1e-20	104.0
NCVOG0023-consensus	NODE_1490_length_2411_cov_15.109254	31.30	262	165	15	542	800	242	978	4.1e-14	80.4
NCVOG1013-consensus	NODE_3638_length_962_cov_20.228249	43.40	318	170	10	228	543	937	11	5.1e-68	257.9
NCVOG1013-consensus	NODE_897_length_4701_cov_42.221790	41.58	392	217	12	201	589	3113	4258	6e-65	250.0
NCVOG1013-consensus	NODE_188_length_14429_cov_24.785674	35.40	404	220	41	179	549	9129	10301	2.3e-61	239.7
NCVOG1013-consensus	NODE_4756_length_803_cov_22.150138	43.87	269	142	9	255	521	17	799	7.8e-45	180.6
NCVOG1013-consensus	NODE_101_length_19696_cov_25.592844	45.99	187	93	8	339	522	10190	9648	4.2e-39	166.2
NCVOG1013-consensus	NODE_1106_length_3630_cov_31.079088	41.48	270	145	13	251	518	899	126	2.3e-26	121.4
NCVOG1013-consensus	NODE_7335_length_296_cov_10.963470	50.51	99	46	3	408	505	296	9	1.2e-21	102.1
NCVOG1013-consensus	NODE_7293_length_306_cov_15.344978	47.57	103	51	3	406	507	2	301	2.5e-19	94.5
NCVOG1013-consensus	NODE_7584_length_256_cov_14.508380	48.28	87	42	3	410	495	256	5	4.9e-18	89.9
NCVOG1013-consensus	NODE_7416_length_277_cov_13.270000	45.45	88	47	1	284	371	263	6	1.9e-16	84.8
NCVOG1013-consensus	NODE_4460_length_840_cov_24.859764	47.22	72	38	0	285	356	20	232	1.3e-13	77.0
NCVOG1013-consensus	NODE_7770_length_239_cov_10.432099	41.46	82	45	3	262	343	1	234	1.4e-13	75.0
NCVOG1013-consensus	NODE_7970_length_229_cov_14.710526	47.76	67	34	1	459	524	223	26	1.6e-13	74.8
NCVOG1013-consensus	NODE_1_length_297061_cov_27.439630	34.59	133	80	7	255	384	234265	234648	2.5e-13	83.5
NCVOG1013-consensus	NODE_7679_length_247_cov_12.064706	45.12	82	40	5	384	463	241	8	4.5e-13	73.4
NCVOG1013-consensus	NODE_10551_length_174_cov_12.391753	54.39	57	26	0	289	345	4	171	7.3e-13	72.2
NCVOG1013-consensus	NODE_7729_length_242_cov_30.539394	44.93	69	38	0	283	351	34	237	1.1e-12	72.1
NCVOG1013-consensus	NODE_8140_length_225_cov_19.310811	44.29	70	39	0	289	358	2	208	2.6e-12	70.7
NCVOG1013-consensus	NODE_8958_length_205_cov_11.968750	53.23	62	28	1	450	510	15	197	3.4e-12	70.2
NCVOG1013-consensus	NODE_10880_length_168_cov_16.747253	57.41	54	23	0	469	522	2	160	8e-12	68.7
NCVOG1013-consensus	NODE_8603_length_213_cov_16.250000	48.48	66	34	0	285	350	14	208	2.8e-11	67.2
NCVOG1013-consensus	NODE_11453_length_160_cov_17.313253	53.85	52	24	0	289	340	4	156	4.9e-11	66.0
NCVOG1013-consensus	NODE_10905_length_168_cov_13.076923	55.56	54	24	0	469	522	2	160	9.3e-11	65.1
NCVOG0013-consensus	NODE_817_length_5140_cov_25.946869	36.61	183	109	7	122	301	5059	4526	2.2e-22	108.4
NCVOG0013-consensus	NODE_2016_length_1569_cov_23.626005	34.10	173	111	3	98	267	1051	1566	4e-20	99.2
NCVOG0013-consensus	NODE_5888_length_637_cov_20.216071	34.30	207	128	8	138	342	6	605	3.8e-19	94.7
NCVOG0013-consensus	NODE_4859_length_786_cov_29.165021	33.98	206	128	8	122	325	785	189	8e-18	90.6
NCVOG0013-consensus	NODE_818_length_5138_cov_24.145623	28.93	280	181	18	122	398	3829	4618	3.7e-17	91.1
NCVOG0013-consensus	NODE_90_length_20768_cov_163.540801	21.67	586	414	45	1	555	9584	7882	8.6e-17	91.9
NCVOG0013-consensus	NODE_3772_length_942_cov_28.082081	33.82	204	122	13	125	325	350	928	1.6e-16	86.5
NCVOG0013-consensus	NODE_4516_length_833_cov_23.875661	31.18	186	126	2	112	297	622	74	5.3e-16	84.6
NCVOG0013-consensus	NODE_6510_length_514_cov_20.585812	33.13	166	109	2	120	283	1	495	7.8e-15	80.0
NCVOG0013-consensus	NODE_5158_length_747_cov_25.100000	28.21	234	157	11	130	361	16	687	3.4e-13	75.1
NCVOG0013-consensus	NODE_2417_length_1296_cov_26.474159	27.84	194	129	11	58	247	575	18	6.7e-11	68.3
NCVOG0763-consensus	NODE_7570_length_257_cov_22.950000	51.16	86	37	5	219	300	3	254	1.2e-11	67.5
NCVOG0297-consensus	NODE_1776_length_1820_cov_23.603557	27.29	425	260	49	144	537	502	1701	1.1e-15	84.6
NCVOG0297-consensus	NODE_273_length_11947_cov_25.447936	27.94	315	187	40	262	537	5651	4719	1.2e-13	80.5
NCVOG0297-consensus	NODE_283_length_11717_cov_25.135309	32.86	280	154	34	285	537	8885	9688	1.5e-13	80.2
NCVOG0297-consensus	NODE_1139_length_3498_cov_25.332067	26.95	256	158	29	252	495	2504	1791	4.2e-13	77.0
NCVOG0297-consensus	NODE_945_length_4465_cov_25.867821	28.06	196	117	24	369	546	1548	982	9.4e-13	76.1
NCVOG0297-consensus	NODE_1148_length_3455_cov_26.565719	32.17	143	93	4	14	153	3043	2625	4e-12	73.7
NCVOG0663-consensus	NODE_163_length_15382_cov_26.835217	26.45	533	349	43	98	598	5038	6600	2.3e-18	96.7
NCVOG0663-consensus	NODE_163_length_15382_cov_26.835217	24.08	598	400	54	46	607	8186	9916	1.8e-13	80.5
NCVOG0663-consensus	NODE_163_length_15382_cov_26.835217	23.61	559	325	102	65	604	3480	2056	4.1e-18	95.9
NCVOG0663-consensus	NODE_374_length_9830_cov_29.365221	23.62	669	427	84	11	605	4587	2614	4e-15	85.4
NCVOG0723-consensus	NODE_966_length_4333_cov_25.362782	38.03	71	41	3	33	100	4242	4033	3.9e-12	71.6
NCVOG0073-consensus	NODE_2930_length_1076_cov_27.626627	40.97	371	201	18	62	432	1070	15	5.2e-55	215.3
NCVOG0073-consensus	NODE_1510_length_2343_cov_32.154898	36.88	461	268	23	189	645	2343	1021	5e-49	196.5
NCVOG0073-consensus	NODE_176_length_14914_cov_25.417335	26.76	411	286	15	10	412	7383	8591	2.4e-42	177.0
NCVOG0073-consensus	NODE_3781_length_940_cov_32.844728	39.37	254	147	7	389	640	931	188	3e-38	159.4
NCVOG0073-consensus	NODE_307_length_11105_cov_25.279561	37.75	204	118	9	437	636	1	594	4.2e-24	115.9
NCVOG0073-consensus	NODE_3207_length_1029_cov_28.635504	43.81	194	91	18	19	204	449	997	4.8e-22	105.7
NCVOG0073-consensus	NODE_682_length_6036_cov_24.818594	42.08	366	201	11	13	378	1076	15	2.2e-15	86.1
NCVOG0073-consensus	NODE_2647_length_1182_cov_27.543891	25.80	345	213	43	19	334	1001	16	1.1e-12	74.8
NCVOG0073-consensus	NODE_3280_length_1018_cov_22.243358	27.74	274	178	20	20	274	174	985	4.3e-12	72.6
NCVOG0898-consensus	NODE_3038_length_1059_cov_18.808554	24.36	349	233	31	301	635	1040	48	5.5e-15	82.1
NCVOG0898-consensus	NODE_2247_length_1405_cov_20.344880	20.25	484	355	31	154	628	1382	6	1.2e-13	78.0
NCVOG0268-consensus	NODE_2222_length_1424_cov_25.502598	26.37	311	212	17	291	592	70	975	6.7e-12	71.8
NCVOG1068-consensus	NODE_27_length_34760_cov_25.778082	54.62	119	46	8	128	238	28494	28143	2.9e-23	112.8
NCVOG2643-consensus	NODE_213_length_13429_cov_24.096240	36.09	302	132	61	4	262	9959	9113	3.1e-17	91.6
NCVOG0613-consensus	NODE_322_length_10781_cov_25.180026	42.06	126	68	5	8	129	10333	10704	4.4e-20	99.7
NCVOG4523-consensus	NODE_901_length_4686_cov_25.961380	36.13	274	161	14	551	818	4498	3706	3.3e-30	135.2
NCVOG4523-consensus	NODE_618_length_6671_cov_25.463603	33.41	886	429	161	11	823	711	3079	9.2e-28	127.6
NCVOG1353-consensus	NODE_286_length_11624_cov_26.285875	59.14	810	259	72	40	779	5759	3343	2e-152	542.1
NCVOG1353-consensus	NODE_12941_length_155_cov_19.935897	62.75	51	19	0	666	716	3	152	9.6e-11	65.2
NCVOG4445-consensus	NODE_889_length_4737_cov_25.918026	32.45	302	182	22	91	383	3089	2230	1.1e-18	95.5
NCVOG4445-consensus	NODE_1726_length_1883_cov_25.154485	30.39	306	189	24	86	382	1794	925	1e-13	77.6
NCVOG4445-consensus	NODE_1074_length_3780_cov_27.000540	29.43	333	209	26	70	384	2174	1205	3.7e-13	76.8
NCVOG4445-consensus	NODE_2964_length_1070_cov_26.236657	33.46	254	151	18	124	369	1070	342	3.8e-13	74.9
NCVOG4445-consensus	NODE_297_length_11361_cov_26.194169	31.89	254	161	12	138	384	5699	4956	4.3e-13	78.1
NCVOG4445-consensus	NODE_907_length_4648_cov_23.058630	34.97	183	115	4	171	349	4624	4085	4.5e-13	76.8
NCVOG4445-consensus	NODE_1121_length_3573_cov_24.641590	29.43	350	228	19	42	383	631	1644	5.1e-13	76.2
NCVOG4445-consensus	NODE_397_length_9364_cov_25.853666	31.79	280	171	20	109	383	1212	421	9.1e-13	76.8
NCVOG4445-consensus	NODE_189_length_14424_cov_24.148254	28.57	259	169	16	73	322	853	101	1.2e-12	77.1
NCVOG4445-consensus	NODE_595_length_6906_cov_23.815346	29.34	259	165	18	71	319	4947	4198	2.5e-12	74.9
NCVOG4445-consensus	NODE_308_length_11101_cov_23.092616	28.42	292	185	24	76	352	8292	7447	2.2e-11	72.4
NCVOG4045-consensus	NODE_487_length_8083_cov_25.919685	27.50	400	245	45	23	380	2570	3753	4.2e-20	100.9
NCVOG0243-consensus	NODE_400_length_9309_cov_24.085139	30.61	392	221	51	25	390	6427	7524	4.4e-21	104.4
NCVOG0055-consensus	NODE_263_length_12116_cov_24.332170	38.05	205	99	28	192	369	88	692	4.8e-19	98.2
NCVOG0055-consensus	NODE_2581_length_1212_cov_25.363877	38.24	102	58	5	206	302	673	371	1.9e-12	73.0
NCVOG4105-consensus	NODE_630_length_6550_cov_37.190484	29.47	1123	614	178	7	1099	4720	1803	1.5e-37	160.1
NCVOG4105-consensus	NODE_6742_length_453_cov_52.936170	49.33	150	66	10	549	690	6	442	2.3e-30	132.4
NCVOG4105-consensus	NODE_277_length_11830_cov_32.332766	24.33	1007	625	137	29	985	10238	7498	9.4e-12	75.2
NCVOG1045-consensus	NODE_311_length_11050_cov_24.737993	32.47	231	139	17	331	550	5336	4669	4.4e-17	91.9
NCVOG0305-consensus	NODE_13_length_54710_cov_27.633445	38.75	271	155	11	772	1038	1267	2055	1.5e-36	160.4
NCVOG0305-consensus	NODE_13_length_54710_cov_27.633445	28.31	664	412	64	939	1560	4737	6643	2.1e-36	159.8
NCVOG0305-consensus	NODE_45_length_27279_cov_22.024925	34.33	233	139	14	1334	1556	2984	3663	4.6e-23	114.5
NCVOG0305-consensus	NODE_38_length_28592_cov_158.119271	29.41	323	209	19	1245	1557	22862	23798	5.8e-23	114.3
NCVOG0305-consensus	NODE_780_length_5361_cov_25.638342	30.42	263	167	16	782	1034	1296	531	4.1e-19	99.1
NCVOG0305-consensus	NODE_1038_length_3944_cov_25.125162	31.60	250	158	13	784	1027	3134	2409	9.2e-19	97.5
NCVOG0305-consensus	NODE_339_length_10385_cov_24.475747	32.39	213	129	15	1358	1556	3037	2407	1.4e-18	98.3
NCVOG0305-consensus	NODE_144_length_16565_cov_24.888707	29.34	259	166	17	784	1034	957	211	1.5e-18	98.8
NCVOG0305-consensus	NODE_144_length_16565_cov_24.888707	23.39	808	488	131	813	1506	5398	3041	2.7e-14	84.7
NCVOG0305-consensus	NODE_2179_length_1454_cov_25.729847	39.73	146	85	3	778	922	437	9	3.8e-18	94.0
NCVOG0305-consensus	NODE_1371_length_2717_cov_26.296591	31.63	196	124	10	781	975	2052	1495	3.1e-16	88.5
NCVOG0305-consensus	NODE_5025_length_764_cov_23.126638	35.33	184	107	12	790	967	534	6	1.7e-15	84.3
NCVOG0305-consensus	NODE_14_length_54371_cov_30.144378	29.96	227	146	13	822	1035	10031	10706	4.1e-14	85.8
NCVOG0305-consensus	NODE_150_length_16260_cov_27.378978	31.16	199	124	13	1367	1555	13432	12848	3e-13	81.2
NCVOG0305-consensus	NODE_1640_length_2018_cov_21.179289	33.49	212	130	11	1309	1510	1952	1323	7.4e-13	76.9
NCVOG0305-consensus	NODE_2235_length_1417_cov_25.554478	33.56	146	91	6	1415	1556	1360	932	4.1e-12	73.9
NCVOG0305-consensus	NODE_1139_length_3498_cov_25.332067	32.03	231	136	21	1302	1519	2511	1850	5.9e-12	74.7
NCVOG0305-consensus	NODE_64_length_23177_cov_29.781126	31.39	223	138	15	1314	1524	12170	11522	8.7e-12	76.8
NCVOG0305-consensus	NODE_5094_length_754_cov_22.818316	32.53	166	100	12	849	1005	721	240	9.4e-12	71.8
NCVOG0305-consensus	NODE_411_length_9093_cov_24.191437	27.72	285	174	32	1296	1557	6626	5818	1.5e-11	74.7
NCVOG0305-consensus	NODE_2333_length_1344_cov_26.407261	27.57	272	174	23	1261	1527	1177	419	2.1e-11	71.5
NCVOG0305-consensus	NODE_1046_length_3921_cov_27.200572	29.68	310	187	31	1281	1559	1067	1977	3.6e-11	72.2
NCVOG0248-consensus	NODE_11_length_60829_cov_369.364827	28.18	479	282	62	23	495	17213	15948	2.5e-15	88.4
NCVOG0248-consensus	NODE_4898_length_781_cov_24.232955	31.51	311	141	72	130	427	3	753	1e-13	76.8
NCVOG0105-consensus	NODE_4197_length_879_cov_25.307980	33.52	176	103	14	707	871	829	314	1.7e-14	80.5
NCVOG0105-consensus	NODE_2397_length_1308_cov_26.813160	32.29	223	132	19	687	892	1287	632	1.4e-13	78.0
NCVOG4804-consensus	NODE_455_length_8424_cov_28.656403	56.00	125	51	4	56	180	8180	7821	3e-26	120.4
NCVOG4804-consensus	NODE_3771_length_942_cov_28.627746	71.23	73	21	0	108	180	942	727	9.9e-21	99.0
NCVOG0282-consensus	NODE_144_length_16565_cov_24.888707	29.07	289	188	17	325	603	975	133	1.5e-19	101.3
NCVOG0282-consensus	NODE_144_length_16565_cov_24.888707	34.56	272	152	26	325	582	3642	2870	6.7e-19	99.1
NCVOG0282-consensus	NODE_144_length_16565_cov_24.888707	30.16	305	159	54	325	585	5605	4724	4.6e-15	86.4
NCVOG0282-consensus	NODE_1038_length_3944_cov_25.125162	29.17	288	185	19	325	601	3152	2316	1.6e-19	99.1
NCVOG0282-consensus	NODE_44_length_27466_cov_28.095838	31.47	340	186	47	269	582	5217	6166	4.3e-19	100.5
NCVOG0282-consensus	NODE_9_length_69459_cov_27.156928	25.62	445	286	45	173	582	34859	36144	3.9e-17	95.3
NCVOG0282-consensus	NODE_9_length_69459_cov_27.156928	26.29	426	264	50	190	590	32783	33982	2.9e-15	89.1
NCVOG0282-consensus	NODE_1051_length_3904_cov_27.539587	26.53	343	207	45	281	581	2601	3615	1.9e-15	85.6
NCVOG0282-consensus	NODE_1310_length_2906_cov_28.662778	31.69	325	172	50	272	570	2681	1796	2.1e-15	85.0
NCVOG0282-consensus	NODE_45_length_27279_cov_22.024925	33.59	262	149	25	329	573	2897	3651	5.2e-15	86.9
NCVOG0282-consensus	NODE_442_length_8571_cov_25.639746	33.33	294	157	39	323	584	5109	4258	1.9e-14	83.4
NCVOG0282-consensus	NODE_1640_length_2018_cov_21.179289	29.08	337	207	32	325	637	1949	970	2.4e-14	81.0
NCVOG0282-consensus	NODE_813_length_5148_cov_27.983435	27.84	370	221	46	322	656	1710	641	1.9e-13	79.3
NCVOG0282-consensus	NODE_2101_length_1505_cov_26.371148	29.23	260	157	27	332	571	1099	348	3e-13	76.9
NCVOG0282-consensus	NODE_2001_length_1579_cov_24.646471	30.38	293	177	27	308	582	1011	171	3.1e-13	76.9
NCVOG0282-consensus	NODE_3103_length_1046_cov_26.466460	34.10	173	96	18	424	583	913	413	9.1e-13	74.8
NCVOG0282-consensus	NODE_1371_length_2717_cov_26.296591	28.77	219	147	9	331	548	2043	1414	1.7e-12	75.3
NCVOG0282-consensus	NODE_187_length_14494_cov_25.098079	28.57	231	139	26	307	520	159	821	2.4e-12	77.2
NCVOG0282-consensus	NODE_411_length_9093_cov_24.191437	26.10	272	182	19	325	581	6605	5809	2.7e-12	76.4
NCVOG0282-consensus	NODE_75_length_21797_cov_24.841621	32.73	220	131	17	321	531	5412	4780	3.6e-12	77.2
NCVOG0282-consensus	NODE_75_length_21797_cov_24.841621	31.28	211	127	18	317	520	15680	15084	3.6e-12	77.2
NCVOG0282-consensus	NODE_4_length_105684_cov_26.617611	29.12	285	171	31	322	582	37400	38224	6.8e-12	78.5
NCVOG0282-consensus	NODE_4_length_105684_cov_26.617611	28.16	277	174	25	325	579	43863	44677	4e-13	82.6
NCVOG0282-consensus	NODE_5094_length_754_cov_22.818316	30.77	208	123	21	399	590	721	120	1.1e-11	70.7
NCVOG0282-consensus	NODE_2235_length_1417_cov_25.554478	32.73	165	100	11	435	595	1348	878	3.7e-11	69.9
NCVOG0282-consensus	NODE_5025_length_764_cov_23.126638	31.34	201	124	14	321	514	582	6	4.1e-11	68.8
NCVOG0282-consensus	NODE_74_length_22015_cov_25.361610	29.30	256	161	20	353	595	206	945	7.4e-11	72.8
NCVOG2963-consensus	NODE_2272_length_1389_cov_21.849085	30.91	220	139	13	111	322	78	715	4.9e-13	74.7
NCVOG2963-consensus	NODE_2265_length_1393_cov_27.893617	28.05	221	149	10	99	313	134	781	4.7e-12	71.4
NCVOG2963-consensus	NODE_684_length_6021_cov_26.621803	24.62	260	183	13	66	321	4060	3311	5.2e-11	70.0
NCVOG4883-consensus	NODE_190_length_14418_cov_26.546336	35.97	253	147	15	46	293	7258	7983	4.2e-23	112.0
NCVOG2979-consensus	NODE_1109_length_3623_cov_28.720248	31.06	264	158	24	2	242	791	1568	3.4e-16	86.1
NCVOG0360-consensus	NODE_17_length_44421_cov_24.302837	43.61	305	157	15	24	315	21546	22447	6.3e-46	188.9
NCVOG0979-consensus	NODE_135_length_17020_cov_24.846898	51.18	254	109	15	3	241	889	1647	5.9e-53	211.1
NCVOG0979-consensus	NODE_135_length_17020_cov_24.846898	42.07	164	92	3	158	320	2	484	6.6e-23	111.2
NCVOG0979-consensus	NODE_6548_length_504_cov_23.283372	40.80	174	96	7	10	182	2	500	1.2e-27	121.9
NCVOG0979-consensus	NODE_8368_length_219_cov_14.309859	44.44	72	40	0	111	182	217	5	4e-12	69.2
NCVOG0699-consensus	NODE_2964_length_1070_cov_26.236657	29.46	224	151	7	198	414	1070	402	1.5e-13	76.5
NCVOG0699-consensus	NODE_457_length_8396_cov_24.150619	25.08	319	224	15	137	453	5883	6797	8.1e-12	73.7
NCVOG0274-consensus	NODE_22_length_37730_cov_25.699599	39.61	1492	731	170	31	1383	18107	22476	2.9e-61	241.8
NCVOG0274-consensus	NODE_914_length_4604_cov_25.301524	28.19	1451	753	289	171	1363	362	4596	3.6e-54	215.2
NCVOG0274-consensus	NODE_66_length_22998_cov_26.176781	31.24	1450	773	224	72	1380	13619	9536	1.8e-33	148.7
NCVOG0274-consensus	NODE_11_length_60829_cov_369.364827	27.02	840	497	116	59	863	10507	12780	1.2e-27	130.8
NCVOG0274-consensus	NODE_5897_length_635_cov_25.707885	37.37	99	58	4	14	108	114	407	1.6e-12	74.0
NCVOG0274-consensus	NODE_10432_length_176_cov_14.979798	63.79	58	21	0	443	500	1	171	6.8e-12	70.0
NCVOG0074-consensus	NODE_682_length_6036_cov_24.818594	73.86	352	92	0	5	356	1058	6	1.5e-133	478.1
NCVOG0074-consensus	NODE_2930_length_1076_cov_27.626627	64.27	361	125	4	47	407	1073	6	1.2e-114	412.8
NCVOG0074-consensus	NODE_1510_length_2343_cov_32.154898	46.19	472	229	25	168	635	2343	994	2.1e-96	353.3
NCVOG0074-consensus	NODE_3781_length_940_cov_32.844728	53.02	281	129	3	360	637	934	95	2.2e-65	248.9
NCVOG0074-consensus	NODE_307_length_11105_cov_25.279561	51.71	205	97	2	409	611	1	612	2.2e-43	179.5
NCVOG0074-consensus	NODE_3207_length_1029_cov_28.635504	51.00	200	84	14	2	190	431	1018	2e-40	166.2
NCVOG0074-consensus	NODE_3343_length_1008_cov_28.663802	30.91	275	177	13	236	502	1006	200	7.9e-30	131.0
NCVOG0074-consensus	NODE_176_length_14914_cov_25.417335	37.03	397	233	17	6	386	7413	8597	1.6e-26	123.9
NCVOG0074-consensus	NODE_3280_length_1018_cov_22.243358	33.80	287	162	28	1	259	159	1012	8.8e-20	97.6
NCVOG0074-consensus	NODE_6506_length_516_cov_20.681093	75.76	66	15	1	6	70	200	6	1.3e-18	92.8
NCVOG0074-consensus	NODE_22535_length_155_cov_12.782051	76.47	51	12	0	332	382	155	6	2.3e-14	76.9
NCVOG0074-consensus	NODE_12911_length_155_cov_20.000000	76.47	51	12	0	332	382	155	6	2.3e-14	76.9
NCVOG0074-consensus	NODE_4241_length_872_cov_32.250314	27.05	292	195	18	315	594	3	857	5.4e-13	74.8
NCVOG0074-consensus	NODE_20314_length_155_cov_13.858974	68.63	51	15	1	21	70	1	150	5.2e-11	65.7
NCVOG0074-consensus	NODE_2647_length_1182_cov_27.543891	30.29	340	205	32	1	311	1013	10	8.1e-11	68.0
NCVOG1299-consensus	NODE_448_length_8475_cov_26.368421	38.93	149	82	9	5	145	6758	6318	1.2e-16	88.1
NCVOG1299-consensus	NODE_448_length_8475_cov_26.368421	44.81	154	66	19	5	140	6068	5615	6.1e-18	92.5
NCVOG1299-consensus	NODE_448_length_8475_cov_26.368421	40.00	155	82	11	1	145	5464	5006	1.2e-16	88.1
NCVOG1299-consensus	NODE_448_length_8475_cov_26.368421	50.93	161	59	20	5	146	8362	7888	1.2e-16	88.1
NCVOG1196-consensus	NODE_1661_length_1987_cov_24.867016	26.63	661	388	97	421	1065	1983	247	7.1e-20	99.7
NCVOG1196-consensus	NODE_139_length_16826_cov_24.248134	21.23	763	524	77	39	769	16357	14215	4e-14	83.6
NCVOG0064-consensus	NODE_1278_length_3013_cov_24.385899	24.70	332	218	32	23	334	1409	453	1e-13	78.6
NCVOG4324-consensus	NODE_506_length_7842_cov_25.771024	30.74	605	338	81	51	610	2507	816	6.6e-22	107.6
NCVOG4134-consensus	NODE_2198_length_1442_cov_25.381685	36.72	433	216	58	1	408	1193	7	6e-20	98.2
NCVOG0304-consensus	NODE_75_length_21797_cov_24.841621	34.81	158	90	13	49	201	15677	15231	8.6e-12	75.1
NCVOG0304-consensus	NODE_780_length_5361_cov_25.638342	28.78	205	135	11	9	207	1443	849	7.6e-11	69.9
NCVOG0304-consensus	NODE_1776_length_1820_cov_23.603557	33.33	192	99	29	53	219	825	1383	8e-11	68.3
NCVOG0214-consensus	NODE_3684_length_955_cov_15.316629	29.85	268	171	17	272	528	791	9	2.1e-14	79.9
NCVOG1004-consensus	NODE_2918_length_1077_cov_28.978000	26.41	390	231	56	6	376	15	1070	4.1e-11	68.4
NCVOG0276-consensus	NODE_2_length_170104_cov_27.065613	65.78	339	96	20	39	357	131633	130628	3.9e-100	370.9
NCVOG0276-consensus	NODE_1176_length_3365_cov_26.909672	29.24	301	191	22	78	357	3365	2473	2e-16	87.4
NCVOG0689-consensus	NODE_2272_length_1389_cov_21.849085	25.18	278	176	32	70	341	6	752	1.3e-11	70.5
NCVOG4882-consensus	NODE_183_length_14703_cov_25.235061	33.72	347	194	36	386	719	12530	11562	6.5e-26	122.4
NCVOG2204-consensus	NODE_529_length_7570_cov_25.332444	39.96	468	228	53	4	425	36	1411	5.8e-49	196.9
NCVOG0777-consensus	NODE_718_length_5804_cov_24.999127	26.59	267	174	22	157	410	1471	2241	1.1e-11	74.4
NCVOG0777-consensus	NODE_83_length_20992_cov_21.607076	31.44	264	157	24	238	499	12751	13469	1.6e-11	75.8
NCVOG2610-consensus	NODE_2272_length_1389_cov_21.849085	31.19	202	135	4	152	353	6	596	4.1e-13	75.2
NCVOG1060-consensus	NODE_43_length_27536_cov_25.158891	31.82	352	192	48	28	348	27362	26373	1.2e-22	111.2
NCVOG4966-consensus	NODE_1661_length_1987_cov_24.867016	27.29	447	278	47	52	482	1979	739	5.1e-16	85.7
NCVOG4966-consensus	NODE_2265_length_1393_cov_27.893617	30.19	308	198	17	110	407	39	934	1.3e-11	70.5
NCVOG4966-consensus	NODE_684_length_6021_cov_26.621803	23.81	294	209	15	112	402	4132	3290	7e-11	70.2
NCVOG0320-consensus	NODE_51_length_25531_cov_25.201304	31.94	216	117	30	8	203	24985	24375	4e-11	71.9
NCVOG1130-consensus	NODE_2475_length_1256_cov_24.832909	34.75	141	79	13	53	184	412	5	1.4e-15	82.2
NCVOG0030-consensus	NODE_17_length_44421_cov_24.302837	42.01	219	101	26	26	232	29540	28933	4.7e-30	137.4
NCVOG0030-consensus	NODE_4675_length_812_cov_26.933333	40.58	207	116	7	266	472	660	64	9.1e-30	130.7
NCVOG0030-consensus	NODE_3882_length_926_cov_26.453475	41.40	215	113	13	335	540	860	239	2.8e-26	119.3
NCVOG0030-consensus	NODE_698_length_5909_cov_26.230967	40.33	300	135	44	26	296	5020	5871	1.6e-14	82.9
NCVOG4494-consensus	NODE_1128_length_3540_cov_25.870921	40.80	125	69	5	78	199	2197	1832	9.3e-15	82.4
NCVOG4494-consensus	NODE_752_length_5571_cov_29.046050	32.41	324	175	44	24	311	642	1578	5.5e-14	80.5
NCVOG4494-consensus	NODE_1366_length_2722_cov_25.284688	35.42	192	118	6	20	206	1130	561	1.4e-13	78.1
NCVOG4494-consensus	NODE_437_length_8679_cov_26.276215	34.74	213	123	16	22	218	94	725	6.1e-11	71.0
NCVOG4707-consensus	NODE_54_length_24944_cov_28.703985	33.33	156	90	14	224	379	4198	3776	1.3e-11	74.4
NCVOG0296-consensus	NODE_75_length_21797_cov_24.841621	26.27	255	175	13	4	252	15674	14934	1.8e-13	81.0
NCVOG0296-consensus	NODE_2333_length_1344_cov_26.407261	24.05	262	182	17	10	264	1054	306	6.6e-12	71.8
NCVOG0296-consensus	NODE_1051_length_3904_cov_27.539587	28.80	250	154	24	10	242	2748	3467	3.5e-11	71.0
NCVOG0267-consensus	NODE_632_length_6544_cov_28.654245	29.80	453	264	54	283	718	3216	4452	1.4e-23	113.8
NCVOG0267-consensus	NODE_3858_length_929_cov_36.014085	30.67	326	183	43	326	632	19	921	7e-16	85.3
NCVOG0267-consensus	NODE_64_length_23177_cov_29.781126	31.79	173	113	5	575	747	23020	22520	4.1e-15	87.4
NCVOG0267-consensus	NODE_212_length_13492_cov_27.316959	28.73	456	252	73	326	735	5482	4203	1e-13	82.0
NCVOG0267-consensus	NODE_1036_length_3948_cov_27.159907	32.14	473	264	57	278	733	3488	2197	6e-13	77.7
NCVOG0267-consensus	NODE_1778_length_1818_cov_32.155658	30.13	239	133	34	498	718	58	723	1e-12	75.8
NCVOG0267-consensus	NODE_380_length_9670_cov_25.465861	26.53	426	271	42	326	729	4838	3626	2.1e-12	77.1
NCVOG0267-consensus	NODE_91_length_20754_cov_24.809402	28.25	538	324	62	291	793	11466	12985	6.7e-12	76.6
NCVOG0517-consensus	NODE_2272_length_1389_cov_21.849085	29.61	233	150	14	116	342	42	713	9.7e-18	90.4
NCVOG0517-consensus	NODE_684_length_6021_cov_26.621803	25.37	268	184	16	79	334	4105	3317	3.5e-17	90.6
NCVOG0517-consensus	NODE_2265_length_1393_cov_27.893617	28.24	255	164	19	99	344	83	814	1.1e-11	70.3
NCVOG0817-consensus	NODE_2918_length_1077_cov_28.978000	30.63	395	224	50	6	395	15	1061	4.5e-18	91.7
NCVOG0817-consensus	NODE_6252_length_571_cov_25.558704	40.18	112	58	9	402	507	5	328	3.9e-13	74.3
NCVOG0046-consensus	NODE_273_length_11947_cov_25.447936	29.65	344	167	75	5	277	7684	6668	3.5e-17	91.5
NCVOG0046-consensus	NODE_3_length_169597_cov_27.704991	41.76	170	80	19	8	158	106878	106374	1.4e-13	83.2
NCVOG0046-consensus	NODE_58_length_24235_cov_25.319439	55.22	67	28	2	8	72	5015	5212	9.3e-11	71.2
NCVOG0046-consensus	NODE_1240_length_3118_cov_26.956922	55.56	72	25	7	8	72	1789	1579	9.8e-11	68.1
NCVOG0037-consensus	NODE_247_length_12425_cov_25.380952	43.49	568	276	45	530	1064	12423	10761	7.1e-98	361.4
NCVOG0037-consensus	NODE_5188_length_742_cov_30.903759	57.32	239	92	10	285	513	1	714	3.7e-53	208.8
NCVOG0037-consensus	NODE_3116_length_1044_cov_26.191313	43.39	295	132	35	20	283	180	1039	1.5e-34	147.4
NCVOG0007-consensus	NODE_2125_length_1488_cov_30.616584	34.33	367	197	44	41	363	1488	393	5e-25	114.8
NCVOG0015-consensus	NODE_90_length_20768_cov_163.540801	32.81	253	157	13	5	247	9351	8617	8e-20	101.7
NCVOG0015-consensus	NODE_4516_length_833_cov_23.875661	33.64	214	130	12	48	255	621	5	8e-17	87.1
NCVOG0015-consensus	NODE_3772_length_942_cov_28.082081	32.68	153	96	7	99	244	443	898	7.2e-12	70.8
NCVOG0015-consensus	NODE_4313_length_863_cov_27.746819	28.80	184	121	10	94	270	304	843	2e-11	69.2
NCVOG0015-consensus	NODE_818_length_5138_cov_24.145623	35.00	180	106	11	99	267	223	759	4.1e-11	70.7
NCVOG0015-consensus	NODE_818_length_5138_cov_24.145623	35.71	168	101	7	96	256	967	1467	5.6e-14	80.2
NCVOG0015-consensus	NODE_818_length_5138_cov_24.145623	32.45	265	138	41	41	269	3276	4044	4.1e-11	70.7
NCVOG0015-consensus	NODE_4859_length_786_cov_29.165021	28.25	223	151	9	96	310	683	25	6.9e-11	67.3
NCVOG0015-consensus	NODE_6510_length_514_cov_20.585812	31.74	167	103	11	132	287	1	498	7.7e-11	66.5
NCVOG0005-consensus	NODE_433_length_8758_cov_26.456514	28.99	307	194	24	54	341	4305	5199	1.7e-14	82.7
NCVOG4814-consensus	NODE_2272_length_1389_cov_21.849085	25.68	183	128	8	250	432	30	551	8.6e-11	67.8
NCVOG0486-consensus	NODE_246_length_12436_cov_25.770936	31.73	353	203	38	45	367	1473	2500	4.2e-23	111.5
NCVOG0284-consensus	NODE_2533_length_1229_cov_26.600694	33.92	227	126	24	99	309	1198	549	1.1e-20	99.9
NCVOG0806-consensus	NODE_195_length_14144_cov_27.911495	34.35	457	251	49	16	447	7555	6272	6.6e-38	161.1
NCVOG0806-consensus	NODE_1_length_297061_cov_27.439630	43.82	477	225	43	6	447	182136	180745	3.8e-21	108.8
NCVOG2958-consensus	NODE_299_length_11266_cov_24.152829	36.49	211	105	29	69	252	9263	9878	2.5e-14	81.8
NCVOG2958-consensus	NODE_363_length_10019_cov_25.214947	28.21	195	117	23	70	255	1108	1647	3.1e-13	78.0
NCVOG0329-consensus	NODE_1001_length_4120_cov_25.173633	33.05	348	203	30	1014	1335	560	1584	2.1e-34	149.3
NCVOG0329-consensus	NODE_3038_length_1059_cov_18.808554	31.64	354	224	18	268	610	1055	18	5.2e-19	96.2
NCVOG0329-consensus	NODE_2247_length_1405_cov_20.344880	27.64	445	284	38	208	631	1371	99	3.9e-15	83.7
NCVOG0329-consensus	NODE_4784_length_799_cov_13.186981	41.13	231	122	14	349	566	771	85	5.3e-14	79.1
NCVOG0329-consensus	NODE_281_length_11776_cov_24.214121	33.17	205	110	27	1110	1298	8032	8604	8.3e-13	79.0
NCVOG0329-consensus	NODE_50_length_25701_cov_25.489288	39.20	125	59	17	1123	1240	23331	23672	1e-12	79.8
NCVOG0329-consensus	NODE_1450_length_2513_cov_27.146141	23.91	665	424	82	352	950	2037	100	2.3e-11	72.0
NCVOG0029-consensus	NODE_41_length_27908_cov_25.332938	34.77	302	176	21	213	501	11310	12184	5.1e-37	159.4
NCVOG0029-consensus	NODE_84_length_20908_cov_25.250924	27.68	560	342	63	5	507	2803	1145	7e-18	95.4
NCVOG0029-consensus	NODE_736_length_5654_cov_24.531827	32.72	486	242	85	34	435	1368	2803	5.9e-14	80.5
NCVOG4566-consensus	NODE_2272_length_1389_cov_21.849085	28.87	239	149	21	296	529	6	667	6.4e-12	72.6
NCVOG0566-consensus	NODE_2272_length_1389_cov_21.849085	28.00	125	90	0	70	194	18	389	5.5e-12	71.3
NCVOG4154-consensus	NODE_1278_length_3013_cov_24.385899	24.32	222	135	33	56	254	2087	1455	1.2e-12	74.4
NCVOG4154-consensus	NODE_116_length_18796_cov_27.866125	17.20	250	191	16	9	258	3006	3704	6e-12	74.7
NCVOG5034-consensus	NODE_2272_length_1389_cov_21.849085	34.90	192	110	15	171	350	42	605	9.5e-17	87.1
NCVOG4416-consensus	NODE_2964_length_1070_cov_26.236657	27.07	181	128	4	75	253	944	411	3.6e-12	71.2
NCVOG4416-consensus	NODE_3098_length_1047_cov_26.150515	30.49	164	108	6	94	253	828	346	7e-11	66.8
NCVOG0242-consensus	NODE_7_length_84373_cov_26.851844	23.48	558	370	57	135	664	32325	30742	9.7e-18	97.3
NCVOG1326-consensus	NODE_285_length_11703_cov_28.131172	48.97	145	69	5	10	150	9815	9387	1.2e-28	128.6
NCVOG1326-consensus	NODE_22_length_37730_cov_25.699599	44.97	169	74	19	1	150	16989	17484	3.1e-26	122.2
NCVOG1326-consensus	NODE_2091_length_1512_cov_25.242509	49.65	143	66	6	10	146	617	1042	3.7e-26	117.3
NCVOG1326-consensus	NODE_488_length_8076_cov_23.839730	50.40	125	58	4	26	146	8076	7705	2e-23	110.6
NCVOG1326-consensus	NODE_951_length_4428_cov_25.442887	43.09	123	64	6	10	126	4060	4425	4.9e-18	91.9
NCVOG0036-consensus	NODE_2280_length_1383_cov_28.061256	38.84	224	121	16	93	305	781	136	3.2e-19	95.3
NCVOG2216-consensus	NODE_213_length_13429_cov_24.096240	36.17	94	59	1	35	128	10877	11152	5.8e-21	103.7
NCVOG0106-consensus	NODE_11_length_60829_cov_369.364827	24.04	836	518	117	29	809	39847	37535	9.4e-12	77.2
NCVOG0014-consensus	NODE_5888_length_637_cov_20.216071	34.34	198	130	0	142	339	15	605	4.3e-23	107.7
NCVOG0014-consensus	NODE_818_length_5138_cov_24.145623	28.74	261	183	3	82	339	2765	3544	7e-20	100.0
NCVOG0014-consensus	NODE_818_length_5138_cov_24.145623	30.56	216	150	0	124	339	115	759	7e-20	100.0
NCVOG0014-consensus	NODE_818_length_5138_cov_24.145623	29.47	190	134	0	131	320	889	1455	2.5e-18	94.9
NCVOG0014-consensus	NODE_1054_length_3896_cov_23.173082	28.63	255	172	10	123	371	2998	3741	9.3e-20	99.2
NCVOG0014-consensus	NODE_4859_length_786_cov_29.165021	28.50	214	152	1	131	343	761	123	2.1e-19	95.7
NCVOG0014-consensus	NODE_2016_length_1569_cov_23.626005	27.19	217	157	1	126	341	916	1563	2.1e-16	86.7
NCVOG0014-consensus	NODE_4010_length_906_cov_26.499397	26.92	208	148	4	136	341	761	147	2.4e-15	82.4
NCVOG0014-consensus	NODE_4529_length_831_cov_28.035809	28.38	229	156	8	36	260	151	822	2.1e-14	79.2
NCVOG0014-consensus	NODE_817_length_5140_cov_25.946869	28.18	220	151	7	136	352	5128	4490	2e-13	78.6
NCVOG0014-consensus	NODE_6510_length_514_cov_20.585812	26.92	156	114	0	170	325	40	504	2e-12	71.9
NCVOG0014-consensus	NODE_3772_length_942_cov_28.082081	26.53	245	172	8	82	322	213	928	6.8e-12	71.0
NCVOG0014-consensus	NODE_6970_length_396_cov_17.241379	30.77	130	90	0	137	266	391	5	1.7e-11	68.4
NCVOG0002-consensus	NODE_158_length_15754_cov_25.027493	30.67	476	295	35	332	788	10691	12059	1.9e-30	137.4
NCVOG0002-consensus	NODE_4445_length_842_cov_26.853595	29.02	286	189	14	400	678	1	834	2.1e-19	96.5
NCVOG0002-consensus	NODE_49_length_26226_cov_26.072049	23.59	513	345	47	63	557	24707	26137	7e-11	73.1
NCVOG4845-consensus	NODE_322_length_10781_cov_25.180026	25.50	549	307	102	101	629	3868	5253	6.3e-18	94.8
NCVOG4845-consensus	NODE_29_length_32858_cov_28.389299	22.47	592	332	127	61	628	26337	24876	2.5e-11	74.5
NCVOG2775-consensus	NODE_135_length_17020_cov_24.846898	37.15	253	146	13	135	377	14098	14844	9.8e-28	127.9
NCVOG2775-consensus	NODE_135_length_17020_cov_24.846898	39.83	236	118	24	160	371	15318	16022	1.9e-25	120.4
NCVOG2775-consensus	NODE_1_length_297061_cov_27.439630	31.40	363	211	38	182	507	283402	284482	5.7e-23	115.2
NCVOG2775-consensus	NODE_12_length_54948_cov_26.958393	31.83	333	201	26	183	491	13371	14354	6.7e-23	113.6
NCVOG2775-consensus	NODE_4829_length_791_cov_26.747899	33.68	190	124	2	182	369	585	19	1.8e-22	106.0
NCVOG2775-consensus	NODE_4067_length_897_cov_24.128049	39.22	204	118	6	199	402	11	601	5.1e-17	88.1
NCVOG2775-consensus	NODE_145_length_16563_cov_25.331615	33.33	267	167	11	137	395	13327	12539	3.8e-16	89.4
NCVOG2775-consensus	NODE_357_length_10138_cov_25.654706	34.91	169	101	9	166	328	8428	7934	2.7e-15	85.9
NCVOG2775-consensus	NODE_19_length_38751_cov_27.327972	27.11	343	231	19	223	555	8060	7066	5.7e-15	86.7
NCVOG2775-consensus	NODE_1737_length_1874_cov_19.897607	35.38	130	84	0	231	360	1874	1488	9.4e-14	78.3
NCVOG2775-consensus	NODE_360_length_10088_cov_24.947558	44.33	97	51	3	204	300	1259	981	3.3e-12	75.6
NCVOG2775-consensus	NODE_907_length_4648_cov_23.058630	37.00	200	108	18	208	407	4648	4106	4e-12	74.2
NCVOG2775-consensus	NODE_2244_length_1406_cov_25.972160	39.60	101	61	0	265	365	670	371	2.4e-11	69.9
NCVOG2775-consensus	NODE_663_length_6238_cov_27.547151	27.85	438	262	54	179	565	576	1859	2.9e-11	71.8
NCVOG2775-consensus	NODE_38_length_28592_cov_158.119271	25.65	425	296	20	106	511	9205	7949	4.2e-11	73.4
NCVOG0893-consensus	NODE_3905_length_923_cov_23.527187	37.27	271	150	20	101	353	86	881	1.7e-38	160.0
NCVOG0275-consensus	NODE_1222_length_3183_cov_24.440116	31.41	191	128	3	6	194	1068	502	7.7e-19	94.4
NCVOG0275-consensus	NODE_5083_length_755_cov_26.023599	35.46	141	87	4	6	146	36	443	5.2e-17	86.2
NCVOG0275-consensus	NODE_217_length_13380_cov_25.771405	33.52	182	110	11	7	178	4460	3925	1.5e-15	85.5
NCVOG0275-consensus	NODE_210_length_13511_cov_28.850220	29.65	199	128	12	7	194	11470	10882	7.6e-13	76.6
NCVOG0275-consensus	NODE_5394_length_713_cov_26.416667	28.39	155	106	5	7	160	454	5	1e-12	71.9
NCVOG0729-consensus	NODE_4_length_105684_cov_26.617611	36.92	585	315	54	2	549	1484	3178	3e-82	311.6
NCVOG4874-consensus	NODE_883_length_4773_cov_23.568995	42.43	370	184	29	11	366	3611	4666	1.3e-59	231.4
NCVOG4874-consensus	NODE_761_length_5482_cov_29.258834	42.42	389	184	40	2	367	4189	3081	6.9e-52	205.9
NCVOG4605-consensus	NODE_3684_length_955_cov_15.316629	28.80	309	194	26	236	537	878	12	6.7e-12	71.5
NCVOG4423-consensus	NODE_907_length_4648_cov_23.058630	36.84	133	84	0	88	220	4474	4079	3.5e-18	93.0
NCVOG4423-consensus	NODE_2964_length_1070_cov_26.236657	39.73	146	85	3	76	218	832	402	3.1e-14	77.8
NCVOG4423-consensus	NODE_3098_length_1047_cov_26.150515	38.41	138	77	8	87	219	828	427	7.7e-14	76.4
NCVOG4423-consensus	NODE_595_length_6906_cov_23.815346	30.28	218	135	17	9	220	5086	4477	1.5e-12	74.8
NCVOG4423-consensus	NODE_44_length_27466_cov_28.095838	38.03	142	84	4	82	219	11850	11428	3.2e-11	72.4
NCVOG0992-consensus	NODE_5456_length_704_cov_20.078150	28.82	229	153	10	3	222	683	5	1.3e-16	85.6
NCVOG0992-consensus	NODE_1998_length_1582_cov_26.251827	24.09	328	218	31	32	336	1567	613	3.1e-14	78.9
NCVOG0992-consensus	NODE_260_length_12165_cov_24.969143	27.18	206	132	18	27	226	9707	10285	5.2e-13	77.8
NCVOG0605-consensus	NODE_64_length_23177_cov_29.781126	26.42	352	231	28	156	488	10820	9795	1.2e-17	94.6
NCVOG0605-consensus	NODE_5456_length_704_cov_20.078150	33.04	230	142	12	264	493	680	30	1.5e-17	89.2
NCVOG2639-consensus	NODE_4986_length_769_cov_31.264451	33.90	118	60	18	10	111	596	256	1.7e-13	74.5
NCVOG0772-consensus	NODE_7182_length_335_cov_18.500000	42.17	83	40	8	141	222	335	111	3.3e-18	89.3
NCVOG1136-consensus	NODE_3825_length_934_cov_28.336056	55.42	166	63	11	190	345	493	6	3.3e-40	164.9
NCVOG1136-consensus	NODE_1801_length_1779_cov_24.265570	47.68	151	58	21	347	480	1779	1344	2.5e-20	99.8
NCVOG1136-consensus	NODE_21841_length_155_cov_13.128205	64.58	48	17	0	323	370	149	9	2.8e-12	69.5
NCVOG1136-consensus	NODE_15927_length_155_cov_16.346154	64.58	48	17	0	323	370	149	9	2.8e-12	69.5
NCVOG0059-consensus	NODE_2111_length_1498_cov_25.529205	32.51	243	136	28	110	343	23	691	5.9e-15	81.6
NCVOG1149-consensus	NODE_3394_length_1000_cov_25.964247	22.76	290	201	23	30	311	174	995	2.8e-21	101.6
NCVOG1149-consensus	NODE_3839_length_932_cov_26.570760	26.76	284	178	30	24	295	133	927	9.4e-21	99.7
NCVOG1149-consensus	NODE_3827_length_934_cov_26.462077	31.10	209	127	17	32	234	632	46	5.3e-16	84.0
NCVOG1149-consensus	NODE_3842_length_932_cov_22.362573	28.04	214	142	12	23	233	274	881	2.6e-15	81.6
NCVOG1149-consensus	NODE_415_length_9047_cov_23.462207	24.16	298	202	24	24	311	8010	8858	1.3e-14	82.6
NCVOG1149-consensus	NODE_415_length_9047_cov_23.462207	24.02	254	182	11	39	286	6427	7164	1.3e-14	82.6
NCVOG1149-consensus	NODE_1011_length_4063_cov_24.799047	24.59	244	173	11	90	329	3107	3810	1.5e-12	74.7
NCVOG1049-consensus	NODE_1118_length_3591_cov_25.858566	37.22	266	136	31	75	324	3574	2833	4e-20	99.6
NCVOG1049-consensus	NODE_1995_length_1589_cov_24.518519	31.90	210	126	17	6	200	641	21	5.7e-17	87.9
NCVOG0219-consensus	NODE_1001_length_4120_cov_25.173633	33.14	347	213	19	387	730	598	1587	1.6e-43	178.6
NCVOG4655-consensus	NODE_2272_length_1389_cov_21.849085	27.84	176	119	8	77	245	66	587	3.9e-11	68.6
NCVOG0901-consensus	NODE_7_length_84373_cov_26.851844	51.85	189	77	14	5	180	3448	4006	7.7e-34	148.9
NCVOG2980-consensus	NODE_134_length_17051_cov_24.602569	27.08	517	290	87	4	473	2794	1371	3.3e-18	96.0
NCVOG2980-consensus	NODE_405_length_9148_cov_25.197883	23.41	487	304	69	13	466	2057	3402	1.4e-16	89.7
NCVOG2980-consensus	NODE_2264_length_1393_cov_27.936170	33.33	141	82	12	339	472	1391	987	7.3e-12	71.3
NCVOG1272-consensus	NODE_930_length_4560_cov_31.193843	20.73	1293	882	143	734	1917	41	3810	5.5e-14	82.3
NCVOG0652-consensus	NODE_482_length_8101_cov_24.143320	38.24	353	209	9	71	421	6358	7392	1.8e-60	235.1
NCVOG0652-consensus	NODE_482_length_8101_cov_24.143320	36.02	347	213	9	55	396	4673	5696	2.5e-51	204.8
NCVOG0652-consensus	NODE_4115_length_891_cov_27.206388	34.54	249	142	21	190	421	55	772	3.3e-24	111.5
NCVOG2642-consensus	NODE_79_length_21346_cov_24.522215	40.20	204	112	10	5	199	18765	18164	5.3e-26	121.0
NCVOG4522-consensus	NODE_2107_length_1500_cov_27.152388	45.00	120	59	7	262	374	360	6	1.1e-19	97.4
NCVOG1352-consensus	NODE_1316_length_2885_cov_25.549501	41.98	162	82	12	61	221	7	456	5.5e-24	111.6
NCVOG4422-consensus	NODE_595_length_6906_cov_23.815346	25.66	339	224	28	1	317	5105	4118	4.7e-11	70.5
NCVOG4422-consensus	NODE_13_length_54710_cov_27.633445	25.70	323	226	14	3	311	30875	29914	5.5e-11	73.3
NCVOG1357-consensus	NODE_986_length_4201_cov_29.719205	26.13	287	156	56	143	387	2599	1784	4.8e-12	73.2
NCVOG1357-consensus	NODE_4883_length_782_cov_28.951773	27.41	259	146	42	143	368	35	777	2.1e-11	68.7
NCVOG0052-consensus	NODE_131_length_17399_cov_23.683120	36.70	109	66	3	30	138	10750	10436	4.5e-12	74.6
NCVOG0052-consensus	NODE_680_length_6060_cov_22.151596	30.77	104	64	8	36	139	677	961	4e-11	69.9
NCVOG4122-consensus	NODE_2964_length_1070_cov_26.236657	32.99	291	182	13	184	465	1070	217	4.8e-25	114.7
NCVOG4122-consensus	NODE_907_length_4648_cov_23.058630	37.63	186	115	1	276	460	4639	4085	1.8e-24	115.0
NCVOG4122-consensus	NODE_654_length_6312_cov_25.406897	30.22	225	149	8	115	331	437	1108	4.4e-21	104.1
NCVOG4122-consensus	NODE_889_length_4737_cov_25.918026	27.87	409	256	39	52	425	3231	2020	1.2e-20	102.2
NCVOG4122-consensus	NODE_13_length_54710_cov_27.633445	30.37	326	212	15	54	368	30845	29883	4.5e-20	103.9
NCVOG4122-consensus	NODE_189_length_14424_cov_24.148254	29.23	349	220	27	49	374	1036	5	2e-19	99.8
NCVOG4122-consensus	NODE_1074_length_3780_cov_27.000540	32.96	361	225	17	120	463	2002	923	3.5e-19	97.1
NCVOG4122-consensus	NODE_3098_length_1047_cov_26.150515	27.44	328	221	17	100	416	990	28	8.6e-18	90.6
NCVOG4122-consensus	NODE_793_length_5296_cov_25.412914	24.19	463	326	25	20	461	1914	541	6.5e-17	90.0
NCVOG4122-consensus	NODE_127_length_17787_cov_25.064596	26.00	350	245	14	97	433	13293	14336	2.6e-16	89.8
NCVOG4122-consensus	NODE_127_length_17787_cov_25.064596	26.12	268	184	14	126	382	14493	15284	1e-12	77.8
NCVOG4122-consensus	NODE_595_length_6906_cov_23.815346	29.76	289	185	18	127	402	5040	4192	2.6e-16	88.4
NCVOG4122-consensus	NODE_1726_length_1883_cov_25.154485	27.22	316	217	13	125	430	1860	925	2.6e-16	86.5
NCVOG4122-consensus	NODE_44_length_27466_cov_28.095838	36.05	258	150	15	68	314	11991	11233	1.2e-14	84.9
NCVOG4122-consensus	NODE_297_length_11361_cov_26.194169	32.95	264	163	14	180	431	5657	4875	1.3e-14	83.5
NCVOG4122-consensus	NODE_457_length_8396_cov_24.150619	24.24	330	244	6	98	425	6054	7028	5.1e-14	81.1
NCVOG4122-consensus	NODE_4374_length_853_cov_29.184278	39.19	148	84	6	86	228	381	818	5.8e-14	77.6
NCVOG4122-consensus	NODE_1121_length_3573_cov_24.641590	30.25	400	259	20	70	455	910	2088	8.1e-14	79.2
NCVOG4122-consensus	NODE_3496_length_984_cov_25.807056	34.59	159	94	10	140	290	2	469	1.4e-13	76.5
NCVOG4122-consensus	NODE_252_length_12286_cov_28.568105	34.20	269	163	14	116	373	22	816	7.1e-13	77.8
NCVOG4122-consensus	NODE_140_length_16718_cov_24.956253	27.64	199	139	5	29	225	2931	2347	9.6e-13	77.8
NCVOG4122-consensus	NODE_281_length_11776_cov_24.214121	27.54	334	224	18	145	461	1040	45	1.7e-12	76.5
NCVOG4122-consensus	NODE_123_length_18135_cov_25.850648	28.37	208	136	13	84	284	16870	16268	2.2e-12	76.7
NCVOG4122-consensus	NODE_258_length_12175_cov_26.228054	25.98	254	173	15	18	262	11637	10897	6.7e-12	74.6
NCVOG0312-consensus	NODE_1661_length_1987_cov_24.867016	27.09	539	345	48	255	776	1902	388	7.2e-16	86.1
NCVOG0312-consensus	NODE_2222_length_1424_cov_25.502598	23.05	499	330	54	309	804	37	1377	5.6e-14	79.4
NCVOG0312-consensus	NODE_216_length_13382_cov_25.563172	23.05	807	522	99	90	840	2418	136	1.7e-13	81.0
NCVOG0312-consensus	NODE_930_length_4560_cov_31.193843	23.01	665	460	52	155	796	237	2137	1.2e-12	76.6
NCVOG0312-consensus	NODE_143_length_16585_cov_25.882481	25.63	749	472	85	96	805	1066	3155	1.7e-12	78.0
NCVOG0312-consensus	NODE_1376_length_2711_cov_25.971906	23.97	609	402	61	267	819	2069	261	9.9e-12	72.8
NCVOG0032-consensus	NODE_30_length_32360_cov_27.385497	27.65	716	360	158	276	861	6078	4032	5.5e-20	103.7
NCVOG0032-consensus	NODE_223_length_13057_cov_25.636700	28.77	563	306	95	306	820	11736	10196	1.2e-19	101.3
NCVOG0032-consensus	NODE_161_length_15624_cov_24.871937	26.01	815	448	155	123	822	12448	14749	5.3e-19	99.4
NCVOG0032-consensus	NODE_174_length_15002_cov_25.720335	26.63	612	307	142	249	814	2368	834	5.4e-16	89.4
NCVOG0032-consensus	NODE_9_length_69459_cov_27.156928	24.00	725	408	143	188	883	4836	6641	2.7e-13	82.6
NCVOG0032-consensus	NODE_4470_length_839_cov_27.396325	37.98	129	76	4	678	804	466	89	2.9e-13	76.1
NCVOG0032-consensus	NODE_16_length_44622_cov_28.653003	30.64	173	109	11	672	835	18227	17722	1.9e-11	75.8
NCVOG0032-consensus	NODE_167_length_15245_cov_26.204575	24.60	622	351	118	257	836	8582	10202	5.2e-11	72.8
NCVOG0302-consensus	NODE_1051_length_3904_cov_27.539587	30.18	338	204	32	225	535	2623	3606	4.9e-22	106.8
NCVOG0302-consensus	NODE_1139_length_3498_cov_25.332067	31.46	213	136	10	268	477	2444	1830	1.9e-20	101.4
NCVOG0302-consensus	NODE_1148_length_3455_cov_26.565719	28.47	274	189	7	3	273	3076	2274	7.6e-18	92.7
NCVOG0302-consensus	NODE_638_length_6473_cov_22.621169	26.12	490	305	57	95	542	1196	2601	4.4e-17	91.1
NCVOG0302-consensus	NODE_273_length_11947_cov_25.447936	30.25	314	177	42	264	535	5648	4716	4.6e-17	91.9
NCVOG0302-consensus	NODE_945_length_4465_cov_25.867821	31.31	214	119	28	348	535	1584	952	3.5e-16	87.5
NCVOG0302-consensus	NODE_1859_length_1724_cov_23.986642	33.66	202	114	20	352	534	1688	1097	8.8e-16	84.8
NCVOG0302-consensus	NODE_2333_length_1344_cov_26.407261	25.29	344	229	28	158	494	1338	377	1.7e-14	80.2
NCVOG0302-consensus	NODE_1371_length_2717_cov_26.296591	31.28	211	131	14	266	470	2046	1447	2.8e-14	80.5
NCVOG0302-consensus	NODE_187_length_14494_cov_25.098079	29.02	317	179	46	264	535	210	1150	1.2e-13	80.8
NCVOG0302-consensus	NODE_38_length_28592_cov_158.119271	34.91	232	131	20	229	448	22947	23615	2.9e-13	80.5
NCVOG0302-consensus	NODE_1776_length_1820_cov_23.603557	29.57	328	198	33	244	545	783	1740	4.6e-13	75.9
NCVOG0302-consensus	NODE_48_length_26233_cov_25.694946	31.86	317	174	42	234	511	22522	23444	1.2e-12	78.3
NCVOG0302-consensus	NODE_796_length_5267_cov_25.398073	29.15	295	179	30	217	486	4281	5143	2e-12	75.3
NCVOG0302-consensus	NODE_283_length_11717_cov_25.135309	31.45	283	168	26	276	534	8855	9688	7.6e-12	74.5
NCVOG0302-consensus	NODE_998_length_4141_cov_25.117618	25.99	327	207	35	164	470	3392	2470	1.8e-11	71.8
NCVOG0302-consensus	NODE_1038_length_3944_cov_25.125162	25.71	350	231	29	155	488	3461	2458	7.6e-11	69.6
NCVOG0012-consensus	NODE_54_length_24944_cov_28.703985	40.40	151	63	27	300	424	4177	3731	1.1e-17	94.9
NCVOG0012-consensus	NODE_83_length_20992_cov_21.607076	41.13	141	64	19	291	412	12797	13212	8.2e-17	91.7
NCVOG0012-consensus	NODE_718_length_5804_cov_24.999127	36.04	222	111	31	216	421	1525	2136	1.1e-16	89.5
NCVOG0012-consensus	NODE_4190_length_880_cov_23.596513	45.71	105	51	6	309	411	504	803	2e-14	79.3
NCVOG0012-consensus	NODE_4665_length_814_cov_22.021710	39.55	134	64	17	302	418	347	745	6.7e-13	74.1
NCVOG0012-consensus	NODE_503_length_7899_cov_24.191128	32.21	149	97	4	269	413	1439	1882	1.1e-12	76.6
NCVOG0012-consensus	NODE_987_length_4199_cov_17.846434	45.71	105	52	5	309	411	2206	2504	4.5e-12	73.7
NCVOG0012-consensus	NODE_1987_length_1598_cov_25.397765	28.22	202	116	29	301	473	1504	906	8.9e-12	71.3
NCVOG0012-consensus	NODE_1595_length_2131_cov_23.296495	39.86	143	71	15	288	416	1092	670	9.3e-12	71.7
NCVOG0012-consensus	NODE_370_length_9895_cov_25.910471	28.43	415	200	97	85	428	1000	2163	2.1e-11	72.7
NCVOG0012-consensus	NODE_6435_length_529_cov_28.814159	36.70	109	56	13	305	408	518	219	2.8e-11	68.1
NCVOG0012-consensus	NODE_22_length_37730_cov_25.699599	34.15	246	138	24	200	424	22495	23214	6.2e-11	73.1
NCVOG0012-consensus	NODE_269_length_12004_cov_26.354741	32.18	202	107	30	238	413	4904	4314	7.1e-11	71.2
NCVOG0603-consensus	NODE_264_length_12100_cov_26.391666	33.60	378	200	51	1	332	6546	7649	1.2e-17	93.6
NCVOG1127-consensus	NODE_783_length_5355_cov_26.994884	23.57	314	222	18	54	352	1993	2922	1.3e-13	79.4
NCVOG4590-consensus	NODE_7335_length_296_cov_10.963470	42.70	89	49	2	250	338	272	15	6.2e-15	79.3
NCVOG4590-consensus	NODE_101_length_19696_cov_25.592844	28.40	257	124	60	152	406	10199	9610	1.5e-13	80.8
NCVOG4590-consensus	NODE_897_length_4701_cov_42.221790	30.81	344	199	39	115	442	3164	4123	2.3e-12	74.8
NCVOG4590-consensus	NODE_7293_length_306_cov_15.344978	39.33	89	52	2	254	342	44	301	9.8e-12	68.8
NCVOG4590-consensus	NODE_7416_length_277_cov_13.270000	37.08	89	54	2	254	342	263	6	3.9e-11	66.6
NCVOG0985-consensus	NODE_7_length_84373_cov_26.851844	30.55	455	264	52	79	492	55476	56788	4.3e-36	157.8
NCVOG1188-consensus	NODE_2070_length_1531_cov_20.691884	34.94	166	96	12	74	230	922	437	8.1e-13	73.9
NCVOG1188-consensus	NODE_6175_length_585_cov_10.744094	32.37	173	98	19	78	233	581	72	1.7e-12	71.4
NCVOG2900-consensus	NODE_907_length_4648_cov_23.058630	29.08	196	135	4	15	210	4645	4073	1.6e-15	84.0
NCVOG0025-consensus	NODE_588_length_6993_cov_25.927126	30.36	415	228	61	113	521	2076	3152	7.9e-29	130.1
NCVOG0025-consensus	NODE_2620_length_1193_cov_26.199821	31.93	285	164	30	227	505	1076	297	4.7e-24	111.7
NCVOG0025-consensus	NODE_30_length_32360_cov_27.385497	29.37	412	232	59	113	515	8722	7646	2.9e-23	113.9
NCVOG0025-consensus	NODE_52_length_25483_cov_26.265370	27.79	421	246	58	119	518	16741	17879	1.3e-19	101.4
NCVOG0025-consensus	NODE_20_length_38606_cov_25.949363	27.79	421	252	52	101	515	2896	1783	1.5e-13	81.9
NCVOG0025-consensus	NODE_170_length_15112_cov_25.169139	28.23	294	161	50	225	501	9596	8823	6.7e-13	78.3
NCVOG0025-consensus	NODE_2208_length_1433_cov_29.238201	28.78	417	227	70	91	488	118	1200	1.1e-12	74.3
NCVOG0025-consensus	NODE_501_length_7923_cov_25.079021	26.54	211	144	11	283	491	1332	1934	1.3e-12	76.4
NCVOG0025-consensus	NODE_159_length_15752_cov_30.016651	23.43	431	280	50	112	517	2699	1491	2.2e-12	76.7
NCVOG0025-consensus	NODE_313_length_11030_cov_27.416233	26.97	330	207	34	212	518	8292	9241	5.6e-12	74.8
NCVOG0025-consensus	NODE_624_length_6598_cov_24.841742	23.50	366	231	49	165	509	5054	6064	7.2e-12	73.7
NCVOG0025-consensus	NODE_1389_length_2673_cov_27.427966	26.70	412	252	50	113	517	867	1962	1.1e-11	71.8
NCVOG0025-consensus	NODE_1184_length_3331_cov_29.612784	23.86	373	253	31	101	470	1071	44	8.9e-11	69.1
NCVOG0271-consensus	NODE_6_length_93911_cov_27.860658	43.70	1190	558	112	61	1153	18331	14822	3.6e-115	421.9
NCVOG0271-consensus	NODE_11_length_60829_cov_369.364827	30.40	865	503	99	323	1152	5144	7543	2.2e-57	229.3
NCVOG0271-consensus	NODE_25_length_36217_cov_25.378611	29.71	1232	750	116	8	1151	30906	27314	4.9e-49	200.8
NCVOG0271-consensus	NODE_1318_length_2882_cov_26.346881	36.17	962	544	70	254	1156	2876	37	8.7e-31	136.5
NCVOG0271-consensus	NODE_3006_length_1062_cov_28.305584	28.46	260	169	17	23	276	745	6	2.3e-13	77.2
NCVOG0078-consensus	NODE_2592_length_1207_cov_24.243363	50.00	112	54	2	89	198	198	530	1.4e-16	85.9
NCVOG0078-consensus	NODE_7249_length_317_cov_75.245833	56.18	89	39	0	89	177	40	303	2.7e-16	83.0
NCVOG4568-consensus	NODE_3684_length_955_cov_15.316629	35.46	251	139	23	256	485	949	208	2.3e-13	75.8
NCVOG4568-consensus	NODE_6175_length_585_cov_10.744094	35.42	192	117	7	295	482	577	16	4.2e-11	67.6
NCVOG0728-consensus	NODE_1609_length_2094_cov_27.963312	33.01	103	64	5	91	189	2070	1768	5.6e-11	67.7
NCVOG5031-consensus	NODE_2272_length_1389_cov_21.849085	32.24	183	112	12	10	192	84	593	4.9e-13	75.1
NCVOG0451-consensus	NODE_1074_length_3780_cov_27.000540	37.00	273	159	13	114	373	2116	1301	2e-31	137.5
NCVOG0451-consensus	NODE_397_length_9364_cov_25.853666	34.19	272	168	11	134	402	1212	424	5e-27	124.2
NCVOG0451-consensus	NODE_889_length_4737_cov_25.918026	36.68	259	152	12	134	386	3039	2284	5.4e-27	123.1
NCVOG0451-consensus	NODE_907_length_4648_cov_23.058630	42.41	158	91	0	129	286	4534	4064	7.8e-27	122.6
NCVOG0451-consensus	NODE_654_length_6312_cov_25.406897	35.59	222	136	7	139	356	434	1087	2.1e-25	118.3
NCVOG0451-consensus	NODE_1121_length_3573_cov_24.641590	32.91	316	166	46	135	412	742	1662	3.6e-24	113.4
NCVOG0451-consensus	NODE_189_length_14424_cov_24.148254	28.26	322	208	23	61	376	916	5	7.7e-23	110.9
NCVOG0451-consensus	NODE_44_length_27466_cov_28.095838	36.44	247	149	8	133	373	12066	11335	8.3e-23	111.8
NCVOG0451-consensus	NODE_13_length_54710_cov_27.633445	31.94	263	171	8	146	405	30743	29973	1.4e-22	112.1
NCVOG0451-consensus	NODE_3098_length_1047_cov_26.150515	38.18	220	124	12	128	341	701	67	1.4e-22	106.3
NCVOG0451-consensus	NODE_595_length_6906_cov_23.815346	34.78	230	143	7	121	343	4965	4279	1.5e-20	102.2
NCVOG0451-consensus	NODE_2964_length_1070_cov_26.236657	36.40	228	137	8	179	402	1070	402	3.9e-20	98.2
NCVOG0451-consensus	NODE_1726_length_1883_cov_25.154485	32.10	243	156	9	134	372	1635	925	4e-20	99.0
NCVOG0451-consensus	NODE_4374_length_853_cov_29.184278	37.43	187	106	11	114	292	300	848	1.3e-18	92.8
NCVOG0451-consensus	NODE_123_length_18135_cov_25.850648	33.33	204	128	8	139	339	16870	16277	3.6e-18	95.8
NCVOG0451-consensus	NODE_793_length_5296_cov_25.412914	28.57	294	193	17	119	402	1866	1009	8.5e-18	92.8
NCVOG0451-consensus	NODE_297_length_11361_cov_26.194169	33.20	253	156	13	130	375	5690	4953	1e-17	93.6
NCVOG0451-consensus	NODE_2134_length_1483_cov_25.264580	27.72	267	178	15	151	408	234	1013	8.4e-17	87.6
NCVOG0451-consensus	NODE_308_length_11101_cov_23.092616	34.87	261	154	16	127	375	8027	7264	1.4e-16	89.8
NCVOG0451-consensus	NODE_281_length_11776_cov_24.214121	30.20	298	193	15	124	412	1178	306	1.8e-16	89.5
NCVOG0451-consensus	NODE_2663_length_1176_cov_23.827116	33.21	271	170	11	140	402	317	1117	8.4e-14	77.3
NCVOG0451-consensus	NODE_756_length_5496_cov_25.812142	32.07	237	154	7	127	357	911	207	1.1e-13	79.2
NCVOG0451-consensus	NODE_457_length_8396_cov_24.150619	28.67	286	178	26	139	410	6012	6830	2.8e-13	78.4
NCVOG0451-consensus	NODE_127_length_17787_cov_25.064596	28.35	261	177	10	149	403	14487	15254	8.7e-13	77.9
NCVOG0451-consensus	NODE_127_length_17787_cov_25.064596	29.24	277	160	36	134	376	13332	14153	8.7e-13	77.9
NCVOG0451-consensus	NODE_2426_length_1291_cov_26.817957	37.69	130	78	3	119	246	395	12	4e-12	71.9
NCVOG0451-consensus	NODE_258_length_12175_cov_26.228054	27.27	286	187	21	134	407	11433	10606	1.8e-11	73.0
NCVOG0451-consensus	NODE_140_length_16718_cov_24.956253	38.84	121	72	2	134	252	2700	2341	2.9e-11	72.7
NCVOG4421-consensus	NODE_2964_length_1070_cov_26.236657	41.11	90	52	1	75	163	752	486	5.7e-11	66.5
NCVOG1351-consensus	NODE_472_length_8223_cov_27.970538	33.67	300	180	19	137	428	1035	1894	7e-30	133.9
NCVOG1351-consensus	NODE_875_length_4835_cov_24.507776	36.40	272	157	16	130	388	4588	3785	4.5e-24	113.9
NCVOG1351-consensus	NODE_347_length_10287_cov_25.300000	32.55	341	195	35	137	452	3616	2635	5.2e-23	111.4
NCVOG1351-consensus	NODE_17_length_44421_cov_24.302837	33.97	209	99	39	168	342	11890	12494	9.1e-12	76.2
NCVOG0531-consensus	NODE_497_length_7957_cov_28.921193	27.96	186	127	7	8	186	3847	4401	1e-15	86.5
NCVOG0231-consensus	NODE_291_length_11506_cov_27.651763	36.88	160	87	14	203	351	10404	10863	2e-16	89.2
NCVOG0031-consensus	NODE_11_length_60829_cov_369.364827	26.04	772	466	105	224	947	2950	813	4e-22	112.1
NCVOG0301-consensus	NODE_1051_length_3904_cov_27.539587	33.21	274	159	24	241	493	2675	3470	2.9e-19	97.6
NCVOG0301-consensus	NODE_1139_length_3498_cov_25.332067	34.74	213	126	13	279	487	2408	1800	5.3e-18	93.2
NCVOG0301-consensus	NODE_273_length_11947_cov_25.447936	30.09	319	181	42	259	535	5663	4716	8.2e-17	91.1
NCVOG0301-consensus	NODE_796_length_5267_cov_25.398073	29.57	257	159	22	249	486	4385	5143	1.9e-15	85.4
NCVOG0301-consensus	NODE_1859_length_1724_cov_23.986642	37.66	154	84	12	344	486	1721	1270	1.9e-15	83.8
NCVOG0301-consensus	NODE_1371_length_2717_cov_26.296591	32.86	210	127	14	266	470	2046	1447	9.2e-15	82.1
NCVOG0301-consensus	NODE_945_length_4465_cov_25.867821	38.58	127	68	10	360	478	1551	1180	2.2e-14	81.6
NCVOG0301-consensus	NODE_187_length_14494_cov_25.098079	29.76	336	181	55	253	535	156	1150	4.1e-14	82.4
NCVOG0301-consensus	NODE_1776_length_1820_cov_23.603557	29.75	316	193	29	253	545	810	1734	1.2e-13	77.8
NCVOG0301-consensus	NODE_638_length_6473_cov_22.621169	30.31	320	185	38	244	535	1668	2586	7.8e-13	77.0
NCVOG0301-consensus	NODE_2333_length_1344_cov_26.407261	28.85	260	165	20	222	472	1178	437	2.2e-12	73.2
NCVOG0301-consensus	NODE_45_length_27279_cov_22.024925	28.33	233	146	21	252	470	2858	3532	6.6e-11	72.6
NCVOG1121-consensus	NODE_2272_length_1389_cov_21.849085	35.63	261	147	21	207	462	3	730	3.4e-17	89.2
NCVOG2860-consensus	NODE_2964_length_1070_cov_26.236657	32.40	250	160	9	117	360	1067	330	9.9e-18	90.1
NCVOG2860-consensus	NODE_1121_length_3573_cov_24.641590	32.89	228	142	11	118	335	1339	2016	1.1e-14	81.7
NCVOG2860-consensus	NODE_1121_length_3573_cov_24.641590	30.08	246	157	15	102	335	463	1188	9e-14	78.7
NCVOG2860-consensus	NODE_252_length_12286_cov_28.568105	32.22	239	145	17	108	335	115	810	5.6e-14	81.1
NCVOG2860-consensus	NODE_3098_length_1047_cov_26.150515	29.71	239	157	11	122	352	990	286	5.3e-13	74.4
NCVOG2860-consensus	NODE_2663_length_1176_cov_23.827116	30.11	269	177	11	106	363	314	1117	1.5e-12	73.0
NCVOG2860-consensus	NODE_189_length_14424_cov_24.148254	27.71	249	168	12	131	368	835	95	2.8e-12	75.7
NCVOG2860-consensus	NODE_4374_length_853_cov_29.184278	35.81	148	86	9	176	315	405	842	8.6e-12	70.0
NCVOG2860-consensus	NODE_166_length_15294_cov_24.799698	29.55	247	160	14	118	353	7632	8358	7.3e-11	71.1
NCVOG2860-consensus	NODE_1074_length_3780_cov_27.000540	30.48	292	183	20	99	370	2246	1376	1e-10	68.6
NCVOG0001-consensus	NODE_2947_length_1072_cov_25.381910	42.19	301	145	29	313	600	199	1046	4.7e-42	171.6
NCVOG0001-consensus	NODE_567_length_7158_cov_26.540319	41.46	246	119	25	331	562	5571	6270	4.5e-36	154.5
NCVOG0001-consensus	NODE_567_length_7158_cov_26.540319	35.19	287	151	35	304	566	6325	7147	5.2e-31	137.7
NCVOG0001-consensus	NODE_339_length_10385_cov_24.475747	32.86	420	242	40	177	574	6368	5174	8.6e-34	147.5
NCVOG0001-consensus	NODE_485_length_8087_cov_24.266042	36.99	365	204	26	241	598	5857	4831	9.8e-34	146.9
NCVOG0001-consensus	NODE_244_length_12454_cov_25.450271	35.35	297	164	28	265	547	10365	9522	4.4e-32	142.0
NCVOG0001-consensus	NODE_1800_length_1779_cov_26.662750	34.96	266	153	20	333	587	129	892	1.8e-30	133.9
NCVOG0001-consensus	NODE_113_length_18892_cov_28.634494	36.48	244	132	23	357	590	13684	14369	4.8e-29	132.5
NCVOG0001-consensus	NODE_246_length_12436_cov_25.770936	37.85	251	122	34	328	555	10963	11673	6.2e-27	124.9
NCVOG0001-consensus	NODE_49_length_26226_cov_26.072049	35.41	257	132	34	320	556	17076	16353	2.3e-26	124.1
NCVOG0001-consensus	NODE_1304_length_2924_cov_24.390235	29.06	437	266	44	178	592	515	1746	3.5e-26	120.3
NCVOG0001-consensus	NODE_1062_length_3858_cov_23.914044	35.40	274	146	31	286	546	3139	2379	3.5e-24	114.1
NCVOG0001-consensus	NODE_3848_length_931_cov_25.284543	37.38	214	113	21	357	555	255	871	3.7e-24	112.0
NCVOG0001-consensus	NODE_746_length_5603_cov_26.635903	32.20	382	221	38	258	618	4933	3846	1.9e-23	112.2
NCVOG0001-consensus	NODE_746_length_5603_cov_26.635903	44.13	213	96	23	351	552	5592	4993	1.9e-31	138.8
NCVOG0001-consensus	NODE_2652_length_1180_cov_23.407978	39.32	206	108	17	373	573	1	579	8.8e-21	101.1
NCVOG0001-consensus	NODE_3555_length_974_cov_26.506132	40.62	160	78	17	434	580	965	503	1.2e-18	93.8
NCVOG0001-consensus	NODE_6809_length_434_cov_21.812325	40.56	143	69	16	322	451	431	15	5.1e-16	83.9
NCVOG0001-consensus	NODE_607_length_6802_cov_25.413680	31.60	288	161	36	265	531	1959	2774	6.3e-16	87.5
NCVOG0001-consensus	NODE_3429_length_994_cov_28.580153	39.02	246	124	26	321	553	724	45	1e-15	84.0
NCVOG0001-consensus	NODE_43_length_27536_cov_25.158891	33.79	145	91	5	428	568	11294	11722	3e-15	87.3
NCVOG0001-consensus	NODE_985_length_4202_cov_25.534788	30.99	284	166	30	321	585	1999	2808	1.3e-12	75.9
NCVOG0001-consensus	NODE_726_length_5726_cov_25.100372	32.81	256	140	32	329	556	1277	531	1.1e-11	73.1
NCVOG1197-consensus	NODE_112_length_18919_cov_25.606358	25.43	350	219	42	68	394	9462	8481	2e-11	73.8
NCVOG2058-consensus	NODE_189_length_14424_cov_24.148254	32.25	369	234	16	13	370	1092	8	1.4e-32	143.2
NCVOG2058-consensus	NODE_595_length_6906_cov_23.815346	36.50	274	166	8	73	338	5013	4195	3.4e-30	134.3
NCVOG2058-consensus	NODE_907_length_4648_cov_23.058630	38.34	193	119	0	92	284	4639	4064	3.9e-29	130.2
NCVOG2058-consensus	NODE_2964_length_1070_cov_26.236657	39.54	263	150	9	117	371	1070	288	1e-28	126.7
NCVOG2058-consensus	NODE_3098_length_1047_cov_26.150515	35.66	244	147	10	91	329	720	7	3.5e-27	121.5
NCVOG2058-consensus	NODE_1121_length_3573_cov_24.641590	32.39	284	184	8	120	395	421	1269	5.7e-27	122.6
NCVOG2058-consensus	NODE_1121_length_3573_cov_24.641590	34.94	249	155	7	91	332	1345	2088	5.8e-23	109.3
NCVOG2058-consensus	NODE_13_length_54710_cov_27.633445	35.44	285	169	15	103	378	30770	29939	3.7e-24	117.2
NCVOG2058-consensus	NODE_654_length_6312_cov_25.406897	29.21	267	173	16	137	398	434	1196	6e-24	113.4
NCVOG2058-consensus	NODE_297_length_11361_cov_26.194169	29.97	337	215	21	45	371	5924	4950	7.4e-24	113.9
NCVOG2058-consensus	NODE_457_length_8396_cov_24.150619	26.68	371	244	28	37	395	6000	7061	6.1e-22	107.1
NCVOG2058-consensus	NODE_1074_length_3780_cov_27.000540	37.81	283	153	23	103	365	2144	1310	1.5e-21	104.7
NCVOG2058-consensus	NODE_2693_length_1165_cov_23.309743	34.25	292	181	11	91	371	1136	264	3e-21	102.0
NCVOG2058-consensus	NODE_308_length_11101_cov_23.092616	30.13	312	197	21	41	340	8169	7264	7.6e-21	103.9
NCVOG2058-consensus	NODE_793_length_5296_cov_25.412914	26.41	390	265	22	30	398	2076	913	1.8e-18	94.9
NCVOG2058-consensus	NODE_2663_length_1176_cov_23.827116	37.96	245	141	11	103	338	395	1120	3.1e-18	92.0
NCVOG2058-consensus	NODE_397_length_9364_cov_25.853666	31.05	351	224	18	30	369	1446	418	1.7e-17	92.5
NCVOG2058-consensus	NODE_4374_length_853_cov_29.184278	34.26	216	127	15	56	259	210	845	6.6e-17	87.1
NCVOG2058-consensus	NODE_166_length_15294_cov_24.799698	34.06	229	144	7	115	337	7620	8300	3.2e-16	89.0
NCVOG2058-consensus	NODE_281_length_11776_cov_24.214121	28.13	327	220	15	73	385	1058	84	5.3e-16	87.9
NCVOG2058-consensus	NODE_1726_length_1883_cov_25.154485	32.45	302	185	19	46	340	1785	919	9.8e-16	84.4
NCVOG2058-consensus	NODE_1539_length_2264_cov_27.874714	28.79	264	175	13	90	340	545	1333	1.4e-15	84.1
NCVOG2058-consensus	NODE_140_length_16718_cov_24.956253	34.81	181	104	14	40	218	2850	2347	4.9e-15	85.2
NCVOG2058-consensus	NODE_252_length_12286_cov_28.568105	34.12	255	161	7	127	376	79	834	2e-14	82.7
NCVOG2058-consensus	NODE_1_length_297061_cov_27.439630	35.32	201	120	10	54	249	241757	241173	2.9e-14	85.8
NCVOG2058-consensus	NODE_258_length_12175_cov_26.228054	29.00	331	207	28	90	399	11301	10333	1.9e-13	79.5
NCVOG2058-consensus	NODE_3496_length_984_cov_25.807056	31.86	226	135	19	138	354	17	657	2.5e-13	75.4
NCVOG2058-consensus	NODE_2426_length_1291_cov_26.817957	40.80	125	71	3	92	214	380	12	8.5e-13	74.1
NCVOG2058-consensus	NODE_1268_length_3056_cov_28.473313	32.11	246	147	20	108	337	1151	429	1.2e-12	74.9
NCVOG2058-consensus	NODE_1659_length_1988_cov_27.891156	34.57	162	101	5	92	249	1397	1876	3.4e-12	72.7
NCVOG2058-consensus	NODE_756_length_5496_cov_25.812142	39.81	211	121	6	103	307	887	258	4.4e-12	73.8
NCVOG2058-consensus	NODE_44_length_27466_cov_28.095838	31.11	315	201	16	95	395	11898	10963	4.6e-11	72.7
NCVOG2058-consensus	NODE_127_length_17787_cov_25.064596	26.32	266	176	20	145	395	13083	13862	6.3e-11	71.6
NCVOG0580-consensus	NODE_2272_length_1389_cov_21.849085	34.29	175	105	10	98	264	57	572	2e-13	77.5
NCVOG0066-consensus	NODE_274_length_11938_cov_24.297277	38.20	356	207	13	121	465	6070	5012	6.1e-53	211.2
NCVOG0066-consensus	NODE_274_length_11938_cov_24.297277	40.06	322	172	21	119	423	3005	2063	4e-48	195.2
NCVOG0066-consensus	NODE_274_length_11938_cov_24.297277	38.68	318	177	18	122	432	7186	6269	1.2e-43	180.3
NCVOG0066-consensus	NODE_274_length_11938_cov_24.297277	32.75	342	214	16	72	410	1896	917	4e-40	168.6
NCVOG0066-consensus	NODE_1260_length_3065_cov_25.695448	36.93	371	202	32	120	478	1706	2751	8.5e-49	195.5
NCVOG0066-consensus	NODE_140_length_16718_cov_24.956253	35.12	299	181	13	121	409	1399	2283	1.8e-36	157.0
NCVOG0066-consensus	NODE_1244_length_3114_cov_24.890352	36.15	296	178	11	114	409	2072	1221	6.8e-36	152.6
NCVOG0066-consensus	NODE_3653_length_959_cov_27.188209	36.48	233	137	11	92	322	676	8	4e-30	131.8
NCVOG0066-consensus	NODE_759_length_5483_cov_29.505734	35.39	308	175	24	122	409	1591	2491	1.8e-27	125.5
NCVOG0066-consensus	NODE_2242_length_1410_cov_32.439610	32.59	316	183	30	116	410	993	80	3.5e-27	122.5
NCVOG0066-consensus	NODE_244_length_12454_cov_25.450271	27.84	352	227	27	120	450	5282	4248	4.6e-22	108.7
NCVOG0066-consensus	NODE_244_length_12454_cov_25.450271	29.65	317	201	22	133	433	4235	3310	8.9e-28	127.7
NCVOG0066-consensus	NODE_244_length_12454_cov_25.450271	27.24	301	194	25	180	462	2952	2082	1.4e-16	90.5
NCVOG0066-consensus	NODE_104_length_19525_cov_24.576049	32.66	297	183	17	120	405	11537	12406	1.7e-19	100.8
NCVOG0066-consensus	NODE_1057_length_3883_cov_26.341566	24.08	407	281	28	86	471	1965	3161	4.1e-16	87.3
NCVOG0066-consensus	NODE_150_length_16260_cov_27.378978	25.07	351	223	40	118	432	1876	839	9.7e-16	88.1
NCVOG0038-consensus	NODE_3_length_169597_cov_27.704991	27.19	809	514	75	222	980	120956	123282	6.6e-51	209.0
NCVOG0038-consensus	NODE_5883_length_638_cov_23.490196	45.58	215	97	20	671	871	637	16	2.1e-36	152.9
NCVOG0038-consensus	NODE_11_length_60829_cov_369.364827	27.40	887	550	94	119	984	51141	48703	5.8e-31	141.4
NCVOG0038-consensus	NODE_4910_length_780_cov_22.762447	41.67	120	66	4	854	972	769	422	4.2e-14	79.1
NCVOG0228-consensus	NODE_255_length_12204_cov_23.905335	33.22	587	343	49	333	901	8090	6436	3.4e-54	216.0
NCVOG0228-consensus	NODE_1444_length_2532_cov_26.004888	35.36	444	252	35	500	921	10	1293	5.1e-16	86.9
NCVOG1128-consensus	NODE_35_length_30115_cov_26.071776	27.78	216	144	12	136	347	19260	18640	2e-12	77.3
NCVOG0280-consensus	NODE_930_length_4560_cov_31.193843	20.59	1321	917	132	523	1791	2	3721	2.5e-21	106.4
NCVOG0280-consensus	NODE_143_length_16585_cov_25.882481	22.59	1350	869	176	332	1592	364	4145	2.7e-19	101.5
NCVOG0280-consensus	NODE_95_length_20381_cov_26.745173	19.53	1311	939	116	508	1775	6722	3018	1.8e-18	99.1
NCVOG0280-consensus	NODE_214_length_13417_cov_23.900975	19.23	1305	927	127	331	1576	1958	5663	1.1e-17	95.8
NCVOG0280-consensus	NODE_134_length_17051_cov_24.602569	21.01	1499	1053	131	81	1505	15172	10882	3.8e-14	84.4
NCVOG0280-consensus	NODE_879_length_4800_cov_27.255346	21.87	1349	947	107	338	1627	3940	45	2.6e-13	79.8
NCVOG0280-consensus	NODE_216_length_13382_cov_25.563172	18.87	1166	852	94	428	1564	3317	22	1.9e-12	78.5
NCVOG0280-consensus	NODE_1661_length_1987_cov_24.867016	25.54	603	389	60	739	1315	1926	223	2.2e-12	75.5
NCVOG0318-consensus	NODE_407_length_9136_cov_24.191301	37.50	72	40	5	23	94	1274	1077	1.3e-11	71.0
NCVOG0218-consensus	NODE_718_length_5804_cov_24.999127	36.87	377	210	28	588	944	1450	2549	1.6e-41	173.2
NCVOG0218-consensus	NODE_370_length_9895_cov_25.910471	32.00	450	255	51	366	777	889	2196	1.1e-31	141.2
NCVOG0218-consensus	NODE_1987_length_1598_cov_25.397765	32.62	325	194	25	617	918	1534	569	1.3e-31	138.4
NCVOG0218-consensus	NODE_22_length_37730_cov_25.699599	31.74	334	214	14	574	896	22441	23430	3e-27	128.4
NCVOG0218-consensus	NODE_54_length_24944_cov_28.703985	32.96	267	157	22	644	902	4240	3485	1.6e-26	125.4
NCVOG0218-consensus	NODE_83_length_20992_cov_21.607076	37.44	195	113	9	612	803	12811	13374	1.9e-23	114.9
NCVOG0218-consensus	NODE_9_length_69459_cov_27.156928	27.13	494	311	49	438	901	11263	9842	4.2e-20	105.6
NCVOG0218-consensus	NODE_1595_length_2131_cov_23.296495	34.55	191	113	12	622	809	1128	586	2.5e-18	94.6
NCVOG0218-consensus	NODE_64_length_23177_cov_29.781126	29.64	280	184	13	583	849	14393	15227	4.7e-17	93.8
NCVOG0218-consensus	NODE_498_length_7943_cov_26.487160	31.03	232	145	15	559	779	3256	3936	7e-17	91.7
NCVOG0218-consensus	NODE_4665_length_814_cov_22.021710	38.03	142	77	11	704	834	347	769	9.6e-17	88.0
NCVOG0218-consensus	NODE_503_length_7899_cov_24.191128	29.29	280	179	19	551	822	1305	2104	3.3e-16	89.5
NCVOG0218-consensus	NODE_397_length_9364_cov_25.853666	25.65	460	305	37	355	784	5965	7314	4.7e-16	89.2
NCVOG0218-consensus	NODE_4190_length_880_cov_23.596513	46.15	104	49	7	662	763	504	797	3.2e-15	83.0
NCVOG0218-consensus	NODE_987_length_4199_cov_17.846434	50.48	105	45	7	732	833	2203	2498	6.3e-15	84.3
NCVOG0218-consensus	NODE_1261_length_3061_cov_26.278150	33.97	209	112	26	663	850	1444	2038	2.4e-13	78.6
NCVOG0218-consensus	NODE_497_length_7957_cov_28.921193	28.77	431	254	53	408	805	6353	7566	2.6e-13	79.9
NCVOG0218-consensus	NODE_4941_length_775_cov_42.444126	36.92	214	111	24	497	695	748	137	3.9e-13	75.9
NCVOG0218-consensus	NODE_12_length_54948_cov_26.958393	28.17	213	149	4	630	839	45634	45002	8.2e-13	81.0
NCVOG0218-consensus	NODE_3436_length_993_cov_22.041485	39.42	137	74	9	669	802	535	922	1.2e-12	74.7
NCVOG0218-consensus	NODE_412_length_9091_cov_24.713002	30.67	163	105	8	751	909	2871	3340	2e-12	77.1
NCVOG0218-consensus	NODE_2509_length_1239_cov_24.864888	28.00	200	138	6	602	797	978	388	7.2e-12	72.4
NCVOG0218-consensus	NODE_269_length_12004_cov_26.354741	23.19	276	201	11	555	819	4876	4056	8.4e-12	75.5
NCVOG0218-consensus	NODE_1734_length_1877_cov_24.688333	57.35	68	25	4	700	763	86	286	2.6e-11	71.1
NCVOG0218-consensus	NODE_123_length_18135_cov_25.850648	23.84	323	225	21	629	935	1787	2729	3e-11	74.2
NCVOG0218-consensus	NODE_1094_length_3677_cov_25.001944	24.55	330	215	34	577	874	1316	336	5.1e-11	71.1
NCVOG0018-consensus	NODE_89_length_20787_cov_14.046354	22.80	1057	708	108	20	1020	8116	5105	1.6e-21	108.6
NCVOG0018-consensus	NODE_373_length_9832_cov_14.044080	21.79	1106	765	100	32	1102	6857	3738	1.2e-18	98.0
NCVOG0820-consensus	NODE_2858_length_1102_cov_25.801951	33.08	263	137	39	49	292	7	732	5.2e-19	94.7
NCVOG0820-consensus	NODE_242_length_12479_cov_25.155459	26.92	494	279	82	14	445	5154	3746	2e-15	86.2
NCVOG4344-consensus	NODE_135_length_17020_cov_24.846898	29.82	218	139	14	121	333	14110	14733	1.2e-11	74.3
NCVOG2246-consensus	NODE_79_length_21346_cov_24.522215	34.33	434	253	32	32	453	7001	8239	9.5e-20	101.4
NCVOG4116-consensus	NODE_1074_length_3780_cov_27.000540	31.08	222	137	16	238	447	1729	1079	4.2e-16	86.8
NCVOG4116-consensus	NODE_3098_length_1047_cov_26.150515	32.35	204	128	10	237	433	753	154	1.1e-12	73.5
NCVOG4116-consensus	NODE_2964_length_1070_cov_26.236657	33.95	162	99	8	237	395	818	351	1.7e-12	73.0
NCVOG4116-consensus	NODE_13_length_54710_cov_27.633445	28.15	341	221	24	111	440	31208	30234	4.3e-12	77.3
NCVOG4116-consensus	NODE_1121_length_3573_cov_24.641590	28.44	218	140	16	242	448	1327	1962	7e-12	72.7
NCVOG4116-consensus	NODE_297_length_11361_cov_26.194169	26.32	342	233	19	107	433	6066	5058	8.6e-12	74.0
NCVOG4116-consensus	NODE_907_length_4648_cov_23.058630	32.54	169	110	4	238	404	4582	4085	3.4e-11	70.8
NCVOG4116-consensus	NODE_44_length_27466_cov_28.095838	34.15	205	125	10	237	433	11946	11341	6.4e-11	72.4
NCVOG0273-consensus	NODE_888_length_4740_cov_23.841518	36.23	207	107	25	15	196	2829	2218	3.1e-14	79.7
