NCVOG4069-consensus	NODE_3302_length_937_cov_5.436047	32.57	175	115	3	146	318	365	879	7.3e-12	71.6
NCVOG4812-consensus	NODE_1734_length_1923_cov_5.790899	24.54	269	177	26	53	311	1417	662	9.8e-11	68.2
NCVOG1069-consensus	NODE_386_length_11824_cov_7.421469	40.97	144	75	10	92	231	4846	4436	6.2e-16	88.3
NCVOG1069-consensus	NODE_3011_length_1036_cov_10.007299	24.45	274	155	52	115	342	809	9	8.8e-14	77.7
NCVOG0321-consensus	NODE_2449_length_1302_cov_4.404082	33.33	330	203	17	188	503	145	1116	4e-39	162.4
NCVOG0321-consensus	NODE_179_length_41531_cov_5.756188	30.43	322	206	18	189	503	18113	17184	1.3e-33	149.0
NCVOG0321-consensus	NODE_660_length_5275_cov_5.859561	27.24	514	309	65	8	503	3377	4774	1.1e-29	133.1
NCVOG0321-consensus	NODE_1647_length_2019_cov_5.899691	30.97	310	189	25	190	486	905	15	1.3e-29	131.4
NCVOG0321-consensus	NODE_457_length_8552_cov_2.896401	36.18	199	120	7	308	503	1851	2432	1.2e-27	126.9
NCVOG0321-consensus	NODE_2564_length_1235_cov_10.514680	28.15	405	242	49	80	471	1114	11	2.8e-24	113.0
NCVOG0321-consensus	NODE_472_length_8125_cov_7.409543	33.62	232	141	13	274	503	3766	4425	3.7e-22	108.7
NCVOG0321-consensus	NODE_1918_length_1729_cov_8.748789	52.86	70	33	0	434	503	680	886	1.8e-14	80.9
NCVOG0669-consensus	NODE_424_length_9731_cov_6.887105	23.75	379	242	47	108	443	4650	3531	3.7e-13	78.9
NCVOG0669-consensus	NODE_705_length_4961_cov_11.041564	22.77	426	268	61	81	451	2733	1477	2.2e-12	75.4
NCVOG0333-consensus	NODE_1141_length_2915_cov_10.261804	24.17	600	378	77	72	631	2623	938	5.2e-12	73.9
NCVOG0333-consensus	NODE_5283_length_533_cov_9.390351	44.44	108	44	16	609	709	530	237	5.8e-12	71.3
NCVOG0333-consensus	NODE_6936_length_395_cov_5.053459	44.34	106	43	16	611	709	1	288	1.1e-11	70.0
NCVOG2223-consensus	NODE_449_length_8801_cov_6.582120	32.64	242	135	28	694	908	5118	5833	1.6e-26	124.1
NCVOG2223-consensus	NODE_260_length_24922_cov_6.218072	36.54	208	129	3	665	870	19168	19785	8.8e-24	116.5
NCVOG0233-consensus	NODE_2_length_351014_cov_6.456777	36.76	884	467	92	36	833	336456	333826	3.3e-57	228.5
NCVOG0233-consensus	NODE_17_length_211540_cov_6.191561	36.38	874	464	92	36	823	195893	198493	4e-57	228.5
NCVOG0233-consensus	NODE_73_length_92394_cov_3.268271	33.41	898	435	163	32	768	28391	31075	4.3e-42	179.2
NCVOG0233-consensus	NODE_197_length_38362_cov_66.180985	33.33	903	419	183	36	757	11164	8469	1.3e-40	172.9
NCVOG0233-consensus	NODE_135_length_57117_cov_6.190866	27.79	770	417	139	105	738	49218	46923	9.9e-38	164.0
NCVOG0233-consensus	NODE_70_length_94756_cov_6.303795	28.74	755	399	139	121	738	86908	89159	2.4e-37	163.4
NCVOG0233-consensus	NODE_26_length_166066_cov_6.437565	36.26	342	169	49	499	791	104449	103429	2.6e-37	164.0
NCVOG0233-consensus	NODE_26_length_166066_cov_6.437565	29.04	861	345	266	197	791	100890	98313	2e-36	161.0
NCVOG0233-consensus	NODE_26_length_166066_cov_6.437565	26.36	865	357	280	206	792	95624	93047	3.4e-35	156.9
NCVOG0233-consensus	NODE_800_length_4212_cov_3.171705	24.92	602	391	61	293	867	4169	2483	8.1e-33	143.9
NCVOG0233-consensus	NODE_88_length_83825_cov_6.437587	24.05	894	556	123	29	856	75295	72790	2.4e-32	146.6
NCVOG0233-consensus	NODE_589_length_5939_cov_8.038383	26.88	759	392	163	133	729	651	2917	1.5e-18	97.0
NCVOG0233-consensus	NODE_8_length_244661_cov_6.336543	26.94	761	383	173	135	729	52411	50167	1e-17	98.9
NCVOG0233-consensus	NODE_291_length_21222_cov_3.233057	26.58	711	324	198	143	666	12441	14529	1e-15	89.4
NCVOG0233-consensus	NODE_63_length_105818_cov_6.467075	27.15	685	381	118	137	714	54960	52942	9.1e-15	88.6
NCVOG2123-consensus	NODE_42_length_131147_cov_6.508827	26.77	127	85	8	3	124	12074	11706	1.1e-11	77.7
NCVOG0023-consensus	NODE_289_length_21620_cov_6.633756	30.85	457	272	44	383	812	8723	7407	5.9e-40	169.9
NCVOG0023-consensus	NODE_179_length_41531_cov_5.756188	29.39	456	285	37	389	826	30922	32229	2.3e-38	165.6
NCVOG0023-consensus	NODE_1501_length_2233_cov_9.318646	28.98	452	292	29	367	808	42	1333	3e-38	161.0
NCVOG0023-consensus	NODE_469_length_8186_cov_5.312122	29.37	446	278	37	373	804	6545	7810	2.3e-37	159.9
NCVOG0023-consensus	NODE_462_length_8391_cov_10.075656	30.92	456	272	43	383	810	1195	2502	2.9e-37	159.6
NCVOG0023-consensus	NODE_462_length_8391_cov_10.075656	29.20	339	224	16	364	689	6525	7523	9.8e-27	124.6
NCVOG0023-consensus	NODE_888_length_3762_cov_7.118046	27.25	466	312	27	373	826	2112	763	1.2e-35	153.1
NCVOG0023-consensus	NODE_330_length_17035_cov_5.599068	33.82	340	203	22	447	779	6052	7023	1.7e-35	154.7
NCVOG0023-consensus	NODE_1392_length_2372_cov_8.577342	28.37	349	226	24	363	702	1360	2358	1e-34	149.3
NCVOG0023-consensus	NODE_2342_length_1374_cov_15.325366	36.25	251	151	9	450	695	629	1366	1.2e-33	145.0
NCVOG0023-consensus	NODE_358_length_13922_cov_5.618635	30.02	443	280	30	373	804	1809	541	1.9e-33	147.7
NCVOG0023-consensus	NODE_4080_length_725_cov_17.132716	36.32	234	141	8	479	706	709	17	1.2e-32	140.7
NCVOG0023-consensus	NODE_2331_length_1380_cov_8.594014	30.05	376	238	25	382	744	1320	232	5.1e-32	139.6
NCVOG0023-consensus	NODE_3315_length_934_cov_37.668611	30.84	308	189	24	484	786	934	71	8.3e-31	135.0
NCVOG0023-consensus	NODE_1343_length_2451_cov_6.868997	30.30	363	228	25	450	807	647	1672	1.5e-30	135.5
NCVOG0023-consensus	NODE_347_length_15065_cov_11.550507	26.46	446	297	31	375	808	12145	10868	1.7e-29	134.7
NCVOG0023-consensus	NODE_2065_length_1595_cov_3.134387	29.40	364	244	13	451	810	367	1426	2.4e-29	130.9
NCVOG0023-consensus	NODE_3311_length_935_cov_7.404429	29.28	263	183	3	445	706	88	867	3.6e-29	129.6
NCVOG0023-consensus	NODE_2360_length_1356_cov_6.060985	29.67	273	175	17	567	834	120	899	9.3e-25	115.4
NCVOG0023-consensus	NODE_179_length_41531_cov_5.756188	31.84	267	160	22	545	807	16984	16241	2.5e-20	105.7
NCVOG0023-consensus	NODE_10_length_232029_cov_6.395008	32.46	268	161	20	551	812	230227	230973	3.3e-19	102.9
NCVOG0023-consensus	NODE_855_length_3917_cov_9.551562	27.06	255	177	9	580	833	807	1540	8.1e-19	97.2
NCVOG0023-consensus	NODE_1549_length_2162_cov_41.111751	32.02	203	129	9	430	627	605	12	2e-18	95.1
NCVOG0023-consensus	NODE_237_length_28488_cov_7.885748	28.22	287	188	18	330	607	8782	7952	4.9e-18	97.5
NCVOG0023-consensus	NODE_559_length_6319_cov_8.573694	26.81	455	275	58	367	809	6175	4956	5.9e-18	95.1
NCVOG0023-consensus	NODE_5230_length_540_cov_12.079914	33.68	190	114	12	557	744	539	5	2e-17	89.8
NCVOG0023-consensus	NODE_3828_length_791_cov_7.082633	28.52	256	165	18	391	633	764	15	4e-15	82.7
NCVOG0023-consensus	NODE_4940_length_580_cov_6.161034	31.52	184	113	13	439	614	537	8	5e-15	81.9
NCVOG0023-consensus	NODE_7127_length_383_cov_22.428105	37.98	129	74	6	455	580	2	376	2.1e-14	79.2
NCVOG0023-consensus	NODE_6329_length_434_cov_3.226891	31.47	143	92	6	585	727	2	409	3.5e-14	78.7
NCVOG0023-consensus	NODE_1045_length_3167_cov_8.274757	27.17	254	169	16	382	622	1242	493	1.9e-13	79.1
NCVOG0023-consensus	NODE_372_length_12469_cov_5.996691	30.00	220	136	18	573	788	191	805	5e-12	76.4
NCVOG0023-consensus	NODE_998_length_3345_cov_9.985618	24.89	237	171	7	597	833	853	1539	7.2e-12	73.9
NCVOG0023-consensus	NODE_3402_length_905_cov_9.816425	32.06	131	79	10	458	585	893	525	8.5e-12	71.8
NCVOG0023-consensus	NODE_5434_length_515_cov_7.105023	34.56	136	80	9	449	576	115	510	1.2e-11	70.5
NCVOG0023-consensus	NODE_472_length_8125_cov_7.409543	26.45	276	183	20	326	587	7078	6272	2.1e-11	73.6
NCVOG0013-consensus	NODE_2380_length_1344_cov_8.196527	30.08	236	152	13	117	346	1316	633	1.2e-15	84.6
NCVOG0013-consensus	NODE_999_length_3340_cov_7.627950	25.33	375	252	28	122	484	2011	3084	1.2e-14	82.6
NCVOG0013-consensus	NODE_3_length_303080_cov_6.446537	33.53	173	113	2	122	292	281643	281128	2.3e-12	80.5
NCVOG1192-consensus	NODE_126_length_61916_cov_5.409644	31.20	234	125	36	66	268	34297	34980	2.5e-14	85.0
NCVOG1192-consensus	NODE_570_length_6178_cov_8.901164	28.47	274	158	38	18	259	3296	4096	2.4e-13	78.4
NCVOG0189-consensus	NODE_3562_length_863_cov_5.673028	31.96	194	115	17	2	185	820	263	9.1e-12	71.2
NCVOG0663-consensus	NODE_1674_length_1997_cov_12.562500	25.86	584	343	90	89	607	1701	32	3e-12	74.0
NCVOG0663-consensus	NODE_3101_length_1002_cov_14.327568	28.49	344	193	53	305	607	3	995	9.7e-12	71.3
NCVOG0073-consensus	NODE_130_length_61085_cov_6.353560	38.19	673	343	73	20	640	15065	13119	2.3e-100	372.3
NCVOG0073-consensus	NODE_309_length_18625_cov_6.643843	39.14	631	342	42	30	636	2977	4810	2.5e-67	260.8
NCVOG0073-consensus	NODE_150_length_49654_cov_6.477903	39.40	632	338	45	30	636	48519	46689	1.2e-63	249.9
NCVOG0073-consensus	NODE_1_length_439945_cov_6.497974	34.74	665	376	58	30	668	408595	406702	7.7e-56	225.5
NCVOG0073-consensus	NODE_48_length_125046_cov_6.296546	38.06	444	217	58	18	417	123628	122350	1.6e-41	177.8
NCVOG0073-consensus	NODE_2858_length_1100_cov_9.064516	28.94	273	187	7	139	407	289	1095	7.5e-27	122.2
NCVOG0073-consensus	NODE_396_length_11218_cov_5.880352	37.53	405	211	42	23	404	935	2079	5e-24	116.2
NCVOG0073-consensus	NODE_44_length_128757_cov_6.560421	21.68	904	583	125	53	878	85713	83166	4.5e-14	86.7
NCVOG0073-consensus	NODE_24_length_176677_cov_6.389434	21.53	901	594	113	53	884	80931	83496	4.1e-13	83.7
NCVOG0981-consensus	NODE_1051_length_3150_cov_5.002603	27.23	213	134	21	1	198	1235	1852	9.8e-13	74.6
NCVOG1068-consensus	NODE_256_length_25560_cov_5.461837	36.23	138	84	4	103	237	5886	5479	3.9e-12	75.9
NCVOG5053-consensus	NODE_1075_length_3078_cov_7.672109	67.35	49	16	0	52	100	1248	1105	2.7e-11	69.8
NCVOG5053-consensus	NODE_3612_length_852_cov_2.369032	64.58	48	17	0	52	99	401	541	3.2e-11	67.7
NCVOG0613-consensus	NODE_1005_length_3323_cov_9.355823	33.33	144	73	23	8	128	3317	2889	1.4e-17	90.2
NCVOG0613-consensus	NODE_46_length_125846_cov_6.556290	32.03	153	72	32	6	128	112834	112385	2.3e-13	81.4
NCVOG0613-consensus	NODE_8043_length_342_cov_7.422642	36.67	60	34	4	54	109	161	337	7.6e-11	64.5
NCVOG4533-consensus	NODE_9926_length_281_cov_4.882353	48.72	78	35	5	188	264	1	219	1.1e-17	88.8
NCVOG4533-consensus	NODE_12365_length_233_cov_6.179487	50.77	65	23	9	201	264	4	171	5.5e-14	76.2
NCVOG4523-consensus	NODE_56_length_111855_cov_6.626715	30.87	894	443	175	59	823	7761	5231	6.9e-47	195.7
NCVOG1353-consensus	NODE_300_length_20078_cov_6.575971	52.84	827	356	34	7	800	12593	10123	1.2e-195	686.9
NCVOG1353-consensus	NODE_1118_length_2971_cov_8.004147	54.73	433	185	11	379	800	2966	1671	1.6e-117	424.6
NCVOG1353-consensus	NODE_3403_length_905_cov_7.204106	56.11	303	128	5	453	750	1	902	2.6e-85	315.9
NCVOG1353-consensus	NODE_4242_length_691_cov_5.597720	63.04	230	84	1	498	727	1	684	4.8e-72	271.5
NCVOG1353-consensus	NODE_4231_length_693_cov_7.556818	59.39	229	90	3	139	364	1	684	7.4e-65	247.6
NCVOG1353-consensus	NODE_3232_length_954_cov_4.992018	60.76	288	69	44	248	492	951	96	1.5e-52	207.1
NCVOG1353-consensus	NODE_2237_length_1446_cov_6.609204	58.14	485	134	69	248	665	4	1441	7.3e-52	205.5
NCVOG1353-consensus	NODE_472_length_8125_cov_7.409543	49.31	290	129	18	3	275	7255	8114	9.8e-33	144.4
NCVOG1353-consensus	NODE_7391_length_371_cov_5.397959	56.91	123	53	0	463	585	370	5	8.8e-31	133.5
NCVOG1353-consensus	NODE_8729_length_317_cov_5.291667	57.28	103	44	0	675	777	1	306	8.8e-27	120.0
NCVOG1353-consensus	NODE_544_length_6470_cov_4.317066	47.39	268	124	17	1	252	5492	4695	3.7e-25	118.9
NCVOG1353-consensus	NODE_2681_length_1172_cov_11.892237	50.00	196	71	27	101	269	577	1161	4.3e-21	103.0
NCVOG1353-consensus	NODE_10015_length_278_cov_6.810945	64.44	90	29	3	189	275	3	267	4.5e-20	97.5
NCVOG1353-consensus	NODE_14237_length_212_cov_6.044444	62.86	70	26	0	347	416	212	6	9.1e-18	89.4
NCVOG1353-consensus	NODE_14235_length_212_cov_6.140741	62.86	70	26	0	347	416	212	6	9.1e-18	89.4
NCVOG1353-consensus	NODE_4623_length_625_cov_6.364964	45.54	112	60	1	33	143	282	614	9.4e-16	84.3
NCVOG1353-consensus	NODE_13091_length_224_cov_12.836735	54.05	74	34	0	392	465	224	6	4e-15	80.7
NCVOG1353-consensus	NODE_17125_length_185_cov_5.731481	61.02	59	23	0	343	401	6	179	8e-15	79.5
NCVOG1353-consensus	NODE_17116_length_185_cov_6.277778	57.63	59	25	0	343	401	6	179	6.3e-14	76.5
NCVOG1353-consensus	NODE_10438_length_268_cov_6.387435	50.56	89	38	6	562	644	4	263	1.2e-13	76.1
NCVOG1353-consensus	NODE_15743_length_197_cov_8.041667	58.46	65	27	0	253	317	1	192	2.1e-13	74.8
NCVOG1353-consensus	NODE_8190_length_336_cov_7.235521	53.57	112	29	23	704	793	2	331	7.2e-13	73.8
NCVOG1353-consensus	NODE_3625_length_849_cov_4.492228	53.10	113	29	24	704	793	2	330	2e-12	73.7
NCVOG1353-consensus	NODE_20157_length_161_cov_12.083333	66.67	51	17	0	320	370	158	9	2.3e-12	71.1
NCVOG1423-consensus	NODE_1273_length_2594_cov_7.228049	25.00	296	205	17	193	474	1771	900	4e-12	73.6
NCVOG0243-consensus	NODE_253_length_25988_cov_3.197754	31.46	356	216	28	55	394	10055	9027	4.8e-22	109.6
NCVOG0055-consensus	NODE_33_length_145885_cov_6.545203	32.54	209	130	11	193	392	70097	69482	1.6e-21	110.5
NCVOG0055-consensus	NODE_3258_length_947_cov_8.947126	46.67	75	39	1	226	299	231	10	1.3e-17	90.2
NCVOG4105-consensus	NODE_146_length_51702_cov_6.502044	35.12	1122	549	179	7	972	20430	17151	2e-21	110.0
NCVOG4105-consensus	NODE_4_length_286584_cov_6.555896	34.76	1122	546	186	14	973	44424	47700	5.9e-21	110.0
NCVOG0245-consensus	NODE_256_length_25560_cov_5.461837	31.99	297	188	14	28	314	18120	17245	2.2e-24	117.0
NCVOG0305-consensus	NODE_242_length_27789_cov_6.556798	36.89	244	132	22	1303	1527	20685	21404	5.3e-22	111.5
NCVOG0305-consensus	NODE_1830_length_1804_cov_11.431963	34.81	181	114	4	820	1000	731	204	6.9e-22	107.2
NCVOG0305-consensus	NODE_29_length_164359_cov_6.397872	33.61	244	135	27	1334	1555	38125	38830	2.9e-19	104.9
NCVOG0305-consensus	NODE_89_length_83431_cov_6.425474	29.85	268	171	17	1300	1556	66467	67245	9.5e-17	95.7
NCVOG0305-consensus	NODE_533_length_6735_cov_10.925203	29.04	334	164	73	784	1049	5890	4911	1.9e-13	81.1
NCVOG0305-consensus	NODE_217_length_32602_cov_6.543459	26.39	360	202	63	770	1072	32433	31377	2.2e-12	79.8
NCVOG0305-consensus	NODE_8518_length_323_cov_13.288618	34.65	101	66	0	845	945	19	318	2.7e-11	69.5
NCVOG0248-consensus	NODE_78_length_88636_cov_6.229790	27.56	450	269	57	56	464	41338	42636	1.4e-11	77.0
NCVOG0105-consensus	NODE_1713_length_1943_cov_6.144695	30.68	678	414	56	302	963	1909	5	1.5e-47	191.9
NCVOG1216-consensus	NODE_126_length_61916_cov_5.409644	28.73	355	212	41	7	336	21549	22562	6.9e-23	113.5
NCVOG4804-consensus	NODE_5215_length_541_cov_20.853448	57.55	139	51	8	42	180	414	25	1.8e-44	177.5
NCVOG4804-consensus	NODE_3632_length_847_cov_10.051948	58.70	138	49	8	43	180	257	643	2.6e-44	177.6
NCVOG4804-consensus	NODE_143_length_52201_cov_6.400871	47.93	169	56	32	36	180	35710	35235	3e-17	93.7
NCVOG0282-consensus	NODE_89_length_83431_cov_6.425474	29.53	359	221	32	235	572	66194	67230	6.1e-17	95.4
NCVOG0282-consensus	NODE_2644_length_1189_cov_5.337230	29.57	186	121	10	414	595	65	601	3.5e-14	80.1
NCVOG0282-consensus	NODE_29_length_164359_cov_6.397872	33.61	238	135	23	360	581	38158	38845	1e-13	85.6
NCVOG0282-consensus	NODE_40_length_134134_cov_6.314046	31.88	276	155	33	360	609	96011	95214	1e-13	85.4
NCVOG0282-consensus	NODE_1023_length_3254_cov_7.989613	31.43	175	109	11	414	582	1555	1049	7.5e-12	73.9
NCVOG0282-consensus	NODE_6_length_275327_cov_6.543969	27.19	331	197	44	251	541	62452	61479	1.2e-11	78.7
NCVOG0282-consensus	NODE_1830_length_1804_cov_11.431963	33.33	168	98	14	365	526	740	264	2.4e-11	71.3
NCVOG0844-consensus	NODE_521_length_6955_cov_12.216197	31.97	122	74	9	4	122	3147	2803	1.7e-16	88.7
NCVOG0249-consensus	NODE_307_length_18738_cov_5.687637	33.47	245	148	15	10	241	992	1717	1.1e-20	104.6
NCVOG0249-consensus	NODE_4411_length_659_cov_13.489691	42.47	73	41	1	173	245	629	417	8.2e-14	77.0
NCVOG1084-consensus	NODE_266_length_24337_cov_5.666406	41.56	77	43	2	13	89	4950	5171	4.7e-19	97.5
NCVOG4883-consensus	NODE_2459_length_1294_cov_10.788825	34.11	387	204	51	36	393	202	1289	3.8e-40	165.6
NCVOG4883-consensus	NODE_736_length_4741_cov_6.914451	29.17	384	227	45	3	358	1939	3022	4.8e-22	107.4
NCVOG0360-consensus	NODE_3816_length_794_cov_9.589958	44.21	233	122	8	4	231	102	788	8.4e-38	156.6
NCVOG0979-consensus	NODE_62_length_106614_cov_6.416682	42.89	380	150	67	16	328	67307	68443	4e-43	181.5
NCVOG4274-consensus	NODE_194_length_39092_cov_6.408341	23.78	513	369	22	312	807	18256	16742	5.4e-14	84.5
NCVOG4274-consensus	NODE_473_length_8107_cov_6.962640	21.60	699	523	25	134	822	4221	2189	1e-12	78.0
NCVOG4274-consensus	NODE_929_length_3597_cov_6.188920	26.73	505	316	54	307	805	3338	1971	1.1e-11	73.4
NCVOG0632-consensus	NODE_222_length_30872_cov_5.464199	26.09	138	98	4	18	155	16304	15906	6.3e-11	72.5
NCVOG0262-consensus	NODE_126_length_61916_cov_5.409644	35.27	224	136	9	337	554	43470	44129	1.5e-26	126.5
NCVOG0274-consensus	NODE_437_length_9175_cov_8.080787	38.73	821	418	85	16	773	2944	555	4.2e-84	316.1
NCVOG0274-consensus	NODE_437_length_9175_cov_8.080787	37.57	181	104	9	955	1127	541	5	2.1e-16	91.2
NCVOG0274-consensus	NODE_31_length_157434_cov_6.201402	36.76	1477	710	224	93	1359	134720	130343	4.3e-57	230.4
NCVOG0274-consensus	NODE_179_length_41531_cov_5.756188	41.17	1076	524	109	5	1002	20186	23317	6.6e-57	227.9
NCVOG0274-consensus	NODE_179_length_41531_cov_5.756188	34.31	411	243	27	973	1369	24822	26008	2.3e-43	182.9
NCVOG0274-consensus	NODE_97_length_80252_cov_6.327396	31.11	1485	703	320	182	1351	69261	73661	3.7e-47	196.5
NCVOG0274-consensus	NODE_1370_length_2402_cov_6.615484	62.24	98	37	0	757	854	860	570	2.6e-26	122.2
NCVOG0274-consensus	NODE_1451_length_2297_cov_5.608108	37.25	204	121	7	940	1136	1143	535	1e-19	100.2
NCVOG0274-consensus	NODE_1305_length_2511_cov_9.157354	48.42	95	49	0	1275	1369	7	288	1.5e-17	93.1
NCVOG0274-consensus	NODE_238_length_28133_cov_6.136655	30.70	1075	506	239	198	1040	8903	5713	9.2e-16	90.7
NCVOG0274-consensus	NODE_5232_length_540_cov_9.174946	37.74	159	92	7	985	1136	2	475	3.1e-15	83.2
NCVOG0274-consensus	NODE_5868_length_471_cov_6.177665	49.35	77	38	1	1275	1350	7	230	7.1e-12	71.9
NCVOG0074-consensus	NODE_130_length_61085_cov_6.353560	62.96	629	210	23	25	632	14928	13055	4.8e-182	643.0
NCVOG0074-consensus	NODE_309_length_18625_cov_6.643843	58.00	619	235	25	16	610	2977	4825	1.2e-93	347.6
NCVOG0074-consensus	NODE_1_length_439945_cov_6.497974	45.69	626	302	38	16	616	408595	406762	7.5e-77	294.8
NCVOG0074-consensus	NODE_150_length_49654_cov_6.477903	57.53	624	237	28	12	610	48531	46674	5.2e-75	287.2
NCVOG0074-consensus	NODE_48_length_125046_cov_6.296546	55.37	428	146	45	2	385	123634	122359	9.8e-73	280.9
NCVOG0074-consensus	NODE_2858_length_1100_cov_9.064516	37.07	321	184	18	77	379	136	1095	1e-46	187.6
NCVOG0074-consensus	NODE_396_length_11218_cov_5.880352	52.69	391	155	30	9	375	935	2076	7.2e-25	118.4
NCVOG0074-consensus	NODE_24_length_176677_cov_6.389434	33.50	400	208	58	39	380	80931	82125	7.8e-24	118.7
NCVOG0074-consensus	NODE_44_length_128757_cov_6.560421	32.91	398	211	56	39	380	85713	84525	1.2e-23	117.9
NCVOG1299-consensus	NODE_672_length_5191_cov_6.995309	49.31	144	43	30	33	146	2391	1963	4.1e-20	99.5
NCVOG1196-consensus	NODE_5_length_282907_cov_6.374525	28.77	285	177	26	318	588	173849	174664	9.9e-14	85.8
NCVOG1164-consensus	NODE_348_length_14840_cov_6.205446	29.21	202	129	14	17	208	4895	4305	5.3e-21	105.1
NCVOG1164-consensus	NODE_780_length_4309_cov_4.158081	37.25	102	56	8	98	191	197	499	2.3e-16	87.9
NCVOG1354-consensus	NODE_3356_length_921_cov_17.863744	29.15	247	145	30	103	336	231	917	1.3e-12	73.5
NCVOG4324-consensus	NODE_110_length_73318_cov_6.298166	29.25	588	307	109	121	619	66855	68549	4.2e-14	85.4
NCVOG4134-consensus	NODE_250_length_26119_cov_6.341295	31.79	475	227	97	41	458	14664	15963	4e-27	126.7
NCVOG0034-consensus	NODE_256_length_25560_cov_5.461837	26.71	337	218	29	84	411	14757	15704	3e-14	83.8
NCVOG0034-consensus	NODE_1247_length_2656_cov_8.062427	31.66	379	199	60	68	417	1470	2506	8.4e-12	72.4
NCVOG0034-consensus	NODE_1247_length_2656_cov_8.062427	35.71	196	108	18	242	432	141	686	8.4e-12	72.4
NCVOG0034-consensus	NODE_497_length_7478_cov_11.403729	30.65	434	238	63	42	432	5453	4223	6e-11	71.0
NCVOG0034-consensus	NODE_497_length_7478_cov_11.403729	31.13	318	180	39	115	417	3955	3079	8.4e-14	80.5
NCVOG0304-consensus	NODE_89_length_83431_cov_6.425474	32.14	196	113	20	56	237	66496	67062	5.7e-16	91.4
NCVOG0304-consensus	NODE_23_length_178207_cov_6.250974	34.21	152	91	9	45	191	87548	87108	1.6e-15	90.8
NCVOG0304-consensus	NODE_58_length_109825_cov_6.466952	29.15	199	128	13	15	205	61045	60467	2e-15	90.0
NCVOG0304-consensus	NODE_63_length_105818_cov_6.467075	30.15	199	125	14	15	205	100230	100805	2.4e-15	89.7
NCVOG0304-consensus	NODE_72_length_93293_cov_6.383722	30.69	202	125	15	13	205	35212	34630	2.5e-15	89.4
NCVOG0304-consensus	NODE_5901_length_467_cov_15.184615	37.62	101	57	6	82	178	151	444	1.8e-13	75.6
NCVOG0304-consensus	NODE_1233_length_2693_cov_6.206040	33.33	144	67	29	82	201	1113	700	4.7e-12	73.4
NCVOG0304-consensus	NODE_244_length_27248_cov_6.683265	24.55	224	153	16	87	299	27000	26349	3.1e-11	74.1
NCVOG0304-consensus	NODE_1615_length_2063_cov_11.981873	32.26	124	74	10	67	183	447	88	5.3e-11	69.6
NCVOG0214-consensus	NODE_109_length_74087_cov_6.080989	29.84	382	235	33	186	549	2052	955	7.8e-15	88.1
NCVOG0214-consensus	NODE_9061_length_305_cov_13.166667	43.88	98	54	1	386	483	302	15	2.1e-11	68.8
NCVOG0214-consensus	NODE_33_length_145885_cov_6.545203	27.46	386	258	22	219	592	11924	10804	6.9e-11	76.0
NCVOG0004-consensus	NODE_6_length_275327_cov_6.543969	32.17	286	158	36	39	293	17561	18388	1.2e-13	84.8
NCVOG0276-consensus	NODE_307_length_18738_cov_5.687637	57.14	315	131	4	43	357	6827	5898	7.9e-87	324.2
NCVOG0276-consensus	NODE_310_length_18609_cov_7.076143	54.81	312	135	6	48	357	17465	16549	8.6e-81	304.1
NCVOG0276-consensus	NODE_26_length_166066_cov_6.437565	57.71	350	86	62	57	344	138492	139532	1.8e-56	226.3
NCVOG0276-consensus	NODE_5460_length_512_cov_7.147126	57.89	171	71	1	141	310	1	506	6.9e-45	179.7
NCVOG2204-consensus	NODE_261_length_24901_cov_45.886803	30.53	416	215	74	95	437	14642	15883	4.9e-37	159.5
NCVOG2204-consensus	NODE_128_length_61214_cov_6.283969	35.15	239	138	17	205	427	38399	39109	5.9e-26	124.0
NCVOG2204-consensus	NODE_258_length_25308_cov_6.543340	26.86	283	143	64	218	437	9245	10087	1e-15	88.7
NCVOG0777-consensus	NODE_41_length_133764_cov_6.428606	28.63	475	299	40	196	660	74244	72917	6.3e-17	96.8
NCVOG0777-consensus	NODE_500_length_7361_cov_4.847199	29.38	439	276	34	151	572	4114	2868	4e-16	90.0
NCVOG0777-consensus	NODE_195_length_38844_cov_3.124565	27.25	455	278	53	56	494	13686	14916	2.9e-14	86.2
NCVOG0777-consensus	NODE_109_length_74087_cov_6.080989	23.96	434	299	31	415	835	1964	720	3.3e-12	80.3
NCVOG0777-consensus	NODE_195_length_38844_cov_3.124565	33.10	290	153	41	145	421	14959	14177	9.4e-11	74.5
NCVOG1060-consensus	NODE_388_length_11738_cov_6.135494	27.71	397	206	81	47	372	6285	7434	8.2e-27	124.3
NCVOG1060-consensus	NODE_142_length_52406_cov_6.610254	29.80	198	113	26	88	278	23758	24291	4.7e-12	77.5
NCVOG0030-consensus	NODE_60_length_108659_cov_6.539445	33.33	525	245	105	32	472	23787	22287	3.1e-27	129.8
NCVOG0030-consensus	NODE_189_length_40384_cov_3.438237	32.30	582	204	190	26	432	9262	7575	6e-14	84.2
NCVOG4494-consensus	NODE_79_length_88042_cov_6.611141	33.33	324	194	22	8	313	54843	53891	1.4e-19	103.6
NCVOG4494-consensus	NODE_456_length_8583_cov_4.211028	42.54	181	97	7	26	199	4595	4056	1.5e-18	96.8
NCVOG4494-consensus	NODE_787_length_4270_cov_3.822800	40.24	169	94	7	21	182	4201	3698	2.8e-18	94.9
NCVOG4494-consensus	NODE_1984_length_1655_cov_3.631179	40.57	175	96	8	47	213	528	7	1.5e-17	91.1
NCVOG4494-consensus	NODE_23_length_178207_cov_6.250974	32.81	317	204	9	25	338	132448	133375	1.7e-17	97.4
NCVOG4494-consensus	NODE_505_length_7326_cov_10.668782	31.99	347	200	36	1	326	6053	5065	3.1e-17	92.2
NCVOG4494-consensus	NODE_1274_length_2592_cov_12.290656	34.85	307	179	21	23	313	405	1305	5.9e-17	89.7
NCVOG4494-consensus	NODE_1479_length_2268_cov_7.110452	35.26	190	114	9	37	218	910	1473	9.1e-17	88.9
NCVOG4494-consensus	NODE_76_length_90034_cov_6.515424	33.03	218	131	15	20	227	33999	33372	5.4e-16	91.7
NCVOG4494-consensus	NODE_2185_length_1492_cov_3.051590	28.70	324	206	25	6	313	1238	305	2.6e-15	83.5
NCVOG4494-consensus	NODE_471_length_8145_cov_7.097410	31.93	238	143	19	47	275	3844	3168	3.1e-15	85.7
NCVOG4494-consensus	NODE_42_length_131147_cov_6.508827	34.92	189	116	7	37	218	85105	85668	4.3e-15	89.2
NCVOG4494-consensus	NODE_1519_length_2212_cov_11.759251	37.04	216	127	9	22	228	1381	2025	6.7e-15	82.7
NCVOG4494-consensus	NODE_128_length_61214_cov_6.283969	35.79	299	162	30	47	327	18480	19337	7.5e-15	87.3
NCVOG4494-consensus	NODE_1058_length_3124_cov_5.052511	31.27	323	207	15	4	313	1899	948	7.9e-15	82.9
NCVOG4494-consensus	NODE_737_length_4733_cov_11.974227	31.63	294	181	20	37	313	3161	2292	8.2e-15	83.5
NCVOG4494-consensus	NODE_818_length_4144_cov_10.631915	34.30	172	107	6	30	195	3620	4132	2.7e-14	81.6
NCVOG4494-consensus	NODE_373_length_12414_cov_2.857178	32.47	194	122	9	55	245	9049	8489	1.2e-13	81.0
NCVOG4494-consensus	NODE_373_length_12414_cov_2.857178	30.30	198	131	7	45	239	10617	10039	4.1e-12	75.9
NCVOG4494-consensus	NODE_2172_length_1497_cov_9.650704	33.54	319	181	31	26	313	1402	451	1.6e-13	77.5
NCVOG4494-consensus	NODE_997_length_3347_cov_7.610092	33.50	203	129	6	37	233	1492	2097	5.3e-13	77.0
NCVOG4494-consensus	NODE_2560_length_1238_cov_10.734711	34.08	179	112	6	46	218	701	168	8.7e-13	74.8
NCVOG4494-consensus	NODE_10_length_232029_cov_6.395008	34.17	240	132	26	20	233	4514	5224	1.1e-12	81.4
NCVOG4494-consensus	NODE_1442_length_2307_cov_3.900000	33.94	277	157	26	37	293	851	42	1.4e-12	75.1
NCVOG4494-consensus	NODE_204_length_36084_cov_6.818063	36.76	185	108	9	20	195	7444	7993	1.5e-12	78.9
NCVOG4494-consensus	NODE_66_length_103709_cov_6.532374	38.38	198	115	7	42	232	100130	100720	1.7e-12	80.3
NCVOG4494-consensus	NODE_51_length_121338_cov_6.207173	34.64	179	110	7	21	193	11712	12242	2e-12	80.3
NCVOG4494-consensus	NODE_3281_length_942_cov_6.877457	41.21	182	100	7	44	218	559	17	2.4e-12	72.9
NCVOG4494-consensus	NODE_535_length_6662_cov_5.502202	31.19	202	133	6	37	232	1558	956	3.9e-12	75.1
NCVOG4494-consensus	NODE_2735_length_1145_cov_11.676966	36.36	154	94	4	60	209	680	1138	4.3e-12	72.4
NCVOG4494-consensus	NODE_1019_length_3268_cov_10.098402	33.00	300	173	28	45	327	3128	2265	7.2e-12	73.2
NCVOG4494-consensus	NODE_2084_length_1578_cov_2.820120	32.02	203	132	6	37	233	1260	655	7.3e-12	72.1
NCVOG4494-consensus	NODE_2203_length_1477_cov_8.892857	39.66	179	101	7	25	196	902	1435	9.9e-12	71.6
NCVOG4494-consensus	NODE_1911_length_1737_cov_3.055422	33.15	178	112	7	42	216	1262	744	1.2e-11	71.6
NCVOG4494-consensus	NODE_1171_length_2845_cov_6.986272	27.08	325	207	30	37	335	623	1580	1.3e-11	72.1
NCVOG4494-consensus	NODE_15_length_215804_cov_6.779036	35.27	241	146	10	15	245	128937	129656	1.6e-11	77.6
NCVOG4494-consensus	NODE_15_length_215804_cov_6.779036	35.39	243	133	24	90	316	120482	121175	1.6e-11	77.6
NCVOG4494-consensus	NODE_1496_length_2239_cov_12.056892	33.33	252	159	9	21	263	1100	1852	1.8e-11	71.3
NCVOG4494-consensus	NODE_722_length_4848_cov_8.093691	34.66	176	110	5	37	207	2087	2607	2.7e-11	71.8
NCVOG4494-consensus	NODE_7_length_265211_cov_6.105874	30.98	255	157	19	37	282	138391	139122	3.3e-11	76.5
NCVOG4494-consensus	NODE_421_length_9849_cov_10.434814	36.36	176	106	6	44	213	5268	4744	3.8e-11	72.4
NCVOG4494-consensus	NODE_7255_length_377_cov_6.493333	42.74	117	63	4	37	149	366	19	4.7e-11	67.4
NCVOG4494-consensus	NODE_249_length_26262_cov_6.307466	36.00	200	117	11	44	234	22615	23205	8.3e-11	72.6
NCVOG4494-consensus	NODE_9_length_233899_cov_6.506770	40.44	183	100	9	15	188	159382	159927	8.5e-11	74.3
NCVOG0757-consensus	NODE_92_length_81487_cov_6.549760	40.24	82	46	3	66	144	44716	44474	4e-11	73.5
NCVOG0077-consensus	NODE_266_length_24337_cov_5.666406	28.04	403	242	48	333	708	16635	15493	2.3e-22	111.4
NCVOG0267-consensus	NODE_270_length_23421_cov_13.194440	27.29	491	272	85	361	793	12762	14148	9.7e-14	83.4
NCVOG0267-consensus	NODE_2518_length_1265_cov_5.659091	29.22	373	218	46	340	676	171	1254	2e-11	71.5
NCVOG0267-consensus	NODE_227_length_29550_cov_3.036372	26.97	445	236	89	340	718	2890	4144	6e-11	74.4
NCVOG4357-consensus	NODE_280_length_22552_cov_8.296285	31.66	537	281	86	6	467	16588	18162	7.5e-29	132.3
NCVOG0046-consensus	NODE_468_length_8202_cov_6.063015	61.67	60	21	2	10	69	8024	8194	6.6e-11	70.6
NCVOG1337-consensus	NODE_4116_length_717_cov_15.926562	32.16	171	101	15	92	247	172	679	7.4e-14	76.6
NCVOG1337-consensus	NODE_463_length_8338_cov_5.425977	31.32	265	139	43	19	248	1785	1022	1.3e-13	79.3
NCVOG1137-consensus	NODE_803_length_4206_cov_12.466457	45.27	148	78	3	19	166	1074	643	9.5e-38	158.1
NCVOG0037-consensus	NODE_2682_length_1171_cov_9.535649	51.29	388	183	6	430	811	1171	11	4.9e-98	359.0
NCVOG0037-consensus	NODE_40_length_134134_cov_6.314046	39.69	1154	415	281	126	999	85606	89041	1.3e-43	185.1
NCVOG0037-consensus	NODE_7807_length_353_cov_5.112319	56.64	113	47	2	418	528	353	18	7.4e-26	117.5
NCVOG0037-consensus	NODE_5793_length_476_cov_14.000000	42.86	161	89	3	179	339	475	5	1.8e-25	116.6
NCVOG0037-consensus	NODE_7679_length_358_cov_10.238434	48.72	117	59	1	789	904	2	349	1.2e-23	110.2
NCVOG0037-consensus	NODE_848_length_3966_cov_8.429416	34.78	207	130	5	882	1083	3	620	3.8e-21	105.4
NCVOG0037-consensus	NODE_9073_length_305_cov_5.135965	53.54	99	44	2	626	722	17	302	1.5e-16	86.3
NCVOG0037-consensus	NODE_2544_length_1247_cov_13.421368	45.19	104	54	3	2	103	316	11	2e-13	78.0
NCVOG0037-consensus	NODE_14489_length_209_cov_11.757576	56.06	66	27	2	108	173	205	17	4.3e-12	71.0
NCVOG3007-consensus	NODE_1662_length_2004_cov_13.074728	22.53	608	405	66	40	601	243	1999	1.3e-17	93.4
NCVOG3007-consensus	NODE_1141_length_2915_cov_10.261804	21.57	788	541	77	134	883	2251	12	3.6e-14	82.5
NCVOG3007-consensus	NODE_1079_length_3066_cov_7.591168	21.53	850	608	59	272	1092	2468	18	7.4e-12	74.9
NCVOG0778-consensus	NODE_62_length_106614_cov_6.416682	34.65	505	290	40	7	504	76947	75535	3.5e-41	175.7
NCVOG4159-consensus	NODE_1734_length_1923_cov_5.790899	44.27	262	139	7	1	257	1444	668	1.7e-46	186.5
NCVOG1115-consensus	NODE_2551_length_1245_cov_6.790240	49.43	176	87	2	240	414	235	756	4.7e-62	238.2
NCVOG1115-consensus	NODE_7667_length_359_cov_4.652482	53.45	116	52	2	243	357	4	345	3.8e-38	157.0
NCVOG0897-consensus	NODE_130_length_61085_cov_6.353560	30.43	299	153	55	20	265	60523	59638	1.7e-14	85.2
NCVOG0284-consensus	NODE_266_length_24337_cov_5.666406	32.78	299	167	34	38	313	13685	12831	2.2e-12	77.1
NCVOG0284-consensus	NODE_199_length_37103_cov_9.375547	30.84	334	176	55	19	306	36068	37033	5.6e-11	73.1
NCVOG0806-consensus	NODE_369_length_12496_cov_6.865448	37.37	289	145	36	192	447	12367	11515	2e-46	189.7
NCVOG0806-consensus	NODE_1529_length_2193_cov_13.517013	47.85	349	150	32	124	441	1146	108	2.4e-35	150.4
NCVOG0806-consensus	NODE_22892_length_155_cov_8.179487	62.75	51	19	0	370	420	155	6	2.4e-22	103.4
NCVOG0806-consensus	NODE_13120_length_224_cov_7.721088	45.16	62	34	0	146	207	25	207	4.4e-19	93.0
NCVOG0806-consensus	NODE_25238_length_155_cov_5.756410	58.14	43	18	0	285	327	133	8	1.9e-15	80.5
NCVOG4676-consensus	NODE_2406_length_1327_cov_14.360800	43.06	72	41	0	188	259	1059	1271	2.6e-12	72.6
NCVOG0329-consensus	NODE_260_length_24922_cov_6.218072	44.32	176	84	14	1132	1298	19276	19785	3.9e-26	124.9
NCVOG0329-consensus	NODE_449_length_8801_cov_6.582120	29.54	281	164	34	1088	1336	5008	5833	3e-22	110.5
NCVOG0029-consensus	NODE_227_length_29550_cov_3.036372	34.90	298	106	88	149	358	23159	22275	4.7e-19	100.3
NCVOG0029-consensus	NODE_643_length_5462_cov_13.066481	27.43	536	302	87	40	492	2758	1166	6.7e-18	94.0
NCVOG0029-consensus	NODE_57_length_110387_cov_6.211114	27.56	537	236	153	37	420	15539	13938	3.4e-12	79.4
NCVOG0076-consensus	NODE_307_length_18738_cov_5.687637	34.42	462	271	32	154	608	9283	10584	5e-44	183.0
NCVOG4566-consensus	NODE_473_length_8107_cov_6.962640	20.32	507	389	15	13	518	2717	1246	3.1e-14	83.3
NCVOG4566-consensus	NODE_473_length_8107_cov_6.962640	18.81	489	394	3	27	515	4224	2770	3.6e-13	79.8
NCVOG4566-consensus	NODE_2286_length_1405_cov_9.423193	24.32	477	324	37	1	463	1386	42	1.4e-11	71.9
NCVOG1064-consensus	NODE_599_length_5859_cov_7.422172	34.11	129	63	22	15	121	5631	5248	1.2e-12	75.1
NCVOG1154-consensus	NODE_1347_length_2445_cov_7.305321	29.58	284	152	48	86	322	53	894	1.6e-11	71.0
NCVOG0785-consensus	NODE_307_length_18738_cov_5.687637	79.17	48	9	1	39	86	4103	4240	2.5e-12	76.0
NCVOG0236-consensus	NODE_307_length_18738_cov_5.687637	26.48	219	150	11	34	245	13220	12579	7.2e-13	77.9
NCVOG0236-consensus	NODE_266_length_24337_cov_5.666406	28.80	250	161	17	3	237	14624	15358	6.7e-11	71.8
NCVOG0326-consensus	NODE_1647_length_2019_cov_5.899691	25.17	429	305	16	31	448	1277	15	4.6e-23	109.5
NCVOG0326-consensus	NODE_2564_length_1235_cov_10.514680	25.84	418	289	21	31	434	1228	11	1.4e-20	100.6
NCVOG0326-consensus	NODE_179_length_41531_cov_5.756188	28.46	390	228	51	99	463	18272	17190	2.1e-18	98.4
NCVOG0326-consensus	NODE_2449_length_1302_cov_4.404082	26.92	312	192	36	182	463	196	1110	3.1e-16	86.2
NCVOG0326-consensus	NODE_660_length_5275_cov_5.859561	24.41	463	316	34	23	463	3419	4768	1.1e-15	86.5
NCVOG0036-consensus	NODE_7_length_265211_cov_6.105874	33.84	263	132	42	104	334	41852	42607	1.1e-14	87.5
NCVOG0314-consensus	NODE_89_length_83431_cov_6.425474	42.50	80	45	1	26	104	10055	10291	4.4e-15	86.2
NCVOG0314-consensus	NODE_3_length_303080_cov_6.446537	41.25	80	46	1	26	104	106827	106591	8.8e-14	82.7
NCVOG0222-consensus	NODE_473_length_8107_cov_6.962640	29.70	495	339	9	15	504	3682	2215	5.2e-34	148.0
NCVOG0222-consensus	NODE_473_length_8107_cov_6.962640	30.43	437	295	9	72	504	2088	796	7.3e-29	130.9
NCVOG0222-consensus	NODE_473_length_8107_cov_6.962640	34.83	178	115	1	174	350	4218	3688	1.3e-12	77.0
NCVOG0222-consensus	NODE_33_length_145885_cov_6.545203	29.23	455	307	15	56	498	11974	10624	1e-30	141.3
NCVOG0222-consensus	NODE_2338_length_1377_cov_5.075385	23.96	409	308	3	70	476	1362	142	3.1e-25	116.3
NCVOG0222-consensus	NODE_3622_length_849_cov_7.006477	30.93	291	192	9	90	380	846	4	8.9e-22	104.1
NCVOG0222-consensus	NODE_194_length_39092_cov_6.408341	21.01	476	367	9	31	504	17345	15950	9.3e-21	106.3
NCVOG0222-consensus	NODE_194_length_39092_cov_6.408341	22.99	448	332	13	72	508	18683	17351	1.2e-17	96.0
NCVOG0222-consensus	NODE_194_length_39092_cov_6.408341	24.44	446	311	26	67	501	24190	22901	3.3e-15	87.8
NCVOG0222-consensus	NODE_929_length_3597_cov_6.188920	25.15	501	337	38	24	497	3521	2055	1.8e-20	101.9
NCVOG0222-consensus	NODE_929_length_3597_cov_6.188920	25.34	446	307	26	72	505	1376	84	1.7e-19	98.7
NCVOG0222-consensus	NODE_71_length_94265_cov_6.167728	25.19	385	280	8	125	501	50313	51464	2.5e-19	102.8
NCVOG0222-consensus	NODE_3562_length_863_cov_5.673028	28.37	289	205	2	88	376	863	6	7.9e-19	94.4
NCVOG0222-consensus	NODE_454_length_8642_cov_7.518272	22.80	443	328	14	72	501	4355	5677	1e-18	97.3
NCVOG0222-consensus	NODE_1589_length_2110_cov_7.874570	24.58	415	297	16	96	506	2106	901	7e-17	89.2
NCVOG0222-consensus	NODE_2181_length_1494_cov_6.232181	21.15	383	293	9	116	497	1491	370	2.2e-16	87.0
NCVOG0222-consensus	NODE_2083_length_1578_cov_12.636243	26.85	391	256	30	149	517	1285	146	1.3e-15	84.6
NCVOG0222-consensus	NODE_3718_length_820_cov_6.912517	24.81	270	198	5	72	338	815	15	2.8e-14	79.2
NCVOG0222-consensus	NODE_2025_length_1621_cov_5.007124	25.68	405	284	17	113	501	1621	413	1.2e-13	78.1
NCVOG0222-consensus	NODE_109_length_74087_cov_6.080989	25.18	417	292	20	72	486	1816	623	3.7e-12	78.6
NCVOG0222-consensus	NODE_644_length_5456_cov_6.934003	24.38	443	316	19	75	500	4076	5395	4.5e-11	71.3
NCVOG0222-consensus	NODE_644_length_5456_cov_6.934003	22.08	453	323	30	74	504	2705	4036	1.9e-13	79.1
NCVOG0014-consensus	NODE_144_length_52198_cov_6.497535	29.19	209	148	0	131	339	20729	20106	3e-14	85.1
NCVOG0014-consensus	NODE_3_length_303080_cov_6.446537	26.40	250	161	23	121	347	281541	280799	3.1e-12	80.0
NCVOG0014-consensus	NODE_107_length_76273_cov_6.512638	26.27	217	151	9	131	338	50657	50010	3.2e-11	75.6
NCVOG0002-consensus	NODE_1_length_439945_cov_6.497974	28.10	765	467	83	107	833	324151	322007	3.4e-33	150.1
NCVOG0002-consensus	NODE_2175_length_1495_cov_13.020451	32.19	146	95	4	332	475	443	15	2.6e-12	74.2
NCVOG1194-consensus	NODE_18_length_203147_cov_7.237869	55.36	56	25	0	56	111	99572	99408	1.6e-13	83.6
NCVOG1194-consensus	NODE_3612_length_852_cov_2.369032	41.67	72	41	1	41	111	618	406	8.6e-12	70.4
NCVOG1194-consensus	NODE_1075_length_3078_cov_7.672109	49.30	71	31	5	42	111	1012	1207	8.1e-11	69.1
NCVOG2775-consensus	NODE_2406_length_1327_cov_14.360800	31.30	246	159	10	157	400	607	1313	1.3e-16	87.8
NCVOG2775-consensus	NODE_7209_length_379_cov_14.682119	39.84	128	70	7	146	268	1	375	8.2e-12	70.1
NCVOG3085-consensus	NODE_237_length_28488_cov_7.885748	25.99	227	145	23	20	226	22945	23613	3.7e-11	73.0
NCVOG0288-consensus	NODE_256_length_25560_cov_5.461837	31.03	261	154	26	299	545	11522	10781	7.5e-25	119.6
NCVOG0288-consensus	NODE_1487_length_2253_cov_9.616728	27.14	210	136	17	269	471	60	656	5e-20	100.1
NCVOG0924-consensus	NODE_554_length_6388_cov_9.067184	31.18	186	106	22	11	181	1500	971	1.4e-15	85.0
NCVOG0893-consensus	NODE_2402_length_1330_cov_13.149242	29.46	404	218	67	64	400	1218	22	5.3e-27	122.8
NCVOG0893-consensus	NODE_16_length_211831_cov_6.455533	29.08	509	243	118	107	500	164673	163165	2.9e-16	92.6
NCVOG1175-consensus	NODE_1647_length_2019_cov_5.899691	37.91	211	119	12	3	212	1737	1141	1.9e-28	126.3
NCVOG1175-consensus	NODE_660_length_5275_cov_5.859561	30.35	201	124	16	16	216	3070	3621	3.2e-26	120.4
NCVOG1175-consensus	NODE_17950_length_178_cov_5.475248	56.60	53	23	0	112	164	7	162	2.8e-19	92.4
NCVOG1175-consensus	NODE_17964_length_178_cov_4.465347	56.60	53	23	0	112	164	7	162	5e-19	91.5
NCVOG1175-consensus	NODE_179_length_41531_cov_5.756188	32.93	249	117	50	2	222	19258	18583	3e-16	90.2
NCVOG0729-consensus	NODE_852_length_3952_cov_8.864774	33.39	557	205	166	2	407	3469	1857	2.4e-15	85.1
NCVOG5103-consensus	NODE_18_length_203147_cov_7.237869	32.24	214	136	9	319	524	99920	99291	2.5e-24	121.1
NCVOG5103-consensus	NODE_4564_length_636_cov_3.255814	53.01	83	38	1	427	508	297	52	5e-16	85.7
NCVOG5103-consensus	NODE_1_length_439945_cov_6.497974	50.55	91	43	2	426	516	41611	41348	2.3e-14	88.0
NCVOG5103-consensus	NODE_247_length_26347_cov_12.258356	33.77	154	92	10	357	502	4035	4483	5.7e-14	84.2
NCVOG5103-consensus	NODE_29_length_164359_cov_6.397872	36.18	152	68	29	338	489	36847	36482	9.9e-13	82.6
NCVOG5103-consensus	NODE_4170_length_708_cov_4.895404	53.12	64	30	0	437	500	31	219	3.2e-12	73.2
NCVOG5103-consensus	NODE_1075_length_3078_cov_7.672109	37.96	108	61	6	427	533	1050	1351	3.2e-12	75.3
NCVOG5103-consensus	NODE_1112_length_2984_cov_6.780186	41.53	118	67	2	395	511	1203	858	1.7e-11	72.8
NCVOG5103-consensus	NODE_41_length_133764_cov_6.428606	35.15	239	113	42	307	511	73532	74221	3.8e-11	77.2
NCVOG4874-consensus	NODE_115_length_69915_cov_6.405309	34.92	378	148	98	71	366	37929	36853	5.5e-18	97.4
NCVOG4874-consensus	NODE_62_length_106614_cov_6.416682	32.54	418	154	128	15	307	75194	73965	8e-13	80.9
NCVOG0605-consensus	NODE_109_length_74087_cov_6.080989	29.34	334	189	47	197	488	1979	996	1.8e-26	126.1
NCVOG0605-consensus	NODE_211_length_34800_cov_5.055496	36.40	250	137	22	256	488	34040	34771	7.2e-24	116.4
NCVOG0605-consensus	NODE_256_length_25560_cov_5.461837	35.81	229	123	24	277	487	3771	4436	6.4e-23	112.8
NCVOG0605-consensus	NODE_13_length_220830_cov_6.524237	31.45	337	195	36	153	485	146307	145396	9.3e-19	101.5
NCVOG0605-consensus	NODE_235_length_28500_cov_5.286177	31.65	237	149	13	255	490	18937	19608	3.3e-18	97.3
NCVOG0605-consensus	NODE_41_length_133764_cov_6.428606	29.03	310	211	9	182	488	74253	73345	7.6e-18	98.3
NCVOG0605-consensus	NODE_454_length_8642_cov_7.518272	23.99	346	233	30	157	484	4145	5139	2.2e-13	79.5
NCVOG0605-consensus	NODE_156_length_48032_cov_5.255177	38.93	131	73	7	355	485	4	372	5.5e-13	80.7
NCVOG1136-consensus	NODE_266_length_24337_cov_5.666406	35.53	501	280	43	3	480	7321	5882	1.5e-67	260.9
NCVOG1136-consensus	NODE_32_length_154489_cov_6.906178	41.89	339	92	105	212	447	105874	104869	2.1e-11	77.0
NCVOG0059-consensus	NODE_126_length_61916_cov_5.409644	27.72	368	231	35	52	417	46384	47385	1.8e-20	105.8
NCVOG0319-consensus	NODE_237_length_28488_cov_7.885748	34.40	218	138	5	13	225	21627	22277	4.3e-37	158.9
NCVOG0219-consensus	NODE_449_length_8801_cov_6.582120	37.09	213	108	26	543	729	5220	5851	1.1e-26	124.4
NCVOG0219-consensus	NODE_260_length_24922_cov_6.218072	36.54	208	129	3	484	689	19168	19785	2.7e-24	117.9
NCVOG0901-consensus	NODE_172_length_43878_cov_6.390151	40.32	186	63	48	27	164	3159	3705	3.1e-14	83.3
NCVOG2980-consensus	NODE_60_length_108659_cov_6.539445	34.01	494	258	68	44	474	14466	15929	9.4e-22	110.9
NCVOG1298-consensus	NODE_1447_length_2299_cov_6.702070	24.14	290	200	20	262	541	858	22	6.3e-14	79.7
NCVOG1272-consensus	NODE_107_length_76273_cov_6.512638	21.69	1701	1144	188	169	1793	41005	45728	1.9e-16	95.0
NCVOG0450-consensus	NODE_45_length_127035_cov_6.263780	31.52	276	135	54	159	413	41915	41198	2.9e-13	82.9
NCVOG2652-consensus	NODE_179_length_41531_cov_5.756188	43.62	188	96	10	18	200	33227	32682	4.4e-25	119.4
NCVOG0652-consensus	NODE_5353_length_525_cov_10.453125	36.48	159	99	2	262	419	475	5	3.9e-20	97.7
NCVOG0652-consensus	NODE_9733_length_285_cov_15.048077	40.66	91	53	1	76	165	284	15	2.7e-15	80.7
NCVOG2642-consensus	NODE_475_length_8055_cov_5.977332	51.61	62	29	1	99	160	7840	7661	5.5e-15	83.5
NCVOG0835-consensus	NODE_11_length_230839_cov_6.720899	39.87	153	70	22	2	133	65561	66013	1.1e-19	103.8
NCVOG0835-consensus	NODE_11_length_230839_cov_6.720899	34.09	176	82	34	128	270	66701	67222	5.2e-14	84.9
NCVOG4522-consensus	NODE_2783_length_1126_cov_11.563394	38.73	204	84	41	225	390	526	1121	1.1e-28	127.3
NCVOG4522-consensus	NODE_8692_length_318_cov_5.331950	48.10	79	41	0	366	444	1	234	9.8e-24	109.0
NCVOG4522-consensus	NODE_27690_length_155_cov_3.576923	54.90	51	23	0	375	425	1	150	4e-15	79.4
NCVOG4522-consensus	NODE_25881_length_155_cov_5.230769	54.90	51	23	0	375	425	1	150	4e-15	79.4
NCVOG4522-consensus	NODE_21006_length_156_cov_11.949367	47.73	44	23	0	401	444	156	28	1.6e-12	70.7
NCVOG4522-consensus	NODE_25094_length_155_cov_5.871795	51.02	49	24	0	277	325	7	150	1.9e-11	67.2
NCVOG0522-consensus	NODE_1267_length_2614_cov_8.938510	31.91	188	116	12	76	252	476	1029	6.2e-13	75.7
NCVOG5117-consensus	NODE_485_length_7807_cov_5.963131	37.62	202	120	6	784	985	5416	4832	4.9e-17	93.3
NCVOG5117-consensus	NODE_5454_length_513_cov_5.275229	40.49	163	91	6	803	965	22	489	3.3e-16	86.6
NCVOG5117-consensus	NODE_155_length_48416_cov_6.615362	33.44	320	190	23	646	953	43428	42505	4.1e-16	92.9
NCVOG5117-consensus	NODE_3957_length_756_cov_4.213549	44.57	184	79	23	806	987	3	488	3.3e-15	83.9
NCVOG5117-consensus	NODE_929_length_3597_cov_6.188920	20.37	1203	832	126	204	1390	3281	6	5.8e-12	75.3
NCVOG4122-consensus	NODE_40_length_134134_cov_6.314046	31.70	306	190	19	110	400	46769	45867	1.9e-16	93.6
NCVOG4122-consensus	NODE_78_length_88636_cov_6.229790	26.42	352	237	22	9	340	81701	82747	5.8e-16	91.4
NCVOG4122-consensus	NODE_52_length_118766_cov_6.358180	27.32	183	125	8	140	314	16281	15736	4.6e-13	82.2
NCVOG4122-consensus	NODE_41_length_133764_cov_6.428606	31.03	203	126	14	89	281	75676	75083	2.3e-12	80.0
NCVOG4122-consensus	NODE_8_length_244661_cov_6.336543	27.93	333	209	31	151	462	213502	212543	1.3e-11	77.0
NCVOG1342-consensus	NODE_256_length_25560_cov_5.461837	31.93	119	78	3	1	116	11891	12242	3.2e-11	72.2
NCVOG0032-consensus	NODE_341_length_15398_cov_6.683898	24.96	709	386	146	252	823	5105	3025	4.8e-22	110.0
NCVOG0032-consensus	NODE_4_length_286584_cov_6.555896	27.54	621	354	96	239	814	182820	181122	3.7e-18	100.2
NCVOG0032-consensus	NODE_226_length_29555_cov_6.029988	27.35	713	347	171	308	868	4480	2410	8.4e-16	90.2
NCVOG0032-consensus	NODE_9_length_233899_cov_6.506770	26.76	837	333	280	252	820	164366	161913	5.3e-12	79.1
NCVOG0032-consensus	NODE_29_length_164359_cov_6.397872	25.73	824	463	149	95	813	98341	96011	6.5e-12	79.6
NCVOG0302-consensus	NODE_6_length_275327_cov_6.543969	31.16	292	166	35	285	543	62051	61187	3.9e-21	109.6
NCVOG0302-consensus	NODE_136_length_56155_cov_6.655391	32.34	167	111	2	2	168	5900	6391	2.9e-15	88.7
NCVOG0302-consensus	NODE_117_length_69167_cov_6.475887	30.34	178	122	2	2	179	44417	44941	4.2e-15	88.4
NCVOG0302-consensus	NODE_98_length_79305_cov_6.320038	29.41	170	119	1	3	172	6637	6134	8.6e-11	74.3
NCVOG0022-consensus	NODE_348_length_14840_cov_6.205446	40.44	455	222	49	4	457	2640	1423	8e-21	104.9
NCVOG0012-consensus	NODE_3957_length_756_cov_4.213549	52.76	127	43	17	302	415	376	11	9.6e-12	70.6
NCVOG0012-consensus	NODE_485_length_7807_cov_5.963131	34.03	385	212	42	74	431	4376	5468	1.1e-11	73.7
NCVOG0012-consensus	NODE_5454_length_513_cov_5.275229	51.72	145	56	14	302	434	464	39	4.9e-11	67.7
NCVOG0868-consensus	NODE_1075_length_3078_cov_7.672109	61.97	71	27	0	152	222	1034	1243	1.3e-14	81.8
NCVOG0868-consensus	NODE_155_length_48416_cov_6.615362	55.10	98	40	4	158	254	42764	43041	1e-11	76.1
NCVOG0868-consensus	NODE_7964_length_346_cov_2.304833	60.61	66	22	4	158	221	154	342	1.1e-11	68.9
NCVOG0868-consensus	NODE_3612_length_852_cov_2.369032	57.81	64	26	1	174	236	549	361	1.2e-11	70.1
NCVOG0985-consensus	NODE_145_length_51787_cov_6.522220	26.61	372	154	119	95	368	45416	44367	2.9e-11	75.1
NCVOG2900-consensus	NODE_518_length_6991_cov_6.962540	27.01	137	97	3	10	143	1351	1758	2.7e-11	71.1
NCVOG0025-consensus	NODE_21_length_185358_cov_6.390941	25.99	454	296	40	91	521	166162	167457	5.1e-22	110.4
NCVOG0025-consensus	NODE_217_length_32602_cov_6.543459	25.35	434	296	28	105	522	25421	24161	5.4e-17	93.5
NCVOG0025-consensus	NODE_1942_length_1703_cov_7.707257	29.95	217	135	17	308	521	1526	921	1.2e-15	84.8
NCVOG0025-consensus	NODE_98_length_79305_cov_6.320038	23.89	406	271	38	110	486	62230	61049	3.2e-15	88.9
NCVOG0025-consensus	NODE_235_length_28500_cov_5.286177	27.42	423	233	74	138	522	16612	15459	2.8e-14	84.3
NCVOG0025-consensus	NODE_3_length_303080_cov_6.446537	25.65	386	255	32	138	515	231036	232114	3.9e-14	86.2
NCVOG0025-consensus	NODE_391_length_11655_cov_6.214286	27.23	426	232	78	138	522	10518	9363	2.3e-13	80.0
NCVOG0025-consensus	NODE_193_length_39137_cov_7.126498	24.54	436	302	27	105	522	3996	5269	7.8e-13	80.0
NCVOG0025-consensus	NODE_140_length_52660_cov_6.631934	26.77	437	236	84	132	522	9430	8247	2.2e-12	78.9
NCVOG0025-consensus	NODE_78_length_88636_cov_6.229790	28.57	427	214	91	136	501	56665	57850	1.1e-11	77.3
NCVOG0025-consensus	NODE_58_length_109825_cov_6.466952	24.36	427	300	23	105	514	2674	1417	1.7e-11	77.0
NCVOG0025-consensus	NODE_58_length_109825_cov_6.466952	36.69	139	78	10	355	485	97897	97494	1.7e-11	77.0
NCVOG0271-consensus	NODE_181_length_41253_cov_6.605052	35.25	1115	569	153	179	1157	16756	13474	9.4e-65	253.7
NCVOG0271-consensus	NODE_1251_length_2647_cov_6.671595	44.57	792	304	135	479	1136	2647	288	1.6e-50	202.5
NCVOG0271-consensus	NODE_5825_length_474_cov_5.748111	52.56	156	54	20	880	1015	468	6	1.6e-24	113.6
NCVOG0271-consensus	NODE_296_length_20555_cov_3.132239	28.05	246	162	15	871	1109	2237	2947	1.2e-15	89.6
NCVOG0271-consensus	NODE_34_length_143746_cov_6.503818	27.85	1228	687	199	101	1153	126433	130031	2.2e-15	91.5
NCVOG0271-consensus	NODE_2109_length_1556_cov_8.523327	34.89	513	239	95	76	503	1503	6	1.3e-13	79.1
NCVOG0271-consensus	NODE_27444_length_155_cov_3.846154	61.22	49	19	0	479	527	155	12	5.3e-11	67.1
NCVOG0078-consensus	NODE_4220_length_695_cov_11.195793	47.01	134	68	3	67	197	684	286	2.5e-22	104.6
NCVOG0078-consensus	NODE_251_length_26106_cov_6.566253	50.42	119	57	2	81	197	43	396	4.2e-19	99.2
NCVOG0078-consensus	NODE_12811_length_227_cov_12.906667	61.29	62	24	0	126	187	218	36	3.9e-14	75.8
NCVOG4568-consensus	NODE_3622_length_849_cov_7.006477	36.89	206	128	2	282	485	821	211	9.9e-14	77.3
NCVOG4568-consensus	NODE_473_length_8107_cov_6.962640	32.12	274	179	7	213	483	4386	3586	2.8e-12	75.8
NCVOG4568-consensus	NODE_473_length_8107_cov_6.962640	36.79	212	131	3	277	485	3505	2875	2.1e-12	76.2
NCVOG4568-consensus	NODE_473_length_8107_cov_6.962640	26.82	358	253	9	137	485	2101	1051	2.3e-12	76.0
NCVOG5301-consensus	NODE_8_length_244661_cov_6.336543	35.78	109	68	2	470	578	212926	212609	1.6e-11	77.4
NCVOG1451-consensus	NODE_126_length_61916_cov_5.409644	27.47	790	459	114	2	763	31170	33260	6.2e-22	111.6
NCVOG1451-consensus	NODE_477_length_7989_cov_6.230030	27.67	318	194	36	160	451	5103	6019	2.4e-13	80.1
NCVOG0451-consensus	NODE_40_length_134134_cov_6.314046	33.06	248	158	8	134	375	46679	45945	2.4e-24	119.7
NCVOG0451-consensus	NODE_16_length_211831_cov_6.455533	33.06	245	128	36	134	374	2185	2820	2.3e-21	109.9
NCVOG0451-consensus	NODE_91_length_82575_cov_4.951465	36.63	202	119	9	144	339	22045	21452	9.3e-19	100.4
NCVOG0451-consensus	NODE_41_length_133764_cov_6.428606	33.48	224	138	11	144	358	75676	75018	1.2e-18	100.7
NCVOG0451-consensus	NODE_174_length_43127_cov_3.406620	32.81	253	150	20	133	375	17576	18301	7.8e-17	93.1
NCVOG0451-consensus	NODE_71_length_94265_cov_6.167728	25.93	243	175	5	136	373	90144	90869	5.7e-14	84.7
NCVOG0451-consensus	NODE_52_length_118766_cov_6.358180	32.08	212	112	32	135	343	16281	15736	5.7e-13	81.7
NCVOG0451-consensus	NODE_518_length_6991_cov_6.962540	27.70	213	149	5	131	338	1210	1845	1.2e-11	73.2
NCVOG0967-consensus	NODE_644_length_5456_cov_6.934003	21.33	769	553	52	102	855	1310	3502	6.8e-13	78.2
NCVOG4241-consensus	NODE_644_length_5456_cov_6.934003	34.13	167	103	7	8	168	2589	2095	6.3e-12	72.5
NCVOG4241-consensus	NODE_1065_length_3105_cov_7.053831	40.00	115	63	6	2	111	2064	2402	9.9e-12	71.1
NCVOG0241-consensus	NODE_348_length_14840_cov_6.205446	25.81	341	231	22	76	404	6490	7479	3.3e-19	99.4
NCVOG0301-consensus	NODE_6_length_275327_cov_6.543969	31.35	252	164	9	285	531	62051	61311	9.6e-20	104.9
NCVOG0021-consensus	NODE_1447_length_2299_cov_6.702070	34.57	324	194	18	211	520	979	23	7.8e-16	86.8
NCVOG0021-consensus	NODE_155_length_48416_cov_6.615362	29.43	299	196	15	539	823	43215	42325	8.2e-13	81.2
NCVOG2860-consensus	NODE_91_length_82575_cov_4.951465	31.34	201	129	9	111	304	22045	21452	8.2e-11	73.9
NCVOG0001-consensus	NODE_1_length_439945_cov_6.497974	41.37	278	118	45	313	556	353747	352954	3.1e-34	153.2
NCVOG0001-consensus	NODE_568_length_6191_cov_7.811416	34.56	353	166	65	283	580	1921	896	2e-31	139.3
NCVOG0001-consensus	NODE_39_length_136329_cov_6.350799	34.26	289	161	29	299	566	131747	132586	1.8e-23	117.4
NCVOG0001-consensus	NODE_39_length_136329_cov_6.350799	35.36	263	132	38	299	534	130746	131494	4.2e-25	122.8
NCVOG0001-consensus	NODE_1_length_439945_cov_6.497974	36.81	307	148	46	318	591	317793	318669	1.2e-14	88.1
NCVOG0001-consensus	NODE_53_length_117030_cov_6.489564	35.00	220	106	37	359	556	35113	34504	6.1e-12	78.9
NCVOG0001-consensus	NODE_2871_length_1096_cov_5.778214	44.19	86	48	0	450	535	1093	839	3.4e-11	69.7
NCVOG0001-consensus	NODE_109_length_74087_cov_6.080989	41.08	297	114	61	323	572	16169	15326	3.7e-11	75.6
NCVOG0001-consensus	NODE_72_length_93293_cov_6.383722	37.97	187	78	38	363	522	50567	51089	3.8e-11	75.9
NCVOG0001-consensus	NODE_134_length_57124_cov_6.504268	35.81	229	107	40	364	555	13724	13056	8.8e-11	74.0
NCVOG2058-consensus	NODE_40_length_134134_cov_6.314046	34.03	288	175	15	91	367	46715	45867	5.3e-30	138.4
NCVOG2058-consensus	NODE_16_length_211831_cov_6.455533	34.02	241	153	6	105	339	2101	2820	8.2e-21	108.0
NCVOG2058-consensus	NODE_71_length_94265_cov_6.167728	29.93	294	194	12	9	293	89940	90809	4.3e-17	95.0
NCVOG2058-consensus	NODE_41_length_133764_cov_6.428606	31.95	241	146	18	112	337	75793	75083	4.8e-16	92.0
NCVOG2058-consensus	NODE_91_length_82575_cov_4.951465	34.72	216	132	9	158	367	22087	21452	1.6e-15	89.6
NCVOG2058-consensus	NODE_64_length_105751_cov_3.305695	32.49	277	160	27	106	369	11549	12334	1.8e-12	79.8
NCVOG2058-consensus	NODE_22_length_178819_cov_6.438532	29.41	238	154	14	143	368	80088	80790	5.4e-12	78.7
NCVOG2058-consensus	NODE_174_length_43127_cov_3.406620	33.33	267	162	16	112	368	17516	18295	1e-10	72.7
NCVOG1348-consensus	NODE_126_length_61916_cov_5.409644	39.66	116	58	12	3	111	20711	21036	1.1e-15	87.9
NCVOG0066-consensus	NODE_980_length_3437_cov_6.320536	28.27	329	204	32	137	457	2088	2999	1.8e-30	135.3
NCVOG0066-consensus	NODE_108_length_74699_cov_6.177990	28.23	372	227	40	120	470	18811	19862	3.5e-25	122.1
NCVOG0066-consensus	NODE_1423_length_2329_cov_8.706039	29.11	316	202	22	137	442	4	906	7.4e-22	106.1
NCVOG0066-consensus	NODE_22_length_178819_cov_6.438532	33.85	325	149	66	125	386	54519	55469	5.1e-19	102.7
NCVOG0038-consensus	NODE_222_length_30872_cov_5.464199	29.54	975	463	224	207	974	10536	7670	2.2e-46	192.1
NCVOG0038-consensus	NODE_165_length_45109_cov_3.209296	29.96	968	401	277	249	950	21623	24470	3.8e-21	108.9
NCVOG0228-consensus	NODE_126_length_61916_cov_5.409644	37.37	380	219	19	369	730	10860	11993	3.7e-54	218.7
NCVOG0228-consensus	NODE_1702_length_1957_cov_6.500000	38.74	222	131	5	508	727	1954	1301	3.4e-34	147.4
NCVOG0228-consensus	NODE_3123_length_995_cov_8.095861	37.69	199	121	3	496	694	601	17	3.5e-29	129.8
NCVOG0280-consensus	NODE_107_length_76273_cov_6.512638	23.12	1410	946	138	284	1628	41669	45672	8.5e-28	132.4
NCVOG0280-consensus	NODE_554_length_6388_cov_9.067184	19.97	1147	786	132	307	1393	4708	1489	9e-14	82.3
NCVOG0218-consensus	NODE_155_length_48416_cov_6.615362	43.50	331	163	24	599	913	42452	43407	4.9e-25	121.9
NCVOG0218-consensus	NODE_500_length_7361_cov_4.847199	36.01	611	306	85	359	897	4885	3101	7.9e-25	118.5
NCVOG0218-consensus	NODE_485_length_7807_cov_5.963131	34.72	527	273	71	328	795	3888	5423	3e-22	110.0
NCVOG0218-consensus	NODE_99_length_78943_cov_6.488360	32.15	622	351	71	378	965	31861	30128	6.4e-22	112.3
NCVOG0218-consensus	NODE_454_length_8642_cov_7.518272	34.67	649	290	134	368	899	3699	5591	1.1e-20	105.0
NCVOG0218-consensus	NODE_194_length_39092_cov_6.408341	34.09	663	333	104	354	926	17871	15932	3.3e-19	102.2
NCVOG0218-consensus	NODE_3957_length_756_cov_4.213549	58.57	140	55	3	722	859	418	5	1.1e-17	91.5
NCVOG0218-consensus	NODE_5454_length_513_cov_5.275229	60.39	154	47	14	704	849	512	72	3.6e-17	89.2
NCVOG0218-consensus	NODE_1582_length_2122_cov_6.830807	32.96	449	250	51	495	912	815	2084	1.2e-15	86.2
NCVOG0218-consensus	NODE_65_length_104406_cov_6.349644	34.04	332	207	12	503	828	6195	7165	1.2e-14	88.5
NCVOG0218-consensus	NODE_1447_length_2299_cov_6.702070	41.37	307	156	24	613	903	91	974	1.3e-14	82.9
NCVOG0218-consensus	NODE_195_length_38844_cov_3.124565	30.75	400	247	30	506	885	13806	14972	1.1e-13	83.9
NCVOG0218-consensus	NODE_67_length_98497_cov_6.494701	36.78	416	198	65	523	879	5550	6756	2.7e-13	83.9
NCVOG0218-consensus	NODE_45_length_127035_cov_6.263780	33.22	584	284	106	364	870	28729	27086	3.8e-13	83.8
NCVOG0218-consensus	NODE_18_length_203147_cov_7.237869	32.12	467	263	54	455	905	85364	84093	9.8e-13	82.7
NCVOG0218-consensus	NODE_2686_length_1169_cov_9.710623	29.68	411	255	34	499	896	5	1155	3.7e-12	73.8
NCVOG0218-consensus	NODE_1215_length_2745_cov_10.782609	38.27	243	140	10	657	897	1986	1293	1.4e-11	73.1
NCVOG0218-consensus	NODE_5309_length_530_cov_5.909492	46.01	163	82	6	632	790	524	57	8.8e-11	68.1
NCVOG0018-consensus	NODE_469_length_8186_cov_5.312122	25.76	1211	781	118	26	1188	3810	391	1.3e-32	144.7
NCVOG0018-consensus	NODE_447_length_8858_cov_4.706867	24.55	1165	712	167	32	1116	7614	4384	7.7e-29	132.2
NCVOG0018-consensus	NODE_3_length_303080_cov_6.446537	22.29	776	545	58	274	1040	4374	6551	1.2e-22	115.7
NCVOG0018-consensus	NODE_929_length_3597_cov_6.188920	21.21	891	652	50	259	1125	3586	999	2.5e-20	102.6
NCVOG0018-consensus	NODE_1079_length_3066_cov_7.591168	24.59	980	601	138	67	1017	2633	24	3.1e-20	102.1
NCVOG0018-consensus	NODE_473_length_8107_cov_6.962640	20.72	801	612	23	297	1089	4727	2377	3.8e-20	103.2
NCVOG0018-consensus	NODE_194_length_39092_cov_6.408341	22.06	834	611	39	253	1072	18926	16505	6e-20	104.8
NCVOG0018-consensus	NODE_194_length_39092_cov_6.408341	22.42	629	452	36	499	1103	24136	22293	1.5e-18	100.2
NCVOG0018-consensus	NODE_194_length_39092_cov_6.408341	22.15	578	419	31	590	1148	16489	14795	5e-16	91.8
NCVOG0018-consensus	NODE_222_length_30872_cov_5.464199	25.40	1201	719	177	12	1118	30820	27470	2.5e-18	99.1
NCVOG0018-consensus	NODE_222_length_30872_cov_5.464199	23.34	921	623	83	183	1072	27442	24839	2.8e-13	82.3
NCVOG0018-consensus	NODE_94_length_80734_cov_6.608701	21.18	779	563	51	254	1013	69558	67325	8.5e-16	92.1
NCVOG0018-consensus	NODE_1065_length_3105_cov_7.053831	24.00	575	396	41	405	959	3097	1439	3.9e-13	78.5
NCVOG0018-consensus	NODE_1141_length_2915_cov_10.261804	25.87	518	326	58	88	594	2893	1484	1.7e-12	76.3
NCVOG0018-consensus	NODE_1141_length_2915_cov_10.261804	33.22	298	164	35	824	1114	1477	671	7.5e-12	74.2
NCVOG0018-consensus	NODE_33_length_145885_cov_6.545203	20.22	549	419	19	565	1111	12024	10432	2.8e-12	81.2
NCVOG0018-consensus	NODE_1209_length_2764_cov_7.734276	26.68	596	389	48	485	1067	1013	2688	5.9e-12	74.4
NCVOG0018-consensus	NODE_1662_length_2004_cov_13.074728	24.73	566	345	81	100	641	336	1859	6.2e-12	73.9
NCVOG0018-consensus	NODE_1589_length_2110_cov_7.874570	21.21	547	376	55	581	1119	2109	613	7.8e-12	73.6
NCVOG0018-consensus	NODE_2338_length_1377_cov_5.075385	22.27	422	302	26	642	1056	1371	166	1.9e-11	71.7
NCVOG0018-consensus	NODE_454_length_8642_cov_7.518272	21.72	557	417	19	526	1073	3533	5170	4.7e-11	73.1
NCVOG0246-consensus	NODE_477_length_7989_cov_6.230030	29.50	278	169	27	20	285	3976	3191	2.5e-17	91.8
NCVOG0246-consensus	NODE_4102_length_720_cov_7.059098	34.25	181	101	18	107	283	80	577	2.4e-16	85.0
NCVOG0246-consensus	NODE_4625_length_625_cov_3.014599	33.71	178	100	18	97	270	494	6	1.3e-14	79.1
NCVOG0246-consensus	NODE_126_length_61916_cov_5.409644	28.57	280	178	22	13	283	50412	49615	1.2e-11	75.9
NCVOG0226-consensus	NODE_3562_length_863_cov_5.673028	38.71	124	76	0	27	150	439	71	4.6e-12	71.8
NCVOG0226-consensus	NODE_1075_length_3078_cov_7.672109	37.82	156	82	15	31	171	1064	1528	1.3e-11	72.1
NCVOG4170-consensus	NODE_2549_length_1246_cov_5.486741	37.34	233	93	53	21	200	693	6	6.3e-28	124.6
NCVOG4170-consensus	NODE_2639_length_1193_cov_6.827061	41.70	223	74	56	177	345	4	659	6.7e-20	97.8
NCVOG4170-consensus	NODE_17141_length_185_cov_5.212963	54.10	61	28	0	140	200	1	180	8.4e-19	91.5
NCVOG4170-consensus	NODE_54_length_114761_cov_6.420503	30.70	228	127	31	129	333	13352	14008	6.1e-12	78.0
NCVOG4170-consensus	NODE_8_length_244661_cov_6.336543	31.86	226	127	27	129	333	55818	55164	1.1e-11	77.6
NCVOG4587-consensus	NODE_9926_length_281_cov_4.882353	53.97	63	26	3	57	117	4	186	3e-12	70.0
NCVOG0720-consensus	NODE_27748_length_155_cov_3.512821	45.45	44	24	0	123	166	16	144	9.4e-12	66.8
NCVOG0720-consensus	NODE_26243_length_155_cov_4.935897	45.45	44	24	0	123	166	16	144	9.4e-12	66.8
NCVOG0273-consensus	NODE_1756_length_1900_cov_10.964893	28.28	198	134	8	8	203	845	1417	1.1e-23	110.3
NCVOG0273-consensus	NODE_2231_length_1452_cov_10.036364	29.32	191	128	7	15	203	730	1280	5.4e-21	101.0
NCVOG0273-consensus	NODE_6192_length_444_cov_6.272480	37.14	105	65	1	99	203	97	405	1.2e-19	94.8
NCVOG0273-consensus	NODE_7045_length_388_cov_6.440514	42.25	71	41	0	133	203	5	214	6.9e-17	85.4
NCVOG0273-consensus	NODE_462_length_8391_cov_10.075656	31.21	141	95	2	61	201	4302	4715	8.5e-17	89.6
NCVOG0273-consensus	NODE_7114_length_384_cov_7.302932	40.00	65	39	0	139	203	5	196	2e-13	73.9
NCVOG0273-consensus	NODE_13582_length_219_cov_5.725352	38.98	59	36	0	145	203	7	180	6.2e-12	68.1
