NCVOG1069-consensus	NODE_19_length_148526_cov_4.500084	25.34	363	176	95	115	393	110458	109406	6.1e-13	82.9
NCVOG0669-consensus	NODE_296_length_26918_cov_4.626281	26.73	217	131	28	270	464	24681	25310	4.8e-17	94.1
NCVOG0669-consensus	NODE_247_length_33169_cov_4.343225	24.63	406	246	60	90	439	12468	13664	1.8e-15	89.2
NCVOG0333-consensus	NODE_774_length_4525_cov_3.058903	42.86	112	48	16	605	709	3541	3846	2.2e-22	109.9
NCVOG0333-consensus	NODE_774_length_4525_cov_3.058903	50.62	81	35	5	599	677	4201	4431	2.2e-21	106.6
NCVOG0333-consensus	NODE_774_length_4525_cov_3.058903	47.30	74	34	5	599	670	3973	4182	1.2e-14	84.1
NCVOG0333-consensus	NODE_76_length_74695_cov_4.484615	48.35	91	44	3	605	695	9285	9545	5e-20	106.1
NCVOG0333-consensus	NODE_55_length_94880_cov_4.449110	48.35	91	44	3	605	695	6523	6783	9.3e-20	105.6
NCVOG0333-consensus	NODE_2724_length_446_cov_4.710027	47.06	85	31	14	632	709	440	210	2.2e-19	96.6
NCVOG0333-consensus	NODE_2724_length_446_cov_4.710027	54.84	62	21	7	634	695	206	45	5.5e-17	88.6
NCVOG0333-consensus	NODE_210_length_38175_cov_4.517586	53.42	73	31	3	605	677	11493	11287	8e-19	101.1
NCVOG0333-consensus	NODE_132_length_52685_cov_4.398209	53.42	73	31	3	605	677	44697	44903	1.9e-18	100.4
NCVOG0333-consensus	NODE_76_length_74695_cov_4.484615	41.67	120	52	18	599	709	3811	3482	3.4e-18	100.0
NCVOG0333-consensus	NODE_76_length_74695_cov_4.484615	50.62	81	35	5	599	677	3355	3125	3.4e-18	100.0
NCVOG0333-consensus	NODE_1303_length_1219_cov_3.436953	62.96	54	18	2	632	684	1219	1064	8.2e-18	92.8
NCVOG0333-consensus	NODE_118_length_57278_cov_4.579693	52.05	73	32	3	605	677	50780	50986	4.3e-17	96.0
NCVOG0333-consensus	NODE_384_length_19433_cov_4.438779	49.33	75	31	7	632	706	3920	4120	3e-13	81.7
NCVOG2223-consensus	NODE_57_length_91317_cov_4.340015	39.16	166	80	21	698	846	40507	40983	2.8e-17	97.6
NCVOG0233-consensus	NODE_35_length_121828_cov_6.788117	36.16	921	478	110	36	853	104369	101631	6.2e-79	302.8
NCVOG0233-consensus	NODE_225_length_35168_cov_4.127697	31.93	902	446	168	25	760	27627	24937	3e-57	228.9
NCVOG0233-consensus	NODE_5_length_214470_cov_4.365240	33.92	395	218	43	499	850	97781	98956	3.9e-48	200.8
NCVOG0233-consensus	NODE_5_length_214470_cov_4.365240	29.20	887	396	232	161	817	100225	102866	3.9e-48	200.8
NCVOG0233-consensus	NODE_5_length_214470_cov_4.365240	27.82	586	285	138	50	500	95555	97288	4.4e-14	87.7
NCVOG0233-consensus	NODE_33_length_122888_cov_8.831733	26.79	784	393	181	144	746	16364	18696	6.8e-46	193.0
NCVOG0233-consensus	NODE_8_length_195865_cov_4.472603	24.27	923	559	140	28	864	164175	161590	1.2e-33	150.9
NCVOG0233-consensus	NODE_68_length_84809_cov_4.438901	29.94	618	338	95	136	669	28091	26274	5.4e-21	109.8
NCVOG0233-consensus	NODE_110_length_59538_cov_4.641883	27.67	647	353	115	136	678	1195	3099	5.5e-20	105.9
NCVOG0233-consensus	NODE_458_length_15130_cov_2.372683	28.16	316	189	38	582	863	89	1021	1.6e-19	102.4
NCVOG0233-consensus	NODE_178_length_43735_cov_4.193229	27.87	671	344	140	136	671	28340	30328	8.9e-18	98.1
NCVOG0233-consensus	NODE_436_length_16146_cov_4.473396	25.39	701	356	167	135	670	8455	6376	7.9e-17	93.5
NCVOG0233-consensus	NODE_332_length_23594_cov_5.594889	27.42	766	385	171	133	729	14214	16492	1.5e-11	76.5
NCVOG0233-consensus	NODE_697_length_6228_cov_2.540075	27.85	395	213	72	28	375	4584	5686	4.9e-11	72.9
NCVOG0023-consensus	NODE_779_length_4370_cov_4.193571	31.83	333	214	13	377	701	3404	2424	4.1e-65	252.0
NCVOG0013-consensus	NODE_18_length_148598_cov_4.639189	28.81	243	149	24	120	344	40039	40742	2.1e-15	91.4
NCVOG3092-consensus	NODE_142_length_50534_cov_4.780823	27.89	147	101	5	155	297	38242	37808	8.4e-12	77.0
NCVOG3092-consensus	NODE_64_length_85790_cov_4.553918	29.10	134	92	3	163	294	12434	12039	3.8e-11	75.6
NCVOG0073-consensus	NODE_384_length_19433_cov_4.438779	39.19	643	349	42	20	640	16816	14955	1.9e-171	607.6
NCVOG0073-consensus	NODE_384_length_19433_cov_4.438779	38.62	681	350	68	7	640	14221	12249	1.3e-180	638.0
NCVOG0073-consensus	NODE_47_length_111586_cov_4.446076	39.86	715	393	37	16	716	40577	42643	8.3e-167	594.7
NCVOG0073-consensus	NODE_47_length_111586_cov_4.446076	39.35	643	348	42	20	640	12164	14025	3.7e-187	662.3
NCVOG0073-consensus	NODE_47_length_111586_cov_4.446076	39.52	630	334	47	37	640	14749	16568	2.3e-176	626.4
NCVOG0073-consensus	NODE_347_length_22430_cov_4.332975	40.26	626	344	30	26	636	19397	21224	4.4e-144	516.9
NCVOG0073-consensus	NODE_410_length_17651_cov_4.566234	35.36	707	361	96	19	664	9668	7664	1.3e-106	392.0
NCVOG0073-consensus	NODE_633_length_8321_cov_2.573265	38.16	697	355	76	20	665	776	2782	7.9e-98	361.8
NCVOG0073-consensus	NODE_691_length_6491_cov_3.899439	33.38	725	383	100	19	674	813	2883	1.3e-82	310.9
NCVOG0073-consensus	NODE_773_length_4532_cov_5.266891	34.37	323	197	15	326	644	4529	3601	6.4e-66	254.9
NCVOG0073-consensus	NODE_14_length_163410_cov_4.511654	27.41	518	330	46	51	531	43135	41612	6.7e-66	259.9
NCVOG0073-consensus	NODE_1903_length_678_cov_5.158070	46.31	203	104	5	147	349	596	6	1.7e-64	247.5
NCVOG0073-consensus	NODE_28_length_130625_cov_4.787120	34.44	363	202	36	291	642	26010	27018	1.5e-40	175.5
NCVOG0073-consensus	NODE_3140_length_384_cov_3.048860	43.18	132	69	6	326	457	381	7	6e-39	161.8
NCVOG0073-consensus	NODE_519_length_12412_cov_2.350790	31.28	390	207	61	20	378	11328	12400	4.3e-30	137.3
NCVOG0073-consensus	NODE_524_length_12170_cov_8.044489	36.05	147	70	24	19	148	461	45	2.5e-19	101.6
NCVOG0073-consensus	NODE_270_length_30779_cov_4.469969	28.54	459	255	73	21	408	9095	10454	1.4e-18	100.4
NCVOG0073-consensus	NODE_476_length_14274_cov_4.557160	27.91	412	240	57	24	379	7195	5968	2.7e-18	98.3
NCVOG0073-consensus	NODE_346_length_22496_cov_4.493421	29.44	214	136	15	194	403	2929	2334	4.8e-12	78.3
NCVOG0268-consensus	NODE_434_length_16310_cov_4.202045	23.69	363	261	16	237	589	6258	7323	1.3e-15	89.0
NCVOG0268-consensus	NODE_434_length_16310_cov_4.202045	25.39	319	209	29	285	600	7579	8454	4.1e-17	94.0
NCVOG0613-consensus	NODE_6_length_211651_cov_4.707521	35.34	116	70	5	9	120	59751	59410	2.2e-16	92.6
NCVOG0613-consensus	NODE_4_length_222642_cov_4.602417	35.45	110	66	5	15	120	7628	7305	8.2e-15	87.3
NCVOG4523-consensus	NODE_13_length_164261_cov_4.332231	31.09	891	446	168	52	823	147868	145354	2.9e-33	151.7
NCVOG4523-consensus	NODE_67_length_84832_cov_4.554787	30.93	236	146	17	11	241	19925	20589	6.3e-19	103.2
NCVOG1353-consensus	NODE_92_length_66587_cov_4.417170	54.35	620	197	86	74	609	64742	66582	8.3e-82	311.3
NCVOG1353-consensus	NODE_2315_length_528_cov_1.350333	61.40	171	47	19	627	778	521	16	4.7e-53	208.8
NCVOG4445-consensus	NODE_2182_length_569_cov_4.656504	35.21	142	82	10	247	378	560	138	8.8e-16	84.1
NCVOG4445-consensus	NODE_1205_length_1407_cov_3.292481	33.71	178	97	21	188	346	34	558	1.4e-15	84.7
NCVOG4445-consensus	NODE_873_length_2983_cov_6.316242	30.56	180	108	17	184	346	1742	2278	5.3e-15	83.9
NCVOG4445-consensus	NODE_1439_length_1032_cov_4.868063	36.18	152	83	14	188	325	1003	551	1.2e-13	77.8
NCVOG4445-consensus	NODE_974_length_2263_cov_4.331199	31.94	191	113	17	184	357	738	169	2e-13	78.3
NCVOG4445-consensus	NODE_865_length_3087_cov_3.404319	29.75	353	203	45	53	384	1402	2385	3.4e-13	77.9
NCVOG4445-consensus	NODE_1317_length_1198_cov_3.838537	32.14	252	143	28	127	354	121	861	9.8e-13	75.0
NCVOG4445-consensus	NODE_1093_length_1745_cov_7.939412	34.69	147	87	9	247	384	15	452	1.2e-12	75.3
NCVOG4445-consensus	NODE_81_length_72530_cov_4.213967	28.88	277	177	20	84	350	12231	11434	2.4e-11	76.4
NCVOG4445-consensus	NODE_13_length_164261_cov_4.332231	28.44	211	140	11	183	382	48976	48347	5.4e-11	76.2
NCVOG4045-consensus	NODE_194_length_40463_cov_6.684074	28.75	240	118	53	191	379	2555	3263	4.5e-11	74.6
NCVOG0243-consensus	NODE_358_length_21391_cov_4.752932	28.06	417	245	55	16	392	3419	4613	4.5e-26	123.6
NCVOG0055-consensus	NODE_605_length_9065_cov_4.235981	32.96	270	137	44	192	421	1196	1978	1.2e-25	121.0
NCVOG0055-consensus	NODE_56_length_92780_cov_4.655858	33.33	192	111	17	182	372	16886	17410	9e-22	111.5
NCVOG0055-consensus	NODE_1_length_285369_cov_4.442389	31.60	231	140	18	191	412	59828	60482	2.5e-16	94.1
NCVOG4105-consensus	NODE_31_length_124312_cov_4.432062	34.45	1167	589	176	44	1064	88129	91520	5.2e-67	263.5
NCVOG1045-consensus	NODE_261_length_31464_cov_4.128739	30.63	222	142	12	328	543	24991	24351	3.2e-24	118.4
NCVOG0235-consensus	NODE_754_length_4921_cov_15.492775	34.84	419	209	64	3	364	3652	4876	2.1e-37	159.8
NCVOG0235-consensus	NODE_800_length_3997_cov_12.029847	30.29	241	122	46	373	568	3884	3172	5.7e-14	81.6
NCVOG0225-consensus	NODE_1406_length_1064_cov_9.980750	27.88	165	105	14	109	260	572	84	8.6e-11	68.0
NCVOG0305-consensus	NODE_944_length_2450_cov_4.441635	34.15	246	153	9	1316	1555	1177	452	2.3e-32	143.3
NCVOG0305-consensus	NODE_145_length_49931_cov_4.183797	31.47	251	149	23	1320	1555	39260	39985	4.6e-20	106.8
NCVOG0305-consensus	NODE_1131_length_1632_cov_5.403215	34.80	204	124	9	782	979	536	1135	2e-19	99.7
NCVOG0305-consensus	NODE_192_length_40742_cov_4.350080	29.92	254	156	22	784	1029	29804	30520	2.2e-19	104.2
NCVOG0305-consensus	NODE_10_length_188499_cov_4.960854	28.74	254	159	22	784	1029	73859	73143	3.4e-18	102.2
NCVOG0305-consensus	NODE_698_length_6211_cov_4.103195	33.52	182	99	22	1309	1478	4725	5237	4.2e-14	84.0
NCVOG0305-consensus	NODE_14_length_163410_cov_4.511654	28.51	477	284	57	636	1058	158711	160117	7.4e-14	84.3
NCVOG0305-consensus	NODE_141_length_51197_cov_4.235192	30.53	285	159	39	782	1027	33469	34302	8.6e-14	86.0
NCVOG0305-consensus	NODE_17_length_154536_cov_4.459481	31.11	270	154	32	1316	1555	27790	28590	2e-13	86.3
NCVOG0305-consensus	NODE_206_length_38730_cov_4.521926	33.71	175	108	8	1309	1478	9254	8742	1.3e-12	81.6
NCVOG0305-consensus	NODE_167_length_46303_cov_4.315991	33.52	182	99	22	1309	1478	1470	958	1.8e-12	81.4
NCVOG0305-consensus	NODE_30_length_128593_cov_4.422920	30.47	443	253	55	606	998	128261	126961	3e-12	82.2
NCVOG0305-consensus	NODE_30_length_128593_cov_4.422920	27.92	240	141	32	820	1027	80226	79512	2.8e-13	85.6
NCVOG0305-consensus	NODE_282_length_29006_cov_4.316637	29.49	390	244	31	694	1058	23207	24353	4.4e-12	79.5
NCVOG0305-consensus	NODE_969_length_2294_cov_4.772215	27.00	263	161	31	871	1104	10	787	7.1e-12	75.1
NCVOG0305-consensus	NODE_174_length_44259_cov_4.753157	27.71	249	169	11	1323	1563	4763	4033	7.6e-12	79.3
NCVOG0248-consensus	NODE_37_length_120692_cov_4.509663	33.20	488	235	91	48	494	51388	52688	3.1e-17	97.0
NCVOG0105-consensus	NODE_101_length_63383_cov_4.898303	33.33	204	109	27	631	809	48738	48136	1.5e-11	78.2
NCVOG4804-consensus	NODE_825_length_3621_cov_6.941027	54.29	140	58	6	44	183	1873	1475	2.3e-37	157.5
NCVOG4804-consensus	NODE_155_length_48027_cov_5.680800	47.90	167	81	6	17	183	30	509	6.1e-36	156.5
NCVOG4804-consensus	NODE_203_length_38900_cov_4.286340	52.70	148	58	12	36	183	16396	16800	2.8e-35	154.0
NCVOG4804-consensus	NODE_200_length_39110_cov_4.722107	56.25	144	48	15	37	180	2635	3018	3.2e-34	150.5
NCVOG0282-consensus	NODE_192_length_40742_cov_4.350080	27.84	388	251	29	199	572	29405	30520	1.6e-15	90.5
NCVOG0282-consensus	NODE_10_length_188499_cov_4.960854	28.26	552	343	53	37	572	74672	73143	8.7e-14	86.7
NCVOG0844-consensus	NODE_234_length_34682_cov_4.539228	24.10	249	156	33	15	239	19444	20156	7e-12	76.5
NCVOG4883-consensus	NODE_235_length_34569_cov_4.311464	32.35	442	249	50	40	460	18293	17062	4.5e-54	217.5
NCVOG4883-consensus	NODE_188_length_40986_cov_4.426068	32.17	457	243	67	40	460	14378	15644	1.6e-51	209.3
NCVOG0360-consensus	NODE_617_length_8699_cov_2.343308	44.85	301	146	20	24	319	3629	2775	4e-62	241.7
NCVOG0360-consensus	NODE_429_length_16493_cov_11.707785	41.57	166	86	11	155	319	2719	3179	1.9e-17	94.2
NCVOG0360-consensus	NODE_504_length_13134_cov_4.344872	27.10	321	191	43	24	305	5520	6467	7.9e-13	78.5
NCVOG0360-consensus	NODE_111_length_59324_cov_4.232940	27.16	324	187	49	24	305	28162	27215	1.4e-11	76.5
NCVOG0979-consensus	NODE_351_length_22297_cov_7.088569	43.05	374	155	58	13	328	9255	10367	1.9e-66	257.6
NCVOG0979-consensus	NODE_155_length_48027_cov_5.680800	43.19	382	151	66	13	328	40969	39837	6e-64	250.4
NCVOG4274-consensus	NODE_121_length_56074_cov_4.567227	22.85	722	508	49	120	806	19338	17230	4.2e-26	126.1
NCVOG4274-consensus	NODE_430_length_16487_cov_5.059415	22.25	427	316	16	304	722	15619	14366	1.5e-11	76.0
NCVOG2734-consensus	NODE_873_length_2983_cov_6.316242	25.08	299	209	15	35	331	1787	2641	2.6e-16	89.1
NCVOG2734-consensus	NODE_865_length_3087_cov_3.404319	23.98	246	179	8	31	274	2362	3078	8e-16	87.5
NCVOG2734-consensus	NODE_865_length_3087_cov_3.404319	25.78	287	191	22	65	348	1480	2280	8e-16	87.5
NCVOG2734-consensus	NODE_1317_length_1198_cov_3.838537	26.36	258	177	13	24	274	1	753	1.4e-15	85.3
NCVOG2734-consensus	NODE_998_length_2134_cov_67.925620	25.53	235	166	9	31	262	1276	597	3.9e-14	81.4
NCVOG2734-consensus	NODE_1093_length_1745_cov_7.939412	24.77	222	157	10	55	274	6	644	1.9e-13	78.8
NCVOG2734-consensus	NODE_1465_length_1005_cov_4.096983	26.12	245	173	8	31	273	167	880	2.6e-13	77.6
NCVOG2734-consensus	NODE_974_length_2263_cov_4.331199	26.24	202	142	7	119	318	756	169	3.5e-12	75.0
NCVOG2734-consensus	NODE_2574_length_473_cov_3.353535	31.11	135	91	2	137	269	68	469	1.4e-11	70.8
NCVOG2734-consensus	NODE_1567_length_911_cov_4.354916	22.73	308	224	14	31	336	911	27	5.5e-11	69.7
NCVOG0274-consensus	NODE_386_length_19113_cov_4.448361	37.60	1476	707	214	93	1375	9685	14040	7.9e-84	317.1
NCVOG0274-consensus	NODE_386_length_19113_cov_4.448361	41.90	105	53	8	6	102	9359	9670	1.7e-16	93.4
NCVOG0274-consensus	NODE_38_length_119290_cov_4.990127	38.05	1506	701	232	80	1375	10172	14608	3e-82	314.5
NCVOG0274-consensus	NODE_382_length_19564_cov_4.614410	31.13	1137	552	231	136	1064	11513	8195	1.3e-50	206.8
NCVOG0274-consensus	NODE_57_length_91317_cov_4.340015	31.42	1149	546	242	136	1064	22426	19075	8.3e-46	193.0
NCVOG0274-consensus	NODE_129_length_53616_cov_8.750145	32.80	1488	737	263	126	1364	32562	36940	5.6e-45	189.5
NCVOG0074-consensus	NODE_47_length_111586_cov_4.446076	63.35	633	230	2	5	636	40586	42476	1.4e-195	689.7
NCVOG0074-consensus	NODE_47_length_111586_cov_4.446076	64.80	625	201	19	5	610	12161	14028	1.4e-195	689.7
NCVOG0074-consensus	NODE_47_length_111586_cov_4.446076	61.84	608	210	22	25	610	14755	16571	8.2e-176	624.0
NCVOG0074-consensus	NODE_384_length_19433_cov_4.438779	64.32	625	204	19	5	610	16819	14952	2.9e-195	686.1
NCVOG0074-consensus	NODE_384_length_19433_cov_4.438779	60.53	641	210	43	13	610	14161	12246	2.2e-177	626.7
NCVOG0074-consensus	NODE_633_length_8321_cov_2.573265	59.41	648	213	50	13	615	797	2716	1e-170	603.4
NCVOG0074-consensus	NODE_633_length_8321_cov_2.573265	43.31	127	72	0	484	610	1	378	1.4e-16	91.3
NCVOG0074-consensus	NODE_347_length_22430_cov_4.332975	58.16	619	236	23	12	610	19397	21239	7.6e-140	502.2
NCVOG0074-consensus	NODE_691_length_6491_cov_3.899439	45.31	640	294	56	19	616	914	2784	4.6e-79	298.5
NCVOG0074-consensus	NODE_410_length_17651_cov_4.566234	45.63	629	290	52	27	616	9553	7715	7.1e-79	299.3
NCVOG0074-consensus	NODE_773_length_4532_cov_5.266891	50.61	330	157	6	300	627	4532	3558	1.9e-72	276.0
NCVOG0074-consensus	NODE_1903_length_678_cov_5.158070	62.67	217	78	3	109	323	653	9	1.1e-61	237.6
NCVOG0074-consensus	NODE_519_length_12412_cov_2.350790	53.47	389	119	62	5	356	11325	12409	4.6e-45	186.5
NCVOG0074-consensus	NODE_28_length_130625_cov_4.787120	50.00	288	126	18	321	606	26195	27003	1.2e-38	168.6
NCVOG0074-consensus	NODE_14_length_163410_cov_4.511654	32.54	504	294	46	48	506	43108	41603	7.3e-38	166.2
NCVOG0074-consensus	NODE_3140_length_384_cov_3.048860	64.12	131	44	3	300	430	384	4	1.7e-36	153.0
NCVOG0074-consensus	NODE_524_length_12170_cov_8.044489	58.27	139	41	17	6	127	458	45	4e-30	136.9
NCVOG0074-consensus	NODE_476_length_14274_cov_4.557160	33.49	424	212	70	39	394	7059	5797	3e-21	107.6
NCVOG0074-consensus	NODE_270_length_30779_cov_4.469969	33.33	423	213	69	39	394	9239	10490	3.5e-20	105.2
NCVOG0074-consensus	NODE_415_length_17375_cov_2.194994	32.51	446	223	78	25	394	4747	6063	6.8e-18	96.7
NCVOG0074-consensus	NODE_75_length_76272_cov_4.582505	44.81	154	78	7	236	386	24875	25313	5e-16	92.7
NCVOG0074-consensus	NODE_5031_length_249_cov_4.343023	59.70	67	27	0	61	127	8	205	9e-14	76.9
NCVOG1299-consensus	NODE_453_length_15579_cov_2.338989	41.13	141	58	25	30	147	4997	4588	7.7e-14	81.0
NCVOG1299-consensus	NODE_188_length_40986_cov_4.426068	75.00	40	10	0	107	146	45	161	4.7e-11	73.2
NCVOG1196-consensus	NODE_420_length_17014_cov_4.497550	22.98	618	421	55	311	888	10130	8337	4.1e-13	81.6
NCVOG1196-consensus	NODE_194_length_40463_cov_6.684074	30.04	263	153	31	366	621	35777	35064	1e-12	81.6
NCVOG0064-consensus	NODE_52_length_100921_cov_4.455753	23.26	374	234	53	13	342	25788	26871	1.5e-12	81.2
NCVOG0064-consensus	NODE_29_length_128852_cov_4.252238	25.69	288	176	38	23	286	122581	121769	5.5e-11	76.3
NCVOG1354-consensus	NODE_673_length_7207_cov_4.231697	35.34	133	63	23	184	295	5439	5828	6.3e-11	71.8
NCVOG2254-consensus	NODE_412_length_17579_cov_4.423609	29.31	331	190	44	58	351	8432	7468	1.3e-16	93.3
NCVOG4414-consensus	NODE_1465_length_1005_cov_4.096983	30.56	180	113	12	47	216	248	778	4.8e-11	68.7
NCVOG4324-consensus	NODE_117_length_57580_cov_4.642280	32.67	505	269	71	143	610	20956	19549	5e-26	125.5
NCVOG4134-consensus	NODE_627_length_8469_cov_2.202455	32.97	461	239	70	43	456	1589	2889	2.7e-15	86.6
NCVOG4134-consensus	NODE_28_length_130625_cov_4.787120	32.89	456	237	69	43	456	53394	54671	6.8e-13	82.6
NCVOG0244-consensus	NODE_1093_length_1745_cov_7.939412	28.33	240	164	8	16	251	6	710	7.4e-19	96.5
NCVOG0244-consensus	NODE_998_length_2134_cov_67.925620	25.07	355	244	22	47	398	1804	800	1.8e-14	82.2
NCVOG0034-consensus	NODE_23_length_137217_cov_4.379353	32.52	326	172	48	116	417	85014	84112	1.1e-19	105.1
NCVOG0304-consensus	NODE_192_length_40742_cov_4.350080	31.80	217	124	24	44	244	29753	30374	9.2e-15	87.2
NCVOG0304-consensus	NODE_10_length_188499_cov_4.960854	32.56	215	121	24	44	242	73910	73295	3.5e-14	87.2
NCVOG0304-consensus	NODE_320_length_24919_cov_4.533572	30.25	162	103	10	44	200	21856	22323	2.9e-13	81.5
NCVOG0304-consensus	NODE_698_length_6211_cov_4.103195	28.06	196	128	13	34	221	4662	5231	2.4e-12	76.5
NCVOG0304-consensus	NODE_167_length_46303_cov_4.315991	27.88	208	135	15	22	221	1563	964	9.9e-11	74.0
NCVOG0214-consensus	NODE_347_length_22430_cov_4.332975	31.75	274	161	26	268	517	802	1610	1.5e-19	102.9
NCVOG0214-consensus	NODE_243_length_33668_cov_4.466137	24.71	437	302	27	132	553	30295	29034	3.5e-17	95.6
NCVOG0214-consensus	NODE_203_length_38900_cov_4.286340	23.90	544	376	38	23	547	35905	37472	1.8e-16	93.5
NCVOG0214-consensus	NODE_842_length_3411_cov_4.155369	25.00	364	246	27	178	527	1684	649	2.7e-14	82.8
NCVOG0004-consensus	NODE_22_length_139648_cov_4.596736	32.70	159	94	13	123	281	8886	9320	9.9e-20	105.8
NCVOG0276-consensus	NODE_458_length_15130_cov_2.372683	57.85	344	94	51	59	351	11037	10011	1.7e-82	310.3
NCVOG0276-consensus	NODE_305_length_25824_cov_4.427545	58.82	340	88	52	56	343	13781	12767	2.2e-81	307.4
NCVOG0276-consensus	NODE_834_length_3481_cov_4.251469	42.49	353	140	63	39	343	2226	1236	2.4e-38	161.5
NCVOG0689-consensus	NODE_662_length_7610_cov_3.880127	28.66	157	102	10	1	151	6140	6595	1.3e-12	77.6
NCVOG4882-consensus	NODE_523_length_12226_cov_5.464071	32.13	221	146	4	704	922	7787	7138	8e-28	129.8
NCVOG2204-consensus	NODE_1_length_285369_cov_4.442389	34.35	294	153	40	179	437	63511	64368	2.6e-43	183.7
NCVOG2204-consensus	NODE_580_length_9850_cov_2.230738	31.45	248	153	17	202	434	7820	8554	1.4e-36	157.5
NCVOG2204-consensus	NODE_188_length_40986_cov_4.426068	30.06	163	104	10	287	440	35038	35520	5.8e-18	97.7
NCVOG1060-consensus	NODE_323_length_24666_cov_4.539632	32.26	217	125	22	134	334	1131	504	8.9e-20	102.9
NCVOG0030-consensus	NODE_22_length_139648_cov_4.596736	34.43	549	266	94	26	502	68958	70529	5.1e-28	133.6
NCVOG4494-consensus	NODE_18_length_148598_cov_4.639189	32.14	308	192	17	21	313	146416	145502	5.5e-22	113.1
NCVOG4494-consensus	NODE_33_length_122888_cov_8.831733	37.83	230	130	13	14	233	10093	9416	2.4e-20	107.4
NCVOG4494-consensus	NODE_142_length_50534_cov_4.780823	36.99	219	131	7	21	232	15402	16055	2.1e-18	99.7
NCVOG4494-consensus	NODE_495_length_13395_cov_4.719252	36.42	151	91	5	22	167	5270	4821	4.5e-17	93.3
NCVOG4494-consensus	NODE_272_length_30630_cov_4.237423	39.77	176	99	7	44	212	16428	16952	6.1e-17	94.1
NCVOG4494-consensus	NODE_660_length_7675_cov_2.185970	42.25	142	76	6	60	195	2716	2294	1.1e-15	87.9
NCVOG4494-consensus	NODE_375_length_20005_cov_4.064332	34.43	183	111	9	9	186	18899	19432	1.3e-15	89.1
NCVOG4494-consensus	NODE_278_length_29736_cov_4.519370	31.89	185	117	9	55	233	27550	28088	3.3e-15	88.3
NCVOG4494-consensus	NODE_316_length_24988_cov_4.616113	35.16	182	111	7	44	218	23210	23752	2.6e-14	85.0
NCVOG4494-consensus	NODE_80_length_72614_cov_4.643010	38.31	154	89	6	36	183	23943	23485	5.9e-13	82.1
NCVOG4494-consensus	NODE_32_length_124141_cov_4.518547	40.00	115	68	1	55	168	122002	122343	1.4e-12	81.7
NCVOG4494-consensus	NODE_2270_length_541_cov_4.991379	37.14	140	84	4	60	195	3	417	1.7e-11	70.2
NCVOG4494-consensus	NODE_11_length_178641_cov_4.295513	32.58	178	115	5	19	193	108556	108032	8.4e-11	76.0
NCVOG0267-consensus	NODE_243_length_33668_cov_4.466137	26.02	561	348	67	279	796	13830	12231	3.5e-32	146.0
NCVOG0267-consensus	NODE_148_length_49872_cov_4.603555	26.96	408	217	81	329	679	14910	13762	1.8e-21	111.0
NCVOG0267-consensus	NODE_113_length_58882_cov_4.501777	25.93	482	223	134	343	718	3923	5277	1.5e-14	88.2
NCVOG0267-consensus	NODE_274_length_30082_cov_4.525812	26.37	531	286	105	260	718	16781	15307	1e-13	84.5
NCVOG4372-consensus	NODE_2835_length_426_cov_5.914040	40.82	98	49	9	62	159	273	10	4.9e-12	70.1
NCVOG4372-consensus	NODE_1317_length_1198_cov_3.838537	35.29	119	66	11	62	180	124	444	2.9e-11	69.0
NCVOG0517-consensus	NODE_228_length_35061_cov_5.608335	33.92	227	127	23	133	341	7978	8636	9.7e-14	83.1
NCVOG0046-consensus	NODE_92_length_66587_cov_4.417170	47.67	86	42	3	4	86	63222	63476	3.2e-14	85.5
NCVOG1337-consensus	NODE_205_length_38763_cov_4.243189	29.64	253	137	41	31	249	16522	15788	7.6e-18	96.5
NCVOG0037-consensus	NODE_208_length_38383_cov_4.549105	44.09	1150	426	217	89	1023	12744	9324	1.1e-56	227.5
NCVOG0017-consensus	NODE_164_length_46618_cov_4.303861	31.37	373	173	83	47	336	32202	31095	7.9e-14	83.8
NCVOG4159-consensus	NODE_838_length_3452_cov_4.392296	50.00	74	37	0	187	260	70	288	6.2e-16	86.6
NCVOG4159-consensus	NODE_861_length_3154_cov_3.859279	34.90	192	101	24	6	180	2527	3072	1.6e-12	75.1
NCVOG1115-consensus	NODE_74_length_78470_cov_4.345554	36.90	271	121	50	187	409	40165	40964	3.8e-30	139.0
NCVOG0015-consensus	NODE_18_length_148598_cov_4.639189	34.16	161	99	7	95	248	40404	40883	1.2e-18	101.9
NCVOG0015-consensus	NODE_18_length_148598_cov_4.639189	36.50	137	80	7	88	217	39799	40206	9.2e-15	89.1
NCVOG0015-consensus	NODE_145_length_49931_cov_4.183797	35.04	137	81	8	96	231	42144	42528	4.8e-12	78.4
NCVOG0005-consensus	NODE_58_length_90036_cov_4.338521	24.86	362	219	53	28	344	60166	61224	2.8e-12	80.0
NCVOG0486-consensus	NODE_17_length_154536_cov_4.459481	29.38	354	189	61	77	376	35443	36474	5.5e-15	89.5
NCVOG0744-consensus	NODE_36_length_120944_cov_4.896994	26.63	522	303	80	70	519	44202	45738	2.3e-23	117.5
NCVOG0897-consensus	NODE_12_length_175022_cov_4.330435	30.69	290	128	73	22	241	161577	162434	2.5e-11	74.3
NCVOG0806-consensus	NODE_530_length_11821_cov_4.493572	46.29	404	166	51	85	447	4316	3142	3.9e-47	192.8
NCVOG4676-consensus	NODE_1625_length_858_cov_4.449424	28.31	166	116	3	140	305	41	526	1.1e-12	74.1
NCVOG4676-consensus	NODE_1567_length_911_cov_4.354916	29.05	210	138	11	59	260	899	282	3.4e-12	72.5
NCVOG4676-consensus	NODE_998_length_2134_cov_67.925620	26.69	266	178	17	8	260	1920	1142	5.4e-12	73.1
NCVOG4676-consensus	NODE_2574_length_473_cov_3.353535	44.58	83	45	1	188	269	182	425	2.3e-11	68.8
NCVOG0329-consensus	NODE_31_length_124312_cov_4.432062	37.23	94	45	14	1159	1243	101565	101302	2e-14	89.1
NCVOG0329-consensus	NODE_1299_length_1221_cov_5.564685	29.46	353	208	41	298	624	1046	36	1.1e-13	80.0
NCVOG0329-consensus	NODE_369_length_20404_cov_5.066168	36.25	240	135	18	356	581	5291	5995	4.2e-13	82.1
NCVOG0329-consensus	NODE_77_length_74339_cov_4.433829	29.12	388	235	40	241	595	19694	18555	5e-13	83.8
NCVOG0329-consensus	NODE_57_length_91317_cov_4.340015	28.74	421	238	62	944	1340	40012	41149	2.4e-12	81.8
NCVOG0329-consensus	NODE_323_length_24666_cov_4.539632	25.06	423	295	22	169	581	23427	24656	2.7e-12	79.7
NCVOG0329-consensus	NODE_421_length_16971_cov_4.291701	32.29	96	51	14	1162	1248	15047	14778	5e-11	75.0
NCVOG0029-consensus	NODE_23_length_137217_cov_4.379353	31.23	381	176	86	54	350	103379	102254	1.5e-22	115.0
NCVOG1066-consensus	NODE_3_length_226411_cov_4.502244	35.32	218	111	30	1	190	50449	51089	8.8e-14	85.2
NCVOG0242-consensus	NODE_45_length_112753_cov_4.467846	35.71	126	69	12	511	632	101434	101784	5.9e-16	93.1
NCVOG0242-consensus	NODE_54_length_96307_cov_4.433363	35.64	101	63	2	511	609	22891	22592	1.8e-15	91.3
NCVOG0242-consensus	NODE_249_length_32778_cov_4.571756	33.66	101	65	2	511	609	7554	7255	1.6e-11	76.6
NCVOG0036-consensus	NODE_392_length_18658_cov_4.807007	37.50	208	124	6	98	303	945	1553	3.2e-31	140.2
NCVOG0036-consensus	NODE_264_length_31196_cov_4.314406	35.47	203	125	6	108	308	4319	4912	1.5e-27	128.8
NCVOG0314-consensus	NODE_180_length_43274_cov_6.480126	42.50	80	45	1	26	104	34557	34793	1.3e-14	84.5
NCVOG0222-consensus	NODE_121_length_56074_cov_4.567227	29.46	499	333	19	22	507	18700	17227	1.2e-29	137.2
NCVOG0222-consensus	NODE_121_length_56074_cov_4.567227	24.11	448	333	7	59	504	20061	18736	2.3e-23	116.3
NCVOG0222-consensus	NODE_430_length_16487_cov_5.059415	27.52	407	284	11	101	501	15688	14486	5.1e-18	96.8
NCVOG0222-consensus	NODE_842_length_3411_cov_4.155369	19.62	418	328	8	83	496	1498	260	9.3e-16	87.0
NCVOG0222-consensus	NODE_360_length_21140_cov_4.559892	29.53	342	228	13	90	426	11428	12420	4.3e-13	80.8
NCVOG0222-consensus	NODE_608_length_8944_cov_4.206834	23.67	338	246	12	102	429	7758	8762	6.8e-13	78.9
NCVOG0222-consensus	NODE_1299_length_1221_cov_5.564685	21.89	402	294	20	121	505	22	1215	8.8e-13	75.6
NCVOG0222-consensus	NODE_77_length_74339_cov_4.433829	25.53	470	305	45	63	504	18562	19917	8.1e-12	78.4
NCVOG0222-consensus	NODE_369_length_20404_cov_5.066168	28.86	298	199	13	102	398	6126	5272	3.1e-11	74.5
NCVOG0014-consensus	NODE_18_length_148598_cov_4.639189	24.84	314	227	9	65	370	39322	40257	1.2e-17	98.7
NCVOG0014-consensus	NODE_18_length_148598_cov_4.639189	28.00	175	126	0	131	305	40329	40850	2.5e-15	91.1
NCVOG0014-consensus	NODE_20_length_144008_cov_4.395155	24.50	200	149	2	152	349	98469	99059	6.7e-12	79.7
NCVOG0002-consensus	NODE_574_length_10016_cov_4.241574	27.84	528	329	52	332	835	4367	2871	3.3e-49	200.4
NCVOG0002-consensus	NODE_4_length_222642_cov_4.602417	28.68	537	328	55	332	839	173638	175153	1.1e-46	194.9
NCVOG0002-consensus	NODE_61_length_88246_cov_4.460763	27.84	528	329	52	332	835	63503	64999	1.7e-46	194.5
NCVOG0002-consensus	NODE_438_length_16127_cov_4.047913	28.68	516	294	74	357	833	10257	11694	7.4e-28	130.1
NCVOG1194-consensus	NODE_14566_length_152_cov_5.933333	48.00	50	26	0	62	111	1	147	1.7e-15	81.1
NCVOG1194-consensus	NODE_9552_length_167_cov_2.288889	52.38	42	20	0	65	106	165	43	3.2e-13	73.7
NCVOG4845-consensus	NODE_432_length_16387_cov_4.402085	26.34	505	302	70	138	627	3088	1748	9.6e-16	89.5
NCVOG2775-consensus	NODE_865_length_3087_cov_3.404319	35.01	337	216	3	72	407	1165	2166	2e-45	185.6
NCVOG2775-consensus	NODE_865_length_3087_cov_3.404319	39.80	294	173	4	93	385	2215	3084	6.3e-40	167.3
NCVOG2775-consensus	NODE_998_length_2134_cov_67.925620	40.13	314	184	4	93	405	1720	791	1.3e-44	182.3
NCVOG2775-consensus	NODE_873_length_2983_cov_6.316242	39.16	309	185	3	98	405	1739	2656	1.4e-44	182.7
NCVOG2775-consensus	NODE_1465_length_1005_cov_4.096983	38.38	297	178	5	123	418	5	880	1.9e-38	160.8
NCVOG2775-consensus	NODE_1317_length_1198_cov_3.838537	39.86	286	165	7	111	390	22	873	9.1e-35	148.8
NCVOG2775-consensus	NODE_1093_length_1745_cov_7.939412	34.11	299	192	5	200	496	3	887	2e-34	148.2
NCVOG2775-consensus	NODE_229_length_35039_cov_5.544620	29.50	383	260	10	35	413	1680	557	2.3e-33	149.0
NCVOG2775-consensus	NODE_229_length_35039_cov_5.544620	28.34	374	260	8	89	460	3087	1987	2.5e-29	135.6
NCVOG2775-consensus	NODE_1567_length_911_cov_4.354916	38.72	297	179	3	111	405	911	27	1.2e-32	141.4
NCVOG2775-consensus	NODE_690_length_6496_cov_4.064652	32.21	298	199	3	89	384	1717	830	9.3e-29	131.3
NCVOG2775-consensus	NODE_1205_length_1407_cov_3.292481	42.54	181	104	0	225	405	1	540	1.7e-28	128.3
NCVOG2775-consensus	NODE_974_length_2263_cov_4.331199	33.16	377	234	18	29	391	1276	163	4.4e-28	127.5
NCVOG2775-consensus	NODE_1070_length_1810_cov_3.319677	37.05	251	152	6	182	428	1	742	9.9e-27	122.7
NCVOG2775-consensus	NODE_1439_length_1032_cov_4.868063	46.15	156	84	0	232	387	1015	551	1.1e-25	118.5
NCVOG2775-consensus	NODE_2835_length_426_cov_5.914040	47.18	142	75	0	225	366	426	4	4.7e-25	115.0
NCVOG2775-consensus	NODE_2621_length_465_cov_3.801546	39.61	154	93	0	235	388	463	5	7.9e-24	111.1
NCVOG2775-consensus	NODE_2574_length_473_cov_3.353535	42.04	157	91	0	222	378	2	469	3.6e-23	108.9
NCVOG2775-consensus	NODE_2207_length_562_cov_3.197938	39.47	152	92	0	232	383	545	93	2.6e-22	106.4
NCVOG2775-consensus	NODE_2390_length_511_cov_3.983871	36.47	170	108	0	201	370	2	508	4.4e-21	102.1
NCVOG2775-consensus	NODE_1625_length_858_cov_4.449424	38.31	154	95	0	197	350	20	478	5.4e-21	102.6
NCVOG2775-consensus	NODE_1681_length_812_cov_3.840816	33.60	247	148	16	109	339	741	6	6.9e-21	102.2
NCVOG2775-consensus	NODE_1642_length_846_cov_4.293888	39.55	220	115	18	109	313	646	5	4.7e-19	96.1
NCVOG2775-consensus	NODE_227_length_35086_cov_4.686966	44.85	136	75	0	218	353	3	407	7.6e-19	100.8
NCVOG2775-consensus	NODE_2182_length_569_cov_4.656504	43.80	121	68	0	201	321	569	210	1.5e-18	93.9
NCVOG2775-consensus	NODE_3647_length_335_cov_2.802326	43.24	111	63	0	229	339	1	330	2.4e-16	85.8
NCVOG2775-consensus	NODE_170_length_45260_cov_6.285711	32.53	292	165	32	124	400	21562	22383	9.2e-16	90.9
NCVOG2775-consensus	NODE_3305_length_366_cov_2.273356	41.23	114	67	0	199	312	24	362	1.1e-15	83.8
NCVOG2775-consensus	NODE_1241_length_1329_cov_3.302716	44.25	113	63	0	249	361	490	825	2.1e-15	84.6
NCVOG2775-consensus	NODE_325_length_24617_cov_4.487694	33.33	357	214	24	58	404	13147	14172	9.1e-15	86.7
NCVOG2775-consensus	NODE_1971_length_643_cov_5.107774	34.88	215	124	16	190	388	3	638	4.7e-14	79.1
NCVOG2775-consensus	NODE_444_length_15712_cov_4.355996	42.61	115	66	0	273	387	2	343	1.7e-13	81.9
NCVOG2775-consensus	NODE_1500_length_972_cov_2.639106	35.15	165	105	2	240	402	837	346	8.5e-12	72.2
NCVOG2775-consensus	NODE_4103_length_300_cov_1.309417	36.73	98	62	0	220	317	295	5	1.2e-11	70.0
NCVOG2775-consensus	NODE_2339_length_523_cov_5.764574	38.46	104	64	0	316	419	445	137	1.6e-11	70.4
NCVOG0729-consensus	NODE_8_length_195865_cov_4.472603	37.32	552	239	107	2	462	20460	18868	1.8e-17	98.3
NCVOG4874-consensus	NODE_335_length_23514_cov_4.793190	37.89	380	162	74	5	314	9765	8645	2.6e-35	154.3
NCVOG4874-consensus	NODE_335_length_23514_cov_4.793190	33.16	386	201	57	13	366	8168	7095	2.1e-39	167.9
NCVOG4874-consensus	NODE_3272_length_369_cov_2.250000	41.30	92	52	2	185	276	272	6	1e-17	89.8
NCVOG4423-consensus	NODE_873_length_2983_cov_6.316242	37.82	156	83	14	83	225	2243	2704	1.9e-18	94.5
NCVOG4423-consensus	NODE_873_length_2983_cov_6.316242	31.80	217	127	21	26	225	1574	2209	1.2e-16	88.6
NCVOG4423-consensus	NODE_865_length_3087_cov_3.404319	35.06	154	90	10	82	225	1744	2202	5e-18	93.2
NCVOG4423-consensus	NODE_865_length_3087_cov_3.404319	38.06	155	84	12	83	225	2236	2697	1.2e-15	85.4
NCVOG4423-consensus	NODE_2207_length_562_cov_3.197938	35.29	153	85	14	83	222	539	87	1e-17	89.7
NCVOG4423-consensus	NODE_1093_length_1745_cov_7.939412	38.71	155	83	12	83	225	105	566	2.7e-14	80.0
NCVOG4423-consensus	NODE_1439_length_1032_cov_4.868063	39.74	151	79	12	83	221	1009	560	5e-14	78.3
NCVOG4423-consensus	NODE_998_length_2134_cov_67.925620	39.07	151	80	12	83	221	1204	755	1.9e-13	77.5
NCVOG4423-consensus	NODE_974_length_2263_cov_4.331199	40.38	156	81	12	82	225	735	271	4.1e-13	76.4
NCVOG4423-consensus	NODE_1317_length_1198_cov_3.838537	38.31	154	80	15	83	221	397	855	2.2e-12	73.1
NCVOG4423-consensus	NODE_1317_length_1198_cov_3.838537	41.67	120	59	11	89	197	13	369	3.1e-13	75.9
NCVOG4423-consensus	NODE_1625_length_858_cov_4.449424	34.69	147	84	12	88	222	47	484	4e-12	71.7
NCVOG4423-consensus	NODE_1205_length_1407_cov_3.292481	37.42	155	85	12	83	225	28	489	9.3e-12	71.2
NCVOG4423-consensus	NODE_1465_length_1005_cov_4.096983	36.54	156	87	12	82	225	335	799	2.6e-11	69.3
NCVOG4423-consensus	NODE_227_length_35086_cov_4.686966	40.83	120	62	9	83	193	51	407	4.7e-11	73.5
NCVOG4423-consensus	NODE_2574_length_473_cov_3.353535	39.04	146	75	14	83	215	38	469	5.7e-11	67.1
NCVOG4423-consensus	NODE_1971_length_643_cov_5.107774	42.05	88	45	6	113	194	375	635	8.9e-11	66.9
NCVOG4423-consensus	NODE_1567_length_911_cov_4.354916	37.41	147	79	13	83	216	443	6	9.7e-11	67.2
NCVOG4423-consensus	NODE_1567_length_911_cov_4.354916	40.43	141	72	12	92	220	911	492	9.7e-11	67.2
NCVOG4001-consensus	NODE_1093_length_1745_cov_7.939412	37.00	200	106	20	42	241	117	653	3.9e-14	80.8
NCVOG4001-consensus	NODE_865_length_3087_cov_3.404319	32.11	380	219	39	42	418	2056	3084	3.4e-13	78.5
NCVOG0605-consensus	NODE_842_length_3411_cov_4.155369	32.86	213	122	21	278	488	1487	909	4.4e-21	104.6
NCVOG0605-consensus	NODE_842_length_3411_cov_4.155369	35.14	148	87	9	344	491	773	360	5.8e-16	87.6
NCVOG0605-consensus	NODE_608_length_8944_cov_4.206834	24.76	311	216	18	191	487	7602	8515	1.3e-13	81.3
NCVOG0605-consensus	NODE_1776_length_747_cov_5.832836	36.11	108	64	5	383	488	370	59	4e-13	76.0
NCVOG0605-consensus	NODE_28_length_130625_cov_4.787120	58.06	62	26	0	427	488	98285	98467	8e-12	79.1
NCVOG1136-consensus	NODE_43_length_116263_cov_4.554981	38.24	353	119	99	193	448	34106	33065	1.1e-19	105.0
NCVOG0822-consensus	NODE_2574_length_473_cov_3.353535	35.17	145	82	12	54	198	68	463	8.7e-13	74.2
NCVOG0822-consensus	NODE_1465_length_1005_cov_4.096983	27.88	330	203	35	64	389	2	895	2.1e-11	70.7
NCVOG1049-consensus	NODE_438_length_16127_cov_4.047913	36.43	258	117	47	51	264	6752	7513	2.1e-18	97.3
NCVOG1049-consensus	NODE_1080_length_1776_cov_2.385521	29.74	195	108	29	7	184	83	624	2.4e-16	87.4
NCVOG0219-consensus	NODE_57_length_91317_cov_4.340015	30.04	273	160	31	476	731	40380	41149	2.5e-18	100.8
NCVOG1009-consensus	NODE_7_length_204053_cov_4.821896	32.83	265	153	25	114	373	48765	49494	3.8e-12	80.4
NCVOG0901-consensus	NODE_89_length_68140_cov_4.458840	44.50	218	80	41	1	179	31305	31947	7.2e-30	136.7
NCVOG2980-consensus	NODE_126_length_55236_cov_4.412861	35.95	509	268	58	20	474	20994	22501	1.3e-29	136.9
NCVOG2980-consensus	NODE_172_length_45042_cov_4.443211	23.88	356	232	39	132	466	5319	6323	3.3e-14	85.5
NCVOG5162-consensus	NODE_2774_length_436_cov_5.490251	54.35	92	38	4	2	91	131	389	5.6e-13	72.3
NCVOG4462-consensus	NODE_865_length_3087_cov_3.404319	33.18	214	131	12	53	265	1897	2502	2.5e-18	95.0
NCVOG4462-consensus	NODE_998_length_2134_cov_67.925620	29.25	253	158	21	53	293	1648	920	1.1e-14	82.3
NCVOG4462-consensus	NODE_1567_length_911_cov_4.354916	30.29	208	135	10	59	265	869	276	5.8e-14	78.7
NCVOG4462-consensus	NODE_1465_length_1005_cov_4.096983	28.12	256	161	23	58	300	206	940	1.9e-13	77.2
NCVOG4462-consensus	NODE_873_length_2983_cov_6.316242	30.22	182	121	6	83	263	2273	2800	4.5e-12	74.2
NCVOG0450-consensus	NODE_1075_length_1799_cov_4.633566	43.16	234	104	29	143	366	759	118	1.8e-23	111.5
NCVOG0450-consensus	NODE_435_length_16179_cov_4.373183	36.86	236	121	28	175	404	12419	11789	2.5e-16	90.9
NCVOG0450-consensus	NODE_2708_length_449_cov_3.158602	42.86	98	42	14	176	273	2	250	2.4e-15	82.5
NCVOG0450-consensus	NODE_998_length_2134_cov_67.925620	23.00	313	199	42	119	391	1501	572	5e-14	80.3
NCVOG0450-consensus	NODE_865_length_3087_cov_3.404319	24.83	302	184	43	114	376	1534	2424	1e-12	76.6
NCVOG0450-consensus	NODE_11295_length_155_cov_9.743590	58.93	56	18	5	236	291	154	5	5.8e-12	69.7
NCVOG0652-consensus	NODE_1067_length_1825_cov_10.500000	31.14	395	222	50	69	421	1488	331	1.5e-29	131.6
NCVOG0652-consensus	NODE_104_length_62695_cov_5.199000	28.67	457	268	58	3	419	3328	4633	2.3e-26	126.2
NCVOG0652-consensus	NODE_551_length_10694_cov_4.612107	27.55	392	213	71	87	414	1740	595	4.6e-15	86.1
NCVOG0652-consensus	NODE_253_length_32301_cov_4.823113	28.57	406	215	75	87	423	7353	8543	6.8e-15	87.1
NCVOG0835-consensus	NODE_99_length_63456_cov_4.291106	36.49	148	67	27	23	143	11927	12363	8.5e-13	80.5
NCVOG4522-consensus	NODE_23_length_137217_cov_4.379353	46.27	201	89	19	262	443	95430	94835	1.9e-24	121.0
NCVOG4522-consensus	NODE_377_length_19894_cov_4.286320	36.65	161	88	14	44	199	19288	18836	1.8e-16	91.7
NCVOG4422-consensus	NODE_1317_length_1198_cov_3.838537	27.60	337	191	53	48	354	10	942	7.9e-14	78.6
NCVOG4122-consensus	NODE_1317_length_1198_cov_3.838537	44.86	214	92	26	182	369	4	642	6.2e-21	102.5
NCVOG4122-consensus	NODE_1465_length_1005_cov_4.096983	41.80	189	92	18	112	282	20	583	5.4e-20	99.2
NCVOG4122-consensus	NODE_1439_length_1032_cov_4.868063	49.34	152	65	12	119	258	1009	557	6.9e-20	98.9
NCVOG4122-consensus	NODE_597_length_9257_cov_4.820227	24.33	374	265	18	77	433	2431	3546	1.6e-17	94.1
NCVOG4122-consensus	NODE_1681_length_812_cov_3.840816	34.24	257	148	21	211	451	756	6	9.7e-17	88.1
NCVOG4122-consensus	NODE_865_length_3087_cov_3.404319	40.06	312	156	31	149	429	1054	1986	1.9e-16	89.0
NCVOG4122-consensus	NODE_865_length_3087_cov_3.404319	38.08	365	191	35	105	434	1993	3084	2.5e-24	115.2
NCVOG4122-consensus	NODE_444_length_15712_cov_4.355996	46.48	142	63	13	332	460	5	427	2.9e-15	87.4
NCVOG4122-consensus	NODE_974_length_2263_cov_4.331199	37.83	304	164	25	175	460	1078	193	3.2e-15	84.5
NCVOG4122-consensus	NODE_1625_length_858_cov_4.449424	36.73	147	81	12	121	255	38	475	2.4e-14	80.2
NCVOG4122-consensus	NODE_3305_length_366_cov_2.273356	43.22	118	58	9	113	221	12	362	2.6e-14	78.8
NCVOG4122-consensus	NODE_2835_length_426_cov_5.914040	50.77	130	54	10	328	447	390	4	8.7e-14	77.3
NCVOG4122-consensus	NODE_1971_length_643_cov_5.107774	33.49	212	126	15	205	407	24	638	5.8e-13	75.2
NCVOG4122-consensus	NODE_81_length_72530_cov_4.213967	28.86	350	234	15	99	434	12276	11233	7.8e-13	81.6
NCVOG4122-consensus	NODE_873_length_2983_cov_6.316242	38.82	237	120	25	230	441	2108	2815	1e-12	76.6
NCVOG4122-consensus	NODE_1205_length_1407_cov_3.292481	41.74	218	106	21	115	313	16	658	1.9e-12	74.6
NCVOG4122-consensus	NODE_2574_length_473_cov_3.353535	44.74	152	72	12	112	251	17	469	3.9e-12	72.0
NCVOG4122-consensus	NODE_287_length_28074_cov_4.470193	31.25	208	133	10	113	310	8691	8071	8.7e-12	76.7
NCVOG4122-consensus	NODE_1241_length_1329_cov_3.302716	42.86	98	50	6	114	205	529	819	8.8e-12	72.3
NCVOG4122-consensus	NODE_1093_length_1745_cov_7.939412	41.94	217	106	20	212	408	15	662	1.8e-11	71.7
NCVOG4122-consensus	NODE_2182_length_569_cov_4.656504	50.86	116	48	9	328	434	560	216	4.9e-11	68.6
NCVOG4122-consensus	NODE_229_length_35039_cov_5.544620	25.33	450	289	47	54	463	1969	644	5.7e-11	74.3
NCVOG0312-consensus	NODE_134_length_52593_cov_5.621734	23.29	730	471	89	136	818	25461	23401	2e-15	90.7
NCVOG0312-consensus	NODE_434_length_16310_cov_4.202045	25.38	520	341	47	254	751	6152	7617	1.6e-13	82.7
NCVOG0312-consensus	NODE_189_length_40973_cov_4.416520	22.85	814	533	95	67	841	23808	21544	2.4e-11	76.8
NCVOG0032-consensus	NODE_221_length_36494_cov_4.884285	25.17	874	500	154	66	820	23540	26037	6.4e-28	131.6
NCVOG0032-consensus	NODE_28_length_130625_cov_4.787120	27.16	707	357	158	312	871	12348	14428	8.9e-24	119.7
NCVOG0032-consensus	NODE_25_length_135489_cov_4.443210	26.58	568	316	101	285	814	42557	41054	2.2e-17	98.5
NCVOG0032-consensus	NODE_490_length_13521_cov_4.157617	24.10	809	534	80	64	839	6607	4331	6.2e-16	90.4
NCVOG0302-consensus	NODE_4_length_222642_cov_4.602417	31.33	166	112	2	3	168	69545	70033	8e-17	96.1
NCVOG0302-consensus	NODE_302_length_25939_cov_5.836672	32.08	240	136	27	296	509	12716	13429	2.4e-16	92.0
NCVOG0302-consensus	NODE_1131_length_1632_cov_5.403215	25.16	159	110	9	252	404	500	964	3.8e-12	74.0
NCVOG0302-consensus	NODE_490_length_13521_cov_4.157617	32.43	185	104	21	313	477	13191	12643	1.1e-11	75.6
NCVOG0302-consensus	NODE_192_length_40742_cov_4.350080	27.19	228	148	18	262	480	29789	30442	2e-11	76.2
NCVOG0012-consensus	NODE_5555_length_232_cov_0.722581	55.26	76	26	8	318	385	230	6	1.1e-11	69.5
NCVOG0012-consensus	NODE_17554_length_146_cov_2.173913	72.00	50	12	2	327	376	144	4	4.6e-11	66.8
NCVOG0985-consensus	NODE_231_length_34936_cov_4.260019	29.43	316	173	50	64	337	15882	14968	2e-31	142.4
NCVOG2900-consensus	NODE_974_length_2263_cov_4.331199	31.85	157	95	12	36	180	735	268	1.1e-12	74.9
NCVOG0025-consensus	NODE_210_length_38175_cov_4.517586	25.44	511	301	80	51	522	19888	18486	4.2e-27	128.2
NCVOG0025-consensus	NODE_99_length_63456_cov_4.291106	27.65	434	236	78	113	522	2361	3497	4.5e-25	122.2
NCVOG0025-consensus	NODE_118_length_57278_cov_4.579693	28.68	408	228	63	138	522	48588	49682	1.1e-23	117.4
NCVOG0025-consensus	NODE_414_length_17386_cov_4.579969	24.55	501	331	47	47	521	14939	16375	8.9e-20	102.7
NCVOG0025-consensus	NODE_13_length_164261_cov_4.332231	30.00	260	168	14	236	486	87311	88066	6.2e-18	99.7
NCVOG0025-consensus	NODE_77_length_74339_cov_4.433829	25.10	514	292	93	46	501	30713	32140	6.3e-17	95.4
NCVOG0025-consensus	NODE_81_length_72530_cov_4.213967	24.70	421	288	29	110	505	10929	9682	5.7e-15	88.8
NCVOG0025-consensus	NODE_380_length_19659_cov_4.662292	25.83	480	264	92	104	502	3374	4763	3.4e-13	81.0
NCVOG0025-consensus	NODE_225_length_35168_cov_4.127697	24.28	449	286	54	97	493	9553	10878	1e-12	80.3
NCVOG0025-consensus	NODE_50_length_103196_cov_4.309574	23.83	386	242	52	102	462	52920	53989	3.4e-12	80.1
NCVOG0025-consensus	NODE_66_length_84984_cov_4.973548	25.45	444	287	44	105	521	62194	60927	7.5e-12	78.7
NCVOG0271-consensus	NODE_192_length_40742_cov_4.350080	40.55	1206	564	153	93	1148	37397	33808	3.1e-97	362.4
NCVOG0271-consensus	NODE_1_length_285369_cov_4.442389	34.42	1226	621	183	81	1157	159914	163474	1.2e-50	209.5
NCVOG0271-consensus	NODE_79_length_74067_cov_4.430153	27.14	1249	726	184	83	1159	44459	40770	2.8e-42	180.7
NCVOG0271-consensus	NODE_87_length_69725_cov_4.811538	28.09	1278	698	221	86	1167	12250	15965	3.2e-42	180.4
NCVOG0078-consensus	NODE_2033_length_619_cov_20.638376	52.68	112	51	2	87	196	380	48	9.4e-16	83.5
NCVOG4568-consensus	NODE_360_length_21140_cov_4.559892	34.19	310	198	6	179	485	11164	12073	4.9e-19	100.4
NCVOG4568-consensus	NODE_369_length_20404_cov_5.066168	37.36	182	111	3	309	487	5811	5269	7.2e-12	76.6
NCVOG0451-consensus	NODE_1439_length_1032_cov_4.868063	45.40	163	72	17	142	287	1030	545	7.3e-19	95.3
NCVOG0451-consensus	NODE_1681_length_812_cov_3.840816	28.84	267	171	19	139	395	777	9	1.3e-18	94.1
NCVOG0451-consensus	NODE_1465_length_1005_cov_4.096983	36.52	282	161	18	144	407	41	883	1e-17	91.4
NCVOG0451-consensus	NODE_998_length_2134_cov_67.925620	35.65	345	187	35	66	379	1857	842	2e-17	91.6
NCVOG0451-consensus	NODE_1093_length_1745_cov_7.939412	41.36	220	112	17	174	378	6	656	2.1e-17	91.2
NCVOG0451-consensus	NODE_1317_length_1198_cov_3.838537	44.39	187	86	18	177	345	4	561	5.1e-17	89.3
NCVOG0451-consensus	NODE_377_length_19894_cov_4.286320	32.42	219	141	7	98	309	12646	13299	6.5e-16	89.7
NCVOG0451-consensus	NODE_444_length_15712_cov_4.355996	41.38	145	72	13	150	281	2	433	9.4e-16	88.9
NCVOG0451-consensus	NODE_974_length_2263_cov_4.331199	45.39	152	71	12	147	286	723	271	1.7e-15	85.2
NCVOG0451-consensus	NODE_873_length_2983_cov_6.316242	37.42	310	173	21	119	407	1862	2788	1.9e-14	82.2
NCVOG0451-consensus	NODE_26_length_130843_cov_4.530260	28.36	342	209	36	87	397	7033	8040	3.8e-14	86.6
NCVOG0451-consensus	NODE_2182_length_569_cov_4.656504	42.47	146	71	13	144	276	569	135	9.7e-14	77.4
NCVOG0451-consensus	NODE_81_length_72530_cov_4.213967	30.28	284	186	12	99	375	12354	11521	1.7e-13	83.6
NCVOG0451-consensus	NODE_2835_length_426_cov_5.914040	43.18	132	66	9	138	260	417	25	5.9e-13	74.4
NCVOG0451-consensus	NODE_1971_length_643_cov_5.107774	30.84	214	136	12	170	379	24	638	1.7e-12	73.4
NCVOG0451-consensus	NODE_865_length_3087_cov_3.404319	30.93	388	239	29	48	407	941	2094	2.8e-12	75.0
NCVOG0451-consensus	NODE_865_length_3087_cov_3.404319	42.06	233	119	16	163	379	2101	2796	3.3e-22	108.0
NCVOG0451-consensus	NODE_3305_length_366_cov_2.273356	43.75	112	54	9	144	246	30	362	3.7e-12	71.5
NCVOG0451-consensus	NODE_13_length_164261_cov_4.332231	33.33	207	131	7	173	374	49063	48452	5.5e-12	79.6
NCVOG0451-consensus	NODE_597_length_9257_cov_4.820227	28.16	277	187	12	133	402	2530	3342	7.9e-12	75.1
NCVOG0451-consensus	NODE_1241_length_1329_cov_3.302716	45.00	100	49	6	137	230	523	819	1e-11	71.9
NCVOG0451-consensus	NODE_287_length_28074_cov_4.470193	29.55	291	192	13	113	395	8751	7905	1.3e-11	75.9
NCVOG0451-consensus	NODE_516_length_12458_cov_4.543252	29.57	186	120	11	163	340	5873	6418	1.9e-11	74.2
NCVOG0451-consensus	NODE_227_length_35086_cov_4.686966	43.51	131	60	14	138	254	18	407	3.3e-11	74.9
NCVOG0451-consensus	NODE_1625_length_858_cov_4.449424	37.33	150	82	12	174	311	32	478	3.9e-11	69.3
NCVOG0451-consensus	NODE_421_length_16971_cov_4.291701	29.09	220	138	18	147	348	6007	5351	5.6e-11	73.1
NCVOG0451-consensus	NODE_1205_length_1407_cov_3.292481	41.29	155	79	12	144	286	28	489	7.4e-11	69.1
NCVOG0967-consensus	NODE_121_length_56074_cov_4.567227	17.77	861	674	34	121	978	19647	17161	4.2e-22	113.0
NCVOG4421-consensus	NODE_2207_length_562_cov_3.197938	45.78	83	39	6	89	165	530	285	4.8e-12	70.5
NCVOG4421-consensus	NODE_1681_length_812_cov_3.840816	47.62	84	38	6	89	166	410	162	7.9e-12	70.3
NCVOG4421-consensus	NODE_974_length_2263_cov_4.331199	47.73	88	40	6	85	166	735	475	2e-11	70.5
NCVOG4421-consensus	NODE_998_length_2134_cov_67.925620	47.37	95	42	8	80	166	1228	947	3.7e-11	69.4
NCVOG4421-consensus	NODE_1317_length_1198_cov_3.838537	45.35	86	39	8	89	166	4	258	5.4e-11	68.1
NCVOG1351-consensus	NODE_284_length_28880_cov_4.292470	32.06	262	115	63	142	341	16660	17431	2.4e-12	78.8
NCVOG4121-consensus	NODE_1465_length_1005_cov_4.096983	28.98	245	135	39	87	297	164	880	1.9e-11	70.2
NCVOG0301-consensus	NODE_302_length_25939_cov_5.836672	33.19	235	126	31	296	500	12707	13405	6e-23	113.9
NCVOG0301-consensus	NODE_89_length_68140_cov_4.458840	27.49	342	178	70	223	510	20275	19311	5.3e-14	85.6
NCVOG0301-consensus	NODE_192_length_40742_cov_4.350080	28.86	201	126	17	264	455	29795	30370	6.1e-13	81.3
NCVOG0301-consensus	NODE_490_length_13521_cov_4.157617	31.28	195	114	20	309	483	13206	12625	2.1e-11	74.6
NCVOG0301-consensus	NODE_10_length_188499_cov_4.960854	26.13	199	134	13	264	455	73868	73293	3.6e-11	77.3
NCVOG0301-consensus	NODE_578_length_9968_cov_4.272874	31.79	151	81	22	361	491	3957	4400	5.5e-11	72.8
NCVOG2860-consensus	NODE_597_length_9257_cov_4.820227	29.46	224	147	11	90	305	2686	3345	5.7e-11	72.1
NCVOG0001-consensus	NODE_419_length_17066_cov_5.078463	45.66	265	123	21	344	603	5766	6509	4.6e-59	233.5
NCVOG0001-consensus	NODE_159_length_47330_cov_4.529342	40.49	326	168	26	283	603	25948	25037	4.8e-58	231.5
NCVOG0001-consensus	NODE_686_length_6673_cov_4.370831	43.81	210	93	25	369	555	1784	2400	6.4e-45	185.1
NCVOG0001-consensus	NODE_446_length_15689_cov_6.695363	38.37	258	115	44	330	555	4606	3872	1.7e-30	138.4
NCVOG0001-consensus	NODE_11_length_178641_cov_4.295513	34.27	248	145	18	357	592	59963	59245	2.2e-30	141.3
NCVOG0001-consensus	NODE_41_length_118384_cov_4.403417	35.42	288	134	52	318	565	112251	113071	5.2e-28	133.1
NCVOG0001-consensus	NODE_41_length_118384_cov_4.403417	35.91	259	132	34	331	566	113249	113987	4.6e-34	153.2
NCVOG0001-consensus	NODE_187_length_41276_cov_4.210976	36.72	256	131	31	328	555	13361	12606	6.7e-27	127.9
NCVOG0001-consensus	NODE_250_length_32562_cov_4.467662	37.63	388	175	67	256	603	15630	14553	1.1e-21	110.2
NCVOG0001-consensus	NODE_106_length_62618_cov_4.380630	38.39	224	110	28	355	555	15787	16440	2.7e-21	109.9
NCVOG0001-consensus	NODE_94_length_65779_cov_4.229704	34.43	212	109	30	395	591	15035	15614	4.2e-20	106.0
NCVOG0001-consensus	NODE_85_length_71073_cov_4.147318	36.92	260	126	38	351	591	37230	36513	5.1e-20	105.8
NCVOG0001-consensus	NODE_13_length_164261_cov_4.332231	34.23	444	222	70	203	603	129942	128701	3.5e-19	104.1
NCVOG0001-consensus	NODE_491_length_13477_cov_4.510000	38.95	190	80	36	358	522	8565	8036	2.5e-18	97.8
NCVOG0001-consensus	NODE_90_length_68105_cov_4.382651	33.64	324	173	42	328	620	10292	11221	3.8e-15	89.6
NCVOG0001-consensus	NODE_195_length_40319_cov_4.317703	33.56	295	161	35	288	555	25560	24711	1.1e-13	83.9
NCVOG0001-consensus	NODE_77_length_74339_cov_4.433829	29.76	373	201	61	301	628	5402	4341	3.2e-13	83.3
NCVOG0001-consensus	NODE_408_length_17931_cov_4.487314	30.95	210	131	14	317	517	3064	3667	1e-11	76.3
NCVOG1197-consensus	NODE_485_length_13901_cov_4.164280	26.82	261	188	3	116	374	11181	10409	2e-11	74.6
NCVOG4518-consensus	NODE_63_length_87207_cov_4.428670	30.44	542	279	98	27	554	25866	27230	1.1e-29	138.0
NCVOG2058-consensus	NODE_1465_length_1005_cov_4.096983	43.73	263	127	21	105	346	20	805	2.4e-28	126.7
NCVOG2058-consensus	NODE_1439_length_1032_cov_4.868063	53.85	156	60	12	142	285	1009	545	2.9e-26	119.8
NCVOG2058-consensus	NODE_998_length_2134_cov_67.925620	36.80	394	216	33	34	399	1735	572	5.8e-23	109.9
NCVOG2058-consensus	NODE_1317_length_1198_cov_3.838537	44.96	258	116	26	115	346	4	774	1.5e-22	107.7
NCVOG2058-consensus	NODE_865_length_3087_cov_3.404319	37.07	375	202	34	34	380	1216	2319	1.3e-20	102.6
NCVOG2058-consensus	NODE_865_length_3087_cov_3.404319	41.83	251	125	21	112	341	2335	3084	1.3e-28	129.2
NCVOG2058-consensus	NODE_1681_length_812_cov_3.840816	52.42	124	50	9	172	286	419	51	2e-19	96.7
NCVOG2058-consensus	NODE_1070_length_1810_cov_3.319677	41.38	203	101	18	157	341	1	606	2.1e-19	97.8
NCVOG2058-consensus	NODE_2207_length_562_cov_3.197938	38.07	176	87	22	112	274	539	44	2.9e-19	95.7
NCVOG2058-consensus	NODE_377_length_19894_cov_4.286320	33.59	262	164	10	107	358	12586	13368	1.2e-17	95.4
NCVOG2058-consensus	NODE_1093_length_1745_cov_7.939412	43.53	232	112	19	112	324	6	698	2.6e-16	87.5
NCVOG2058-consensus	NODE_444_length_15712_cov_4.355996	46.85	143	63	13	178	307	2	427	4.7e-16	89.8
NCVOG2058-consensus	NODE_3305_length_366_cov_2.273356	47.32	112	50	9	202	304	30	362	1e-15	83.3
NCVOG2058-consensus	NODE_1567_length_911_cov_4.354916	45.38	238	109	21	91	307	911	201	1.4e-15	84.2
NCVOG2058-consensus	NODE_974_length_2263_cov_4.331199	49.45	182	77	15	111	277	735	193	1.9e-15	85.0
NCVOG2058-consensus	NODE_227_length_35086_cov_4.686966	45.93	135	61	12	100	222	6	407	2.9e-15	88.3
NCVOG2058-consensus	NODE_1625_length_858_cov_4.449424	40.67	150	77	12	202	339	32	478	4.9e-15	82.2
NCVOG2058-consensus	NODE_873_length_2983_cov_6.316242	39.18	319	167	27	91	382	1874	2827	7.1e-15	83.5
NCVOG2058-consensus	NODE_2574_length_473_cov_3.353535	48.03	152	67	12	135	274	17	469	3e-14	78.8
NCVOG2058-consensus	NODE_287_length_28074_cov_4.470193	36.84	209	124	8	136	337	8691	8071	3.5e-14	84.4
NCVOG2058-consensus	NODE_2182_length_569_cov_4.656504	44.08	152	72	13	112	250	569	117	7.7e-14	77.7
NCVOG2058-consensus	NODE_2835_length_426_cov_5.914040	50.00	128	55	9	142	260	399	19	1.6e-13	76.2
NCVOG2058-consensus	NODE_1205_length_1407_cov_3.292481	45.51	178	82	15	107	269	13	543	8.5e-13	75.5
NCVOG2058-consensus	NODE_3647_length_335_cov_2.802326	49.49	99	42	8	232	324	16	303	1.3e-12	72.8
NCVOG2058-consensus	NODE_1241_length_1329_cov_3.302716	37.50	152	81	14	56	198	382	819	1.5e-12	74.6
NCVOG2058-consensus	NODE_597_length_9257_cov_4.820227	29.82	285	187	13	101	376	2530	3369	3.1e-12	76.4
NCVOG2058-consensus	NODE_1486_length_985_cov_4.676211	50.59	85	36	6	114	192	81	332	3.6e-11	69.6
NCVOG0038-consensus	NODE_150_length_49131_cov_4.017491	27.84	819	415	176	278	963	11944	14244	5.6e-27	129.2
NCVOG0038-consensus	NODE_361_length_21041_cov_4.028762	31.55	1084	491	251	120	970	10115	6957	5.5e-12	78.2
NCVOG0228-consensus	NODE_547_length_10890_cov_4.391751	33.98	256	154	15	452	694	5337	6095	1.2e-44	185.4
NCVOG0228-consensus	NODE_152_length_48737_cov_4.997883	30.61	379	230	33	358	708	19800	20914	4.3e-42	179.2
NCVOG0228-consensus	NODE_56_length_92780_cov_4.655858	28.59	654	370	97	324	893	50718	52637	8.2e-31	142.6
NCVOG0228-consensus	NODE_306_length_25788_cov_4.738478	28.94	667	374	100	337	926	5068	6988	1.7e-26	126.4
NCVOG0280-consensus	NODE_434_length_16310_cov_4.202045	23.48	1529	998	172	310	1763	5426	9694	3.8e-23	115.6
NCVOG0280-consensus	NODE_102_length_63058_cov_4.505772	22.21	1324	899	131	391	1676	56211	59896	7.5e-21	109.9
NCVOG0280-consensus	NODE_197_length_40015_cov_4.399018	20.13	1386	964	143	363	1674	10851	6920	4.6e-12	80.1
NCVOG0218-consensus	NODE_101_length_63383_cov_4.898303	34.39	410	227	42	482	859	43047	41867	3e-21	110.6
NCVOG0218-consensus	NODE_207_length_38578_cov_4.410795	37.85	325	166	36	607	905	36042	36971	3e-18	99.9
NCVOG0218-consensus	NODE_970_length_2283_cov_108.751587	41.27	315	150	35	580	869	6	879	2.4e-17	92.8
NCVOG0218-consensus	NODE_1748_length_764_cov_36.216570	37.90	248	137	17	627	864	721	18	3.9e-16	87.2
NCVOG0218-consensus	NODE_121_length_56074_cov_4.567227	27.66	658	422	54	364	988	38394	40259	1e-15	92.0
NCVOG0218-consensus	NODE_56_length_92780_cov_4.655858	38.43	268	136	29	630	870	7355	6573	1.1e-15	92.7
NCVOG0218-consensus	NODE_32_length_124141_cov_4.518547	34.96	369	203	37	588	920	62296	61218	1.5e-15	92.6
NCVOG0218-consensus	NODE_330_length_24101_cov_4.233849	37.08	329	163	44	601	889	4767	3832	4.6e-15	88.6
NCVOG0218-consensus	NODE_158_length_47350_cov_4.255706	40.98	266	128	29	626	868	1	757	5.2e-15	89.4
NCVOG0218-consensus	NODE_122_length_56059_cov_5.128041	39.74	302	161	21	592	875	28727	27854	6.8e-15	89.3
NCVOG0218-consensus	NODE_43_length_116263_cov_4.554981	42.23	206	109	10	610	806	103232	103831	1.9e-14	88.8
NCVOG0218-consensus	NODE_195_length_40319_cov_4.317703	43.05	223	113	14	664	876	19572	18933	3e-14	86.7
NCVOG0218-consensus	NODE_19_length_148526_cov_4.500084	29.83	533	279	95	602	1049	44054	42501	3.1e-14	88.5
NCVOG0218-consensus	NODE_37_length_120692_cov_4.509663	40.40	250	126	23	659	890	28269	27560	5.8e-14	87.3
NCVOG0218-consensus	NODE_332_length_23594_cov_5.594889	36.96	257	150	12	628	875	22387	21635	6.2e-14	84.8
NCVOG0218-consensus	NODE_19_length_148526_cov_4.500084	28.09	655	362	109	273	849	13619	15469	1.1e-13	86.7
NCVOG0218-consensus	NODE_844_length_3380_cov_9.983651	32.71	376	220	33	444	808	3227	2177	1.6e-13	80.7
NCVOG0218-consensus	NODE_552_length_10663_cov_3.981485	33.25	382	218	37	431	787	10647	9571	3.8e-13	81.1
NCVOG0218-consensus	NODE_225_length_35168_cov_4.127697	36.22	323	172	34	675	985	2232	3099	4.1e-13	82.7
NCVOG0218-consensus	NODE_230_length_35009_cov_4.243015	35.26	380	203	43	558	901	10959	9882	6.2e-13	82.1
NCVOG0218-consensus	NODE_252_length_32328_cov_4.278255	43.78	185	94	10	672	849	4774	5304	6.7e-13	81.9
NCVOG0218-consensus	NODE_386_length_19113_cov_4.448361	29.87	375	232	31	543	889	14113	15221	6.8e-13	81.1
NCVOG0218-consensus	NODE_5555_length_232_cov_0.722581	64.10	78	26	2	779	854	230	6	7e-13	74.7
NCVOG0218-consensus	NODE_1732_length_772_cov_17.341007	33.72	261	161	12	589	840	1	761	1.8e-12	75.1
NCVOG0218-consensus	NODE_102_length_63058_cov_4.505772	43.98	216	98	23	675	875	55345	54749	2.1e-12	81.2
NCVOG0218-consensus	NODE_38_length_119290_cov_4.990127	32.19	320	204	13	569	882	14663	15594	3.4e-12	81.4
NCVOG0218-consensus	NODE_260_length_31518_cov_4.586495	29.81	483	295	44	354	803	12607	11219	4.8e-12	79.0
NCVOG0218-consensus	NODE_555_length_10563_cov_4.651535	31.13	453	243	69	606	1005	6158	7441	5.1e-12	77.3
NCVOG0218-consensus	NODE_35_length_121828_cov_6.788117	37.93	232	119	25	666	879	9300	8635	1.4e-11	79.4
NCVOG0218-consensus	NODE_17554_length_146_cov_2.173913	79.17	48	10	0	675	722	144	4	1.8e-11	69.3
NCVOG0218-consensus	NODE_236_length_34483_cov_4.167907	36.08	316	170	32	570	857	14731	13827	1.9e-11	77.1
NCVOG0218-consensus	NODE_108_length_62224_cov_4.308527	29.49	573	318	86	416	911	31198	32842	2.1e-11	77.8
NCVOG0218-consensus	NODE_64_length_85790_cov_4.553918	34.06	414	223	50	548	917	44905	43735	3.1e-11	77.7
NCVOG0218-consensus	NODE_40_length_118722_cov_4.454187	44.08	152	78	7	649	797	47646	47206	5.2e-11	77.5
NCVOG0218-consensus	NODE_208_length_38383_cov_4.549105	39.60	202	104	18	641	834	38081	37513	6.5e-11	75.5
NCVOG0018-consensus	NODE_3_length_226411_cov_4.502244	21.45	979	686	83	78	1012	2825	15	6.6e-25	124.1
NCVOG0018-consensus	NODE_175_length_44143_cov_4.779535	21.00	843	612	54	367	1191	20935	18518	5.2e-14	86.1
NCVOG4344-consensus	NODE_1317_length_1198_cov_3.838537	34.34	297	177	18	23	314	22	870	4.3e-21	103.2
NCVOG4344-consensus	NODE_873_length_2983_cov_6.316242	31.35	386	242	23	14	392	1850	2956	1.1e-15	86.5
NCVOG4344-consensus	NODE_974_length_2263_cov_4.331199	39.55	177	97	10	14	188	729	232	4.2e-14	80.9
NCVOG4344-consensus	NODE_998_length_2134_cov_67.925620	33.44	323	201	14	14	336	1795	872	9.7e-14	79.6
NCVOG4344-consensus	NODE_1093_length_1745_cov_7.939412	33.50	200	125	8	128	327	36	608	4.3e-12	73.8
NCVOG4344-consensus	NODE_2835_length_426_cov_5.914040	38.03	142	81	7	45	186	405	4	1.4e-11	70.0
NCVOG2246-consensus	NODE_12_length_175022_cov_4.330435	32.24	425	266	22	32	452	16560	15343	8.8e-38	165.5
NCVOG4116-consensus	NODE_998_length_2134_cov_67.925620	25.58	344	224	32	113	432	1675	671	7.8e-12	73.1
NCVOG4116-consensus	NODE_421_length_16971_cov_4.291701	39.74	151	74	17	241	378	5801	5366	8.7e-12	75.9
NCVOG4116-consensus	NODE_2835_length_426_cov_5.914040	36.89	122	66	11	271	381	399	37	1.4e-11	69.9
NCVOG4116-consensus	NODE_2621_length_465_cov_3.801546	28.76	153	97	12	241	381	460	5	1.7e-11	69.7
NCVOG4116-consensus	NODE_2390_length_511_cov_3.983871	30.77	156	96	12	239	382	2	466	2.1e-11	69.6
NCVOG4116-consensus	NODE_597_length_9257_cov_4.820227	32.51	203	125	12	238	433	2749	3339	3e-11	73.3
NCVOG4170-consensus	NODE_379_length_19679_cov_2.288236	36.50	400	157	97	37	345	2715	1539	2e-15	87.8
NCVOG1006-consensus	NODE_256_length_32027_cov_4.440000	28.80	184	112	19	13	181	26202	25666	4.1e-12	76.6
NCVOG1044-consensus	NODE_1051_length_1902_cov_3.169863	22.05	263	191	14	212	470	86	841	7.4e-13	76.4
NCVOG1044-consensus	NODE_532_length_11613_cov_4.384882	23.14	229	165	11	171	394	8622	7957	3.9e-11	73.3
NCVOG0720-consensus	NODE_5_length_214470_cov_4.365240	37.98	129	76	4	42	166	93140	93523	2.7e-17	95.9
NCVOG0044-consensus	NODE_6_length_211651_cov_4.707521	31.34	217	126	23	224	426	75731	75117	1.5e-15	92.7
NCVOG0044-consensus	NODE_503_length_13145_cov_4.424242	27.00	300	187	32	144	421	7439	8301	5.2e-14	84.1
NCVOG0044-consensus	NODE_24_length_136887_cov_4.275185	29.20	274	162	32	219	466	134106	134900	1.3e-11	79.5
