NCVOG0719-consensus	NODE_168_length_21720_cov_37.927505	31.16	138	95	0	82	219	18693	18283	5.3e-17	91.7
NCVOG0719-consensus	NODE_168_length_21720_cov_37.927505	26.09	253	133	54	44	242	20641	19890	6.7e-17	91.4
NCVOG0669-consensus	NODE_1368_length_5301_cov_28.582312	27.74	274	171	27	218	468	3807	4613	1.4e-11	72.4
NCVOG0333-consensus	NODE_6528_length_305_cov_67.907895	50.62	81	35	5	599	677	72	302	4e-16	84.0
NCVOG0233-consensus	NODE_10_length_51247_cov_49.108091	25.88	657	439	48	61	688	7939	6029	1.4e-44	186.2
NCVOG0233-consensus	NODE_123_length_24307_cov_34.134792	35.31	827	397	138	104	795	13827	11363	1.1e-40	172.1
NCVOG0233-consensus	NODE_51_length_33669_cov_31.168492	32.51	892	435	167	122	847	3290	629	2.1e-38	165.0
NCVOG0233-consensus	NODE_1333_length_5463_cov_31.853880	30.36	728	380	127	135	738	5128	2957	6.3e-36	154.2
NCVOG0233-consensus	NODE_1742_length_3950_cov_33.870385	25.25	915	502	182	100	870	2780	157	1.1e-34	149.6
NCVOG0233-consensus	NODE_3864_length_776_cov_118.852647	40.48	252	130	20	577	808	14	766	1.7e-23	110.1
NCVOG0233-consensus	NODE_1160_length_6381_cov_30.280933	24.79	823	530	89	48	828	1470	3794	1.9e-23	113.0
NCVOG0233-consensus	NODE_3073_length_1381_cov_94.707055	31.59	459	223	91	202	571	10	1377	4.6e-23	109.5
NCVOG0233-consensus	NODE_1526_length_4694_cov_33.783193	27.19	798	461	120	133	827	1221	3560	2e-19	99.1
NCVOG0233-consensus	NODE_3487_length_990_cov_47.205915	40.83	120	70	1	104	222	626	982	1.8e-18	93.8
NCVOG0233-consensus	NODE_432_length_13826_cov_38.362863	26.09	759	409	152	136	758	3287	5510	1.5e-17	94.5
NCVOG0233-consensus	NODE_3097_length_1349_cov_72.117138	29.56	450	242	75	289	665	4	1344	1.9e-16	87.5
NCVOG0233-consensus	NODE_9_length_51378_cov_32.218241	22.75	765	457	134	175	840	32853	30677	7.5e-16	90.7
NCVOG0233-consensus	NODE_3228_length_1212_cov_25.310132	30.81	185	110	18	136	311	680	1204	2.8e-11	70.2
NCVOG1013-consensus	NODE_2546_length_2088_cov_27.271507	33.94	548	282	80	141	633	1822	275	1.3e-17	91.7
NCVOG1013-consensus	NODE_379_length_14727_cov_64.391468	34.60	422	230	46	279	674	489	1685	6.3e-15	85.5
NCVOG1013-consensus	NODE_1953_length_3381_cov_30.605630	35.98	517	263	68	145	619	297	1742	1.2e-14	82.4
NCVOG1013-consensus	NODE_2988_length_1464_cov_63.834174	33.03	436	243	49	200	610	1262	34	2.2e-14	80.4
NCVOG1013-consensus	NODE_2707_length_1812_cov_28.687608	31.52	552	309	69	27	543	11	1533	1.3e-13	78.1
NCVOG1013-consensus	NODE_2366_length_2390_cov_25.474708	30.41	638	362	82	14	609	23	1793	3e-13	77.4
NCVOG1013-consensus	NODE_2129_length_2913_cov_37.132934	37.09	488	237	70	94	543	1178	2526	3e-13	77.6
NCVOG1013-consensus	NODE_2706_length_1812_cov_30.288184	33.43	353	192	43	339	667	1807	813	7.6e-13	75.6
NCVOG1013-consensus	NODE_1009_length_7253_cov_29.061455	31.06	660	355	100	22	619	197	2049	8.3e-13	77.5
NCVOG1013-consensus	NODE_476_length_13182_cov_29.984357	30.42	674	392	77	13	640	5692	3801	1.7e-12	77.3
NCVOG1013-consensus	NODE_2700_length_1819_cov_31.249139	30.23	516	299	61	115	596	1811	356	2.3e-12	74.0
NCVOG1013-consensus	NODE_1483_length_4844_cov_22.008181	28.86	634	398	53	27	630	4843	3034	2.8e-12	75.1
NCVOG1013-consensus	NODE_240_length_18128_cov_32.070190	32.70	679	354	103	43	673	1751	3589	3.1e-12	76.9
NCVOG1013-consensus	NODE_1257_length_5817_cov_29.667944	30.83	665	379	81	35	665	2084	272	5e-12	74.6
NCVOG1013-consensus	NODE_1012_length_7214_cov_32.597590	31.86	612	339	78	54	612	4164	2429	5.2e-12	74.8
NCVOG1013-consensus	NODE_3496_length_984_cov_44.685777	39.14	373	146	81	195	536	3	964	9.1e-12	71.1
NCVOG1013-consensus	NODE_2417_length_2309_cov_28.916219	30.31	551	303	81	19	543	2195	725	9.5e-12	72.3
NCVOG1013-consensus	NODE_2891_length_1598_cov_30.571992	31.02	548	315	63	86	587	1595	18	1.1e-11	71.6
NCVOG1013-consensus	NODE_2064_length_3102_cov_25.726281	38.71	465	220	65	228	647	100	1399	3.3e-11	71.0
NCVOG1013-consensus	NODE_1040_length_6987_cov_36.552967	32.39	633	341	87	70	655	4643	6394	4.7e-11	71.6
NCVOG1013-consensus	NODE_4152_length_658_cov_51.289157	44.09	220	111	12	189	403	18	653	6.9e-11	67.6
NCVOG1013-consensus	NODE_330_length_15842_cov_39.371012	35.48	482	274	37	166	616	1405	2807	7.6e-11	72.1
NCVOG1013-consensus	NODE_2288_length_2547_cov_27.759514	30.81	688	408	68	21	659	298	2265	7.8e-11	69.4
NCVOG1013-consensus	NODE_2430_length_2298_cov_34.027915	33.18	636	333	92	22	592	1888	81	8.9e-11	69.1
NCVOG0013-consensus	NODE_375_length_14814_cov_34.141481	29.15	223	150	8	122	342	5752	6399	1.6e-15	87.3
NCVOG0013-consensus	NODE_2235_length_2658_cov_29.387059	34.71	170	105	6	116	279	1236	742	8.5e-15	82.4
NCVOG0013-consensus	NODE_1266_length_5783_cov_36.133018	29.86	221	144	11	116	325	2895	3552	1.6e-11	72.6
NCVOG0297-consensus	NODE_67_length_30596_cov_31.223467	27.45	306	201	21	246	537	1431	2324	8.2e-20	102.5
NCVOG0297-consensus	NODE_712_length_9698_cov_30.433323	32.20	177	109	11	370	537	8889	9410	4e-13	78.6
NCVOG0297-consensus	NODE_1684_length_4118_cov_29.421183	31.68	161	106	4	14	171	1032	1508	2.3e-11	71.5
NCVOG0073-consensus	NODE_2348_length_2424_cov_31.182360	39.57	647	342	49	29	640	2278	385	1.1e-99	364.9
NCVOG0073-consensus	NODE_2801_length_1697_cov_51.422222	43.10	478	256	16	16	490	289	1680	1.2e-96	354.4
NCVOG0073-consensus	NODE_16_length_47976_cov_32.773837	41.14	615	336	26	29	640	8025	9797	5.9e-67	260.5
NCVOG0073-consensus	NODE_1578_length_4471_cov_31.008876	35.83	642	373	39	32	664	4229	2397	1.1e-58	229.6
NCVOG0073-consensus	NODE_1844_length_3644_cov_30.139893	29.80	406	270	15	11	408	368	1561	1e-44	182.9
NCVOG0073-consensus	NODE_6342_length_317_cov_27.695833	46.53	101	54	0	390	490	1	300	7.7e-18	90.1
NCVOG0073-consensus	NODE_4672_length_506_cov_60.475524	31.40	172	111	7	470	639	1	498	1.5e-16	86.5
NCVOG1068-consensus	NODE_2171_length_2800_cov_23.946015	44.63	121	40	27	128	221	2715	2358	2.7e-18	92.8
NCVOG0613-consensus	NODE_570_length_11636_cov_28.224414	36.19	105	62	5	2	102	5749	6057	3.6e-18	93.6
NCVOG4523-consensus	NODE_553_length_11851_cov_32.096654	31.53	590	328	76	305	871	1674	87	1.5e-22	111.2
NCVOG1353-consensus	NODE_63_length_31542_cov_33.198538	58.20	799	236	98	99	801	28433	30816	5.4e-98	362.8
NCVOG0055-consensus	NODE_279_length_16907_cov_33.860801	32.29	350	169	68	92	398	7076	8033	9e-16	87.9
NCVOG0055-consensus	NODE_395_length_14393_cov_27.756426	27.49	411	202	96	103	423	9457	10654	1.5e-11	73.6
NCVOG4105-consensus	NODE_208_length_19266_cov_33.067278	35.83	1041	446	222	23	875	12485	9478	6.9e-82	309.0
NCVOG0305-consensus	NODE_1851_length_3630_cov_38.225443	35.71	266	162	9	1303	1562	1181	396	3.5e-18	95.5
NCVOG0305-consensus	NODE_1104_length_6638_cov_37.516994	28.73	456	293	32	606	1055	3263	1981	1.7e-17	94.1
NCVOG0305-consensus	NODE_735_length_9388_cov_38.334765	30.48	315	204	15	759	1067	758	1672	1.3e-14	85.0
NCVOG0305-consensus	NODE_1122_length_6566_cov_56.526429	31.95	266	172	9	1303	1562	2924	3709	1.3e-14	84.5
NCVOG0305-consensus	NODE_885_length_8144_cov_26.491509	32.73	275	170	15	1303	1566	3036	3845	3.2e-14	83.5
NCVOG0305-consensus	NODE_760_length_9147_cov_29.680595	33.46	266	165	12	1303	1560	8283	9065	7.5e-14	82.5
NCVOG0305-consensus	NODE_306_length_16287_cov_32.528439	31.64	335	206	23	756	1080	6408	7362	9e-13	79.7
NCVOG0305-consensus	NODE_654_length_10518_cov_30.930466	30.59	255	168	9	1314	1562	2192	2944	1.9e-11	74.7
NCVOG0305-consensus	NODE_574_length_11569_cov_26.622607	29.00	331	217	18	759	1082	7936	6982	3.1e-11	74.1
NCVOG0248-consensus	NODE_2752_length_1758_cov_27.345033	26.33	509	285	90	34	466	39	1520	5.1e-12	72.4
NCVOG0105-consensus	NODE_373_length_14843_cov_34.628674	32.87	216	131	14	633	840	11979	12599	3.6e-15	86.9
NCVOG0105-consensus	NODE_570_length_11636_cov_28.224414	33.33	147	95	3	654	798	2158	1724	1.4e-12	78.0
NCVOG4804-consensus	NODE_2711_length_1803_cov_48.575898	50.33	151	71	4	45	195	535	972	3.1e-25	115.0
NCVOG4883-consensus	NODE_1135_length_6524_cov_35.368699	33.25	382	208	47	96	460	252	1304	4.1e-23	111.0
NCVOG0360-consensus	NODE_64_length_30943_cov_34.207510	41.49	323	156	33	24	315	6127	7084	4.6e-60	235.4
NCVOG0979-consensus	NODE_229_length_18680_cov_30.325270	46.36	330	140	37	33	328	2148	3123	9.6e-52	207.3
NCVOG0274-consensus	NODE_348_length_15239_cov_32.040496	37.93	1110	499	190	70	1002	634	3911	2.1e-82	310.8
NCVOG0274-consensus	NODE_348_length_15239_cov_32.040496	34.19	427	264	17	1001	1418	5280	6533	3.2e-68	263.7
NCVOG0274-consensus	NODE_167_length_21772_cov_33.651994	33.47	983	487	167	212	1040	9866	6960	3.5e-44	184.3
NCVOG0274-consensus	NODE_167_length_21772_cov_33.651994	24.92	333	229	21	1042	1364	6343	5385	8.6e-18	96.7
NCVOG0274-consensus	NODE_20_length_43422_cov_33.285223	30.24	1154	472	333	304	1125	26637	30072	2.6e-30	139.2
NCVOG0074-consensus	NODE_16_length_47976_cov_32.773837	59.02	610	245	5	15	623	8025	9839	0	789.1
NCVOG0074-consensus	NODE_2348_length_2424_cov_31.182360	61.83	634	204	38	15	610	2278	382	3.2e-210	731.6
NCVOG0074-consensus	NODE_2801_length_1697_cov_51.422222	67.96	465	145	4	5	465	298	1689	1.4e-207	722.3
NCVOG0074-consensus	NODE_1578_length_4471_cov_31.008876	47.26	603	299	19	27	623	4202	2436	2.1e-172	606.8
NCVOG0074-consensus	NODE_1607_length_4372_cov_31.871246	30.89	463	285	35	75	502	2321	3706	2.2e-57	224.7
NCVOG0074-consensus	NODE_4672_length_506_cov_60.475524	46.71	167	89	0	442	608	1	498	1.8e-43	175.4
NCVOG0074-consensus	NODE_6342_length_317_cov_27.695833	64.42	104	37	0	362	465	1	309	7.9e-37	152.6
NCVOG0074-consensus	NODE_1844_length_3644_cov_30.139893	37.69	390	228	15	6	380	395	1561	3.3e-36	154.1
NCVOG0074-consensus	NODE_12438_length_155_cov_61.589744	80.39	51	10	0	7	57	1	150	1.1e-21	101.3
NCVOG0074-consensus	NODE_640_length_10745_cov_31.108361	25.00	568	338	88	145	635	105	1770	3.8e-21	105.6
NCVOG0074-consensus	NODE_10867_length_173_cov_43.729167	63.16	57	21	0	48	104	1	168	1.6e-19	94.3
NCVOG0074-consensus	NODE_13671_length_155_cov_29.217949	76.47	51	12	0	119	169	155	6	2.1e-18	90.4
NCVOG0074-consensus	NODE_12735_length_155_cov_43.397436	68.63	51	16	0	226	276	155	6	8.7e-18	88.3
NCVOG1299-consensus	NODE_3887_length_764_cov_25.751092	45.71	140	27	49	56	146	644	228	4.2e-14	76.3
NCVOG1196-consensus	NODE_164_length_21821_cov_34.612997	24.27	721	491	55	330	1021	3660	5727	1.9e-15	88.5
NCVOG1196-consensus	NODE_1373_length_5259_cov_27.869934	23.96	697	457	73	312	1002	3889	2003	1.1e-14	83.9
NCVOG4324-consensus	NODE_2297_length_2525_cov_66.167892	30.52	557	320	67	115	610	6	1641	2.2e-21	104.3
NCVOG4134-consensus	NODE_818_length_8698_cov_25.296485	31.79	390	192	74	95	417	2963	1824	7.8e-28	127.1
NCVOG0244-consensus	NODE_2013_length_3215_cov_31.373486	27.10	155	104	9	102	250	2427	1975	2.7e-13	77.6
NCVOG0214-consensus	NODE_280_length_16882_cov_31.473550	27.98	461	320	12	120	574	1908	553	2e-11	74.3
NCVOG0276-consensus	NODE_1436_length_5033_cov_33.153551	52.55	392	84	102	68	357	4733	3565	5.8e-140	498.4
NCVOG0276-consensus	NODE_18_length_44098_cov_33.545376	25.43	291	173	44	73	319	18751	17884	8e-19	99.1
NCVOG4882-consensus	NODE_535_length_12151_cov_27.282839	30.67	701	402	84	331	979	3532	1555	1.2e-31	141.3
NCVOG0030-consensus	NODE_1312_length_5575_cov_28.284285	33.84	523	250	96	26	472	2260	3757	6.7e-28	127.4
NCVOG0030-consensus	NODE_755_length_9192_cov_29.950411	32.81	509	236	106	64	484	1479	14	1.6e-27	126.8
NCVOG4494-consensus	NODE_512_length_12548_cov_27.935771	36.00	200	116	12	41	228	9701	9105	2.9e-21	105.9
NCVOG4494-consensus	NODE_1281_length_5705_cov_33.243603	30.00	200	136	4	33	228	4413	5005	5.5e-19	97.2
NCVOG4494-consensus	NODE_306_length_16287_cov_32.528439	35.88	262	130	38	39	275	7965	8704	6.4e-19	98.5
NCVOG4494-consensus	NODE_1296_length_5644_cov_32.318664	35.05	214	131	8	23	233	1085	1704	2.2e-18	95.2
NCVOG4494-consensus	NODE_80_length_27993_cov_34.526222	34.27	213	132	8	26	232	26823	26202	9.4e-18	95.4
NCVOG4494-consensus	NODE_2128_length_2913_cov_55.052186	32.01	328	187	36	37	338	1023	75	8.6e-17	89.0
NCVOG4494-consensus	NODE_838_length_8562_cov_29.479316	27.73	321	213	19	21	322	7870	6917	1.1e-16	90.2
NCVOG4494-consensus	NODE_3230_length_1211_cov_13.479718	36.99	146	91	1	55	199	1140	706	2e-15	83.2
NCVOG4494-consensus	NODE_2202_length_2728_cov_39.050170	33.53	331	179	41	21	313	1255	2227	4.1e-15	83.3
NCVOG4494-consensus	NODE_574_length_11569_cov_26.622607	44.00	125	65	5	27	146	6751	6380	3.7e-14	82.2
NCVOG4494-consensus	NODE_885_length_8144_cov_26.491509	35.00	200	122	8	24	215	4344	4940	1.4e-12	76.5
NCVOG4494-consensus	NODE_466_length_13311_cov_31.204473	35.67	157	97	4	34	188	8273	7812	1.5e-11	73.8
NCVOG4477-consensus	NODE_45_length_34765_cov_32.970422	34.31	204	99	35	662	834	25263	25855	7.4e-13	81.4
NCVOG0077-consensus	NODE_1434_length_5040_cov_27.860367	41.13	124	66	7	583	706	4301	3954	2.1e-15	85.6
NCVOG0267-consensus	NODE_59_length_32225_cov_32.597642	26.13	532	342	51	276	781	15211	13702	2e-23	115.7
NCVOG0267-consensus	NODE_1915_length_3468_cov_24.703037	26.38	436	242	79	335	721	1135	2345	1.7e-12	76.1
NCVOG0267-consensus	NODE_562_length_11779_cov_25.874551	22.56	461	281	76	330	733	512	1834	1.8e-11	74.4
NCVOG4357-consensus	NODE_1584_length_4447_cov_40.313501	33.72	519	255	89	25	466	4013	2496	1.7e-27	125.1
NCVOG0037-consensus	NODE_152_length_22395_cov_30.872704	39.40	1094	420	243	165	1019	10696	7442	2.2e-63	247.7
NCVOG0037-consensus	NODE_152_length_22395_cov_30.872704	45.13	195	70	37	6	165	11352	10779	1.1e-20	105.9
NCVOG0007-consensus	NODE_2766_length_1744_cov_16.239352	30.75	400	212	65	21	355	134	1328	2.4e-28	126.1
NCVOG1115-consensus	NODE_2182_length_2783_cov_28.239468	43.35	173	91	7	213	379	2261	2773	7.7e-23	108.7
NCVOG0015-consensus	NODE_375_length_14814_cov_34.141481	32.73	165	104	7	90	247	6052	6543	1.8e-14	83.5
NCVOG0005-consensus	NODE_109_length_25395_cov_28.908563	31.28	195	123	11	44	234	9876	9316	2.7e-12	77.0
NCVOG0486-consensus	NODE_164_length_21821_cov_34.612997	33.56	295	165	31	102	376	18599	19447	7.8e-35	151.4
NCVOG0806-consensus	NODE_82_length_27947_cov_33.222641	50.94	373	162	21	85	447	5367	4285	2.1e-126	456.2
NCVOG0806-consensus	NODE_1080_length_6757_cov_22.352545	26.30	384	189	94	144	436	5544	6681	4.7e-19	97.5
NCVOG0806-consensus	NODE_346_length_15264_cov_29.975900	29.39	473	205	129	99	447	14927	13529	6.3e-16	88.3
NCVOG2958-consensus	NODE_3125_length_1318_cov_53.255439	33.10	142	93	2	109	248	391	813	3e-26	118.3
NCVOG2958-consensus	NODE_102_length_25863_cov_33.589351	27.50	200	110	35	84	256	17608	18176	4.3e-11	72.3
NCVOG0029-consensus	NODE_868_length_8275_cov_28.209197	37.13	272	103	68	149	352	3831	3021	2.2e-23	112.5
NCVOG0029-consensus	NODE_43_length_35665_cov_32.724289	31.68	382	191	70	38	350	8704	9841	4.6e-20	103.6
NCVOG0029-consensus	NODE_1311_length_5580_cov_28.764492	27.76	389	139	142	151	398	2393	3551	1.1e-12	76.4
NCVOG0706-consensus	NODE_886_length_8115_cov_29.674048	29.63	405	222	63	64	411	4605	5788	3.4e-19	98.2
NCVOG1326-consensus	NODE_2370_length_2388_cov_47.018607	49.19	124	63	0	26	149	2306	1938	7.4e-32	137.0
NCVOG0036-consensus	NODE_725_length_9499_cov_28.480153	45.69	116	62	1	105	219	6853	7197	5.2e-15	84.1
NCVOG0222-consensus	NODE_408_length_14178_cov_28.796894	25.99	377	259	20	120	492	7748	8827	6.4e-16	88.4
NCVOG0222-consensus	NODE_2807_length_1690_cov_26.613763	27.12	365	241	25	72	416	1669	593	2.6e-14	80.0
NCVOG0222-consensus	NODE_697_length_9983_cov_35.791742	23.98	246	187	0	255	500	5574	4840	2.1e-12	76.2
NCVOG0222-consensus	NODE_932_length_7721_cov_33.537153	25.36	422	285	30	87	501	3314	2121	8.5e-11	70.5
NCVOG0014-consensus	NODE_2235_length_2658_cov_29.387059	31.05	219	151	0	131	349	1518	865	3.1e-23	110.3
NCVOG0014-consensus	NODE_375_length_14814_cov_34.141481	27.27	198	144	0	142	339	9810	10400	5e-17	92.2
NCVOG0014-consensus	NODE_375_length_14814_cov_34.141481	27.32	205	149	0	142	346	5917	6528	3e-14	82.9
NCVOG0002-consensus	NODE_628_length_10845_cov_33.141995	31.85	496	297	41	332	818	8836	10224	6e-33	145.2
NCVOG0002-consensus	NODE_924_length_7812_cov_26.232450	33.14	513	297	46	332	832	6065	4632	2.7e-31	139.3
NCVOG2775-consensus	NODE_2013_length_3215_cov_31.373486	32.80	250	163	5	156	403	2715	1978	6.2e-28	126.3
NCVOG2775-consensus	NODE_733_length_9412_cov_29.332941	30.34	356	230	18	55	402	8884	7850	1.9e-24	116.3
NCVOG2775-consensus	NODE_109_length_25395_cov_28.908563	34.32	271	138	40	182	413	6853	6047	2.6e-22	110.6
NCVOG2775-consensus	NODE_67_length_30596_cov_31.223467	26.79	321	211	24	91	403	30371	29474	8.1e-14	82.7
NCVOG2775-consensus	NODE_833_length_8584_cov_32.704361	29.22	332	211	24	92	404	3016	2045	4.7e-13	78.3
NCVOG2775-consensus	NODE_203_length_19331_cov_32.627298	32.81	192	117	12	225	415	16563	16026	2.2e-12	77.2
NCVOG0893-consensus	NODE_1014_length_7203_cov_32.976003	32.14	448	229	75	104	480	4823	3497	9.2e-39	163.9
NCVOG0275-consensus	NODE_2150_length_2848_cov_24.981234	31.75	189	98	31	7	164	1186	623	5.4e-12	71.6
NCVOG0729-consensus	NODE_299_length_16374_cov_34.839357	31.92	589	208	193	2	408	13672	15380	1.1e-14	84.6
NCVOG5103-consensus	NODE_1639_length_4264_cov_29.398137	50.00	206	65	38	309	508	2583	2067	3.1e-22	108.6
NCVOG5103-consensus	NODE_3522_length_966_cov_20.355456	29.79	188	124	8	317	502	734	192	2.3e-14	80.4
NCVOG4874-consensus	NODE_1003_length_7290_cov_30.079717	38.19	398	145	101	48	365	3385	4510	9.7e-39	162.7
NCVOG4874-consensus	NODE_1127_length_6561_cov_28.400247	40.47	430	126	130	53	366	6046	4806	6.7e-29	129.9
NCVOG4423-consensus	NODE_1940_length_3405_cov_27.795673	35.54	121	78	0	82	202	606	247	8.3e-13	74.8
NCVOG1136-consensus	NODE_928_length_7727_cov_29.242222	51.83	328	130	28	178	479	1016	1990	5.7e-96	353.3
NCVOG1049-consensus	NODE_133_length_23450_cov_33.578830	34.51	255	130	37	88	316	23116	22392	3e-17	92.9
NCVOG4419-consensus	NODE_1940_length_3405_cov_27.795673	27.15	221	154	7	188	401	867	208	7.6e-11	69.2
NCVOG4655-consensus	NODE_45_length_34765_cov_32.970422	39.08	238	112	33	76	305	25320	25941	5.7e-13	79.5
NCVOG0901-consensus	NODE_19_length_43790_cov_33.160021	40.20	199	73	46	32	184	30437	31022	2.6e-18	96.4
NCVOG2980-consensus	NODE_412_length_14123_cov_33.603802	35.65	519	260	74	30	474	10111	11658	9.6e-19	97.6
NCVOG0652-consensus	NODE_629_length_10833_cov_33.200446	27.38	347	228	24	75	413	1265	276	2.4e-20	102.4
NCVOG0652-consensus	NODE_172_length_21276_cov_33.077456	25.30	336	225	26	92	418	15627	14674	2.9e-18	96.5
NCVOG0652-consensus	NODE_7513_length_256_cov_31.581006	41.03	78	45	1	215	292	233	6	1.4e-11	67.9
NCVOG0835-consensus	NODE_1419_length_5075_cov_30.546218	34.53	139	85	6	128	261	1787	2197	3.6e-13	76.8
NCVOG0835-consensus	NODE_1419_length_5075_cov_30.546218	41.10	73	43	0	45	117	941	1156	3.6e-13	76.8
NCVOG1062-consensus	NODE_2290_length_2542_cov_3.428803	30.10	309	205	11	130	429	2469	1552	2e-17	90.8
NCVOG1062-consensus	NODE_2979_length_1482_cov_239.745907	34.46	177	110	6	134	304	533	6	2.3e-16	86.5
NCVOG1062-consensus	NODE_738_length_9368_cov_82.132443	30.52	213	138	10	163	367	4934	5563	1.2e-15	86.8
NCVOG4522-consensus	NODE_1353_length_5348_cov_18.065832	50.49	103	50	1	260	361	1088	1393	9.4e-16	86.2
NCVOG1352-consensus	NODE_2983_length_1477_cov_16.550000	31.25	144	68	31	61	176	843	426	2.7e-11	68.6
NCVOG4422-consensus	NODE_2417_length_2309_cov_28.916219	21.84	316	223	24	14	317	1975	1067	9.2e-11	68.1
NCVOG0052-consensus	NODE_486_length_13048_cov_32.458022	35.62	146	84	10	35	178	3841	3437	1e-17	93.1
NCVOG0052-consensus	NODE_768_length_9096_cov_30.407917	36.47	85	51	3	36	120	2512	2754	2.8e-12	74.5
NCVOG4122-consensus	NODE_330_length_15842_cov_39.371012	28.65	363	233	26	92	449	1779	2801	2.4e-23	113.1
NCVOG4122-consensus	NODE_1940_length_3405_cov_27.795673	33.85	195	126	3	86	277	792	211	1e-22	108.7
NCVOG4122-consensus	NODE_1573_length_4482_cov_28.829739	30.23	344	219	21	121	460	3155	4132	2.2e-16	88.1
NCVOG4122-consensus	NODE_1009_length_7253_cov_29.061455	27.55	461	281	53	14	460	562	1824	2.3e-15	85.4
NCVOG4122-consensus	NODE_3566_length_936_cov_33.519208	29.34	259	162	21	178	431	42	767	1.4e-13	76.5
NCVOG4122-consensus	NODE_1722_length_4012_cov_30.033799	27.85	316	211	17	152	466	3611	2715	3.5e-12	74.0
NCVOG4122-consensus	NODE_1257_length_5817_cov_29.667944	26.12	291	194	21	152	437	1646	825	3.3e-11	71.3
NCVOG4122-consensus	NODE_2129_length_2913_cov_37.132934	28.26	368	243	21	95	461	1489	2529	4.2e-11	69.9
NCVOG4122-consensus	NODE_379_length_14727_cov_64.391468	32.03	256	162	12	182	436	507	1238	5.7e-11	71.8
NCVOG4122-consensus	NODE_1664_length_4172_cov_37.318437	25.00	352	243	21	122	471	1742	747	8.8e-11	69.4
NCVOG0032-consensus	NODE_659_length_10463_cov_28.491334	27.41	912	489	173	7	822	4081	6566	1.1e-23	114.5
NCVOG0032-consensus	NODE_666_length_10421_cov_29.735209	29.55	626	361	80	243	814	6401	4625	2.4e-14	83.5
NCVOG0032-consensus	NODE_468_length_13278_cov_30.147262	28.24	726	333	188	310	848	11681	9526	1.2e-13	81.5
NCVOG0032-consensus	NODE_412_length_14123_cov_33.603802	31.41	347	201	37	550	870	2695	3683	8.8e-13	78.7
NCVOG0032-consensus	NODE_1271_length_5742_cov_29.443954	27.05	499	304	60	364	820	3695	5122	1.4e-12	76.7
NCVOG0032-consensus	NODE_680_length_10174_cov_40.195306	28.03	635	401	56	293	882	1352	3200	5.6e-12	75.6
NCVOG0302-consensus	NODE_712_length_9698_cov_30.433323	32.56	215	134	11	328	535	8784	9413	2.4e-22	109.2
NCVOG0302-consensus	NODE_67_length_30596_cov_31.223467	29.76	289	188	15	260	535	1470	2327	1.6e-21	108.2
NCVOG0302-consensus	NODE_550_length_11931_cov_30.823604	32.24	245	135	31	266	479	7256	6529	2.4e-18	96.2
NCVOG0302-consensus	NODE_1684_length_4118_cov_29.421183	31.58	171	115	2	3	173	999	1502	2.4e-16	88.1
NCVOG0302-consensus	NODE_1084_length_6730_cov_34.870735	33.92	171	103	10	379	543	2117	1620	1.7e-14	82.7
NCVOG0302-consensus	NODE_1692_length_4094_cov_34.938760	27.06	170	122	2	1	170	1525	2025	4.2e-12	74.0
NCVOG0302-consensus	NODE_1871_length_3553_cov_18.592060	28.40	250	121	58	283	479	1997	2724	1.3e-11	72.1
NCVOG0302-consensus	NODE_1528_length_4692_cov_27.292741	27.55	196	131	11	1	190	3209	2640	1.8e-11	72.1
NCVOG0302-consensus	NODE_1104_length_6638_cov_37.516994	26.79	209	146	7	267	472	2766	2155	2.5e-11	72.1
NCVOG1127-consensus	NODE_2886_length_1605_cov_47.653796	26.73	202	131	17	76	268	67	645	2.2e-26	120.2
NCVOG0985-consensus	NODE_124_length_24267_cov_34.330591	31.60	307	155	55	92	344	8636	9548	3.7e-60	236.1
NCVOG2900-consensus	NODE_1940_length_3405_cov_27.795673	28.32	173	124	0	14	186	762	247	4.6e-12	72.2
NCVOG0025-consensus	NODE_189_length_20396_cov_34.642551	28.88	412	231	62	113	521	19851	18796	4.3e-24	116.0
NCVOG0025-consensus	NODE_1647_length_4228_cov_33.119007	25.30	411	269	38	102	496	630	1791	1.7e-17	91.9
NCVOG0025-consensus	NODE_629_length_10833_cov_33.200446	25.07	367	255	20	131	487	4229	3172	1.8e-14	83.2
NCVOG0025-consensus	NODE_638_length_10753_cov_31.441738	26.67	390	229	57	104	487	8805	7792	1.7e-13	80.0
NCVOG0025-consensus	NODE_2278_length_2569_cov_30.534912	27.98	218	123	34	328	518	1113	1742	2.6e-13	77.2
NCVOG0025-consensus	NODE_855_length_8352_cov_30.509245	29.28	181	117	11	310	488	7339	7851	3.3e-13	78.6
NCVOG0025-consensus	NODE_74_length_29590_cov_29.626131	24.74	481	313	49	17	491	17768	16458	5.5e-13	79.7
NCVOG0025-consensus	NODE_620_length_11002_cov_27.694554	25.69	401	259	39	113	502	8825	9934	7.6e-13	77.8
NCVOG0025-consensus	NODE_1085_length_6729_cov_29.494438	28.41	454	234	91	102	500	4808	6050	2.1e-12	75.6
NCVOG0025-consensus	NODE_316_length_16102_cov_33.587332	23.41	410	265	49	128	491	14860	13645	2.4e-12	76.7
NCVOG0025-consensus	NODE_752_length_9227_cov_31.712022	23.59	390	242	56	106	491	3667	2657	6.1e-12	74.5
NCVOG0025-consensus	NODE_74_length_29590_cov_29.626131	28.07	285	165	40	235	508	801	1565	4.1e-11	73.5
NCVOG0271-consensus	NODE_566_length_11676_cov_34.884473	29.51	1142	645	160	155	1153	3494	145	9.5e-74	281.4
NCVOG0271-consensus	NODE_1061_length_6849_cov_36.115032	49.28	485	203	43	711	1153	4032	5476	1.4e-73	280.0
NCVOG0271-consensus	NODE_1061_length_6849_cov_36.115032	36.28	689	355	84	179	789	876	2921	7.8e-69	264.3
NCVOG0271-consensus	NODE_906_length_7963_cov_36.385493	35.45	1210	666	115	27	1153	1665	5193	5.9e-68	261.6
NCVOG0078-consensus	NODE_2711_length_1803_cov_48.575898	52.59	116	51	4	72	187	359	27	9.6e-22	103.7
NCVOG0451-consensus	NODE_1940_length_3405_cov_27.795673	34.09	220	145	0	122	341	849	193	2.9e-27	123.7
NCVOG0451-consensus	NODE_379_length_14727_cov_64.391468	30.97	226	140	16	147	372	594	1220	1.9e-11	73.2
NCVOG0541-consensus	NODE_639_length_10746_cov_35.833818	27.56	283	151	54	15	245	1306	467	2.4e-12	75.2
NCVOG1351-consensus	NODE_377_length_14736_cov_32.359438	28.60	465	281	51	73	506	1411	82	6.5e-11	71.8
NCVOG0301-consensus	NODE_67_length_30596_cov_31.223467	30.43	276	177	15	264	528	1482	2294	3.1e-19	100.6
NCVOG0301-consensus	NODE_550_length_11931_cov_30.823604	32.26	248	135	33	266	481	7256	6523	3.6e-18	95.7
NCVOG0301-consensus	NODE_712_length_9698_cov_30.433323	27.69	325	185	50	256	535	8459	9413	1e-16	90.5
NCVOG0301-consensus	NODE_1084_length_6730_cov_34.870735	33.79	145	88	8	394	534	2072	1653	7.2e-13	77.2
NCVOG0301-consensus	NODE_536_length_12139_cov_34.649892	28.72	188	103	31	327	486	1295	1846	8.5e-12	74.5
NCVOG0001-consensus	NODE_104_length_25647_cov_33.308330	42.71	288	141	24	313	595	4524	5327	2.4e-46	190.6
NCVOG0001-consensus	NODE_321_length_15962_cov_30.639345	42.06	233	97	38	358	554	12237	12922	1.7e-33	147.2
NCVOG0001-consensus	NODE_1693_length_4093_cov_26.838147	42.29	253	127	19	320	565	2723	2004	2.4e-29	131.5
NCVOG0001-consensus	NODE_1693_length_4093_cov_26.838147	40.00	240	127	17	333	566	1789	1106	7.4e-37	156.4
NCVOG0001-consensus	NODE_542_length_12068_cov_31.598532	37.16	261	142	22	306	555	5906	6652	1.2e-24	117.4
NCVOG0001-consensus	NODE_542_length_12068_cov_31.598532	39.18	245	115	34	337	556	4979	5683	1.1e-22	110.8
NCVOG0001-consensus	NODE_529_length_12241_cov_31.902335	49.78	229	103	12	327	555	10642	9995	2.2e-24	116.5
NCVOG0001-consensus	NODE_1299_length_5640_cov_34.702678	30.46	302	163	47	351	624	3716	4557	3e-23	111.7
NCVOG0001-consensus	NODE_76_length_29279_cov_42.305527	45.35	172	77	17	333	498	8505	8026	2.5e-20	104.3
NCVOG0001-consensus	NODE_281_length_16862_cov_34.845040	36.19	268	125	46	351	591	16033	15294	3.7e-16	89.7
NCVOG0001-consensus	NODE_133_length_23450_cov_33.578830	37.55	245	136	17	327	567	3262	3954	4.9e-15	86.4
NCVOG0001-consensus	NODE_382_length_14613_cov_29.115713	34.25	292	133	59	357	600	674	1505	2.4e-14	83.5
NCVOG0001-consensus	NODE_1009_length_7253_cov_29.061455	32.49	197	123	10	340	535	3510	4070	9.5e-14	80.5
NCVOG2058-consensus	NODE_1940_length_3405_cov_27.795673	34.93	229	149	0	111	339	876	193	2.9e-28	126.9
NCVOG2058-consensus	NODE_2891_length_1598_cov_30.571992	32.31	195	122	10	143	337	1147	596	8.9e-16	84.4
NCVOG2058-consensus	NODE_2790_length_1712_cov_22.732722	27.61	268	175	19	104	367	1377	622	1.6e-14	80.3
NCVOG2058-consensus	NODE_2700_length_1819_cov_31.249139	30.42	263	169	14	113	375	1488	745	3.6e-14	79.2
NCVOG2058-consensus	NODE_2785_length_1720_cov_23.785758	30.22	225	139	18	149	370	292	918	6e-14	78.4
NCVOG2058-consensus	NODE_3266_length_1173_cov_18.837591	28.00	250	160	20	91	337	716	21	7.1e-14	77.6
NCVOG2058-consensus	NODE_2147_length_2854_cov_29.315088	33.22	286	163	28	91	371	1231	446	1e-13	78.4
NCVOG2058-consensus	NODE_1009_length_7253_cov_29.061455	30.00	290	174	29	91	374	1222	2019	2.5e-13	78.4
NCVOG2058-consensus	NODE_1573_length_4482_cov_28.829739	35.22	247	143	17	91	337	3446	4132	1e-12	75.7
NCVOG2058-consensus	NODE_330_length_15842_cov_39.371012	25.68	257	176	15	119	374	1791	2516	2.5e-12	76.2
NCVOG2058-consensus	NODE_1722_length_4012_cov_30.033799	30.88	272	173	15	66	337	3668	2901	1.5e-11	71.6
NCVOG2058-consensus	NODE_2546_length_2088_cov_27.271507	30.74	283	180	16	91	373	1711	914	3e-11	69.7
NCVOG2058-consensus	NODE_2707_length_1812_cov_28.687608	29.39	279	178	19	98	372	343	1131	3.8e-11	69.2
NCVOG2058-consensus	NODE_3175_length_1256_cov_36.721798	26.22	267	183	14	110	376	1150	395	3.8e-11	68.6
NCVOG2058-consensus	NODE_1664_length_4172_cov_37.318437	29.39	228	149	12	91	318	1643	999	5e-11	70.0
NCVOG2058-consensus	NODE_1664_length_4172_cov_37.318437	27.27	253	164	20	119	368	3764	3060	5e-11	70.0
NCVOG2058-consensus	NODE_1205_length_6099_cov_26.832282	28.34	247	160	17	115	361	421	1107	5e-11	70.5
NCVOG2058-consensus	NODE_2366_length_2390_cov_25.474708	28.15	302	201	16	66	367	713	1567	8.8e-11	68.4
NCVOG0066-consensus	NODE_469_length_13275_cov_33.262312	31.42	331	207	20	116	439	8320	9262	3.9e-19	99.2
NCVOG0066-consensus	NODE_112_length_25214_cov_34.785217	30.09	319	191	32	113	409	14021	13098	3e-13	80.5
NCVOG0038-consensus	NODE_891_length_8079_cov_41.471632	25.96	674	330	169	320	836	4506	2540	6.3e-25	118.6
NCVOG0038-consensus	NODE_522_length_12410_cov_30.242115	31.49	940	422	222	224	950	8498	11273	1.1e-15	88.5
NCVOG0228-consensus	NODE_1429_length_5047_cov_33.258753	29.92	712	440	59	258	921	1104	3201	7.2e-23	110.8
NCVOG0228-consensus	NODE_34_length_37811_cov_31.318201	27.33	633	337	123	361	887	8648	6812	9.6e-14	83.4
NCVOG0218-consensus	NODE_1697_length_4080_cov_22.016238	34.38	672	326	115	344	923	4026	2097	1.3e-13	80.0
NCVOG0218-consensus	NODE_2065_length_3097_cov_7.709272	32.63	714	377	104	350	984	474	2491	1.9e-13	79.1
NCVOG0218-consensus	NODE_1483_length_4844_cov_22.008181	34.98	626	295	112	365	899	49	1852	6.2e-12	74.7
NCVOG0218-consensus	NODE_725_length_9499_cov_28.480153	33.53	516	286	57	462	946	9498	8042	2.3e-11	73.8
NCVOG0218-consensus	NODE_2068_length_3076_cov_15.013004	35.24	647	308	111	362	918	2469	629	3.9e-11	71.4
NCVOG0218-consensus	NODE_1646_length_4230_cov_18.698772	32.77	656	353	88	339	914	4191	2297	5.3e-11	71.4
NCVOG4344-consensus	NODE_109_length_25395_cov_28.908563	26.18	340	231	20	34	367	6937	5963	9e-12	75.4
NCVOG0670-consensus	NODE_391_length_14450_cov_41.598414	31.13	106	67	6	327	431	11336	11037	7.9e-17	91.8
NCVOG4170-consensus	NODE_130_length_23662_cov_31.763155	35.50	169	107	2	129	295	642	1143	1.5e-24	117.2
