NCVOG0719-consensus	NODE_22_length_253920_cov_14.087361	29.06	265	163	25	21	261	241497	240711	8.8e-14	81.6
NCVOG1069-consensus	NODE_3_length_456261_cov_13.924154	33.73	166	101	9	95	256	423587	424066	1.2e-15	89.0
NCVOG2772-consensus	NODE_38_length_186903_cov_13.806548	25.83	484	313	46	5	466	14220	15578	6.3e-13	80.0
NCVOG0321-consensus	NODE_554_length_424_cov_38.922190	38.69	137	81	3	360	493	411	4	7.2e-20	94.7
NCVOG0321-consensus	NODE_75_length_114253_cov_15.608578	25.06	415	264	47	124	503	60626	61831	2.3e-15	87.9
NCVOG4739-consensus	NODE_98_length_79615_cov_13.740439	32.83	198	113	20	27	215	14351	13796	1.5e-11	73.4
NCVOG0669-consensus	NODE_52_length_151205_cov_13.696154	29.56	203	136	7	268	467	27963	28556	1.5e-11	75.4
NCVOG0669-consensus	NODE_2_length_480184_cov_14.072998	25.29	344	213	44	122	426	126158	127171	4.7e-11	73.8
NCVOG0333-consensus	NODE_166_length_25563_cov_14.348780	41.67	120	52	18	599	709	20276	19947	2.3e-11	72.9
NCVOG0233-consensus	NODE_103_length_74131_cov_14.134798	38.64	792	382	104	104	795	50070	47710	5.9e-60	236.1
NCVOG0233-consensus	NODE_70_length_123395_cov_14.360896	36.14	902	473	103	43	847	109793	112471	4.2e-58	230.7
NCVOG0233-consensus	NODE_19_length_267550_cov_15.292613	25.59	465	302	44	239	677	160547	159212	1.3e-30	139.3
NCVOG0233-consensus	NODE_33_length_198618_cov_13.995140	24.09	855	542	107	29	817	75676	78102	5.9e-29	134.1
NCVOG0233-consensus	NODE_42_length_171934_cov_14.037954	29.40	704	336	161	131	674	117713	115614	4.7e-28	131.2
NCVOG0233-consensus	NODE_121_length_56997_cov_13.953602	26.46	907	497	170	97	847	1737	4412	7.7e-27	125.7
NCVOG0233-consensus	NODE_31_length_204686_cov_13.736409	29.48	648	351	106	137	689	87176	85269	2.8e-21	108.6
NCVOG0233-consensus	NODE_47_length_156614_cov_13.926586	24.55	884	509	158	123	860	108030	105426	5.9e-17	94.3
NCVOG0233-consensus	NODE_155_length_32932_cov_14.356749	28.43	714	380	131	133	723	13940	16046	2.9e-14	83.1
NCVOG0233-consensus	NODE_7_length_397553_cov_14.021601	26.84	708	310	208	150	660	343953	346026	7.2e-14	83.4
NCVOG0023-consensus	NODE_198_length_11565_cov_14.632573	30.89	505	308	41	373	846	1667	186	1.9e-44	181.9
NCVOG0023-consensus	NODE_280_length_2560_cov_10.855417	28.65	342	215	29	480	805	1425	442	4.5e-22	105.4
NCVOG0023-consensus	NODE_224_length_5877_cov_15.491207	28.12	448	272	50	399	806	3749	2445	1e-21	105.4
NCVOG0013-consensus	NODE_21_length_261149_cov_13.865528	26.77	254	149	37	122	339	246411	247166	5.9e-13	80.0
NCVOG0073-consensus	NODE_36_length_192384_cov_13.859662	39.00	641	341	50	29	640	102386	104242	6e-96	356.8
NCVOG0073-consensus	NODE_51_length_151742_cov_13.980984	39.44	611	347	23	29	636	49907	48138	1.5e-66	259.2
NCVOG0073-consensus	NODE_79_length_108298_cov_13.646390	36.53	668	377	47	30	679	72419	70514	2.9e-59	234.5
NCVOG0073-consensus	NODE_62_length_140895_cov_14.034342	34.81	497	298	26	20	508	134706	136139	3.4e-57	228.0
NCVOG0073-consensus	NODE_16_length_307494_cov_27.512719	35.73	655	381	40	22	666	233341	231470	4.6e-54	217.7
NCVOG0073-consensus	NODE_106_length_72799_cov_13.682489	29.03	658	407	60	29	644	18784	16872	1.2e-49	201.9
NCVOG0073-consensus	NODE_25_length_235869_cov_14.032457	29.41	425	253	47	19	408	217182	215949	1.3e-39	168.8
NCVOG0073-consensus	NODE_3_length_456261_cov_13.924154	24.64	556	366	53	15	522	380664	379019	6.7e-34	150.7
NCVOG0898-consensus	NODE_38_length_186903_cov_13.806548	23.33	600	407	53	133	715	13798	15480	2.9e-11	75.3
NCVOG4523-consensus	NODE_100_length_78672_cov_14.327553	30.86	418	238	51	379	792	46984	45887	5.3e-27	127.1
NCVOG4523-consensus	NODE_64_length_137282_cov_14.319806	49.17	181	58	34	674	823	137179	136649	1.5e-24	119.7
NCVOG4523-consensus	NODE_168_length_24822_cov_13.489675	28.55	739	365	163	76	677	2216	99	7.6e-15	85.0
NCVOG1353-consensus	NODE_14_length_321701_cov_14.654051	58.23	735	237	70	99	764	122238	124430	2.7e-34	151.8
NCVOG1353-consensus	NODE_22_length_253920_cov_14.087361	49.37	79	40	0	701	779	20128	20361	2.4e-12	78.8
NCVOG0055-consensus	NODE_114_length_65326_cov_13.829407	31.23	285	133	63	182	404	32268	33112	1.4e-21	107.4
NCVOG0055-consensus	NODE_14_length_321701_cov_14.654051	33.33	201	113	21	193	372	5906	6505	3.7e-16	90.6
NCVOG4105-consensus	NODE_36_length_192384_cov_13.859662	35.69	1101	533	175	14	952	7775	4537	1.2e-34	153.4
NCVOG4105-consensus	NODE_92_length_89598_cov_13.919594	22.03	958	573	174	13	893	88227	85656	5.1e-11	74.2
NCVOG0245-consensus	NODE_116_length_62598_cov_13.683722	30.69	290	190	11	32	316	12276	11434	4.9e-29	131.7
NCVOG0305-consensus	NODE_110_length_67906_cov_14.240546	34.69	196	122	6	1334	1527	34282	34854	3.3e-20	104.8
NCVOG0305-consensus	NODE_27_length_225379_cov_13.881368	31.08	251	161	12	784	1034	69285	68572	4.2e-20	105.6
NCVOG0305-consensus	NODE_49_length_152158_cov_27.820874	29.47	207	142	4	822	1027	42729	43337	5.6e-18	98.5
NCVOG0305-consensus	NODE_15_length_315256_cov_13.987769	38.99	159	90	7	1353	1506	187168	186707	2.5e-17	96.4
NCVOG0305-consensus	NODE_77_length_110473_cov_14.081932	32.21	208	133	8	1312	1515	93441	94049	9.5e-16	90.7
NCVOG0305-consensus	NODE_107_length_72074_cov_14.018959	29.80	198	131	8	1355	1548	38499	39077	2.6e-13	82.0
NCVOG0305-consensus	NODE_41_length_173259_cov_14.106564	33.33	180	110	10	1355	1530	110802	111320	4.4e-13	82.3
NCVOG0305-consensus	NODE_22_length_253920_cov_14.087361	31.96	194	120	12	1355	1542	113710	113152	7.7e-13	81.5
NCVOG0305-consensus	NODE_57_length_146610_cov_13.982393	37.40	131	76	6	1421	1549	93708	94079	1.5e-11	77.1
NCVOG0248-consensus	NODE_11_length_347891_cov_22.511981	31.24	541	278	94	25	502	217945	219463	1e-17	96.0
NCVOG4804-consensus	NODE_38_length_186903_cov_13.806548	62.04	108	33	8	68	175	116789	117085	8.3e-24	114.9
NCVOG4804-consensus	NODE_19_length_267550_cov_15.292613	74.29	70	18	0	106	175	7273	7067	2e-18	97.0
NCVOG0282-consensus	NODE_27_length_225379_cov_13.881368	25.63	558	352	63	49	590	70050	68533	4.6e-21	107.9
NCVOG0282-consensus	NODE_41_length_173259_cov_14.106564	25.99	608	378	72	17	584	109741	111431	3.4e-16	91.7
NCVOG0282-consensus	NODE_26_length_229228_cov_13.736925	27.49	422	280	26	285	689	152505	151276	7.2e-16	89.8
NCVOG0282-consensus	NODE_77_length_110473_cov_14.081932	23.94	710	413	127	52	666	92462	94468	6.2e-15	87.1
NCVOG0282-consensus	NODE_22_length_253920_cov_14.087361	26.25	339	221	29	194	522	114232	113282	6.3e-14	84.2
NCVOG0282-consensus	NODE_110_length_67906_cov_14.240546	28.65	342	213	31	208	526	33799	34791	1e-13	82.4
NCVOG0282-consensus	NODE_15_length_315256_cov_13.987769	22.43	682	454	75	6	634	188305	186335	5.7e-13	81.0
NCVOG0282-consensus	NODE_107_length_72074_cov_14.018959	24.44	585	336	106	216	725	37980	39634	1.7e-11	75.1
NCVOG0282-consensus	NODE_46_length_158093_cov_13.910857	26.13	444	259	69	201	592	155741	157012	1.7e-11	72.0
NCVOG0282-consensus	NODE_36_length_192384_cov_13.859662	27.03	444	257	67	174	581	90384	89163	1.7e-11	76.1
NCVOG0282-consensus	NODE_12_length_337168_cov_14.031793	23.38	278	196	17	185	456	44594	43799	3.1e-11	75.3
NCVOG0844-consensus	NODE_211_length_7863_cov_15.860647	29.38	211	132	17	4	197	1478	2107	3.6e-14	79.1
NCVOG4883-consensus	NODE_4_length_453383_cov_14.078176	28.82	465	239	92	60	460	411288	412589	7e-20	103.1
NCVOG2979-consensus	NODE_107_length_72074_cov_14.018959	29.90	194	134	2	57	249	28507	29082	1.1e-17	93.8
NCVOG0360-consensus	NODE_14_length_321701_cov_14.654051	43.10	297	161	8	24	315	174967	175845	2.7e-54	216.9
NCVOG0979-consensus	NODE_3_length_456261_cov_13.924154	46.27	322	145	28	33	328	442031	442983	2.4e-40	170.7
NCVOG0274-consensus	NODE_10_length_355179_cov_14.265048	34.28	1447	731	220	100	1377	131480	127304	2.8e-78	298.7
NCVOG0274-consensus	NODE_33_length_198618_cov_13.995140	37.20	1473	740	185	56	1368	180846	185176	2.5e-59	234.2
NCVOG0274-consensus	NODE_95_length_85391_cov_14.059838	29.85	1283	686	214	112	1220	41995	38296	8.3e-33	146.8
NCVOG0074-consensus	NODE_36_length_192384_cov_13.859662	62.54	622	208	25	14	610	102383	104245	2.9e-179	633.0
NCVOG0074-consensus	NODE_51_length_151742_cov_13.980984	57.35	619	252	12	15	627	49907	48072	4.5e-176	622.4
NCVOG0074-consensus	NODE_16_length_307494_cov_27.512719	44.71	624	326	19	8	625	233341	231512	3.3e-129	466.7
NCVOG0074-consensus	NODE_79_length_108298_cov_13.646390	45.35	602	311	18	27	623	72384	70621	2.8e-128	463.2
NCVOG0074-consensus	NODE_62_length_140895_cov_14.034342	39.53	511	295	14	2	503	134694	136208	1.8e-81	308.1
NCVOG0074-consensus	NODE_106_length_72799_cov_13.682489	34.06	643	379	45	10	608	18799	16887	4.1e-64	249.5
NCVOG0074-consensus	NODE_3_length_456261_cov_13.924154	28.91	543	327	59	26	510	380586	378970	4.3e-50	203.9
NCVOG0074-consensus	NODE_25_length_235869_cov_14.032457	29.81	671	387	84	7	601	217176	215193	9.4e-30	135.5
NCVOG0074-consensus	NODE_171_length_22347_cov_12.399820	27.09	395	259	29	37	403	2185	1011	2.6e-19	98.9
NCVOG1299-consensus	NODE_15_length_315256_cov_13.987769	55.06	89	27	13	56	131	280542	280279	3.4e-12	75.9
NCVOG1196-consensus	NODE_38_length_186903_cov_13.806548	28.79	646	404	56	203	820	14011	15853	3.3e-23	115.4
NCVOG1196-consensus	NODE_35_length_193329_cov_14.106633	24.77	662	461	37	321	969	165334	163436	5.3e-19	99.7
NCVOG1196-consensus	NODE_31_length_204686_cov_13.736409	21.69	899	630	74	75	935	118372	120951	2.8e-15	89.1
NCVOG0064-consensus	NODE_59_length_144711_cov_13.684791	24.86	358	233	36	23	356	98949	99983	1.1e-12	79.2
NCVOG4324-consensus	NODE_6_length_416142_cov_14.063836	30.04	486	274	66	150	600	231364	230005	9.6e-23	113.0
NCVOG4134-consensus	NODE_6_length_416142_cov_14.063836	32.37	482	254	72	39	458	287569	286163	1.2e-27	128.9
NCVOG0334-consensus	NODE_102_length_74594_cov_13.740569	36.57	350	177	45	6	314	5200	4170	4.2e-21	105.6
NCVOG0304-consensus	NODE_107_length_72074_cov_14.018959	37.07	116	70	3	97	212	38493	38828	4.3e-11	72.9
NCVOG0214-consensus	NODE_27_length_225379_cov_13.881368	27.70	343	223	25	373	694	173994	174999	4.5e-16	90.2
NCVOG0214-consensus	NODE_14_length_321701_cov_14.654051	30.66	274	174	16	271	532	292558	293360	1.4e-13	82.9
NCVOG0214-consensus	NODE_47_length_156614_cov_13.926586	29.55	291	175	30	273	543	115436	116265	6.1e-12	77.5
NCVOG0214-consensus	NODE_39_length_184613_cov_14.069520	35.29	238	135	19	312	536	55915	56601	2.3e-11	75.6
NCVOG0214-consensus	NODE_35_length_193329_cov_14.106633	22.91	681	470	55	47	720	165592	163715	7.7e-11	72.0
NCVOG0004-consensus	NODE_4_length_453383_cov_14.078176	30.20	245	151	20	43	279	380652	381347	1e-16	93.0
NCVOG0276-consensus	NODE_11_length_347891_cov_22.511981	55.99	359	89	69	46	335	274429	273356	2.7e-55	220.4
NCVOG4882-consensus	NODE_41_length_173259_cov_14.106564	34.92	378	216	30	373	729	43286	42189	7.1e-26	124.1
NCVOG4882-consensus	NODE_88_length_92928_cov_14.484831	35.54	166	102	5	766	928	40324	39836	2.2e-11	75.3
NCVOG2204-consensus	NODE_61_length_142167_cov_13.980182	27.29	469	241	100	73	442	54765	56159	5.7e-22	109.9
NCVOG0777-consensus	NODE_11_length_347891_cov_22.511981	30.39	408	236	48	154	519	41210	42404	1.3e-17	97.2
NCVOG0777-consensus	NODE_4_length_453383_cov_14.078176	39.66	179	81	27	151	311	156455	156961	3.9e-15	89.0
NCVOG0777-consensus	NODE_11_length_347891_cov_22.511981	31.40	328	202	23	165	480	42234	41291	2.9e-14	86.1
NCVOG0777-consensus	NODE_110_length_67906_cov_14.240546	36.16	177	94	19	143	311	40034	40528	1.9e-12	78.9
NCVOG0777-consensus	NODE_84_length_97122_cov_13.609900	31.25	272	158	29	150	409	74574	73817	4.9e-12	78.1
NCVOG0777-consensus	NODE_85_length_96670_cov_13.673413	37.20	207	108	22	149	341	15326	14737	1.4e-11	76.5
NCVOG4966-consensus	NODE_38_length_186903_cov_13.806548	27.46	397	253	35	34	419	14526	15641	5.3e-17	93.6
NCVOG0185-consensus	NODE_1046_length_223_cov_5.486301	51.95	77	34	3	36	111	222	5	9.5e-14	72.5
NCVOG0185-consensus	NODE_1005_length_238_cov_0.881579	40.28	72	43	0	42	113	237	25	5.8e-13	70.0
NCVOG0185-consensus	NODE_35_length_193329_cov_14.106633	36.26	171	83	26	36	186	177697	178184	2.5e-11	72.0
NCVOG0030-consensus	NODE_25_length_235869_cov_14.032457	34.86	525	238	104	28	472	53160	54655	4.6e-27	127.7
NCVOG0030-consensus	NODE_9_length_388834_cov_13.971944	28.55	550	228	165	97	500	37130	35543	1.2e-26	126.3
NCVOG4494-consensus	NODE_140_length_41721_cov_14.038733	35.91	181	109	7	55	229	10127	10659	5e-13	78.6
NCVOG4494-consensus	NODE_54_length_148705_cov_14.090716	34.25	181	115	4	15	193	94459	94992	1e-12	79.5
NCVOG4494-consensus	NODE_75_length_114253_cov_15.608578	27.40	365	246	19	41	393	17044	15980	2.3e-11	74.6
NCVOG0077-consensus	NODE_62_length_140895_cov_14.034342	30.53	393	241	32	339	714	102375	101245	7.5e-28	130.1
NCVOG0077-consensus	NODE_155_length_32932_cov_14.356749	37.78	225	129	11	491	708	20583	21242	7.6e-27	124.7
NCVOG0077-consensus	NODE_178_length_20098_cov_40.857400	28.24	517	251	120	293	704	13474	11980	1.3e-24	116.5
NCVOG0077-consensus	NODE_144_length_40753_cov_14.287147	33.08	260	159	15	333	587	32543	33287	7.1e-21	105.1
NCVOG0077-consensus	NODE_70_length_123395_cov_14.360896	28.11	402	222	67	353	702	52403	51246	1.1e-13	82.9
NCVOG0077-consensus	NODE_80_length_101339_cov_14.030841	31.20	468	234	88	314	705	33640	35004	1.3e-13	82.4
NCVOG0077-consensus	NODE_50_length_151796_cov_14.067164	43.22	118	56	11	588	696	55133	54789	1.5e-12	79.4
NCVOG2647-consensus	NODE_233_length_4986_cov_14.506009	37.97	158	93	5	39	193	2007	2471	5.7e-19	94.3
NCVOG0267-consensus	NODE_79_length_108298_cov_13.646390	27.52	407	259	36	328	722	98155	99300	3.1e-28	131.7
NCVOG0267-consensus	NODE_11_length_347891_cov_22.511981	27.47	466	283	55	282	721	210015	211322	4.1e-27	128.4
NCVOG0267-consensus	NODE_25_length_235869_cov_14.032457	28.60	479	293	49	286	748	230160	228828	2.1e-24	118.6
NCVOG0267-consensus	NODE_84_length_97122_cov_13.609900	31.23	413	248	36	328	733	2168	3316	2.6e-22	111.9
NCVOG0267-consensus	NODE_2_length_480184_cov_14.072998	25.48	573	296	131	272	737	97566	99203	1e-13	83.9
NCVOG0267-consensus	NODE_41_length_173259_cov_14.106564	31.89	417	241	43	325	718	60691	61870	5e-11	75.0
NCVOG0046-consensus	NODE_26_length_229228_cov_13.736925	61.76	68	24	2	7	72	198628	198428	2.9e-13	79.6
NCVOG0037-consensus	NODE_12_length_337168_cov_14.031793	43.74	1118	480	149	71	1042	86685	90018	3.5e-85	321.3
NCVOG0037-consensus	NODE_51_length_151742_cov_13.980984	42.92	1060	362	243	70	890	77142	80284	4.4e-46	191.3
NCVOG0007-consensus	NODE_68_length_128748_cov_13.637898	29.46	404	229	56	5	355	60660	61859	4.3e-27	126.5
NCVOG1115-consensus	NODE_7_length_397553_cov_14.021601	36.77	310	167	29	129	409	105766	106680	5.3e-33	146.5
NCVOG0015-consensus	NODE_21_length_261149_cov_13.865528	33.75	160	99	7	99	251	246522	246998	6.7e-12	76.2
NCVOG0486-consensus	NODE_6_length_416142_cov_14.063836	30.25	367	195	61	63	376	321475	322546	4.3e-20	103.1
NCVOG0806-consensus	NODE_33_length_198618_cov_13.995140	38.76	467	210	76	19	421	98473	97118	6.9e-45	186.1
NCVOG0806-consensus	NODE_44_length_164489_cov_13.981583	38.54	467	208	79	19	418	115617	114262	2e-42	178.0
NCVOG0806-consensus	NODE_44_length_164489_cov_13.981583	32.82	393	201	63	99	431	144225	143059	2.6e-16	91.2
NCVOG0806-consensus	NODE_138_length_41900_cov_13.968725	26.26	377	202	76	144	447	8572	7454	2.9e-17	92.5
NCVOG0395-consensus	NODE_33_length_198618_cov_13.995140	44.00	75	42	0	3	77	28366	28145	6.5e-11	70.9
NCVOG0346-consensus	NODE_3_length_456261_cov_13.924154	36.11	72	43	3	31	100	284163	284372	8.1e-11	70.8
NCVOG1326-consensus	NODE_75_length_114253_cov_15.608578	53.98	113	51	1	39	150	18984	19319	3.4e-25	118.8
NCVOG0326-consensus	NODE_554_length_424_cov_38.922190	29.08	141	97	3	318	455	423	4	4.8e-13	72.0
NCVOG0036-consensus	NODE_175_length_20611_cov_13.954904	37.13	237	115	34	87	294	11173	10485	2.5e-16	88.0
NCVOG0222-consensus	NODE_19_length_267550_cov_15.292613	24.47	421	298	20	90	504	262313	261096	2e-16	91.4
NCVOG0014-consensus	NODE_21_length_261149_cov_13.865528	27.01	274	187	13	134	404	246444	247232	2.5e-16	91.1
NCVOG0002-consensus	NODE_53_length_148831_cov_14.109912	32.22	537	310	54	332	837	91875	93413	6.2e-31	140.7
NCVOG0002-consensus	NODE_26_length_229228_cov_13.736925	29.08	643	386	70	214	812	103183	101336	2.9e-27	128.5
NCVOG4845-consensus	NODE_16_length_307494_cov_27.512719	24.96	577	384	49	64	621	256314	257947	4.8e-28	130.7
NCVOG4845-consensus	NODE_101_length_77996_cov_13.824523	29.37	555	291	101	99	629	44616	46040	3.3e-24	117.0
NCVOG4845-consensus	NODE_125_length_55746_cov_13.921913	27.80	500	276	85	137	621	33313	34587	1.2e-23	114.6
NCVOG4845-consensus	NODE_94_length_85488_cov_13.959993	35.75	179	108	7	138	312	15008	14490	3.6e-21	107.0
NCVOG0743-consensus	NODE_248_length_3929_cov_12.543614	27.63	380	239	36	3	369	354	1413	2.9e-24	112.3
NCVOG2775-consensus	NODE_96_length_83533_cov_13.624772	33.20	250	162	5	156	403	31746	32483	1.8e-25	121.2
NCVOG2775-consensus	NODE_58_length_145435_cov_14.072855	34.23	260	138	33	198	427	111556	110789	3.7e-21	107.6
NCVOG2775-consensus	NODE_6_length_416142_cov_14.063836	31.69	284	186	8	123	399	142364	141519	7.3e-19	100.0
NCVOG2775-consensus	NODE_37_length_188464_cov_14.004958	31.43	175	119	1	230	403	42011	42532	5.8e-14	83.8
NCVOG2775-consensus	NODE_4_length_453383_cov_14.078176	37.56	221	136	2	178	398	341713	341060	5.8e-14	83.8
NCVOG2775-consensus	NODE_188_length_15971_cov_16.384862	40.38	104	61	1	198	300	711	403	1.4e-11	72.6
NCVOG2775-consensus	NODE_59_length_144711_cov_13.684791	30.22	182	120	7	95	270	101934	101397	4.9e-11	74.0
NCVOG2775-consensus	NODE_136_length_45149_cov_14.397165	30.33	300	188	21	139	434	36846	37691	8.3e-11	71.5
NCVOG0924-consensus	NODE_68_length_128748_cov_13.637898	36.67	180	97	17	3	167	69438	68908	4.7e-24	115.4
NCVOG0275-consensus	NODE_83_length_97422_cov_14.102707	37.19	121	71	5	7	122	21390	21749	9.6e-13	77.5
NCVOG0275-consensus	NODE_16_length_307494_cov_27.512719	50.57	87	43	0	7	93	215261	215004	4.5e-12	75.9
NCVOG1175-consensus	NODE_75_length_114253_cov_15.608578	35.24	210	123	13	10	216	60007	60603	9.3e-16	88.0
NCVOG1175-consensus	NODE_30_length_205483_cov_14.422938	29.21	202	124	19	24	216	204634	205204	2.5e-11	72.2
NCVOG0729-consensus	NODE_35_length_193329_cov_14.106633	32.27	598	271	134	27	506	189085	187347	4.9e-14	82.1
NCVOG5103-consensus	NODE_23_length_244702_cov_14.107601	26.52	264	166	28	301	539	92127	92906	3.3e-12	78.8
NCVOG4874-consensus	NODE_140_length_41721_cov_14.038733	42.17	396	186	43	16	371	37008	35837	3.1e-62	241.6
NCVOG4874-consensus	NODE_186_length_16667_cov_13.498493	39.56	407	174	72	16	366	15307	16468	1.1e-11	72.4
NCVOG4605-consensus	NODE_14_length_321701_cov_14.654051	29.86	355	217	32	132	472	292266	293265	4.1e-13	81.3
NCVOG4605-consensus	NODE_147_length_38250_cov_13.695020	30.37	438	271	34	157	575	20600	19349	2.6e-12	76.6
NCVOG4605-consensus	NODE_61_length_142167_cov_13.980182	25.00	604	394	59	23	587	23503	25241	4.2e-11	74.5
NCVOG0605-consensus	NODE_92_length_89598_cov_13.919594	26.97	267	184	11	227	489	23220	23992	1.9e-13	81.1
NCVOG1136-consensus	NODE_84_length_97122_cov_13.609900	48.68	302	117	38	190	455	5422	4530	2.4e-42	177.1
NCVOG0059-consensus	NODE_49_length_152158_cov_27.820874	34.59	159	92	12	197	347	96974	97435	9e-14	82.8
NCVOG4655-consensus	NODE_14_length_321701_cov_14.654051	27.76	335	191	51	73	370	192353	191408	4.9e-11	73.5
NCVOG4655-consensus	NODE_12_length_337168_cov_14.031793	25.67	335	222	27	57	369	331520	330536	7.3e-11	70.9
NCVOG0901-consensus	NODE_29_length_205666_cov_29.555842	43.75	192	71	37	26	180	34598	34026	1.3e-24	117.5
NCVOG2980-consensus	NODE_63_length_140336_cov_13.990603	27.95	415	235	64	101	461	123159	124354	6.1e-14	83.3
NCVOG1298-consensus	NODE_38_length_186903_cov_13.806548	23.38	556	388	38	53	576	13956	15590	1.4e-15	89.2
NCVOG1298-consensus	NODE_30_length_205483_cov_14.422938	28.57	364	236	24	236	584	52313	51260	1.1e-13	82.9
NCVOG1298-consensus	NODE_171_length_22347_cov_12.399820	26.67	285	179	30	301	578	2101	2877	5.5e-12	74.5
NCVOG0450-consensus	NODE_59_length_144711_cov_13.684791	48.50	301	138	17	109	401	84756	85628	3.4e-67	260.1
NCVOG0450-consensus	NODE_10_length_355179_cov_14.265048	38.65	326	175	25	119	438	36454	37361	7.2e-34	149.5
NCVOG0450-consensus	NODE_7_length_397553_cov_14.021601	38.54	192	102	16	147	337	54827	55352	2.6e-16	91.2
NCVOG0450-consensus	NODE_66_length_135569_cov_13.934712	45.28	106	54	4	149	253	63829	64134	2.8e-16	90.9
NCVOG0450-consensus	NODE_104_length_73316_cov_13.874425	42.06	126	60	13	198	318	8106	7760	3.3e-16	89.8
NCVOG0450-consensus	NODE_17_length_299117_cov_13.974416	33.05	233	127	29	145	359	94297	94959	7.7e-11	73.0
NCVOG0450-consensus	NODE_5_length_453245_cov_14.109659	29.06	265	175	13	119	380	140639	139880	7.7e-11	73.0
NCVOG0652-consensus	NODE_36_length_192384_cov_13.859662	32.54	378	217	38	71	413	22361	21244	6e-23	113.2
NCVOG0652-consensus	NODE_97_length_82278_cov_14.093782	27.49	371	199	70	109	418	42911	41835	6.1e-16	89.0
NCVOG0652-consensus	NODE_65_length_136356_cov_14.149040	27.75	364	219	44	91	414	26702	25630	4.7e-12	76.8
NCVOG0652-consensus	NODE_136_length_45149_cov_14.397165	28.15	238	158	13	69	296	19465	18764	4.7e-11	71.9
NCVOG4522-consensus	NODE_4_length_453383_cov_14.078176	34.15	205	72	63	261	402	71526	70915	8.5e-17	92.8
NCVOG1352-consensus	NODE_114_length_65326_cov_13.829407	32.87	216	137	8	2	209	49216	48572	2.3e-24	115.8
NCVOG5117-consensus	NODE_4_length_453383_cov_14.078176	37.07	232	118	28	719	950	157035	156427	4.3e-19	102.3
NCVOG5117-consensus	NODE_11_length_347891_cov_22.511981	31.03	261	155	25	728	965	42072	41299	1.1e-18	101.0
NCVOG5117-consensus	NODE_85_length_96670_cov_13.673413	31.79	280	165	26	741	1002	14650	15462	1.7e-16	93.1
NCVOG5117-consensus	NODE_110_length_67906_cov_14.240546	28.09	470	266	72	729	1188	40566	39352	2.5e-16	92.0
NCVOG5117-consensus	NODE_84_length_97122_cov_13.609900	34.22	225	114	34	732	951	74081	74665	2.7e-14	85.8
NCVOG5117-consensus	NODE_5_length_453245_cov_14.109659	30.30	297	166	41	692	965	414964	415789	2.3e-13	83.3
NCVOG5117-consensus	NODE_52_length_151205_cov_13.696154	38.51	148	81	10	826	963	30822	31262	1e-12	81.2
NCVOG5117-consensus	NODE_25_length_235869_cov_14.032457	37.29	177	83	28	769	940	227046	226590	3.2e-12	78.7
NCVOG5117-consensus	NODE_24_length_236991_cov_13.834750	33.70	273	153	28	713	965	188206	187427	8.2e-12	77.4
NCVOG5117-consensus	NODE_9_length_388834_cov_13.971944	37.40	123	74	3	838	960	267973	268329	1.2e-11	77.7
NCVOG4122-consensus	NODE_149_length_35524_cov_13.483059	26.21	393	247	43	98	460	11138	10002	1.1e-14	83.8
NCVOG4122-consensus	NODE_154_length_33443_cov_27.771114	26.33	319	214	21	83	386	3902	2967	1.3e-11	73.5
NCVOG4122-consensus	NODE_72_length_117621_cov_13.777760	28.05	328	207	29	86	404	111385	112305	6.5e-11	73.0
NCVOG0032-consensus	NODE_5_length_453245_cov_14.109659	27.88	807	361	221	255	853	146861	149233	2.5e-18	98.9
NCVOG0032-consensus	NODE_11_length_347891_cov_22.511981	28.14	597	309	120	286	871	20479	19023	1.2e-15	89.9
NCVOG0032-consensus	NODE_128_length_49512_cov_13.608981	33.33	240	139	21	613	836	4473	5172	1.8e-14	84.5
NCVOG0032-consensus	NODE_3_length_456261_cov_13.924154	27.78	270	169	26	564	818	307064	307837	2.1e-14	85.9
NCVOG0032-consensus	NODE_27_length_225379_cov_13.881368	26.52	739	411	132	124	775	13129	15191	1.9e-12	79.4
NCVOG0032-consensus	NODE_56_length_147007_cov_13.818873	26.39	811	364	233	239	841	20479	22823	3.2e-12	78.5
NCVOG0032-consensus	NODE_10_length_355179_cov_14.265048	26.83	436	255	64	411	834	186184	185060	3.3e-12	78.5
NCVOG0302-consensus	NODE_6_length_416142_cov_14.063836	28.49	337	170	71	263	535	395615	396597	2.6e-12	77.8
NCVOG0302-consensus	NODE_48_length_155291_cov_14.118952	27.98	168	119	2	3	170	11670	11176	8.5e-12	76.5
NCVOG0302-consensus	NODE_85_length_96670_cov_13.673413	34.35	131	83	3	327	454	30741	31130	1.4e-11	75.1
NCVOG0012-consensus	NODE_4_length_453383_cov_14.078176	39.30	257	127	29	257	490	156311	157056	1.7e-13	82.0
NCVOG0012-consensus	NODE_25_length_235869_cov_14.032457	46.99	166	71	17	281	437	226519	226985	4.1e-11	73.3
NCVOG0012-consensus	NODE_2451_length_154_cov_9.129870	73.68	57	9	6	327	383	2	151	7.5e-11	63.3
NCVOG0012-consensus	NODE_2734_length_152_cov_9.946667	72.00	50	14	0	326	375	150	4	9.8e-11	62.9
NCVOG0603-consensus	NODE_259_length_3029_cov_13.431233	32.21	447	251	52	21	430	1664	2950	1.8e-23	109.3
NCVOG1127-consensus	NODE_19_length_267550_cov_15.292613	26.79	265	171	23	69	324	104510	105255	1.1e-14	86.2
NCVOG0868-consensus	NODE_42_length_171934_cov_14.037954	40.44	136	68	13	104	227	41470	41863	2.5e-15	87.7
NCVOG0868-consensus	NODE_17_length_299117_cov_13.974416	54.22	83	34	4	152	232	250591	250352	4.1e-14	83.6
NCVOG0868-consensus	NODE_3728_length_135_cov_21.534483	53.33	45	21	0	160	204	1	132	1e-11	65.6
NCVOG0868-consensus	NODE_3745_length_135_cov_6.603448	53.33	45	21	0	160	204	135	4	3.2e-11	63.9
NCVOG0181-consensus	NODE_7_length_397553_cov_14.021601	24.61	447	274	63	32	429	229799	228504	5.2e-19	100.1
NCVOG0181-consensus	NODE_5_length_453245_cov_14.109659	27.02	359	237	25	96	439	338479	339522	9.1e-15	86.0
NCVOG0181-consensus	NODE_8_length_396434_cov_13.812596	34.73	167	104	5	186	349	284057	283566	8.7e-14	82.8
NCVOG0181-consensus	NODE_104_length_73316_cov_13.874425	25.68	366	224	48	97	434	18858	17824	5.7e-12	75.7
NCVOG0181-consensus	NODE_7_length_397553_cov_14.021601	29.85	201	125	16	117	308	310566	311138	1.3e-11	74.9
NCVOG0025-consensus	NODE_23_length_244702_cov_14.107601	27.92	480	266	80	67	521	103337	104606	9.8e-16	89.5
NCVOG0025-consensus	NODE_32_length_203108_cov_13.992819	27.36	435	272	44	91	515	186805	187994	8.6e-15	84.9
NCVOG0025-consensus	NODE_105_length_73128_cov_13.961671	27.54	443	256	65	91	521	18532	19698	3.6e-14	83.2
NCVOG0025-consensus	NODE_80_length_101339_cov_14.030841	26.92	390	228	57	104	487	85694	84681	1.3e-13	81.9
NCVOG0025-consensus	NODE_3_length_456261_cov_13.924154	24.31	436	248	82	112	488	409714	408483	8.5e-13	79.7
NCVOG0025-consensus	NODE_191_length_14573_cov_14.224683	23.77	408	263	48	85	491	11460	12539	2.1e-12	75.1
NCVOG0025-consensus	NODE_17_length_299117_cov_13.974416	24.42	430	262	63	85	481	265925	267111	8.1e-12	76.5
NCVOG0025-consensus	NODE_52_length_151205_cov_13.696154	24.39	410	273	37	112	514	18888	17752	2.5e-11	74.8
NCVOG0025-consensus	NODE_39_length_184613_cov_14.069520	24.67	381	231	56	111	487	6392	5409	9.3e-11	72.9
NCVOG0271-consensus	NODE_33_length_198618_cov_13.995140	40.55	1201	515	199	147	1156	25495	29056	2.6e-105	388.2
NCVOG0271-consensus	NODE_21_length_261149_cov_13.865528	27.99	1186	707	147	81	1153	137117	140563	8.6e-22	110.8
NCVOG0271-consensus	NODE_77_length_110473_cov_14.081932	32.41	1265	640	215	27	1104	12633	16334	1.6e-20	106.2
NCVOG4568-consensus	NODE_3_length_456261_cov_13.924154	47.34	188	85	14	305	485	453901	453362	7.6e-16	85.5
NCVOG4568-consensus	NODE_42_length_171934_cov_14.037954	39.51	243	135	12	249	482	29251	29965	7e-13	79.9
NCVOG0061-consensus	NODE_25_length_235869_cov_14.032457	30.95	588	297	109	47	541	9969	11675	4.5e-30	137.2
NCVOG0451-consensus	NODE_154_length_33443_cov_27.771114	31.70	224	137	16	169	385	3899	3258	4.1e-11	71.6
NCVOG1351-consensus	NODE_160_length_29050_cov_14.423463	32.87	362	194	49	100	428	8867	7841	4e-39	164.9
NCVOG1351-consensus	NODE_13_length_336610_cov_14.140427	28.81	413	224	70	2	366	274242	275405	2.9e-22	111.2
NCVOG1351-consensus	NODE_8_length_396434_cov_13.812596	53.45	58	27	0	240	297	231470	231300	1.4e-12	79.0
NCVOG0531-consensus	NODE_60_length_143916_cov_13.828677	28.36	268	175	17	1	260	18313	19086	2.4e-15	87.9
NCVOG4907-consensus	NODE_38_length_186903_cov_13.806548	28.81	486	321	25	230	698	14341	15751	1.1e-17	96.4
NCVOG4907-consensus	NODE_35_length_193329_cov_14.106633	30.05	559	321	70	141	652	165276	163688	1e-16	91.5
NCVOG4907-consensus	NODE_30_length_205483_cov_14.422938	26.16	646	411	66	137	726	52268	50376	9.7e-16	90.0
NCVOG0301-consensus	NODE_6_length_416142_cov_14.063836	28.49	337	172	69	264	537	395618	396603	1e-12	79.2
NCVOG1121-consensus	NODE_31_length_204686_cov_13.736409	24.89	470	323	30	58	519	180115	181441	7.5e-11	71.8
NCVOG0021-consensus	NODE_35_length_193329_cov_14.106633	22.55	643	456	42	97	724	165416	163590	1.5e-22	111.3
NCVOG0021-consensus	NODE_11_length_347891_cov_22.511981	24.43	438	292	39	347	775	42534	41314	1e-16	93.7
NCVOG0021-consensus	NODE_1_length_609668_cov_13.989299	27.56	450	280	46	61	508	249819	248605	5e-14	84.8
NCVOG0021-consensus	NODE_369_length_977_cov_14.572222	20.86	326	239	19	148	460	962	8	2.5e-11	68.5
NCVOG0021-consensus	NODE_110_length_67906_cov_14.240546	31.54	241	124	41	568	806	40545	39943	5.1e-11	73.6
NCVOG0001-consensus	NODE_32_length_203108_cov_13.992819	44.76	286	137	21	320	600	41044	41850	9.5e-35	152.9
NCVOG0001-consensus	NODE_21_length_261149_cov_13.865528	35.33	317	168	37	328	626	182244	183134	1.5e-34	151.8
NCVOG0001-consensus	NODE_157_length_31854_cov_13.752903	47.81	251	113	18	313	556	6339	5623	1.6e-34	149.9
NCVOG0001-consensus	NODE_126_length_50698_cov_14.631339	39.69	194	108	9	363	556	42756	42205	2.5e-29	133.4
NCVOG0001-consensus	NODE_15_length_315256_cov_13.987769	38.11	244	114	37	333	547	219337	218635	3.2e-24	117.9
NCVOG0001-consensus	NODE_17_length_299117_cov_13.974416	42.16	306	159	18	258	560	168103	167236	3.7e-23	114.4
NCVOG0001-consensus	NODE_43_length_167430_cov_13.522175	42.28	246	124	18	314	555	90540	89848	6.6e-23	113.6
NCVOG0001-consensus	NODE_26_length_229228_cov_13.736925	34.38	224	115	32	351	550	214747	215389	7.8e-20	102.5
NCVOG0001-consensus	NODE_121_length_56997_cov_13.953602	32.66	248	117	50	351	556	53162	52448	2e-18	97.3
NCVOG0001-consensus	NODE_10_length_355179_cov_14.265048	44.25	174	82	15	331	500	305771	305286	4e-17	93.0
NCVOG0001-consensus	NODE_26_length_229228_cov_13.736925	40.10	192	103	12	364	555	92497	91961	5e-17	94.1
NCVOG0001-consensus	NODE_74_length_116179_cov_13.944213	38.01	271	111	57	360	579	49264	50047	1.2e-16	92.4
NCVOG0001-consensus	NODE_108_length_69069_cov_13.762755	38.21	246	134	18	328	566	43341	44042	3.2e-16	90.3
NCVOG0001-consensus	NODE_108_length_69069_cov_13.762755	33.33	378	203	49	218	562	42053	43131	1.1e-34	151.5
NCVOG0001-consensus	NODE_2_length_480184_cov_14.072998	38.37	245	134	17	328	566	129571	130269	3.9e-16	91.1
NCVOG0001-consensus	NODE_2_length_480184_cov_14.072998	40.07	277	123	43	320	565	128594	129381	7.5e-34	149.9
NCVOG0001-consensus	NODE_114_length_65326_cov_13.829407	29.41	272	177	15	322	580	52694	51888	4.9e-14	82.9
NCVOG0001-consensus	NODE_41_length_173259_cov_14.106564	30.69	303	139	71	357	599	82865	83735	1.6e-13	82.4
NCVOG0001-consensus	NODE_9_length_388834_cov_13.971944	32.09	268	129	53	370	595	61951	61186	9.6e-11	73.2
NCVOG0066-consensus	NODE_98_length_79615_cov_13.740439	31.55	374	210	46	74	405	18020	19122	7.3e-24	115.8
NCVOG0038-consensus	NODE_3_length_456261_cov_13.924154	32.11	1062	489	232	104	972	359108	356055	1.5e-31	143.1
NCVOG0038-consensus	NODE_102_length_74594_cov_13.740569	26.04	745	480	71	257	966	44145	42022	1.6e-31	142.0
NCVOG0038-consensus	NODE_11_length_347891_cov_22.511981	25.96	890	522	137	154	962	100450	97958	3e-17	95.6
NCVOG0228-consensus	NODE_1_length_609668_cov_13.989299	28.55	683	417	71	288	922	140445	138473	4.8e-15	88.0
NCVOG0218-consensus	NODE_35_length_193329_cov_14.106633	36.04	627	320	81	349	926	163489	165266	1.5e-31	141.3
NCVOG0218-consensus	NODE_4_length_453383_cov_14.078176	41.87	332	161	32	685	1007	156425	157348	1.9e-29	136.2
NCVOG0218-consensus	NODE_110_length_67906_cov_14.240546	38.57	420	222	36	467	860	39344	40558	3.8e-26	124.0
NCVOG0218-consensus	NODE_11_length_347891_cov_22.511981	33.93	563	308	64	389	898	40698	42346	1.4e-25	123.3
NCVOG0218-consensus	NODE_24_length_236991_cov_13.834750	33.23	623	328	88	347	904	186255	188039	3.8e-23	114.4
NCVOG0218-consensus	NODE_84_length_97122_cov_13.609900	48.65	222	100	14	655	873	74682	74063	1.8e-22	112.3
NCVOG0218-consensus	NODE_85_length_96670_cov_13.673413	33.33	555	303	67	339	850	16216	14649	3.2e-22	111.5
NCVOG0218-consensus	NODE_65_length_136356_cov_14.149040	32.21	652	330	112	357	901	35660	37589	4.1e-22	111.6
NCVOG0218-consensus	NODE_38_length_186903_cov_13.806548	34.79	595	313	75	364	892	98092	96374	6.6e-22	111.1
NCVOG0218-consensus	NODE_170_length_22607_cov_12.701243	28.78	622	375	68	335	901	7705	5896	4.5e-20	102.3
NCVOG0218-consensus	NODE_2_length_480184_cov_14.072998	32.47	619	335	83	351	900	469414	471209	7.8e-19	98.6
NCVOG0218-consensus	NODE_1_length_609668_cov_13.989299	38.46	286	160	16	626	895	551679	552533	1.3e-16	93.5
NCVOG0218-consensus	NODE_5_length_453245_cov_14.109659	43.02	258	127	20	654	898	415856	415111	1.4e-16	93.4
NCVOG0218-consensus	NODE_25_length_235869_cov_14.032457	39.85	271	132	31	578	830	226266	227026	4.4e-16	90.9
NCVOG0218-consensus	NODE_18_length_271377_cov_13.918636	34.68	372	194	49	559	900	158741	159778	7.6e-16	90.7
NCVOG0218-consensus	NODE_201_length_11310_cov_13.165584	33.56	447	241	56	530	933	3849	2567	1.4e-15	86.4
NCVOG0218-consensus	NODE_52_length_151205_cov_13.696154	51.95	154	60	14	621	766	31264	30824	1.6e-15	89.8
NCVOG0218-consensus	NODE_4_length_453383_cov_14.078176	30.48	689	328	151	349	903	351457	349475	5.3e-15	88.2
NCVOG0218-consensus	NODE_21_length_261149_cov_13.865528	40.12	344	159	47	570	875	255075	256050	5.5e-15	87.7
NCVOG0218-consensus	NODE_147_length_38250_cov_13.695020	28.25	570	361	48	365	902	21102	19464	7.3e-15	85.7
NCVOG0218-consensus	NODE_41_length_173259_cov_14.106564	33.79	367	191	52	554	873	158472	159548	1.6e-14	83.9
NCVOG0218-consensus	NODE_43_length_167430_cov_13.522175	40.30	263	139	18	558	807	46481	45721	2.5e-14	85.9
NCVOG0218-consensus	NODE_16_length_307494_cov_27.512719	28.54	424	267	36	533	927	292771	291528	5e-14	84.9
NCVOG0218-consensus	NODE_54_length_148705_cov_14.090716	31.65	395	241	29	566	945	1447	326	8.8e-14	84.1
NCVOG0218-consensus	NODE_91_length_89601_cov_13.843338	29.70	569	323	77	402	902	43845	42189	1.7e-13	82.4
NCVOG0218-consensus	NODE_28_length_214975_cov_14.015877	30.04	486	289	51	473	930	10384	11755	2.6e-13	82.5
NCVOG0218-consensus	NODE_21_length_261149_cov_13.865528	29.04	637	362	90	353	904	214908	213060	1.2e-12	79.9
NCVOG0218-consensus	NODE_2451_length_154_cov_9.129870	83.67	49	8	0	797	845	4	147	3.4e-12	68.9
NCVOG0218-consensus	NODE_26_length_229228_cov_13.736925	42.71	192	86	24	588	767	7260	6724	4e-12	78.6
NCVOG0218-consensus	NODE_33_length_198618_cov_13.995140	29.31	481	305	35	597	1055	185411	186803	5.4e-12	76.6
NCVOG0218-consensus	NODE_2734_length_152_cov_9.946667	81.63	49	9	0	797	845	150	7	6e-12	68.1
NCVOG0218-consensus	NODE_2745_length_152_cov_8.853333	78.85	52	9	2	774	825	152	6	6.6e-12	67.9
NCVOG0218-consensus	NODE_1_length_609668_cov_13.989299	45.88	170	81	11	680	844	29154	28670	1.2e-11	77.0
NCVOG0218-consensus	NODE_3182_length_148_cov_6.760563	81.25	48	9	0	793	840	146	6	1.7e-11	66.6
NCVOG0218-consensus	NODE_1005_length_238_cov_0.881579	75.41	61	12	3	793	852	238	67	2.7e-11	66.5
NCVOG0218-consensus	NODE_3388_length_143_cov_30.075758	80.85	47	9	0	793	839	143	6	8.2e-11	64.2
NCVOG0018-consensus	NODE_116_length_62598_cov_13.683722	21.93	848	585	77	19	822	23443	25880	1.7e-13	82.0
NCVOG0018-consensus	NODE_95_length_85391_cov_14.059838	22.40	951	654	84	220	1111	36061	33287	7e-13	80.4
NCVOG0018-consensus	NODE_29_length_205666_cov_29.555842	21.95	893	639	58	153	1019	111468	114039	4.4e-11	75.2
NCVOG4344-consensus	NODE_6_length_416142_cov_14.063836	31.20	266	161	22	17	273	142208	141453	2.5e-12	78.1
NCVOG0226-consensus	NODE_42_length_171934_cov_14.037954	36.52	115	71	2	28	141	41646	41984	1.9e-12	78.4
NCVOG4170-consensus	NODE_53_length_148831_cov_14.109912	34.55	191	117	8	129	314	126739	126179	7.8e-18	95.9
NCVOG0720-consensus	NODE_75_length_114253_cov_15.608578	44.24	165	85	7	3	167	8032	8502	1.3e-25	120.2
NCVOG0720-consensus	NODE_75_length_114253_cov_15.608578	43.92	148	77	6	21	167	39637	39214	2.6e-19	99.4
NCVOG4487-consensus	NODE_114_length_65326_cov_13.829407	27.55	294	152	61	251	506	32307	33106	1.5e-14	84.5
NCVOG4487-consensus	NODE_14_length_321701_cov_14.654051	28.67	300	185	29	253	532	5722	6583	1.7e-12	78.8
