NCVOG0719-consensus	NODE_18_length_492963_cov_22.355711	29.73	259	160	22	21	258	481410	480640	1.8e-13	79.4
NCVOG1069-consensus	NODE_15_length_540448_cov_22.689419	32.63	190	118	10	72	256	443553	443006	5.9e-17	93.3
NCVOG4739-consensus	NODE_29_length_314722_cov_22.213263	31.47	197	117	18	25	217	274094	274639	6.4e-16	88.9
NCVOG0233-consensus	NODE_4_length_852168_cov_22.574717	38.66	794	383	104	102	795	145367	147733	3.1e-59	234.8
NCVOG0233-consensus	NODE_15_length_540448_cov_22.689419	36.20	920	482	105	45	868	397604	400329	5.2e-58	230.7
NCVOG0233-consensus	NODE_7_length_716362_cov_22.357151	25.43	464	302	44	240	677	552132	550806	2.6e-31	142.0
NCVOG0233-consensus	NODE_16_length_529407_cov_22.593280	28.97	718	345	165	131	688	67971	70102	2.3e-28	132.2
NCVOG0233-consensus	NODE_5_length_838540_cov_22.473805	25.43	759	459	107	29	729	701655	703773	7e-28	130.6
NCVOG0233-consensus	NODE_39_length_230906_cov_22.334304	26.35	926	511	171	97	865	170357	173083	1.6e-26	125.2
NCVOG0233-consensus	NODE_1_length_1224173_cov_22.694847	25.20	885	503	159	123	860	66188	63589	1.1e-16	93.5
NCVOG0233-consensus	NODE_20_length_465832_cov_22.406667	28.28	633	356	98	137	673	240515	238628	5.6e-15	87.8
NCVOG0233-consensus	NODE_78_length_22486_cov_25.276541	23.62	669	306	205	202	665	9488	7495	2.1e-14	83.1
NCVOG0023-consensus	NODE_28_length_317182_cov_48.523663	32.06	496	305	32	373	846	240083	241537	3.4e-45	188.1
NCVOG0023-consensus	NODE_28_length_317182_cov_48.523663	24.95	509	339	43	297	781	216068	217526	3.9e-12	78.3
NCVOG0023-consensus	NODE_28_length_317182_cov_48.523663	27.93	444	290	30	355	790	231239	229977	4.7e-32	144.5
NCVOG1013-consensus	NODE_10_length_656155_cov_22.316606	26.61	387	242	42	143	500	404802	403684	8.9e-11	73.5
NCVOG0013-consensus	NODE_13_length_560619_cov_22.425875	30.77	182	122	4	122	300	219843	220382	3.1e-12	78.1
NCVOG0073-consensus	NODE_2_length_1088676_cov_22.502070	40.58	616	341	25	29	640	929176	930957	1.6e-96	358.7
NCVOG0073-consensus	NODE_46_length_162072_cov_21.827359	39.17	628	358	24	28	652	43858	42041	2.2e-70	271.9
NCVOG0073-consensus	NODE_9_length_662911_cov_22.059612	39.29	616	351	23	24	636	308384	306600	1.3e-66	259.4
NCVOG0073-consensus	NODE_17_length_522325_cov_22.177337	35.68	667	384	45	26	686	196864	194984	4.7e-54	217.7
NCVOG0073-consensus	NODE_14_length_559599_cov_22.449485	37.69	642	352	48	30	652	130601	128770	8.3e-46	190.3
NCVOG0073-consensus	NODE_11_length_599322_cov_22.430680	24.47	797	500	102	19	736	554885	552577	6.6e-37	160.7
NCVOG0073-consensus	NODE_15_length_540448_cov_22.689419	24.68	555	375	43	6	522	495438	493792	5.1e-34	150.4
NCVOG0073-consensus	NODE_48_length_151068_cov_22.582114	28.68	652	411	54	22	644	125385	127262	3.4e-19	101.9
NCVOG0073-consensus	NODE_48_length_151068_cov_22.582114	31.09	521	274	85	133	643	41944	43272	3.4e-19	101.9
NCVOG4523-consensus	NODE_5_length_838540_cov_22.473805	30.62	418	239	51	379	792	339152	340249	5.9e-27	127.9
NCVOG4523-consensus	NODE_21_length_458587_cov_22.682103	31.11	884	412	197	125	827	184927	182363	9.4e-25	120.5
NCVOG4523-consensus	NODE_1031_length_289_cov_3.141509	48.00	100	45	7	621	718	1	282	7.6e-13	72.0
NCVOG1353-consensus	NODE_15_length_540448_cov_22.689419	58.22	730	238	67	101	764	41849	39668	2.7e-34	151.8
NCVOG4123-consensus	NODE_10_length_656155_cov_22.316606	26.14	241	155	23	116	356	404376	403726	6e-11	73.3
NCVOG0055-consensus	NODE_19_length_490193_cov_22.484899	35.34	249	124	37	165	376	254423	253688	1e-31	142.4
NCVOG0055-consensus	NODE_15_length_540448_cov_22.689419	31.77	299	177	27	118	390	163795	162919	6.5e-24	116.4
NCVOG0055-consensus	NODE_6_length_837164_cov_22.480544	28.92	332	210	26	111	419	798382	797413	1.6e-19	101.1
NCVOG0055-consensus	NODE_34_length_253460_cov_22.262449	36.05	147	88	6	213	354	152109	152531	5.2e-14	83.0
NCVOG4105-consensus	NODE_2_length_1088676_cov_22.502070	36.09	1089	526	170	14	943	822731	819519	1.4e-36	159.9
NCVOG0305-consensus	NODE_56_length_90834_cov_22.459832	34.34	198	124	6	1332	1527	66120	65542	3.8e-20	105.0
NCVOG0305-consensus	NODE_3_length_908072_cov_22.624130	30.68	251	162	12	784	1034	881371	882084	1.1e-19	104.2
NCVOG0305-consensus	NODE_32_length_292591_cov_22.976466	29.07	227	157	4	822	1047	248587	247919	5.7e-19	101.8
NCVOG0305-consensus	NODE_13_length_560619_cov_22.425875	32.21	208	133	8	1312	1515	299472	298864	1.8e-18	100.2
NCVOG0305-consensus	NODE_2_length_1088676_cov_22.502070	33.64	214	130	12	1353	1556	397420	398052	6.6e-17	95.0
NCVOG0305-consensus	NODE_4_length_852168_cov_22.574717	30.80	224	140	15	1327	1542	780610	781253	5.5e-13	81.5
NCVOG0305-consensus	NODE_58_length_80378_cov_22.660577	33.98	206	121	15	1338	1534	69336	68748	1.1e-12	80.1
NCVOG0305-consensus	NODE_42_length_192448_cov_22.294487	30.89	191	122	10	1355	1541	18110	18661	1.7e-12	80.4
NCVOG0305-consensus	NODE_18_length_492963_cov_22.355711	33.14	169	105	8	1355	1521	348418	348903	3.6e-12	79.3
NCVOG0305-consensus	NODE_33_length_272987_cov_22.954699	33.11	151	94	7	1382	1528	198298	197858	2.3e-11	76.3
NCVOG0305-consensus	NODE_27_length_358717_cov_22.322415	27.80	277	164	36	1306	1549	65579	64775	4.1e-11	75.8
NCVOG0248-consensus	NODE_17_length_522325_cov_22.177337	30.56	517	269	90	46	502	244751	246208	4.2e-18	97.4
NCVOG4804-consensus	NODE_31_length_299472_cov_22.532223	62.04	108	33	8	68	175	118991	118695	8.5e-24	114.9
NCVOG4804-consensus	NODE_2_length_1088676_cov_22.502070	59.22	103	39	3	76	175	634663	634960	9.8e-19	98.1
NCVOG0282-consensus	NODE_3_length_908072_cov_22.624130	27.34	556	352	52	49	590	880597	882123	7.4e-22	110.6
NCVOG0282-consensus	NODE_2_length_1088676_cov_22.502070	25.83	511	338	41	104	582	396577	398067	1.4e-18	99.7
NCVOG0282-consensus	NODE_13_length_560619_cov_22.425875	26.24	362	226	41	331	661	299460	298414	4.4e-14	84.8
NCVOG0282-consensus	NODE_8_length_676464_cov_22.263813	27.49	411	260	38	316	713	258450	259600	2.2e-13	82.5
NCVOG0282-consensus	NODE_56_length_90834_cov_22.459832	28.03	346	220	29	198	526	66589	65605	3.5e-13	81.0
NCVOG0282-consensus	NODE_18_length_492963_cov_22.355711	24.80	500	316	60	198	646	347773	349226	2.9e-12	78.7
NCVOG0282-consensus	NODE_19_length_490193_cov_22.484899	25.25	301	193	32	177	462	120787	119941	2.6e-11	75.6
NCVOG4883-consensus	NODE_12_length_577205_cov_22.723553	28.29	463	242	90	60	460	118666	117369	5.4e-22	110.1
NCVOG2979-consensus	NODE_22_length_445026_cov_22.503606	30.48	187	128	2	57	242	1359	805	1.2e-16	91.4
NCVOG0360-consensus	NODE_47_length_157051_cov_22.599781	43.10	297	161	8	24	315	8588	9466	2.3e-54	217.1
NCVOG0979-consensus	NODE_215_length_804_cov_3.112792	47.73	264	135	3	79	341	8	790	5.7e-56	215.1
NCVOG0979-consensus	NODE_15_length_540448_cov_22.689419	45.67	335	150	32	24	328	425104	424113	1.4e-40	171.5
NCVOG0262-consensus	NODE_31_length_299472_cov_22.532223	24.40	672	442	66	4	626	225545	223594	3e-11	74.9
NCVOG0274-consensus	NODE_2_length_1088676_cov_22.502070	33.92	1471	738	234	101	1392	297990	293766	4.2e-78	298.2
NCVOG0274-consensus	NODE_5_length_838540_cov_22.473805	37.45	980	506	107	484	1368	821516	824416	2.2e-59	235.2
NCVOG0274-consensus	NODE_5_length_838540_cov_22.473805	42.97	391	172	51	132	484	818808	819934	1.3e-44	186.2
NCVOG0274-consensus	NODE_3_length_908072_cov_22.624130	30.34	1282	680	213	113	1220	520240	523951	2.3e-33	149.5
NCVOG0274-consensus	NODE_4_length_852168_cov_22.574717	42.18	339	147	49	322	621	64218	63239	5.9e-25	121.6
NCVOG1074-consensus	NODE_39_length_230906_cov_22.334304	29.77	131	89	3	241	371	89545	89925	3e-11	74.1
NCVOG0074-consensus	NODE_2_length_1088676_cov_22.502070	65.33	597	207	0	14	610	929173	930960	2.2e-200	703.2
NCVOG0074-consensus	NODE_9_length_662911_cov_22.059612	58.48	607	240	12	10	610	308384	306585	1.2e-176	624.3
NCVOG0074-consensus	NODE_46_length_162072_cov_21.827359	56.23	610	257	10	15	619	43855	42044	9.9e-168	594.7
NCVOG0074-consensus	NODE_14_length_559599_cov_22.449485	45.62	605	311	18	27	626	130563	128791	6.3e-130	469.2
NCVOG0074-consensus	NODE_17_length_522325_cov_22.177337	45.00	620	321	20	12	625	196864	195050	6e-129	465.9
NCVOG0074-consensus	NODE_48_length_151068_cov_22.582114	34.93	627	373	35	8	606	125385	127241	3.3e-76	290.7
NCVOG0074-consensus	NODE_48_length_151068_cov_22.582114	37.22	446	218	62	93	538	41887	43035	6e-24	117.1
NCVOG0074-consensus	NODE_11_length_599322_cov_22.430680	29.21	671	394	81	6	601	554882	552895	4.4e-46	190.6
NCVOG0074-consensus	NODE_15_length_540448_cov_22.689419	29.38	548	337	50	12	510	495378	493743	1.1e-38	165.4
NCVOG0074-consensus	NODE_2_length_1088676_cov_22.502070	25.98	408	277	25	20	403	186274	187491	8.7e-20	103.3
NCVOG0074-consensus	NODE_1272_length_265_cov_3.106383	65.57	61	20	1	111	170	180	5	2e-11	66.3
NCVOG1299-consensus	NODE_26_length_363564_cov_22.003802	51.02	98	36	12	45	131	236867	236580	5.1e-12	75.4
NCVOG1196-consensus	NODE_31_length_299472_cov_22.532223	27.50	691	444	57	183	856	225660	223711	5.5e-33	147.9
NCVOG1196-consensus	NODE_10_length_656155_cov_22.316606	24.80	617	434	30	301	913	468866	467105	1.5e-21	110.0
NCVOG1196-consensus	NODE_10_length_656155_cov_22.316606	23.98	880	600	69	133	983	234902	237418	6.7e-17	94.5
NCVOG0064-consensus	NODE_3_length_908072_cov_22.624130	25.45	334	213	36	23	334	405168	404212	2.5e-12	78.1
NCVOG4324-consensus	NODE_6_length_837164_cov_22.480544	30.28	492	276	67	133	588	135930	134555	9.9e-23	113.0
NCVOG4134-consensus	NODE_6_length_837164_cov_22.480544	32.23	484	252	76	39	458	256562	257968	2.3e-24	118.0
NCVOG0334-consensus	NODE_8_length_676464_cov_22.263813	36.45	332	170	41	6	306	329465	330425	4.1e-21	106.7
NCVOG0304-consensus	NODE_42_length_192448_cov_22.294487	31.02	187	100	29	52	212	17891	18439	7.5e-11	73.2
NCVOG0214-consensus	NODE_47_length_157051_cov_22.599781	35.00	280	151	31	260	523	134157	134944	4.9e-19	101.1
NCVOG0214-consensus	NODE_21_length_458587_cov_22.682103	30.43	253	160	16	314	563	73310	72598	1.1e-11	76.7
NCVOG0004-consensus	NODE_12_length_577205_cov_22.723553	32.19	233	138	20	54	279	151515	150859	9.6e-15	86.5
NCVOG0276-consensus	NODE_4_length_852168_cov_22.574717	52.62	401	91	99	56	357	443173	441976	2.3e-55	220.6
NCVOG4882-consensus	NODE_4_length_852168_cov_22.574717	29.78	460	281	42	363	796	712218	710892	4.3e-23	114.9
NCVOG2204-consensus	NODE_1_length_1224173_cov_22.694847	27.78	486	253	98	54	442	213115	211668	2.8e-21	107.7
NCVOG0777-consensus	NODE_12_length_577205_cov_22.723553	33.94	327	155	61	159	475	407992	407168	1.9e-20	106.7
NCVOG0777-consensus	NODE_4_length_852168_cov_22.574717	28.57	371	219	46	121	460	234124	233060	4.8e-20	105.3
NCVOG0777-consensus	NODE_4_length_852168_cov_22.574717	31.58	361	189	58	133	471	233073	234044	8.5e-20	104.5
NCVOG0777-consensus	NODE_56_length_90834_cov_22.459832	35.39	178	100	15	143	311	48199	47687	1.8e-14	86.1
NCVOG0777-consensus	NODE_9_length_662911_cov_22.059612	38.73	173	79	27	161	311	94703	95203	6.4e-14	85.0
NCVOG0777-consensus	NODE_56_length_90834_cov_22.459832	26.78	366	230	38	140	479	47459	48505	3.1e-13	82.0
NCVOG0777-consensus	NODE_50_length_117622_cov_22.141614	31.15	260	155	24	147	393	83429	84168	4e-13	82.0
NCVOG0777-consensus	NODE_12_length_577205_cov_22.723553	31.52	330	205	21	136	453	407035	407990	4.2e-13	82.3
NCVOG0777-consensus	NODE_17_length_522325_cov_22.177337	28.04	460	264	67	120	541	510724	512005	5.3e-13	80.9
NCVOG0777-consensus	NODE_36_length_247524_cov_22.435491	30.04	253	153	24	161	394	153353	154081	1.2e-12	80.1
NCVOG0777-consensus	NODE_9_length_662911_cov_22.059612	24.32	407	263	45	122	510	95316	94180	3.3e-12	79.3
NCVOG0777-consensus	NODE_2_length_1088676_cov_22.502070	31.87	273	147	39	154	404	20395	21157	5.9e-12	78.5
NCVOG0777-consensus	NODE_2_length_1088676_cov_22.502070	42.33	163	74	20	155	314	20861	20427	1e-11	77.7
NCVOG4665-consensus	NODE_19_length_490193_cov_22.484899	31.91	235	125	35	303	511	455212	454548	3.4e-11	72.6
NCVOG4966-consensus	NODE_31_length_299472_cov_22.532223	25.60	504	329	46	13	485	225729	224266	1.2e-16	92.5
NCVOG0030-consensus	NODE_11_length_599322_cov_22.430680	35.31	524	241	98	26	472	399082	400583	4.7e-27	127.7
NCVOG0030-consensus	NODE_5_length_838540_cov_22.473805	29.45	550	225	163	94	500	109886	111470	1e-26	126.6
NCVOG4494-consensus	NODE_5_length_838540_cov_22.473805	36.84	190	115	5	15	201	252339	252895	2.5e-15	88.1
NCVOG4494-consensus	NODE_2_length_1088676_cov_22.502070	34.81	181	111	7	55	229	652300	652832	2.4e-14	84.9
NCVOG4494-consensus	NODE_8_length_676464_cov_22.263813	33.33	285	166	24	45	319	353286	352477	5.1e-14	83.8
NCVOG4494-consensus	NODE_3_length_908072_cov_22.624130	31.98	247	153	15	41	282	117547	116842	9.9e-12	76.2
NCVOG0077-consensus	NODE_32_length_292591_cov_22.976466	30.61	392	240	32	339	713	73416	74543	1.4e-27	129.3
NCVOG0077-consensus	NODE_40_length_230896_cov_22.553269	32.77	235	146	12	323	553	138998	139675	2.2e-20	105.4
NCVOG0077-consensus	NODE_15_length_540448_cov_22.689419	28.39	398	217	68	352	696	332701	331556	2e-14	85.6
NCVOG0077-consensus	NODE_3_length_908072_cov_22.624130	28.46	397	186	98	314	627	315363	314221	3.4e-13	81.6
NCVOG0077-consensus	NODE_47_length_157051_cov_22.599781	31.67	420	195	92	320	649	106679	107921	1.8e-12	79.1
NCVOG0267-consensus	NODE_14_length_559599_cov_22.449485	26.52	411	258	44	328	722	156100	157245	5.3e-28	131.4
NCVOG0267-consensus	NODE_4_length_852168_cov_22.574717	27.25	466	284	55	282	721	393869	395176	1.2e-24	120.3
NCVOG0267-consensus	NODE_11_length_599322_cov_22.430680	29.63	432	261	43	327	748	570269	569076	2.1e-24	119.5
NCVOG0267-consensus	NODE_36_length_247524_cov_22.435491	30.75	413	252	34	327	733	202246	201095	7.1e-23	113.8
NCVOG0267-consensus	NODE_56_length_90834_cov_22.459832	27.85	377	213	59	327	670	60760	61807	2e-14	85.6
NCVOG0267-consensus	NODE_6_length_837164_cov_22.480544	26.13	509	267	109	325	737	565548	564076	5.9e-14	84.7
NCVOG0267-consensus	NODE_4_length_852168_cov_22.574717	30.22	417	245	46	325	718	730309	731487	2.2e-13	82.8
NCVOG0517-consensus	NODE_3_length_908072_cov_22.624130	29.69	229	145	16	124	342	748361	749026	3.9e-11	73.6
NCVOG0046-consensus	NODE_8_length_676464_cov_22.263813	61.76	68	24	2	7	72	214549	214349	8.2e-13	79.1
NCVOG0037-consensus	NODE_19_length_490193_cov_22.484899	44.66	1059	465	121	77	1017	165624	168782	1.3e-83	316.1
NCVOG0037-consensus	NODE_9_length_662911_cov_22.059612	42.45	1046	375	227	70	890	334217	337331	1.4e-45	189.7
NCVOG0007-consensus	NODE_30_length_312629_cov_22.718354	31.64	354	198	44	48	357	152662	153720	1.3e-26	125.1
NCVOG1115-consensus	NODE_2_length_1088676_cov_22.502070	37.78	315	165	31	131	414	548364	549295	6.6e-33	146.3
NCVOG0015-consensus	NODE_13_length_560619_cov_22.425875	33.75	160	99	7	99	251	219954	220430	1.6e-11	75.4
NCVOG0486-consensus	NODE_6_length_837164_cov_22.480544	30.14	365	196	59	63	376	221441	220374	5.7e-20	103.2
NCVOG0806-consensus	NODE_5_length_838540_cov_22.473805	39.06	466	208	76	19	420	725593	724239	1.5e-44	185.0
NCVOG0806-consensus	NODE_62_length_64709_cov_23.886125	29.30	372	192	71	144	447	34835	33738	3.2e-17	93.0
NCVOG0395-consensus	NODE_5_length_838540_cov_22.473805	45.33	75	41	0	3	77	645770	645549	4.6e-15	84.7
NCVOG4894-consensus	NODE_17_length_522325_cov_22.177337	32.78	302	172	31	30	313	438796	437945	6.2e-11	72.9
NCVOG1066-consensus	NODE_28_length_317182_cov_48.523663	34.55	165	91	17	2	162	204825	205277	2.5e-11	74.2
NCVOG1326-consensus	NODE_3_length_908072_cov_22.624130	54.29	105	48	0	46	150	119518	119829	9.5e-25	117.7
NCVOG1326-consensus	NODE_1_length_1224173_cov_22.694847	39.63	164	73	26	8	146	448384	447899	1.7e-12	77.0
NCVOG0036-consensus	NODE_3_length_908072_cov_22.624130	36.97	238	115	35	87	294	566560	565869	2.2e-15	87.7
NCVOG0222-consensus	NODE_7_length_716362_cov_22.357151	24.35	542	374	36	3	518	648878	647288	4.7e-21	106.8
NCVOG0222-consensus	NODE_11_length_599322_cov_22.430680	23.60	483	340	29	37	500	3420	4833	1.4e-15	89.0
NCVOG0014-consensus	NODE_13_length_560619_cov_22.425875	27.37	274	186	13	134	404	219876	220664	7.2e-16	90.0
NCVOG0002-consensus	NODE_22_length_445026_cov_22.503606	32.07	552	299	76	332	832	403623	402050	1.3e-29	136.3
NCVOG0002-consensus	NODE_8_length_676464_cov_22.263813	29.75	632	386	58	214	812	176236	174421	2.1e-27	129.0
NCVOG4845-consensus	NODE_17_length_522325_cov_22.177337	26.10	521	342	43	118	621	222516	223991	6.3e-21	107.1
NCVOG4845-consensus	NODE_74_length_37131_cov_22.656420	28.49	537	287	97	114	629	34433	33060	2.6e-20	103.0
NCVOG2775-consensus	NODE_14_length_559599_cov_22.449485	34.40	250	159	5	156	403	306533	305796	1.3e-26	125.8
NCVOG2775-consensus	NODE_1_length_1224173_cov_22.694847	31.79	280	157	34	193	442	478215	479039	4.9e-22	110.6
NCVOG2775-consensus	NODE_6_length_837164_cov_22.480544	31.23	317	193	25	98	401	60401	59492	3.1e-20	104.7
NCVOG2775-consensus	NODE_12_length_577205_cov_22.723553	35.35	215	138	1	199	413	189119	189757	4.1e-14	84.3
NCVOG2775-consensus	NODE_7_length_716362_cov_22.357151	31.65	158	108	0	230	387	13450	12980	6e-14	83.8
NCVOG2775-consensus	NODE_70_length_43533_cov_25.919275	40.38	104	61	1	198	300	18943	19251	3.9e-11	72.6
NCVOG0924-consensus	NODE_30_length_312629_cov_22.718354	37.22	180	96	17	3	167	161827	161297	1.9e-14	83.8
NCVOG0275-consensus	NODE_45_length_165366_cov_22.586052	38.02	121	70	5	7	122	97613	97972	1e-12	78.1
NCVOG0275-consensus	NODE_17_length_522325_cov_22.177337	51.22	82	40	0	7	88	269336	269094	1.7e-11	74.0
NCVOG0729-consensus	NODE_16_length_529407_cov_22.593280	32.67	600	269	135	27	507	205661	207399	1.1e-12	79.4
NCVOG5103-consensus	NODE_21_length_458587_cov_22.682103	29.31	232	143	21	298	515	397449	398120	5.9e-16	91.3
NCVOG4874-consensus	NODE_2_length_1088676_cov_22.502070	39.66	411	190	58	16	371	687671	686455	1.3e-64	251.4
NCVOG4874-consensus	NODE_962_length_297_cov_3.318182	53.00	100	46	1	12	111	297	4	8.4e-37	150.0
NCVOG4874-consensus	NODE_60_length_71380_cov_22.648248	37.32	410	182	75	16	366	14029	15203	6.5e-12	75.3
NCVOG4605-consensus	NODE_47_length_157051_cov_22.599781	32.48	274	161	24	250	508	134174	134961	6.6e-11	74.0
NCVOG0605-consensus	NODE_20_length_465832_cov_22.406667	26.03	242	169	10	255	489	119344	120053	3e-12	77.8
NCVOG1136-consensus	NODE_36_length_247524_cov_22.435491	47.52	303	121	38	193	459	198973	199872	5.9e-48	195.8
NCVOG0059-consensus	NODE_17_length_522325_cov_22.177337	32.69	208	120	20	163	354	114443	115047	6.7e-15	86.6
NCVOG0191-consensus	NODE_12_length_577205_cov_22.723553	34.12	211	111	28	22	229	407809	407255	1.7e-11	74.3
NCVOG4655-consensus	NODE_19_length_490193_cov_22.484899	27.21	294	171	43	57	312	454904	454041	2.2e-11	72.8
NCVOG0901-consensus	NODE_17_length_522325_cov_22.177337	45.21	188	70	33	26	180	43122	42564	3.5e-24	116.1
NCVOG2980-consensus	NODE_62_length_64709_cov_23.886125	25.96	443	259	69	77	464	3912	2629	6.9e-16	88.7
NCVOG1298-consensus	NODE_31_length_299472_cov_22.532223	24.52	465	318	33	150	602	225042	223718	1.4e-18	99.2
NCVOG1298-consensus	NODE_10_length_656155_cov_22.316606	25.17	453	309	30	129	572	235821	237097	7.1e-13	80.2
NCVOG0450-consensus	NODE_9_length_662911_cov_22.059612	44.71	331	164	19	119	440	622196	623155	7.1e-67	258.0
NCVOG0450-consensus	NODE_9_length_662911_cov_22.059612	48.77	203	95	9	121	317	623159	623755	1.8e-38	163.6
NCVOG0450-consensus	NODE_41_length_230435_cov_22.265752	46.97	198	88	17	147	335	164577	164011	7.2e-26	122.1
NCVOG0450-consensus	NODE_29_length_314722_cov_22.213263	36.92	214	115	20	116	318	229097	229702	2.9e-22	111.0
NCVOG0450-consensus	NODE_9_length_662911_cov_22.059612	34.83	290	137	52	146	396	535800	534973	2.3e-21	108.0
NCVOG0450-consensus	NODE_2_length_1088676_cov_22.502070	35.14	333	143	73	119	401	225652	226560	2.7e-20	104.5
NCVOG0450-consensus	NODE_68_length_47897_cov_22.402710	39.25	265	142	19	131	379	21116	21896	6.8e-20	101.5
NCVOG0450-consensus	NODE_2_length_1088676_cov_22.502070	45.68	81	44	0	122	202	372262	372501	6.5e-11	73.3
NCVOG0652-consensus	NODE_39_length_230906_cov_22.334304	30.19	318	198	24	109	418	90778	91680	6.1e-31	139.7
NCVOG0652-consensus	NODE_2_length_1088676_cov_22.502070	33.14	350	203	31	94	413	840953	839912	5.9e-22	109.9
NCVOG0652-consensus	NODE_9_length_662911_cov_22.059612	27.59	377	229	44	76	414	233982	235089	3.9e-13	80.6
NCVOG4522-consensus	NODE_12_length_577205_cov_22.723553	34.47	206	71	64	261	402	505483	506093	2.8e-16	90.9
NCVOG1352-consensus	NODE_24_length_393797_cov_22.240173	32.87	216	137	8	2	209	376292	375648	2.8e-24	116.1
NCVOG0522-consensus	NODE_1_length_1224173_cov_22.694847	30.65	199	119	19	49	241	744043	743489	3.6e-11	73.7
NCVOG5117-consensus	NODE_56_length_90834_cov_22.459832	28.30	477	292	50	729	1188	47637	48953	2.3e-24	119.1
NCVOG5117-consensus	NODE_12_length_577205_cov_22.723553	39.41	236	115	28	743	965	407289	407948	4.7e-24	118.9
NCVOG5117-consensus	NODE_7_length_716362_cov_22.357151	25.86	464	316	28	650	1088	332444	331073	4.9e-17	95.6
NCVOG5117-consensus	NODE_9_length_662911_cov_22.059612	27.06	521	299	81	505	1007	95863	94495	5.9e-17	95.3
NCVOG5117-consensus	NODE_4_length_852168_cov_22.574717	26.13	551	345	62	476	1005	234619	233095	1.3e-16	94.2
NCVOG5117-consensus	NODE_2_length_1088676_cov_22.502070	35.14	185	97	23	768	952	20359	20841	5.1e-14	85.5
NCVOG5117-consensus	NODE_36_length_247524_cov_22.435491	30.25	314	164	55	688	988	153972	153164	4.7e-13	81.7
NCVOG5117-consensus	NODE_38_length_231326_cov_22.362838	40.88	137	66	15	827	960	123554	123183	3.2e-12	79.5
NCVOG5117-consensus	NODE_18_length_492963_cov_22.355711	24.92	297	212	11	675	963	204263	205139	3.7e-11	76.0
NCVOG5117-consensus	NODE_14_length_559599_cov_22.449485	32.63	236	128	31	741	965	265472	264834	4.5e-11	75.8
NCVOG4122-consensus	NODE_10_length_656155_cov_22.316606	26.69	311	221	7	80	386	404583	403665	6.7e-22	109.9
NCVOG4122-consensus	NODE_9_length_662911_cov_22.059612	26.02	342	238	15	122	459	622205	623194	7.5e-22	108.5
NCVOG4122-consensus	NODE_2_length_1088676_cov_22.502070	26.97	393	244	43	98	460	442925	441789	5.3e-13	80.3
NCVOG0032-consensus	NODE_16_length_529407_cov_22.593280	26.71	805	375	215	252	853	468719	471092	1e-20	105.9
NCVOG0032-consensus	NODE_4_length_852168_cov_22.574717	28.33	593	305	120	286	867	212740	211296	1.3e-15	89.9
NCVOG0032-consensus	NODE_10_length_656155_cov_22.316606	29.27	615	292	143	310	809	429812	431567	5.7e-15	87.8
NCVOG0032-consensus	NODE_13_length_560619_cov_22.425875	28.35	321	201	29	515	818	38148	37231	2.1e-14	85.9
NCVOG0032-consensus	NODE_21_length_458587_cov_22.682103	37.97	158	88	10	685	836	200235	200693	4.5e-14	84.8
NCVOG0032-consensus	NODE_2_length_1088676_cov_22.502070	28.31	438	245	69	411	834	349918	348795	6.2e-13	81.0
NCVOG0032-consensus	NODE_22_length_445026_cov_22.503606	27.26	785	343	228	239	820	309181	311449	1.9e-12	79.3
NCVOG0032-consensus	NODE_39_length_230906_cov_22.334304	25.35	852	488	148	12	775	152277	154639	1.8e-11	75.3
NCVOG0032-consensus	NODE_7_length_716362_cov_22.357151	27.41	686	321	177	307	845	68055	66093	2.7e-11	75.6
NCVOG0302-consensus	NODE_45_length_165366_cov_22.586052	28.48	330	173	63	263	535	58318	59284	2.8e-12	78.1
NCVOG0302-consensus	NODE_1_length_1224173_cov_22.694847	22.57	257	194	5	3	256	298377	297620	2.8e-12	78.1
NCVOG0302-consensus	NODE_9_length_662911_cov_22.059612	34.35	131	83	3	327	454	79578	79189	3.3e-11	74.6
NCVOG0012-consensus	NODE_12_length_577205_cov_22.723553	35.45	330	119	94	86	412	407956	407249	6.8e-16	90.0
NCVOG0012-consensus	NODE_11_length_599322_cov_22.430680	45.45	154	68	16	295	432	566911	567369	2.2e-14	85.0
NCVOG0012-consensus	NODE_9_length_662911_cov_22.059612	40.08	237	95	47	230	423	25457	24764	1.6e-13	82.1
NCVOG0012-consensus	NODE_38_length_231326_cov_22.362838	48.00	125	60	5	294	415	123163	123528	1.5e-12	78.9
NCVOG0012-consensus	NODE_715_length_341_cov_3.306818	47.27	110	46	12	291	400	300	10	8.1e-12	67.7
NCVOG0012-consensus	NODE_56_length_90834_cov_22.459832	48.44	128	51	15	301	413	48028	47648	1.9e-11	74.5
NCVOG0012-consensus	NODE_3861_length_139_cov_15.500000	70.59	51	10	5	326	376	138	4	3.4e-11	64.3
NCVOG0012-consensus	NODE_4057_length_135_cov_24.086207	72.34	47	11	2	321	367	135	4	5e-11	63.7
NCVOG0012-consensus	NODE_4113_length_134_cov_36.754386	72.92	48	9	4	326	373	134	6	9.7e-11	62.7
NCVOG1127-consensus	NODE_7_length_716362_cov_22.357151	28.99	207	131	16	82	282	490949	491536	1.6e-14	85.7
NCVOG0868-consensus	NODE_28_length_317182_cov_48.523663	51.81	83	37	3	164	243	102369	102612	2.9e-13	80.9
NCVOG0868-consensus	NODE_16_length_529407_cov_22.593280	51.90	79	27	11	156	223	153253	153020	6.5e-11	73.0
NCVOG0181-consensus	NODE_28_length_317182_cov_48.523663	27.45	357	236	23	92	433	112889	113932	4.6e-28	130.2
NCVOG0181-consensus	NODE_60_length_71380_cov_22.648248	27.30	359	236	25	96	439	39912	38869	8.7e-25	118.3
NCVOG0181-consensus	NODE_29_length_314722_cov_22.213263	26.63	338	215	33	92	410	231225	232181	1.4e-19	102.0
NCVOG0181-consensus	NODE_52_length_101671_cov_22.181369	25.54	372	238	39	90	439	38141	37080	1.1e-13	81.9
NCVOG0025-consensus	NODE_24_length_393797_cov_22.240173	26.38	470	281	65	77	515	204709	206009	6.3e-18	96.8
NCVOG0025-consensus	NODE_1_length_1224173_cov_22.694847	28.34	434	234	77	111	521	1077854	1078990	8.7e-17	93.0
NCVOG0025-consensus	NODE_49_length_128802_cov_72.116527	27.54	443	256	65	91	521	109346	108180	1.4e-13	82.2
NCVOG0025-consensus	NODE_1_length_1224173_cov_22.694847	22.62	420	279	46	85	481	607302	606117	6e-13	80.3
NCVOG0025-consensus	NODE_3_length_908072_cov_22.624130	26.67	390	229	57	104	487	257929	258942	8.7e-13	79.7
NCVOG0025-consensus	NODE_15_length_540448_cov_22.689419	25.07	375	244	37	112	462	456917	457989	1.7e-12	78.1
NCVOG0025-consensus	NODE_2_length_1088676_cov_22.502070	24.02	408	262	48	85	491	556320	557399	3.1e-11	74.6
NCVOG0025-consensus	NODE_2_length_1088676_cov_22.502070	24.26	404	269	37	112	508	26751	27869	3.8e-11	74.3
NCVOG0025-consensus	NODE_5_length_838540_cov_22.473805	24.47	380	231	56	112	487	392028	391048	4.5e-11	74.0
NCVOG0271-consensus	NODE_5_length_838540_cov_22.473805	40.59	1195	521	189	147	1156	642901	646460	8.2e-105	386.6
NCVOG0271-consensus	NODE_11_length_599322_cov_22.430680	28.00	1193	713	146	81	1161	271613	268144	6.1e-22	111.3
NCVOG0271-consensus	NODE_13_length_560619_cov_22.425875	32.27	1258	647	205	27	1107	385776	382098	1e-20	107.2
NCVOG0271-consensus	NODE_1034_length_289_cov_3.099057	44.68	94	50	2	926	1017	3	281	4.4e-16	82.8
NCVOG4568-consensus	NODE_20_length_465832_cov_22.406667	25.87	433	285	36	50	456	9002	10265	7.1e-13	79.9
NCVOG0061-consensus	NODE_1_length_1224173_cov_22.694847	31.38	564	298	89	58	541	684594	682937	4.6e-30	137.2
NCVOG0451-consensus	NODE_10_length_656155_cov_22.316606	32.30	257	161	13	124	377	404436	403699	2e-16	91.5
NCVOG0451-consensus	NODE_23_length_424235_cov_22.245350	33.89	180	110	9	170	340	338254	337718	6.6e-13	79.5
NCVOG0451-consensus	NODE_23_length_424235_cov_22.245350	27.69	325	221	14	98	412	339225	338270	6.6e-13	79.5
NCVOG1351-consensus	NODE_52_length_101671_cov_22.181369	35.40	274	153	24	174	428	87245	86450	6.4e-31	139.5
NCVOG1351-consensus	NODE_17_length_522325_cov_22.177337	32.72	272	127	56	167	388	368567	367777	1.9e-17	95.3
NCVOG0531-consensus	NODE_28_length_317182_cov_48.523663	28.73	268	174	17	1	260	57770	58543	5.4e-15	86.8
NCVOG4907-consensus	NODE_10_length_656155_cov_22.316606	24.57	761	517	57	2	724	469319	467109	1.7e-14	85.9
NCVOG4907-consensus	NODE_16_length_529407_cov_22.593280	29.19	675	403	75	86	731	229269	231128	7.4e-14	83.8
NCVOG0301-consensus	NODE_45_length_165366_cov_22.586052	27.71	332	175	65	264	537	58321	59290	7.3e-12	76.7
NCVOG1121-consensus	NODE_3_length_908072_cov_22.624130	24.65	426	286	35	102	523	748340	749521	1.6e-12	78.9
NCVOG0021-consensus	NODE_31_length_299472_cov_22.532223	29.48	519	316	50	91	588	225355	223889	1.2e-23	116.8
NCVOG0021-consensus	NODE_16_length_529407_cov_22.593280	24.03	591	406	43	212	786	229388	231070	1.7e-22	113.0
NCVOG0021-consensus	NODE_27_length_358717_cov_22.322415	24.48	482	336	28	73	540	55966	57366	2e-18	99.4
NCVOG0021-consensus	NODE_10_length_656155_cov_22.316606	27.60	413	274	25	61	470	609972	611141	2.9e-18	97.5
NCVOG0021-consensus	NODE_4_length_852168_cov_22.574717	26.74	475	319	29	353	822	234445	233102	1.5e-16	93.2
NCVOG0021-consensus	NODE_56_length_90834_cov_22.459832	32.93	249	142	25	568	806	47658	48356	5.5e-14	83.9
NCVOG0001-consensus	NODE_24_length_393797_cov_22.240173	44.76	286	137	21	320	600	50193	50999	7.7e-46	189.8
NCVOG0001-consensus	NODE_11_length_599322_cov_22.430680	39.41	236	124	19	328	555	220295	219624	2.1e-34	151.8
NCVOG0001-consensus	NODE_31_length_299472_cov_22.532223	47.81	251	113	18	313	556	165867	165151	7.7e-34	149.9
NCVOG0001-consensus	NODE_8_length_676464_cov_22.263813	42.68	246	123	18	314	555	575206	574514	3.5e-33	147.8
NCVOG0001-consensus	NODE_19_length_490193_cov_22.484899	36.56	279	132	45	333	577	412850	413650	1.2e-26	126.1
NCVOG0001-consensus	NODE_1_length_1224173_cov_22.694847	42.07	309	155	24	258	560	748675	749544	3.8e-23	114.4
NCVOG0001-consensus	NODE_30_length_312629_cov_22.718354	39.18	194	109	9	363	556	42291	42842	3.5e-21	107.9
NCVOG0001-consensus	NODE_29_length_314722_cov_22.213263	30.31	287	158	42	302	556	213594	212769	4.6e-19	100.8
NCVOG0001-consensus	NODE_18_length_492963_cov_22.355711	36.41	217	118	20	371	578	264666	264056	5.6e-19	100.6
NCVOG0001-consensus	NODE_2_length_1088676_cov_22.502070	44.83	174	81	15	331	500	488554	488069	2e-17	95.4
NCVOG0001-consensus	NODE_8_length_676464_cov_22.263813	39.58	192	104	12	364	555	163396	162860	6.2e-17	93.8
NCVOG0001-consensus	NODE_22_length_445026_cov_22.503606	37.64	271	112	57	360	579	181873	182660	1.9e-16	92.2
NCVOG0001-consensus	NODE_398_length_476_cov_3.107769	38.78	147	68	22	392	516	33	466	1.5e-15	80.9
NCVOG0001-consensus	NODE_6_length_837164_cov_22.480544	35.42	288	163	23	285	566	533458	532649	2.2e-15	88.6
NCVOG0001-consensus	NODE_6_length_837164_cov_22.480544	38.79	281	126	46	320	565	534339	533537	3.3e-24	117.9
NCVOG0001-consensus	NODE_30_length_312629_cov_22.718354	35.96	267	153	18	307	566	264932	264168	3.9e-15	87.8
NCVOG0001-consensus	NODE_30_length_312629_cov_22.718354	40.07	272	123	40	320	562	265855	265080	3.5e-33	147.8
NCVOG0001-consensus	NODE_4_length_852168_cov_22.574717	30.16	305	139	74	357	598	752592	753470	2e-13	81.6
NCVOG0001-consensus	NODE_24_length_393797_cov_22.240173	28.47	295	196	15	322	603	380580	379713	2.2e-13	81.3
NCVOG0001-consensus	NODE_1_length_1224173_cov_22.694847	33.81	210	111	28	367	555	23611	24208	4.9e-12	77.5
NCVOG0001-consensus	NODE_5_length_838540_cov_22.473805	34.57	269	121	55	370	595	83679	84444	3.2e-11	74.8
NCVOG2058-consensus	NODE_10_length_656155_cov_22.316606	33.21	280	170	17	99	372	404589	403786	1.3e-24	118.6
NCVOG2058-consensus	NODE_23_length_424235_cov_22.245350	35.79	285	167	16	103	371	338560	337709	3.3e-19	100.4
NCVOG2058-consensus	NODE_23_length_424235_cov_22.245350	31.53	203	134	5	141	338	339172	338567	5.5e-14	83.1
NCVOG2058-consensus	NODE_2_length_1088676_cov_22.502070	28.66	307	187	32	92	367	442703	441789	2.3e-12	77.9
NCVOG0066-consensus	NODE_29_length_314722_cov_22.213263	32.35	374	222	31	119	463	271672	270560	6.4e-27	126.9
NCVOG0066-consensus	NODE_29_length_314722_cov_22.213263	31.14	350	207	34	89	405	270436	269393	3.6e-23	114.4
NCVOG0066-consensus	NODE_29_length_314722_cov_22.213263	36.62	355	165	60	114	410	272828	271775	4.2e-14	84.3
NCVOG0038-consensus	NODE_15_length_540448_cov_22.689419	32.24	1070	494	231	95	972	519498	522577	8.1e-32	143.3
NCVOG0038-consensus	NODE_8_length_676464_cov_22.263813	26.32	775	507	64	230	966	292548	294777	4.9e-31	141.4
NCVOG0228-consensus	NODE_210_length_816_cov_3.161028	32.29	192	125	5	418	606	567	5	4.6e-17	87.3
NCVOG0228-consensus	NODE_14_length_559599_cov_22.449485	28.19	681	420	69	288	922	491736	489766	1.2e-15	89.6
NCVOG0218-consensus	NODE_12_length_577205_cov_22.723553	40.96	498	252	42	377	850	408654	407236	3.9e-47	195.0
NCVOG0218-consensus	NODE_4_length_852168_cov_22.574717	34.51	565	275	95	434	927	232833	234448	2.7e-35	155.6
NCVOG0218-consensus	NODE_56_length_90834_cov_22.459832	35.40	452	264	28	575	1012	48568	47270	1.6e-34	152.3
NCVOG0218-consensus	NODE_16_length_529407_cov_22.593280	30.83	746	415	101	230	902	231873	229723	1.2e-30	140.2
NCVOG0218-consensus	NODE_9_length_662911_cov_22.059612	34.06	599	327	68	353	898	226503	224779	1.5e-29	136.5
NCVOG0218-consensus	NODE_9_length_662911_cov_22.059612	34.68	519	288	51	360	837	93840	95335	3.2e-29	135.4
NCVOG0218-consensus	NODE_9_length_662911_cov_22.059612	50.96	208	91	11	621	820	25369	24758	2.9e-28	132.2
NCVOG0218-consensus	NODE_31_length_299472_cov_22.532223	33.39	626	313	104	354	896	138851	140616	7.1e-27	127.6
NCVOG0218-consensus	NODE_40_length_230896_cov_22.553269	31.96	629	311	117	402	931	176327	178142	1.8e-23	115.4
NCVOG0218-consensus	NODE_36_length_247524_cov_22.435491	42.06	252	126	20	651	896	153281	153985	3.8e-22	111.3
NCVOG0218-consensus	NODE_27_length_358717_cov_22.322415	34.92	421	237	37	477	869	294554	295750	3.1e-21	108.9
NCVOG0218-consensus	NODE_2_length_1088676_cov_22.502070	50.28	181	74	16	681	855	20870	20361	4.8e-21	108.3
NCVOG0218-consensus	NODE_18_length_492963_cov_22.355711	41.16	277	141	22	632	897	205327	204545	1.1e-18	100.5
NCVOG0218-consensus	NODE_6_length_837164_cov_22.480544	41.43	251	128	19	631	870	752070	752795	1.9e-18	98.9
NCVOG0218-consensus	NODE_2_length_1088676_cov_22.502070	26.48	574	365	57	456	985	711539	709872	4.4e-18	98.4
NCVOG0218-consensus	NODE_11_length_599322_cov_22.430680	38.37	258	139	20	570	810	566602	567349	1.3e-17	96.8
NCVOG0218-consensus	NODE_9_length_662911_cov_22.059612	33.52	352	202	32	564	887	607415	606391	2.5e-17	94.7
NCVOG0218-consensus	NODE_14_length_559599_cov_22.449485	41.18	238	113	27	663	873	264781	265485	3.2e-17	95.6
NCVOG0218-consensus	NODE_11_length_599322_cov_22.430680	30.47	571	323	74	372	901	183107	181525	1.5e-16	93.3
NCVOG0218-consensus	NODE_31_length_299472_cov_22.532223	33.20	515	241	103	471	898	223866	225359	8.7e-16	90.8
NCVOG0218-consensus	NODE_3_length_908072_cov_22.624130	31.49	524	306	53	345	846	652776	654235	1.5e-15	90.0
NCVOG0218-consensus	NODE_11_length_599322_cov_22.430680	27.83	654	343	129	358	893	51999	50080	2.6e-15	89.2
NCVOG0218-consensus	NODE_14_length_559599_cov_22.449485	43.29	164	88	5	616	775	379711	379226	4e-15	88.6
NCVOG0218-consensus	NODE_23_length_424235_cov_22.245350	47.48	139	57	16	661	797	220379	220008	5e-15	88.3
NCVOG0218-consensus	NODE_56_length_90834_cov_22.459832	32.41	614	323	92	354	885	7714	9478	6.9e-15	87.1
NCVOG0218-consensus	NODE_38_length_231326_cov_22.362838	52.99	134	45	18	679	812	123181	123525	2.1e-14	86.2
NCVOG0218-consensus	NODE_41_length_230435_cov_22.265752	29.98	437	266	40	502	901	75897	74625	3.7e-14	85.4
NCVOG0218-consensus	NODE_2_length_1088676_cov_22.502070	28.69	474	284	54	420	853	879486	880840	4.1e-14	85.2
NCVOG0218-consensus	NODE_22_length_445026_cov_22.503606	30.24	658	346	113	359	905	251180	253128	4.6e-14	85.1
NCVOG0218-consensus	NODE_25_length_380325_cov_22.040295	27.30	608	336	106	394	901	319914	318122	5.2e-14	84.0
NCVOG0218-consensus	NODE_13_length_560619_cov_22.425875	31.48	521	301	56	407	885	226469	224986	5.7e-14	84.8
NCVOG0218-consensus	NODE_17_length_522325_cov_22.177337	29.26	393	257	21	518	903	511841	510708	6.9e-14	83.5
NCVOG0218-consensus	NODE_25_length_380325_cov_22.040295	28.47	583	345	72	357	882	263150	264806	9.8e-14	84.0
NCVOG0218-consensus	NODE_12_length_577205_cov_22.723553	35.21	355	176	54	618	922	89418	90441	9.8e-14	84.0
NCVOG0218-consensus	NODE_45_length_165366_cov_22.586052	30.35	603	326	94	357	869	87338	89101	1.1e-13	83.8
NCVOG0218-consensus	NODE_30_length_312629_cov_22.718354	33.00	297	168	31	657	926	186980	187847	1.4e-13	83.5
NCVOG0218-consensus	NODE_5_length_838540_cov_22.473805	33.33	369	201	45	550	878	392027	393109	2.4e-13	82.7
NCVOG0218-consensus	NODE_4_length_852168_cov_22.574717	31.64	354	212	30	534	883	837128	838106	2.9e-13	81.9
NCVOG0218-consensus	NODE_78_length_22486_cov_25.276541	29.86	653	363	95	325	898	4089	2212	3.6e-13	79.4
NCVOG0218-consensus	NODE_21_length_458587_cov_22.682103	32.18	693	337	133	355	927	397192	399216	4.1e-13	81.9
NCVOG0218-consensus	NODE_21_length_458587_cov_22.682103	32.24	366	198	50	608	932	323856	324909	4.1e-13	81.9
NCVOG0218-consensus	NODE_12_length_577205_cov_22.723553	27.07	687	362	139	353	905	179623	181643	4.6e-13	81.8
NCVOG0218-consensus	NODE_1_length_1224173_cov_22.694847	31.13	424	251	41	484	873	1009626	1008391	4.6e-13	81.8
NCVOG0218-consensus	NODE_33_length_272987_cov_22.954699	33.11	447	243	56	491	890	243529	242257	8.1e-13	80.6
NCVOG0218-consensus	NODE_715_length_341_cov_3.306818	55.81	86	36	2	776	860	258	7	1.5e-12	71.3
NCVOG0218-consensus	NODE_8_length_676464_cov_22.263813	39.05	210	118	10	648	850	527544	526927	1.7e-12	79.9
NCVOG0218-consensus	NODE_8_length_676464_cov_22.263813	51.56	128	44	18	611	730	80205	79855	1.9e-12	79.7
NCVOG0218-consensus	NODE_32_length_292591_cov_22.976466	31.28	585	340	62	350	885	174644	172938	3.4e-12	78.8
NCVOG0218-consensus	NODE_3861_length_139_cov_15.500000	78.72	47	8	2	774	820	138	7	4e-12	68.6
NCVOG0218-consensus	NODE_4113_length_134_cov_36.754386	81.82	44	8	0	797	840	134	6	5.9e-12	67.9
NCVOG0218-consensus	NODE_13_length_560619_cov_22.425875	29.41	510	306	54	504	985	399730	401144	8e-12	77.6
NCVOG0218-consensus	NODE_6_length_837164_cov_22.480544	28.39	391	243	37	533	900	102550	101447	1.4e-11	76.8
NCVOG0218-consensus	NODE_4057_length_135_cov_24.086207	81.82	44	8	0	797	840	135	7	1.4e-11	66.7
NCVOG0218-consensus	NODE_5_length_838540_cov_22.473805	34.14	249	156	8	654	897	824639	825371	1.7e-11	75.8
NCVOG0218-consensus	NODE_4_length_852168_cov_22.574717	36.76	253	121	39	485	722	46899	46228	1.9e-11	76.4
NCVOG0218-consensus	NODE_3_length_908072_cov_22.624130	32.93	416	234	45	506	889	98064	99247	2.7e-11	75.9
NCVOG0218-consensus	NODE_7_length_716362_cov_22.357151	29.95	384	240	29	493	861	453549	452449	2.7e-11	75.9
NCVOG0218-consensus	NODE_5_length_838540_cov_22.473805	33.33	333	197	25	568	878	225065	226029	2.7e-11	75.9
NCVOG4344-consensus	NODE_6_length_837164_cov_22.480544	32.81	253	154	16	17	265	60479	59762	6.9e-13	80.0
NCVOG4344-consensus	NODE_12_length_577205_cov_22.723553	32.01	278	174	15	67	340	188969	189760	9.2e-11	73.0
NCVOG0226-consensus	NODE_16_length_529407_cov_22.593280	35.94	128	75	7	28	153	153292	152927	2.5e-13	81.4
NCVOG0226-consensus	NODE_17_length_522325_cov_22.177337	35.90	156	90	10	19	164	234440	233976	5e-12	77.0
NCVOG4170-consensus	NODE_22_length_445026_cov_22.503606	34.55	191	117	8	129	314	364210	364770	7.9e-18	95.9
NCVOG0720-consensus	NODE_3_length_908072_cov_22.624130	42.94	163	86	7	5	167	71847	72311	8.1e-25	118.1
NCVOG4487-consensus	NODE_15_length_540448_cov_22.689419	28.57	322	200	30	251	553	163761	162842	3.1e-14	84.7
