NCVOG1069-consensus	NODE_80_length_42788_cov_21.972911	33.19	226	133	18	44	261	2584	1940	8.9e-30	137.2
NCVOG1069-consensus	NODE_551_length_6583_cov_27.197510	32.32	198	121	13	41	231	1445	873	7.2e-28	128.2
NCVOG1069-consensus	NODE_217_length_17092_cov_26.711314	33.67	199	117	15	41	231	11609	11037	2.4e-27	127.8
NCVOG1069-consensus	NODE_2391_length_2347_cov_32.485463	30.97	113	71	7	115	226	374	691	2e-12	75.4
NCVOG4113-consensus	NODE_12403_length_501_cov_25.978774	28.76	153	99	10	22	166	468	19	1.9e-11	69.8
NCVOG1243-consensus	NODE_4695_length_1319_cov_30.926731	37.78	90	50	6	95	179	1305	1042	5.1e-13	76.0
NCVOG0669-consensus	NODE_419_length_8243_cov_28.121724	26.13	375	234	43	101	438	5683	4580	5.2e-17	92.5
NCVOG0669-consensus	NODE_503_length_7150_cov_21.053443	25.68	292	182	35	205	464	2684	1831	4.7e-16	89.1
NCVOG0669-consensus	NODE_8067_length_765_cov_60.101744	34.31	137	80	10	276	407	313	705	6.4e-15	82.2
NCVOG0669-consensus	NODE_5558_length_1111_cov_38.149903	24.83	298	169	55	222	464	913	27	7.3e-12	72.5
NCVOG0333-consensus	NODE_16277_length_392_cov_19.571429	41.67	120	52	18	599	709	359	30	5e-12	72.2
NCVOG0333-consensus	NODE_7869_length_786_cov_54.157969	48.35	91	38	9	605	695	305	63	1.5e-11	71.6
NCVOG0333-consensus	NODE_3762_length_1621_cov_24.488990	42.86	112	48	16	605	709	1479	1174	2.7e-11	71.8
NCVOG1233-consensus	NODE_23938_length_261_cov_33.820652	35.23	88	43	14	40	120	245	10	3.3e-16	83.0
NCVOG0233-consensus	NODE_1732_length_2982_cov_46.983821	36.01	908	478	103	38	849	82	2781	2.3e-77	292.4
NCVOG0233-consensus	NODE_1400_length_3452_cov_36.063111	32.84	886	428	167	102	823	792	3431	1e-52	210.7
NCVOG0233-consensus	NODE_1542_length_3247_cov_30.047003	27.26	664	413	70	61	681	2643	740	8.6e-40	167.8
NCVOG0233-consensus	NODE_4861_length_1273_cov_36.117893	29.43	282	170	29	611	863	1204	364	5.3e-35	150.5
NCVOG0233-consensus	NODE_11853_length_522_cov_66.008989	54.39	114	51	1	497	610	404	69	1.2e-31	138.1
NCVOG0233-consensus	NODE_3333_length_1807_cov_31.939884	31.22	237	146	17	137	364	1052	369	1.3e-27	126.4
NCVOG0233-consensus	NODE_1035_length_4230_cov_23.700698	31.40	207	132	10	534	732	153	764	1.3e-26	124.4
NCVOG0233-consensus	NODE_83_length_42113_cov_22.785218	26.04	768	366	202	143	720	33277	35531	8.8e-26	124.9
NCVOG0233-consensus	NODE_2384_length_2352_cov_38.224615	25.57	438	233	93	502	847	1435	132	5.6e-22	108.1
NCVOG0233-consensus	NODE_58_length_49476_cov_23.146015	26.96	805	373	215	155	746	15348	17737	4e-20	106.4
NCVOG0233-consensus	NODE_6059_length_1023_cov_41.250529	35.71	126	77	4	42	166	371	6	8.7e-17	89.7
NCVOG0233-consensus	NODE_29042_length_221_cov_36.798611	52.86	70	33	0	553	622	212	6	5.7e-16	84.7
NCVOG0233-consensus	NODE_948_length_4448_cov_26.496911	24.61	512	297	89	425	867	347	1811	2.5e-15	86.9
NCVOG0233-consensus	NODE_22936_length_272_cov_25.164103	41.67	84	47	2	607	688	1	249	3.6e-15	82.4
NCVOG0233-consensus	NODE_32979_length_200_cov_25.455285	51.56	64	31	0	589	652	197	9	4.3e-15	81.7
NCVOG0233-consensus	NODE_7916_length_780_cov_48.516358	35.06	251	133	30	143	364	777	33	1.9e-14	81.5
NCVOG0233-consensus	NODE_76_length_43528_cov_45.316633	22.81	789	382	227	166	729	22130	19787	5.8e-14	85.7
NCVOG0233-consensus	NODE_47544_length_155_cov_28.230769	62.00	50	18	1	602	650	4	150	6.6e-14	77.4
NCVOG0233-consensus	NODE_7913_length_781_cov_30.276989	29.86	221	127	28	15	216	21	645	1.3e-13	78.7
NCVOG0233-consensus	NODE_34028_length_194_cov_33.119658	47.37	57	29	1	627	682	4	171	2e-13	76.1
NCVOG0233-consensus	NODE_9462_length_652_cov_69.551304	26.52	181	125	8	583	762	608	90	1.8e-12	74.7
NCVOG0233-consensus	NODE_44040_length_155_cov_34.666667	60.00	50	20	0	561	610	4	150	2e-12	72.4
NCVOG0233-consensus	NODE_29665_length_218_cov_28.460993	44.44	72	40	0	95	166	218	6	2.3e-12	72.8
NCVOG0233-consensus	NODE_31244_length_209_cov_25.954545	48.28	58	29	1	581	637	176	6	3.5e-12	72.1
NCVOG0233-consensus	NODE_10304_length_599_cov_34.823755	32.54	126	73	12	237	362	30	368	3.8e-11	70.2
NCVOG1013-consensus	NODE_5647_length_1094_cov_82.447394	32.63	190	114	14	259	437	902	345	1.9e-19	98.3
NCVOG1013-consensus	NODE_161_length_23148_cov_22.205930	27.89	380	242	32	200	551	22246	21122	4.5e-19	101.4
NCVOG1013-consensus	NODE_1420_length_3432_cov_28.704024	25.47	212	139	19	322	519	780	1397	7.5e-12	74.7
NCVOG0013-consensus	NODE_2113_length_2573_cov_45.633814	36.28	226	136	8	122	345	1434	2090	5e-36	154.3
NCVOG0013-consensus	NODE_442_length_7986_cov_26.285371	28.99	407	263	26	87	475	390	1577	1.9e-35	154.1
NCVOG0013-consensus	NODE_507_length_7127_cov_34.924965	28.65	384	244	30	80	449	1460	372	6.5e-31	138.8
NCVOG0013-consensus	NODE_1251_length_3722_cov_47.275171	34.14	249	155	9	122	367	2372	1647	7.3e-31	137.7
NCVOG0013-consensus	NODE_1251_length_3722_cov_47.275171	31.11	225	146	9	117	339	3572	2922	2.5e-27	125.9
NCVOG0013-consensus	NODE_1251_length_3722_cov_47.275171	34.50	171	110	2	122	290	2912	2403	1.6e-21	106.7
NCVOG0013-consensus	NODE_6608_length_939_cov_51.669374	34.95	186	115	6	121	300	561	7	3.7e-28	126.7
NCVOG0013-consensus	NODE_737_length_5278_cov_24.336666	28.41	359	233	24	102	455	2644	3658	8.9e-28	128.0
NCVOG0013-consensus	NODE_1001_length_4300_cov_24.410748	33.64	220	138	8	122	339	3193	2555	1.4e-24	117.0
NCVOG0013-consensus	NODE_724_length_5333_cov_22.551750	26.08	441	297	29	117	535	2502	1214	3.1e-24	116.2
NCVOG0013-consensus	NODE_12016_length_516_cov_17.555809	38.65	163	95	5	104	264	481	5	6e-24	111.9
NCVOG0013-consensus	NODE_1205_length_3819_cov_30.341085	31.54	260	167	11	102	358	2485	1737	5.5e-23	111.6
NCVOG0013-consensus	NODE_435_length_8043_cov_29.022470	36.14	166	104	2	116	279	5495	5989	7.2e-23	112.3
NCVOG0013-consensus	NODE_10639_length_580_cov_57.274354	35.93	167	105	2	131	295	580	83	2e-14	80.4
NCVOG0013-consensus	NODE_23501_length_266_cov_20.116402	41.38	87	51	0	124	210	264	7	2.7e-13	75.5
NCVOG0013-consensus	NODE_14280_length_442_cov_29.424658	34.18	158	86	18	122	276	441	16	1.5e-12	73.8
NCVOG0013-consensus	NODE_68_length_46944_cov_21.063456	27.00	263	175	17	120	372	16683	15923	7.5e-12	78.2
NCVOG0013-consensus	NODE_655_length_5763_cov_23.796765	36.00	200	104	24	122	297	3783	3187	8.5e-12	75.0
NCVOG0013-consensus	NODE_15229_length_416_cov_64.120944	34.56	136	87	2	174	307	7	411	2e-11	69.9
NCVOG0297-consensus	NODE_36_length_58993_cov_22.532402	30.12	425	253	44	136	537	41680	42884	1.3e-19	104.2
NCVOG0297-consensus	NODE_66_length_47603_cov_22.880781	29.96	237	142	24	293	521	27185	26526	2.3e-18	99.8
NCVOG0297-consensus	NODE_18_length_74089_cov_24.086635	32.15	311	176	35	244	537	10763	11634	1.3e-16	94.6
NCVOG0297-consensus	NODE_1010_length_4286_cov_29.855310	32.28	254	147	25	266	500	1991	1251	4.3e-16	88.7
NCVOG0297-consensus	NODE_3411_length_1772_cov_30.103245	30.27	337	198	37	231	538	148	1113	1.7e-13	78.8
NCVOG0297-consensus	NODE_2084_length_2602_cov_26.493465	32.20	205	123	16	348	537	1519	2127	5.3e-13	77.8
NCVOG0297-consensus	NODE_737_length_5278_cov_24.336666	26.19	210	139	16	256	458	1251	1850	9.2e-11	71.4
NCVOG0297-consensus	NODE_724_length_5333_cov_22.551750	26.86	283	180	27	186	458	4438	3648	9.4e-11	71.3
NCVOG0663-consensus	NODE_2102_length_2586_cov_27.494619	25.38	260	154	40	365	588	1250	490	6.3e-16	87.6
NCVOG0663-consensus	NODE_5744_length_1076_cov_41.682683	23.46	260	174	25	372	613	160	913	3e-14	80.8
NCVOG0073-consensus	NODE_67_length_47101_cov_38.819815	39.94	641	343	42	19	636	27717	25859	2.6e-88	332.9
NCVOG0073-consensus	NODE_2382_length_2353_cov_35.355888	40.38	426	214	40	4	408	1120	2335	2.7e-65	252.1
NCVOG0073-consensus	NODE_6640_length_935_cov_48.878788	39.20	324	182	15	38	359	935	6	3.7e-56	220.4
NCVOG0073-consensus	NODE_6744_length_920_cov_45.637011	37.45	259	155	7	384	640	13	771	3.2e-37	157.5
NCVOG0073-consensus	NODE_8_length_82184_cov_23.311886	34.39	692	362	92	34	662	12777	10798	4.3e-35	156.9
NCVOG0073-consensus	NODE_189_length_19388_cov_24.524675	26.41	515	330	49	63	530	19129	17594	2.1e-34	152.6
NCVOG0073-consensus	NODE_14052_length_448_cov_49.207547	48.98	147	75	0	389	535	3	440	5.5e-29	129.1
NCVOG0073-consensus	NODE_17785_length_355_cov_1.064748	47.41	116	61	0	400	515	3	347	1.1e-20	101.2
NCVOG0073-consensus	NODE_402_length_8696_cov_25.402367	27.23	459	273	61	53	451	7443	6081	2.3e-17	94.8
NCVOG0073-consensus	NODE_25465_length_246_cov_30.065089	46.25	80	40	3	329	408	246	19	9.3e-11	67.7
NCVOG1068-consensus	NODE_118_length_29957_cov_22.096252	36.53	167	59	47	102	221	4338	3845	2.5e-15	87.8
NCVOG1068-consensus	NODE_16_length_76053_cov_21.433150	31.46	267	122	61	9	221	46211	45439	4.8e-13	81.6
NCVOG4523-consensus	NODE_111_length_31434_cov_20.712823	30.22	417	242	49	411	824	5145	6252	2.1e-15	90.4
NCVOG4523-consensus	NODE_111_length_31434_cov_20.712823	32.56	258	126	48	9	265	6423	7048	1.1e-16	94.6
NCVOG1353-consensus	NODE_35_length_59947_cov_23.180007	54.49	868	268	127	47	790	14372	11797	7.7e-70	271.7
NCVOG0353-consensus	NODE_2976_length_1985_cov_31.361635	32.82	262	152	24	123	379	434	1159	9.5e-19	96.0
NCVOG5135-consensus	NODE_1027_length_4247_cov_43.946763	35.71	70	42	3	2	68	522	728	2.9e-11	71.1
NCVOG4505-consensus	NODE_4360_length_1422_cov_32.010409	27.87	122	79	9	5	122	463	810	1.2e-14	81.8
NCVOG4505-consensus	NODE_1578_length_3203_cov_28.467370	25.17	286	194	20	7	278	1720	900	5.3e-11	70.8
NCVOG0243-consensus	NODE_420_length_8242_cov_29.537906	32.49	397	222	46	25	393	6049	4916	3.9e-58	228.9
NCVOG0243-consensus	NODE_13951_length_452_cov_23.746667	40.56	143	78	7	175	311	13	435	1.9e-32	139.4
NCVOG0055-consensus	NODE_8004_length_772_cov_21.382734	33.87	186	103	20	156	327	111	645	1.3e-21	104.3
NCVOG0055-consensus	NODE_2322_length_2407_cov_24.932618	41.48	135	71	8	226	356	1316	927	7.1e-17	90.2
NCVOG0055-consensus	NODE_33042_length_200_cov_18.878049	55.36	56	25	0	209	264	4	168	9.1e-15	79.6
NCVOG0055-consensus	NODE_3952_length_1547_cov_41.329252	29.24	277	168	28	121	373	737	1542	1.1e-13	78.9
NCVOG0055-consensus	NODE_33976_length_195_cov_18.966102	49.09	55	28	0	199	253	195	34	5.9e-11	66.9
NCVOG4105-consensus	NODE_176_length_21159_cov_23.182763	34.89	1112	470	254	7	883	7976	4733	8e-21	107.8
NCVOG0305-consensus	NODE_4174_length_1477_cov_40.231429	30.82	292	187	15	774	1056	997	143	7.4e-26	121.2
NCVOG0305-consensus	NODE_724_length_5333_cov_22.551750	32.40	287	181	13	760	1037	4298	3453	1.1e-24	119.1
NCVOG0305-consensus	NODE_737_length_5278_cov_24.336666	30.74	270	177	10	774	1037	1251	2045	1.7e-23	115.2
NCVOG0305-consensus	NODE_163_length_22682_cov_25.174519	30.43	276	180	12	774	1040	18606	19421	2.5e-23	116.7
NCVOG0305-consensus	NODE_1205_length_3819_cov_30.341085	31.94	263	165	14	800	1054	3798	3031	2.6e-21	107.4
NCVOG0305-consensus	NODE_90_length_39723_cov_23.541391	26.67	315	219	12	774	1079	14732	15660	4.8e-21	109.9
NCVOG0305-consensus	NODE_10126_length_609_cov_54.994361	36.36	165	100	5	817	979	609	127	8.4e-19	96.5
NCVOG0305-consensus	NODE_99_length_35245_cov_25.805391	31.27	275	161	28	1316	1565	30954	31760	1.7e-16	94.7
NCVOG0305-consensus	NODE_13436_length_467_cov_21.892308	37.82	156	92	5	788	939	1	462	2e-16	88.2
NCVOG0305-consensus	NODE_128_length_28401_cov_25.052323	31.71	205	131	9	1311	1507	25081	24473	2.1e-16	94.0
NCVOG0305-consensus	NODE_173_length_21338_cov_24.527162	27.21	272	171	27	1311	1556	3055	2246	2.3e-16	93.5
NCVOG0305-consensus	NODE_11346_length_544_cov_54.614561	34.48	174	105	9	801	969	512	6	2.9e-16	87.9
NCVOG0305-consensus	NODE_3795_length_1611_cov_22.625815	32.59	224	139	12	1303	1519	701	58	4.2e-16	88.9
NCVOG0305-consensus	NODE_1660_length_3078_cov_32.001000	28.32	279	169	31	773	1041	1886	1116	4.6e-14	83.1
NCVOG0305-consensus	NODE_868_length_4704_cov_31.633456	30.99	213	128	19	776	981	927	1526	3.5e-11	74.1
NCVOG4804-consensus	NODE_44_length_55728_cov_22.736501	63.64	110	36	4	75	180	47101	46775	4.8e-23	114.1
NCVOG4804-consensus	NODE_29_length_64297_cov_20.905374	63.64	110	36	4	75	180	5886	6212	1e-22	113.2
NCVOG0282-consensus	NODE_868_length_4704_cov_31.633456	24.23	359	244	28	319	661	915	1948	5.1e-11	72.7
NCVOG4883-consensus	NODE_2393_length_2344_cov_34.646228	32.72	327	175	45	46	332	1377	2339	4.8e-26	120.7
NCVOG4883-consensus	NODE_32545_length_202_cov_34.696000	44.26	61	30	4	218	278	27	194	4.4e-13	74.1
NCVOG4883-consensus	NODE_37490_length_176_cov_40.121212	39.66	58	35	0	275	332	1	171	5e-12	70.4
NCVOG2979-consensus	NODE_6732_length_922_cov_29.502959	38.38	99	60	1	143	241	922	632	6.7e-17	88.1
NCVOG0360-consensus	NODE_92_length_39091_cov_22.019737	42.09	316	157	26	24	315	29448	30384	5.3e-68	263.6
NCVOG0979-consensus	NODE_406_length_8632_cov_22.914446	44.01	384	175	40	5	350	6568	7702	1.7e-100	369.6
NCVOG0979-consensus	NODE_406_length_8632_cov_22.914446	41.76	364	183	29	3	341	577	1643	1e-84	317.2
NCVOG0979-consensus	NODE_792_length_5025_cov_23.446241	43.92	362	177	26	3	341	3542	2473	5.1e-97	357.2
NCVOG0979-consensus	NODE_792_length_5025_cov_23.446241	43.41	129	39	34	5	99	389	6	1.2e-18	97.0
NCVOG0979-consensus	NODE_49566_length_155_cov_25.820513	66.00	50	17	0	141	190	4	150	6.3e-18	89.5
NCVOG0979-consensus	NODE_54406_length_155_cov_20.435897	42.00	50	29	0	101	150	1	147	7.2e-11	66.0
NCVOG0699-consensus	NODE_76_length_43528_cov_45.316633	27.49	382	208	69	103	420	14626	13501	7.6e-14	84.4
NCVOG0699-consensus	NODE_3133_length_1903_cov_35.339540	33.33	114	74	2	304	415	723	385	3.3e-13	77.8
NCVOG2734-consensus	NODE_75_length_44110_cov_24.412327	26.10	318	205	30	67	365	14924	15841	5.2e-14	85.6
NCVOG2734-consensus	NODE_1617_length_3131_cov_34.550098	26.56	256	166	22	29	275	1784	2509	2.5e-12	76.2
NCVOG2734-consensus	NODE_87_length_41110_cov_23.307094	27.10	214	140	16	60	269	21686	21084	7.6e-12	78.3
NCVOG2734-consensus	NODE_870_length_4697_cov_26.370996	31.37	153	101	4	126	274	2793	2338	9.8e-12	74.8
NCVOG2734-consensus	NODE_465_length_7716_cov_26.641576	24.63	272	192	13	86	345	2298	3103	3.4e-11	73.7
NCVOG2734-consensus	NODE_79_length_42970_cov_24.568065	30.29	208	135	10	55	258	24400	25002	7.2e-11	75.1
NCVOG0274-consensus	NODE_4326_length_1432_cov_46.527675	43.17	454	226	32	298	728	1337	6	4.2e-88	327.8
NCVOG0274-consensus	NODE_42_length_57078_cov_22.587604	31.82	1480	706	303	30	1242	41058	45362	1.3e-67	265.0
NCVOG0274-consensus	NODE_4109_length_1497_cov_45.123239	33.81	494	240	87	732	1138	1491	15	9.6e-58	227.0
NCVOG0274-consensus	NODE_26_length_66535_cov_24.015183	31.05	1079	551	193	156	1046	54343	57549	1.2e-45	192.2
NCVOG0274-consensus	NODE_10395_length_593_cov_62.906977	32.90	155	103	1	1165	1319	467	9	2e-25	118.3
NCVOG0274-consensus	NODE_14388_length_439_cov_49.729282	38.85	139	80	5	173	310	421	20	2.4e-24	114.3
NCVOG0274-consensus	NODE_51505_length_155_cov_23.628205	74.51	51	13	0	427	477	1	150	6.1e-23	108.1
NCVOG0274-consensus	NODE_5322_length_1160_cov_44.561404	52.63	76	36	0	1298	1373	7	231	1.9e-21	106.1
NCVOG0274-consensus	NODE_11645_length_531_cov_54.303965	35.62	146	62	32	42	165	45	443	1.9e-19	98.3
NCVOG0274-consensus	NODE_42884_length_155_cov_39.794872	56.25	48	21	0	1298	1345	7	147	1e-13	77.5
NCVOG0274-consensus	NODE_14942_length_424_cov_29.132565	38.76	129	61	18	952	1062	403	22	1e-13	78.9
NCVOG0074-consensus	NODE_67_length_47101_cov_38.819815	56.68	644	256	23	6	627	27714	25793	7.9e-184	649.6
NCVOG0074-consensus	NODE_2382_length_2353_cov_35.355888	69.35	398	101	21	5	381	1150	2338	1.1e-183	644.8
NCVOG0074-consensus	NODE_6640_length_935_cov_48.878788	72.03	311	87	0	24	334	935	6	2e-157	556.3
NCVOG0074-consensus	NODE_6744_length_920_cov_45.637011	57.47	261	111	0	352	612	1	780	1.6e-96	353.9
NCVOG0074-consensus	NODE_8_length_82184_cov_23.311886	42.71	665	302	79	27	625	12757	10807	2e-83	316.9
NCVOG0074-consensus	NODE_189_length_19388_cov_24.524675	31.59	516	294	59	46	502	19138	17594	5.5e-65	253.6
NCVOG0074-consensus	NODE_14052_length_448_cov_49.207547	68.24	148	47	0	361	508	3	443	1.2e-64	247.0
NCVOG0074-consensus	NODE_17785_length_355_cov_1.064748	67.24	116	38	0	372	487	3	347	5.1e-48	191.4
NCVOG0074-consensus	NODE_402_length_8696_cov_25.402367	30.57	592	296	115	39	526	7443	5712	2.1e-39	167.5
NCVOG0074-consensus	NODE_25465_length_246_cov_30.065089	79.49	78	16	0	304	381	246	16	2.6e-38	158.7
NCVOG0074-consensus	NODE_32355_length_203_cov_28.769841	76.12	67	16	0	310	376	1	198	1.8e-29	129.0
NCVOG0074-consensus	NODE_32329_length_203_cov_30.793651	76.12	67	16	0	310	376	203	6	1.8e-29	129.0
NCVOG0074-consensus	NODE_40176_length_164_cov_18.344828	87.04	54	7	0	150	203	164	6	1.2e-25	116.0
NCVOG0074-consensus	NODE_1616_length_3133_cov_24.030759	38.75	160	87	11	484	637	3133	2672	2.2e-24	116.1
NCVOG0074-consensus	NODE_1616_length_3133_cov_24.030759	29.61	412	189	101	249	637	1233	243	2.3e-19	99.4
NCVOG0074-consensus	NODE_36768_length_180_cov_30.097087	68.33	60	19	0	201	260	180	4	1.9e-23	108.8
NCVOG0074-consensus	NODE_50812_length_155_cov_24.384615	76.47	51	12	0	113	163	1	150	1.5e-18	92.4
NCVOG0074-consensus	NODE_22243_length_281_cov_17.088235	45.65	92	44	6	484	575	1	255	3.8e-18	91.9
NCVOG0074-consensus	NODE_4578_length_1354_cov_24.946750	32.13	333	130	96	308	615	291	1063	1.5e-17	92.1
NCVOG0074-consensus	NODE_112_length_30886_cov_22.529164	36.53	553	271	80	6	482	17103	18740	2.4e-17	96.0
NCVOG0074-consensus	NODE_1844_length_2857_cov_33.898201	28.12	448	217	105	6	350	2524	1200	6.9e-16	87.7
NCVOG0074-consensus	NODE_8354_length_742_cov_24.230075	56.98	86	16	21	5	69	485	737	1.3e-15	84.9
NCVOG0074-consensus	NODE_28481_length_225_cov_17.871622	80.56	36	7	0	13	48	110	6	4.1e-14	78.2
NCVOG0074-consensus	NODE_10371_length_595_cov_27.745174	78.38	37	8	0	12	48	483	590	1.1e-13	78.2
NCVOG1299-consensus	NODE_2819_length_2070_cov_25.048169	47.13	157	65	18	5	144	440	904	7e-31	135.0
NCVOG1299-consensus	NODE_26790_length_235_cov_20.607595	61.97	71	27	0	64	134	21	230	1.4e-27	120.9
NCVOG1299-consensus	NODE_2069_length_2621_cov_24.394654	38.10	189	68	49	5	144	1978	2541	1.5e-18	94.3
NCVOG1299-consensus	NODE_1056_length_4193_cov_24.085034	38.62	189	67	49	5	144	1194	631	2.1e-18	94.5
NCVOG1299-consensus	NODE_3813_length_1605_cov_29.888089	36.88	160	56	45	2	116	485	13	8.2e-11	68.0
NCVOG1299-consensus	NODE_15666_length_406_cov_14.966565	68.57	35	11	0	107	141	7	108	9.4e-11	65.8
NCVOG1196-consensus	NODE_177_length_20923_cov_20.778135	21.58	913	628	88	139	1011	17327	19896	2.1e-22	113.0
NCVOG0064-consensus	NODE_102_length_34644_cov_47.199294	25.67	522	285	103	27	489	24246	25670	4.5e-17	94.9
NCVOG0064-consensus	NODE_4610_length_1345_cov_33.505521	27.76	371	213	55	24	342	151	1247	5.3e-15	83.3
NCVOG4414-consensus	NODE_3133_length_1903_cov_35.339540	27.07	181	118	14	108	278	708	181	3e-12	73.9
NCVOG4324-consensus	NODE_14_length_78179_cov_23.151789	29.32	532	276	100	121	587	73473	71992	4.6e-24	119.6
NCVOG0034-consensus	NODE_617_length_5960_cov_44.966684	29.14	302	186	28	114	410	89	922	1.8e-18	96.8
NCVOG0034-consensus	NODE_271_length_12807_cov_21.796779	32.93	249	141	26	160	405	5003	5677	4.5e-15	86.6
NCVOG0304-consensus	NODE_10260_length_601_cov_48.160305	33.99	153	96	5	53	201	566	114	2.5e-17	89.9
NCVOG0304-consensus	NODE_18_length_74089_cov_24.086635	30.35	201	121	19	31	219	10741	11319	1.1e-16	94.8
NCVOG0304-consensus	NODE_36_length_58993_cov_22.532402	30.20	202	122	19	30	219	41988	42569	3.3e-16	92.8
NCVOG0304-consensus	NODE_869_length_4697_cov_36.292424	30.99	171	111	7	42	207	1956	2459	5e-15	85.2
NCVOG0304-consensus	NODE_194_length_18821_cov_23.942915	32.69	156	95	10	52	202	4075	4524	1.7e-12	78.8
NCVOG0304-consensus	NODE_868_length_4704_cov_31.633456	29.76	205	128	16	5	202	789	1373	2.9e-12	76.0
NCVOG0214-consensus	NODE_9379_length_658_cov_36.645439	23.67	207	147	11	287	483	623	9	7.1e-11	69.2
NCVOG0276-consensus	NODE_84_length_42096_cov_21.232633	62.90	345	92	36	49	357	22170	21143	1.4e-78	299.0
NCVOG0276-consensus	NODE_3248_length_1846_cov_33.587337	28.92	332	189	47	48	335	994	19	9.5e-18	92.4
NCVOG4882-consensus	NODE_117_length_30081_cov_23.532262	28.40	324	211	21	388	694	23568	22616	1.3e-60	240.4
NCVOG4882-consensus	NODE_195_length_18771_cov_23.225901	30.66	287	166	33	464	718	184	1026	1.1e-41	176.8
NCVOG4882-consensus	NODE_1822_length_2886_cov_34.664293	25.46	216	133	28	14	210	2166	2783	2.4e-23	113.1
NCVOG4882-consensus	NODE_33130_length_199_cov_28.221311	36.21	58	36	1	855	912	3	170	1.8e-14	79.8
NCVOG2204-consensus	NODE_132_length_28019_cov_22.619082	28.28	435	207	105	76	406	10874	12164	5.1e-17	94.2
NCVOG4665-consensus	NODE_162_length_23032_cov_24.733696	29.09	220	132	24	289	506	16072	16662	8.2e-19	100.1
NCVOG4665-consensus	NODE_1017_length_4272_cov_36.222646	27.52	149	94	14	359	506	1428	1026	1.8e-16	89.9
NCVOG4665-consensus	NODE_5090_length_1214_cov_24.716799	37.21	129	64	17	392	516	577	921	2.5e-15	84.3
NCVOG4665-consensus	NODE_2116_length_2569_cov_34.261236	44.26	61	28	6	456	512	2478	2305	5.5e-12	74.3
NCVOG4665-consensus	NODE_925_length_4500_cov_26.947547	31.82	110	65	10	409	511	750	1067	1.9e-11	73.3
NCVOG4665-consensus	NODE_9985_length_620_cov_25.014733	24.29	140	92	14	374	513	599	225	2.4e-11	70.1
NCVOG4966-consensus	NODE_147_length_25637_cov_22.682160	35.32	269	137	37	127	388	156	869	2.3e-11	75.5
NCVOG0040-consensus	NODE_1513_length_3282_cov_32.519501	33.71	89	59	0	88	176	1348	1085	2.5e-12	75.7
NCVOG0030-consensus	NODE_633_length_5860_cov_24.674736	34.81	520	245	94	26	472	2382	893	1.3e-43	181.1
NCVOG0030-consensus	NODE_1807_length_2906_cov_27.798869	30.87	554	232	151	84	501	1845	248	4.7e-29	131.7
NCVOG0030-consensus	NODE_1807_length_2906_cov_27.798869	56.45	62	23	4	26	83	2031	1849	3.3e-14	82.4
NCVOG0030-consensus	NODE_26175_length_240_cov_27.000000	57.14	63	27	0	371	433	2	187	3.7e-20	98.6
NCVOG0030-consensus	NODE_4845_length_1278_cov_48.163197	27.10	369	215	54	57	396	22	1046	1.9e-18	95.3
NCVOG0030-consensus	NODE_8_length_82184_cov_23.311886	27.06	425	246	64	68	475	69438	68308	1.3e-14	88.6
NCVOG0030-consensus	NODE_19108_length_329_cov_17.301587	37.93	116	42	30	97	193	329	18	4.2e-14	78.9
NCVOG0030-consensus	NODE_43698_length_155_cov_35.756410	54.00	50	23	0	64	113	151	5	9.1e-13	73.4
NCVOG0030-consensus	NODE_36466_length_182_cov_22.400000	51.85	54	22	4	26	75	164	6	4.4e-11	68.0
NCVOG0020-consensus	NODE_1_length_136617_cov_23.850161	46.36	330	150	27	27	330	128417	127438	1.7e-57	230.6
NCVOG4494-consensus	NODE_7070_length_880_cov_27.577833	27.64	275	176	23	67	319	844	28	4.8e-18	92.9
NCVOG4494-consensus	NODE_143_length_26277_cov_22.037939	33.73	166	102	8	37	195	22874	22383	5.6e-13	80.9
NCVOG4494-consensus	NODE_18_length_74089_cov_24.086635	42.16	102	58	1	33	133	62329	62627	4.9e-12	79.3
NCVOG4494-consensus	NODE_103_length_34534_cov_24.769104	40.48	126	72	3	33	156	13886	14257	1.2e-11	76.9
NCVOG4494-consensus	NODE_50_length_53204_cov_22.567790	30.81	198	130	7	8	202	16581	17159	2.1e-11	76.7
NCVOG0277-consensus	NODE_84_length_42096_cov_21.232633	28.06	335	209	32	46	362	22164	21209	7.4e-20	104.0
NCVOG0296-consensus	NODE_18_length_74089_cov_24.086635	27.24	257	171	16	4	253	10798	11538	3.6e-18	100.0
NCVOG0296-consensus	NODE_36_length_58993_cov_22.532402	26.92	260	174	16	4	256	42048	42797	2.1e-17	97.1
NCVOG0267-consensus	NODE_208_length_17729_cov_24.805348	28.72	390	240	38	291	668	12525	13613	5e-35	154.8
NCVOG0267-consensus	NODE_1620_length_3129_cov_33.605177	28.93	280	163	36	498	757	2611	1823	2.5e-20	103.4
NCVOG0267-consensus	NODE_3_length_101818_cov_22.812062	26.61	481	264	89	327	731	15562	16956	1.9e-17	98.9
NCVOG0267-consensus	NODE_9054_length_681_cov_30.453642	49.21	63	32	0	600	662	203	18	5.1e-17	90.3
NCVOG0267-consensus	NODE_33483_length_197_cov_29.533333	50.82	61	30	0	598	658	188	9	6.6e-16	84.8
NCVOG0267-consensus	NODE_332_length_10600_cov_22.499667	36.36	99	63	0	577	675	3469	3762	7e-14	83.8
NCVOG0267-consensus	NODE_13327_length_470_cov_30.567430	35.00	60	39	0	418	477	272	448	3.6e-11	70.3
NCVOG4357-consensus	NODE_5111_length_1206_cov_57.848539	32.32	393	198	68	153	481	4	1167	2.4e-49	197.3
NCVOG4357-consensus	NODE_10102_length_611_cov_62.855805	40.64	187	106	5	254	440	64	606	1.6e-41	170.3
NCVOG4357-consensus	NODE_11834_length_523_cov_57.930493	42.50	120	69	0	18	137	147	503	1.2e-30	134.0
NCVOG4357-consensus	NODE_6592_length_941_cov_32.653935	42.20	109	62	1	374	481	34	357	9.9e-27	121.8
NCVOG4357-consensus	NODE_4499_length_1378_cov_32.095311	44.57	92	51	0	22	113	1101	1373	7.6e-21	102.8
NCVOG4357-consensus	NODE_8039_length_768_cov_38.395080	45.57	79	43	0	25	103	237	4	3.4e-18	93.1
NCVOG4357-consensus	NODE_6144_length_1009_cov_62.350858	27.57	341	175	72	80	356	1004	9	1.2e-12	75.1
NCVOG4357-consensus	NODE_11812_length_524_cov_59.270694	30.69	101	62	8	115	215	1	276	7.1e-12	71.6
NCVOG0517-consensus	NODE_147_length_25637_cov_22.682160	33.09	278	152	34	72	341	132	884	1.6e-12	78.8
NCVOG0046-consensus	NODE_2801_length_2079_cov_58.903596	56.34	71	28	3	14	81	1037	828	1.4e-15	85.2
NCVOG0046-consensus	NODE_1007_length_4289_cov_29.985992	63.46	52	19	0	6	57	3066	3218	1.7e-12	76.1
NCVOG0046-consensus	NODE_6339_length_981_cov_20.309735	50.68	73	32	4	13	81	665	878	1.2e-11	71.1
NCVOG0046-consensus	NODE_290_length_11957_cov_22.139562	46.58	73	38	1	4	75	1702	1917	2.1e-11	73.9
NCVOG0037-consensus	NODE_237_length_15577_cov_37.966518	35.33	1234	482	316	6	1075	11365	14591	1.3e-126	458.7
NCVOG0037-consensus	NODE_7359_length_844_cov_40.269883	50.78	256	83	43	577	789	69	829	1.1e-44	182.4
NCVOG0778-consensus	NODE_92_length_39091_cov_22.019737	32.33	529	312	46	7	526	10718	12190	8.1e-83	313.7
NCVOG0778-consensus	NODE_114_length_30420_cov_23.839699	34.21	532	297	53	7	521	26506	25022	1.7e-81	308.9
NCVOG0017-consensus	NODE_16571_length_383_cov_45.091503	43.75	96	54	0	91	186	383	99	2.3e-21	102.2
NCVOG0007-consensus	NODE_3729_length_1635_cov_40.116175	28.61	339	151	91	20	267	229	1234	1.9e-15	84.7
NCVOG0015-consensus	NODE_737_length_5278_cov_24.336666	39.56	182	99	11	99	269	2809	3351	7.6e-25	118.0
NCVOG0015-consensus	NODE_507_length_7127_cov_34.924965	40.11	177	95	11	104	269	1332	805	1e-24	117.9
NCVOG0015-consensus	NODE_442_length_7986_cov_26.285371	31.87	273	165	21	5	267	475	1251	3.8e-24	116.2
NCVOG0015-consensus	NODE_12016_length_516_cov_17.555809	40.14	147	81	7	96	235	442	5	1.9e-21	103.3
NCVOG0015-consensus	NODE_724_length_5333_cov_22.551750	34.54	194	116	11	99	281	2367	1789	1.9e-20	103.4
NCVOG0015-consensus	NODE_655_length_5763_cov_23.796765	38.19	144	82	7	96	232	4548	4120	1e-17	94.4
NCVOG0015-consensus	NODE_655_length_5763_cov_23.796765	32.26	217	127	20	96	292	4116	3469	1.4e-18	97.3
NCVOG0015-consensus	NODE_1251_length_3722_cov_47.275171	34.21	228	132	18	54	263	2305	1629	2.5e-16	89.2
NCVOG0015-consensus	NODE_1251_length_3722_cov_47.275171	35.33	184	106	13	96	266	1622	1074	4.7e-20	101.5
NCVOG0015-consensus	NODE_1251_length_3722_cov_47.275171	34.03	191	115	11	90	269	3044	2475	8.3e-17	90.8
NCVOG0015-consensus	NODE_1251_length_3722_cov_47.275171	36.26	171	98	11	117	276	3716	3207	2.5e-16	89.2
NCVOG0015-consensus	NODE_163_length_22682_cov_25.174519	32.97	182	109	13	100	269	20784	21323	3.4e-16	91.3
NCVOG0015-consensus	NODE_1660_length_3078_cov_32.001000	35.05	194	104	22	95	267	628	53	6.7e-16	87.5
NCVOG0015-consensus	NODE_10639_length_580_cov_57.274354	35.63	174	101	11	107	269	580	62	7.1e-15	81.7
NCVOG0015-consensus	NODE_15229_length_416_cov_64.120944	38.41	138	78	7	112	242	1	411	1.5e-14	80.1
NCVOG0015-consensus	NODE_2113_length_2573_cov_45.633814	37.74	159	92	7	96	247	1860	2333	1.6e-14	82.6
NCVOG0015-consensus	NODE_2113_length_2573_cov_45.633814	40.76	184	98	11	97	269	999	1547	1.1e-14	83.2
NCVOG0015-consensus	NODE_2113_length_2573_cov_45.633814	32.57	175	105	13	76	243	459	962	1.1e-14	83.2
NCVOG0015-consensus	NODE_14131_length_446_cov_29.997290	29.50	139	88	10	156	285	7	417	7e-13	74.6
NCVOG0015-consensus	NODE_21450_length_290_cov_40.084507	42.17	83	44	4	101	179	1	246	1e-10	66.9
NCVOG0486-consensus	NODE_6090_length_1017_cov_50.074468	32.01	278	151	38	62	311	810	12	8.6e-30	131.7
NCVOG0744-consensus	NODE_822_length_4891_cov_34.465310	26.71	453	212	120	88	422	2222	3569	3.1e-19	99.4
NCVOG0836-consensus	NODE_9843_length_626_cov_33.134545	34.48	174	84	30	146	289	626	116	1.8e-21	104.1
NCVOG0836-consensus	NODE_7511_length_824_cov_25.497992	25.59	254	123	66	47	236	807	61	4.4e-12	73.3
NCVOG0806-consensus	NODE_3578_length_1707_cov_41.158282	38.84	327	115	85	126	367	980	9	1.6e-42	174.9
NCVOG0806-consensus	NODE_6461_length_960_cov_34.621744	54.67	75	34	0	373	447	894	673	9.3e-23	108.5
NCVOG0806-consensus	NODE_12285_length_505_cov_56.560748	43.27	104	39	20	364	447	38	344	1.2e-20	100.5
NCVOG0806-consensus	NODE_2241_length_2476_cov_47.872447	27.73	357	213	45	132	446	1911	855	1.3e-15	86.1
NCVOG0806-consensus	NODE_54337_length_155_cov_20.512821	56.86	51	21	1	174	223	155	6	4.6e-12	70.3
NCVOG2958-consensus	NODE_5310_length_1164_cov_29.455382	33.86	127	66	18	144	252	666	1043	2e-13	77.0
NCVOG0329-consensus	NODE_813_length_4911_cov_49.489657	26.25	522	319	66	131	600	4682	3168	4.8e-20	103.4
NCVOG0329-consensus	NODE_98_length_35623_cov_24.295476	22.97	518	359	40	114	620	29135	30598	1.2e-18	101.6
NCVOG0329-consensus	NODE_98_length_35623_cov_24.295476	24.09	905	578	109	83	905	30729	33349	1.2e-19	104.9
NCVOG0329-consensus	NODE_1196_length_3842_cov_28.502258	28.52	291	170	38	983	1271	2014	1257	7.9e-17	92.3
NCVOG0329-consensus	NODE_706_length_5438_cov_38.951129	40.00	135	57	24	1123	1234	2283	2677	3.4e-16	90.7
NCVOG0329-consensus	NODE_433_length_8052_cov_25.746959	26.30	270	170	29	1006	1271	1973	1242	1.2e-15	89.5
NCVOG0329-consensus	NODE_395_length_8890_cov_29.160899	30.00	310	187	30	342	630	7673	8572	8.2e-15	86.9
NCVOG0329-consensus	NODE_12915_length_484_cov_24.609337	35.87	92	50	9	1180	1271	481	236	4.9e-12	73.4
NCVOG0329-consensus	NODE_671_length_5676_cov_16.420968	44.78	67	30	7	1148	1214	4682	4858	1e-11	75.9
NCVOG0029-consensus	NODE_295_length_11807_cov_22.565217	36.07	463	214	82	23	404	7426	6048	5.5e-33	146.3
NCVOG0029-consensus	NODE_950_length_4447_cov_20.709611	32.45	376	180	74	48	349	2618	3734	1.1e-26	124.0
NCVOG0029-consensus	NODE_2601_length_2198_cov_31.160773	29.36	436	175	133	25	328	815	2104	2.3e-20	102.0
NCVOG0029-consensus	NODE_9596_length_643_cov_27.022968	33.55	155	93	10	78	225	82	534	2e-18	93.7
NCVOG0029-consensus	NODE_8059_length_765_cov_33.220610	37.33	75	47	0	253	327	430	651	1.3e-15	84.7
NCVOG0029-consensus	NODE_6680_length_929_cov_40.984742	22.83	311	221	19	52	352	923	27	1e-14	82.0
NCVOG0029-consensus	NODE_16_length_76053_cov_21.433150	21.46	396	284	27	9	389	59384	60524	4.8e-13	82.8
NCVOG0029-consensus	NODE_632_length_5864_cov_30.017626	19.79	384	279	29	26	389	1079	2200	1.2e-12	77.8
NCVOG1064-consensus	NODE_40_length_57979_cov_23.045283	42.37	59	34	0	3	61	1759	1586	1.8e-14	85.5
NCVOG1056-consensus	NODE_44_length_55728_cov_22.736501	35.29	102	55	11	709	807	29509	29231	2e-12	81.4
NCVOG1056-consensus	NODE_11443_length_540_cov_37.600432	32.47	77	50	2	575	649	539	320	5e-12	73.4
NCVOG1056-consensus	NODE_751_length_5207_cov_30.253216	22.90	262	182	20	580	830	3786	4533	1.2e-11	75.4
NCVOG0242-consensus	NODE_6641_length_935_cov_42.301865	36.96	92	56	2	520	610	592	861	3.1e-15	84.0
NCVOG1326-consensus	NODE_183_length_19867_cov_41.689490	37.72	114	56	15	41	148	16419	16108	1e-14	84.5
NCVOG1326-consensus	NODE_689_length_5567_cov_24.565392	35.53	197	69	58	1	139	1756	1177	3.6e-12	74.2
NCVOG0036-consensus	NODE_1600_length_3165_cov_26.209521	42.21	154	73	16	69	210	622	1066	2.8e-22	108.2
NCVOG0222-consensus	NODE_529_length_6834_cov_49.999852	27.17	427	293	18	65	487	3339	4574	7.8e-18	95.1
NCVOG0222-consensus	NODE_1415_length_3439_cov_33.497918	30.24	506	305	48	27	497	119	1594	2.3e-15	85.9
NCVOG0222-consensus	NODE_1511_length_3284_cov_40.036171	29.25	335	216	21	191	512	2962	1985	2.1e-14	82.7
NCVOG0222-consensus	NODE_710_length_5428_cov_32.601570	24.63	467	323	29	55	504	3990	5349	2.4e-14	83.2
NCVOG0222-consensus	NODE_6045_length_1025_cov_38.018987	27.15	302	209	11	132	426	108	994	4.2e-14	80.0
NCVOG0222-consensus	NODE_2018_length_2684_cov_28.833909	26.90	461	303	34	63	501	2305	962	7.8e-14	80.5
NCVOG0222-consensus	NODE_5355_length_1151_cov_32.657356	24.18	364	251	25	137	491	1	1039	1.1e-11	72.1
NCVOG0014-consensus	NODE_2113_length_2573_cov_45.633814	32.00	275	186	1	66	339	1260	2081	2.1e-31	138.8
NCVOG0014-consensus	NODE_2113_length_2573_cov_45.633814	32.71	214	129	15	128	341	522	1115	1.4e-14	83.0
NCVOG0014-consensus	NODE_1251_length_3722_cov_47.275171	32.77	238	159	1	103	339	2219	1509	1.4e-27	126.7
NCVOG0014-consensus	NODE_1251_length_3722_cov_47.275171	31.75	211	144	0	131	341	2888	2259	2.9e-23	112.4
NCVOG0014-consensus	NODE_1251_length_3722_cov_47.275171	27.20	239	172	2	102	339	3623	2913	3.2e-16	89.0
NCVOG0014-consensus	NODE_1001_length_4300_cov_24.410748	27.92	308	206	16	47	339	3563	2654	5.3e-22	108.4
NCVOG0014-consensus	NODE_724_length_5333_cov_22.551750	25.30	332	237	11	29	354	2754	1777	1.5e-21	107.2
NCVOG0014-consensus	NODE_737_length_5278_cov_24.336666	26.49	268	191	6	124	388	2809	3600	2.6e-21	106.4
NCVOG0014-consensus	NODE_2854_length_2050_cov_35.017739	29.80	255	167	12	109	354	1206	1958	1.1e-20	102.9
NCVOG0014-consensus	NODE_507_length_7127_cov_34.924965	28.82	288	197	8	132	414	1323	476	2.9e-20	103.3
NCVOG0014-consensus	NODE_442_length_7986_cov_26.285371	27.92	240	171	2	98	336	437	1146	6.1e-19	99.1
NCVOG0014-consensus	NODE_10639_length_580_cov_57.274354	30.00	190	133	0	132	321	580	14	6.4e-18	91.9
NCVOG0014-consensus	NODE_1205_length_3819_cov_30.341085	30.92	207	142	1	131	336	2407	1794	6.1e-16	88.1
NCVOG0014-consensus	NODE_12016_length_516_cov_17.555809	30.99	171	116	2	98	267	507	5	6.2e-15	81.8
NCVOG0014-consensus	NODE_655_length_5763_cov_23.796765	27.69	260	165	23	90	341	4115	3388	6.7e-15	85.2
NCVOG0014-consensus	NODE_163_length_22682_cov_25.174519	26.64	214	157	0	128	341	20793	21431	3.2e-14	84.9
NCVOG0014-consensus	NODE_435_length_8043_cov_29.022470	28.02	232	156	11	166	392	5426	6100	9.5e-14	81.9
NCVOG0014-consensus	NODE_6608_length_939_cov_51.669374	26.77	269	174	23	89	339	795	7	2.5e-12	74.1
NCVOG0014-consensus	NODE_1660_length_3078_cov_32.001000	26.52	264	178	16	92	341	829	47	8.3e-12	74.0
NCVOG0014-consensus	NODE_13347_length_469_cov_60.747449	37.14	105	66	0	131	235	61	372	3.8e-11	69.1
NCVOG0002-consensus	NODE_299_length_11573_cov_24.792711	27.47	546	328	68	332	838	1777	3324	4.1e-30	137.4
NCVOG0002-consensus	NODE_5566_length_1106_cov_27.101744	29.61	179	108	18	657	832	1103	617	4.7e-13	77.3
NCVOG0780-consensus	NODE_12375_length_502_cov_37.708235	31.58	171	109	8	119	286	1	495	5.1e-18	91.6
NCVOG4845-consensus	NODE_3146_length_1894_cov_32.195927	24.78	460	269	77	134	588	570	1724	2.7e-24	115.0
NCVOG4845-consensus	NODE_2816_length_2071_cov_27.540120	29.73	185	117	13	134	307	567	26	3.3e-12	75.0
NCVOG4845-consensus	NODE_34553_length_192_cov_21.686957	43.10	58	32	1	250	307	1	168	6.3e-12	70.7
NCVOG0585-consensus	NODE_103_length_34534_cov_24.769104	25.25	305	193	35	234	513	8428	9301	2.9e-15	88.9
NCVOG0743-consensus	NODE_440_length_8013_cov_21.111265	31.36	236	151	11	9	236	3839	4530	2.2e-33	146.8
NCVOG0743-consensus	NODE_196_length_18736_cov_23.136931	30.62	209	139	6	43	248	8898	9512	6.6e-28	129.8
NCVOG2775-consensus	NODE_2244_length_2474_cov_27.666667	32.28	316	196	18	90	396	2241	1324	3.1e-22	108.5
NCVOG2775-consensus	NODE_2509_length_2263_cov_33.543916	27.83	442	282	37	34	448	912	2204	3.5e-21	104.8
NCVOG2775-consensus	NODE_1617_length_3131_cov_34.550098	29.85	325	208	20	108	421	1568	2512	5.8e-21	104.6
NCVOG2775-consensus	NODE_13_length_79073_cov_23.113322	31.20	250	167	5	156	403	61167	61904	3.6e-20	106.6
NCVOG2775-consensus	NODE_87_length_41110_cov_23.307094	37.18	347	197	21	75	404	21698	20673	4e-20	105.5
NCVOG2775-consensus	NODE_1570_length_3207_cov_39.101917	33.33	351	207	27	101	434	2558	1539	1.8e-19	99.7
NCVOG2775-consensus	NODE_3698_length_1648_cov_89.646085	31.54	298	183	21	123	403	64	942	1.3e-18	95.8
NCVOG2775-consensus	NODE_1436_length_3403_cov_46.229705	30.00	290	185	18	112	392	848	9	4.1e-18	95.2
NCVOG2775-consensus	NODE_1436_length_3403_cov_46.229705	27.94	315	199	28	99	386	2363	1425	2.6e-16	89.2
NCVOG2775-consensus	NODE_2910_length_2018_cov_37.431736	34.04	235	141	14	183	403	997	1698	4.7e-18	94.3
NCVOG2775-consensus	NODE_75_length_44110_cov_24.412327	35.33	351	216	11	62	406	16147	17181	2.7e-17	96.2
NCVOG2775-consensus	NODE_75_length_44110_cov_24.412327	28.61	332	211	26	75	383	14897	15880	2.7e-17	96.2
NCVOG2775-consensus	NODE_465_length_7716_cov_26.641576	28.94	387	232	43	46	398	1799	2929	2.8e-17	93.7
NCVOG2775-consensus	NODE_1401_length_3452_cov_34.640296	31.53	222	144	8	175	390	3378	2722	8.3e-16	87.6
NCVOG2775-consensus	NODE_1401_length_3452_cov_34.640296	28.25	308	198	23	100	390	2085	1183	3.5e-15	85.5
NCVOG2775-consensus	NODE_1037_length_4228_cov_33.015659	27.03	296	203	13	100	383	2609	1728	2e-14	83.3
NCVOG2775-consensus	NODE_115_length_30329_cov_25.509652	30.06	346	220	22	139	472	15892	16890	2.1e-14	86.1
NCVOG2775-consensus	NODE_1142_length_3975_cov_36.090303	27.65	434	289	25	46	461	151	1428	7.9e-14	81.2
NCVOG2775-consensus	NODE_2467_length_2288_cov_30.967888	30.04	273	172	19	127	383	2282	1482	8.7e-14	80.3
NCVOG2775-consensus	NODE_2759_length_2103_cov_35.568608	31.53	314	173	42	189	472	1305	403	2e-13	79.0
NCVOG2775-consensus	NODE_1612_length_3142_cov_36.464600	27.11	402	255	38	100	488	1405	2532	5.2e-13	78.2
NCVOG2775-consensus	NODE_13294_length_471_cov_37.690355	37.01	154	94	3	248	398	8	466	9.1e-13	74.6
NCVOG2775-consensus	NODE_4416_length_1406_cov_65.029345	33.33	207	126	12	188	383	772	1386	1.2e-12	75.8
NCVOG2775-consensus	NODE_3224_length_1860_cov_37.748177	31.62	234	154	6	159	388	69	761	1.6e-12	75.8
NCVOG2775-consensus	NODE_6660_length_932_cov_38.488889	30.90	301	184	24	102	381	930	40	2.1e-11	71.1
NCVOG2775-consensus	NODE_15598_length_407_cov_38.515152	34.88	129	78	6	201	323	392	9	2.9e-11	69.4
NCVOG2775-consensus	NODE_8834_length_698_cov_64.338164	29.73	185	123	7	210	387	671	120	3.6e-11	69.9
NCVOG0893-consensus	NODE_368_length_9589_cov_20.186606	26.76	527	235	151	101	484	2843	1308	2.7e-11	74.5
NCVOG0275-consensus	NODE_3483_length_1740_cov_41.131690	28.90	173	114	9	8	171	767	1282	7.9e-17	88.4
NCVOG0275-consensus	NODE_6547_length_948_cov_23.822044	30.52	154	80	27	33	160	927	474	4.5e-12	71.7
NCVOG0275-consensus	NODE_3336_length_1804_cov_31.362847	33.66	101	66	1	23	122	677	976	6.8e-12	72.1
NCVOG0275-consensus	NODE_4093_length_1502_cov_29.484912	49.32	73	35	2	4	74	172	381	2.6e-11	69.9
NCVOG0729-consensus	NODE_602_length_6089_cov_27.050898	39.41	269	100	63	2	210	911	121	1.1e-37	161.0
NCVOG0729-consensus	NODE_1189_length_3855_cov_25.717575	31.13	257	141	36	289	513	3853	3106	3.8e-26	122.0
NCVOG0729-consensus	NODE_32423_length_203_cov_23.484127	61.29	62	22	2	49	110	200	24	4.3e-21	101.0
NCVOG0729-consensus	NODE_45997_length_155_cov_30.500000	55.77	52	22	1	2	53	3	152	8.4e-15	79.7
NCVOG5103-consensus	NODE_2397_length_2341_cov_46.041961	34.42	215	128	13	323	537	1605	2207	1.9e-28	129.9
NCVOG5103-consensus	NODE_19_length_74026_cov_23.059419	25.06	395	267	29	145	518	66753	65596	1.3e-15	92.2
NCVOG5103-consensus	NODE_34658_length_191_cov_29.877193	46.77	62	33	0	442	503	1	183	1.6e-13	76.7
NCVOG5103-consensus	NODE_5951_length_1041_cov_24.110996	24.36	234	159	18	294	519	799	131	1.7e-13	79.0
NCVOG5103-consensus	NODE_95_length_37693_cov_25.316328	28.46	376	249	20	210	574	26574	25489	2.3e-11	77.2
NCVOG4874-consensus	NODE_990_length_4333_cov_19.273243	46.88	337	156	23	36	366	3003	3959	3.4e-90	334.4
NCVOG4874-consensus	NODE_55_length_50848_cov_23.541136	47.18	337	155	23	36	366	20193	19237	5.2e-87	327.4
NCVOG4874-consensus	NODE_44_length_55728_cov_22.736501	43.43	373	158	53	33	367	50411	49349	2.2e-51	209.1
NCVOG4874-consensus	NODE_29_length_64297_cov_20.905374	41.76	376	161	58	33	365	3288	4363	3.4e-51	208.7
NCVOG4423-consensus	NODE_76_length_43528_cov_45.316633	35.07	211	108	29	34	217	14937	14318	4.3e-12	77.5
NCVOG4423-consensus	NODE_76_length_43528_cov_45.316633	31.10	164	94	19	74	218	13917	13429	4.3e-12	77.5
NCVOG4001-consensus	NODE_2244_length_2474_cov_27.666667	29.25	212	128	22	86	295	1875	1303	2.4e-13	78.9
NCVOG4001-consensus	NODE_2509_length_2263_cov_33.543916	28.86	343	195	49	74	404	1103	2015	3.3e-13	78.3
NCVOG4001-consensus	NODE_870_length_4697_cov_26.370996	25.00	408	257	49	50	444	3162	2050	3.9e-13	79.2
NCVOG4001-consensus	NODE_168_length_21693_cov_23.812546	28.45	232	142	24	80	309	17470	16844	1.1e-12	79.8
NCVOG4001-consensus	NODE_2789_length_2090_cov_41.154993	24.18	397	264	37	97	487	754	1836	1.7e-12	75.9
NCVOG4001-consensus	NODE_1401_length_3452_cov_34.640296	27.35	340	209	38	57	382	2124	1186	4.3e-12	75.2
NCVOG4001-consensus	NODE_1401_length_3452_cov_34.640296	30.16	252	150	26	95	340	3333	2647	2.5e-13	79.3
NCVOG4001-consensus	NODE_1617_length_3131_cov_34.550098	28.40	338	194	48	74	400	1648	2545	1.4e-11	73.4
NCVOG4001-consensus	NODE_1037_length_4228_cov_33.015659	29.85	201	122	19	83	275	2282	1716	4.2e-11	72.3
NCVOG0605-consensus	NODE_1578_length_3203_cov_28.467370	22.40	384	256	42	108	489	1958	934	4.6e-13	78.1
NCVOG1136-consensus	NODE_1082_length_4124_cov_34.423277	47.09	327	134	39	164	453	3682	2715	8.4e-56	220.4
NCVOG1136-consensus	NODE_31108_length_210_cov_20.398496	56.67	60	26	0	290	349	189	13	1.3e-27	122.5
NCVOG1136-consensus	NODE_25663_length_245_cov_1.630952	46.00	100	35	19	264	363	243	4	1e-24	113.1
NCVOG1136-consensus	NODE_32485_length_203_cov_18.261905	50.00	58	28	1	227	283	25	195	1.2e-15	82.7
NCVOG0822-consensus	NODE_87_length_41110_cov_23.307094	26.62	308	203	23	90	389	21701	20826	9.4e-17	94.1
NCVOG0822-consensus	NODE_2244_length_2474_cov_27.666667	26.94	271	173	25	65	329	2067	1315	2.6e-13	78.6
NCVOG0822-consensus	NODE_1335_length_3558_cov_31.200230	30.59	170	106	12	91	256	2362	2844	3.3e-11	72.1
NCVOG1049-consensus	NODE_15768_length_403_cov_76.484663	31.58	114	75	3	51	163	60	392	1.4e-19	96.2
NCVOG1049-consensus	NODE_649_length_5804_cov_42.110704	28.76	379	207	63	5	323	2785	3903	1.4e-18	96.7
NCVOG1049-consensus	NODE_9337_length_661_cov_78.708904	33.33	198	97	35	7	184	627	82	2e-17	89.7
NCVOG1049-consensus	NODE_16489_length_386_cov_1.090615	36.11	72	41	5	104	172	338	132	2.8e-13	75.2
NCVOG4219-consensus	NODE_1955_length_2742_cov_41.741839	25.74	272	133	69	80	284	1084	1890	4.6e-13	77.2
NCVOG4219-consensus	NODE_11643_length_531_cov_56.962555	30.83	120	72	11	164	278	531	193	2.4e-12	72.5
NCVOG1309-consensus	NODE_21361_length_292_cov_14.176744	34.62	78	47	4	20	96	250	29	5.8e-12	69.1
NCVOG0901-consensus	NODE_1978_length_2723_cov_24.820862	43.32	187	59	47	34	173	1676	2229	1.5e-20	101.3
NCVOG0901-consensus	NODE_21488_length_290_cov_24.723005	45.83	96	34	18	80	157	290	6	7.4e-13	72.6
NCVOG0890-consensus	NODE_64_length_48131_cov_22.997836	29.52	271	149	42	65	294	32724	31920	3.1e-23	115.1
NCVOG2980-consensus	NODE_16076_length_396_cov_45.222571	30.00	120	79	5	309	428	390	49	4.7e-14	78.3
NCVOG1298-consensus	NODE_286_length_12111_cov_19.102709	21.60	287	209	16	299	571	4406	3555	3.1e-11	74.3
NCVOG4462-consensus	NODE_75_length_44110_cov_24.412327	35.68	227	134	12	59	282	16618	17268	3.6e-11	75.3
NCVOG0450-consensus	NODE_161_length_23148_cov_22.205930	38.34	326	150	51	119	403	22069	21125	2.5e-58	231.2
NCVOG0450-consensus	NODE_5647_length_1094_cov_82.447394	45.45	286	135	21	147	415	1031	189	2.8e-57	223.3
NCVOG0450-consensus	NODE_1378_length_3487_cov_30.291496	41.10	236	123	16	119	341	2815	2120	4.7e-43	177.7
NCVOG0450-consensus	NODE_1378_length_3487_cov_30.291496	41.95	267	132	23	114	361	2101	1316	1.2e-44	183.0
NCVOG0450-consensus	NODE_13561_length_463_cov_26.108808	41.18	170	83	17	172	341	3	458	1.3e-36	153.4
NCVOG0450-consensus	NODE_5208_length_1185_cov_27.438628	44.25	174	88	9	119	286	671	1180	1.8e-35	151.0
NCVOG0450-consensus	NODE_1420_length_3432_cov_28.704024	45.40	174	89	6	114	286	897	1400	1.5e-34	149.4
NCVOG0450-consensus	NODE_14_length_78179_cov_23.151789	35.71	294	161	28	22	291	6604	5742	1.6e-29	137.3
NCVOG0450-consensus	NODE_14_length_78179_cov_23.151789	35.54	287	159	26	140	405	13824	12982	1.6e-29	137.3
NCVOG0450-consensus	NODE_14_length_78179_cov_23.151789	35.88	170	89	20	176	341	14289	13831	2.1e-19	103.6
NCVOG0450-consensus	NODE_145_length_25888_cov_23.195847	31.01	345	191	47	102	425	4014	3061	1.8e-29	135.5
NCVOG0450-consensus	NODE_190_length_19326_cov_22.020832	34.65	254	150	16	169	413	9435	10170	2.7e-26	124.5
NCVOG0450-consensus	NODE_2463_length_2289_cov_42.573689	36.97	165	100	4	98	258	774	283	9.8e-26	119.6
NCVOG0450-consensus	NODE_2582_length_2211_cov_32.330834	38.55	166	93	9	134	290	1400	1894	2.9e-24	114.6
NCVOG0450-consensus	NODE_145_length_25888_cov_23.195847	30.97	339	202	32	126	438	5221	6216	1.2e-23	116.2
NCVOG0450-consensus	NODE_20951_length_297_cov_30.972727	50.59	85	38	4	197	279	48	293	1.7e-18	92.6
NCVOG0450-consensus	NODE_1307_length_3624_cov_31.832253	35.35	297	161	31	126	399	869	6	2.9e-17	92.1
NCVOG0450-consensus	NODE_1307_length_3624_cov_31.832253	39.36	188	102	12	119	297	1433	886	2.9e-17	92.1
NCVOG0450-consensus	NODE_13151_length_476_cov_25.348371	38.19	144	73	16	206	333	25	453	8e-16	84.4
NCVOG0450-consensus	NODE_22_length_71671_cov_23.438389	30.50	259	148	32	122	351	34704	35468	3e-15	89.7
NCVOG0450-consensus	NODE_42519_length_155_cov_44.512821	56.00	50	22	0	151	200	6	152	1.7e-13	75.0
NCVOG0450-consensus	NODE_46488_length_155_cov_29.717949	59.09	44	18	0	210	253	22	150	4.4e-13	73.7
NCVOG0450-consensus	NODE_13585_length_462_cov_39.781818	35.76	151	92	5	125	270	9	458	1.2e-11	70.4
NCVOG0450-consensus	NODE_19_length_74026_cov_23.059419	36.29	237	120	31	148	374	10965	11609	1.6e-11	77.4
NCVOG0450-consensus	NODE_32567_length_202_cov_30.840000	39.13	69	39	3	159	227	3	197	2.8e-11	68.0
NCVOG0652-consensus	NODE_524_length_6866_cov_33.546178	30.43	447	269	42	6	413	2576	1254	3.3e-40	169.2
NCVOG0652-consensus	NODE_45797_length_155_cov_30.858974	68.63	51	16	0	227	277	155	6	6.7e-20	96.3
NCVOG1062-consensus	NODE_793_length_5019_cov_68.555038	25.26	384	249	38	131	490	2068	962	5.1e-15	85.3
NCVOG1062-consensus	NODE_2770_length_2097_cov_72.370792	23.08	377	251	39	131	482	1585	504	2.6e-14	81.6
NCVOG1062-consensus	NODE_3981_length_1538_cov_106.025325	26.77	325	205	33	99	404	194	1115	2.8e-13	77.8
NCVOG1352-consensus	NODE_15245_length_416_cov_26.752212	35.19	108	65	5	61	163	325	5	7.3e-28	123.3
NCVOG1352-consensus	NODE_2304_length_2421_cov_30.335324	33.90	118	72	6	61	172	1672	2018	2.4e-25	117.5
NCVOG0522-consensus	NODE_116_length_30133_cov_24.254658	33.74	163	106	2	79	241	9563	9084	1.4e-14	85.8
NCVOG5117-consensus	NODE_1578_length_3203_cov_28.467370	32.35	238	137	24	741	964	1866	1186	6.4e-11	72.8
NCVOG0052-consensus	NODE_10010_length_617_cov_50.146296	34.92	126	73	9	1	120	56	421	3.2e-14	78.5
NCVOG4122-consensus	NODE_76_length_43528_cov_45.316633	30.54	298	171	36	188	457	14952	14092	1.2e-17	97.1
NCVOG4122-consensus	NODE_76_length_43528_cov_45.316633	32.93	246	153	12	161	403	14034	13327	3.1e-18	99.0
NCVOG4122-consensus	NODE_161_length_23148_cov_22.205930	28.40	257	174	10	122	374	22243	21494	7.7e-14	83.5
NCVOG4122-consensus	NODE_168_length_21693_cov_23.812546	26.70	367	220	49	144	467	18004	16925	4.7e-12	77.5
NCVOG4122-consensus	NODE_3133_length_1903_cov_35.339540	26.46	189	128	11	122	300	690	130	9.5e-12	72.9
NCVOG4122-consensus	NODE_5647_length_1094_cov_82.447394	23.67	207	152	6	207	411	929	324	2e-11	71.1
NCVOG4022-consensus	NODE_1321_length_3594_cov_44.193915	24.00	250	140	50	111	312	2231	1491	4.9e-11	71.0
NCVOG0312-consensus	NODE_1259_length_3712_cov_36.880088	22.27	669	454	66	232	850	2374	419	3.3e-16	89.7
NCVOG0312-consensus	NODE_118_length_29957_cov_22.096252	23.72	839	535	105	3	787	18428	20768	4.3e-15	89.0
NCVOG0312-consensus	NODE_6108_length_1015_cov_32.196162	27.03	344	220	31	381	709	997	17	6.8e-15	83.5
NCVOG0312-consensus	NODE_1_length_136617_cov_23.850161	21.52	776	530	79	83	815	25579	23367	2.1e-11	78.9
NCVOG0312-consensus	NODE_2444_length_2302_cov_20.317753	25.57	395	240	54	335	721	1048	5	8.4e-11	71.1
NCVOG0032-consensus	NODE_5809_length_1065_cov_26.487854	32.76	174	108	9	706	875	56	559	3.2e-23	111.1
NCVOG0032-consensus	NODE_3043_length_1949_cov_30.210470	42.28	123	70	1	693	814	1935	1570	1.5e-20	103.1
NCVOG0032-consensus	NODE_17195_length_368_cov_35.553265	37.10	124	74	4	339	461	1	360	6.7e-15	82.0
NCVOG0032-consensus	NODE_48204_length_155_cov_27.384615	60.42	48	19	0	414	461	149	9	1.8e-12	72.7
NCVOG0302-consensus	NODE_36_length_58993_cov_22.532402	28.45	457	307	20	86	534	41555	42884	5.5e-32	145.3
NCVOG0302-consensus	NODE_18_length_74089_cov_24.086635	35.00	280	174	8	259	534	10810	11634	3.9e-31	142.8
NCVOG0302-consensus	NODE_2084_length_2602_cov_26.493465	31.97	319	174	43	258	535	1185	2130	1.3e-24	116.3
NCVOG0302-consensus	NODE_66_length_47603_cov_22.880781	33.73	252	148	19	295	527	27185	26433	2.5e-21	109.6
NCVOG0302-consensus	NODE_1010_length_4286_cov_29.855310	32.24	304	171	35	263	535	2003	1107	5.4e-19	98.4
NCVOG0302-consensus	NODE_135_length_27260_cov_22.595409	30.99	242	141	26	294	514	11117	11820	2.1e-17	95.8
NCVOG0302-consensus	NODE_3411_length_1772_cov_30.103245	31.53	314	173	42	258	535	211	1113	6.6e-15	83.5
NCVOG0302-consensus	NODE_37_length_58405_cov_22.527551	29.88	241	154	15	249	484	45388	44699	2e-13	83.7
NCVOG0302-consensus	NODE_17_length_75273_cov_22.231808	28.74	261	169	17	228	484	21571	22311	1.5e-12	81.2
NCVOG0302-consensus	NODE_194_length_18821_cov_23.942915	34.29	245	134	27	265	482	4099	4826	1.6e-12	79.0
NCVOG0302-consensus	NODE_737_length_5278_cov_24.336666	26.25	240	161	16	225	452	1150	1850	1.7e-12	77.1
NCVOG0302-consensus	NODE_724_length_5333_cov_22.551750	25.36	209	151	5	249	452	4271	3648	3e-12	76.3
NCVOG0302-consensus	NODE_1768_length_2941_cov_27.448324	28.57	168	118	2	3	170	2047	2541	4.3e-12	74.9
NCVOG0302-consensus	NODE_4174_length_1477_cov_40.231429	22.58	279	209	7	250	522	1018	190	6.4e-12	73.4
NCVOG0302-consensus	NODE_163_length_22682_cov_25.174519	23.88	289	188	32	172	452	18423	19214	4.4e-11	74.5
NCVOG0302-consensus	NODE_19356_length_324_cov_25.595142	38.78	98	58	2	394	491	312	28	7e-11	67.7
NCVOG0302-consensus	NODE_10126_length_609_cov_54.994361	25.81	155	112	3	301	452	606	145	7.4e-11	68.6
NCVOG0302-consensus	NODE_869_length_4697_cov_36.292424	26.53	343	208	44	222	533	1872	2846	7.4e-11	71.5
NCVOG0302-consensus	NODE_2767_length_2099_cov_23.520277	29.95	187	118	13	352	533	385	918	7.8e-11	70.3
NCVOG0603-consensus	NODE_7440_length_834_cov_35.338177	55.56	72	32	0	9	80	219	7	1.6e-20	100.8
NCVOG0603-consensus	NODE_8369_length_740_cov_45.108597	32.89	228	123	30	104	301	711	31	1.6e-11	70.8
NCVOG5081-consensus	NODE_113_length_30485_cov_23.156472	19.08	325	223	40	1	290	11763	12715	1.6e-12	79.2
NCVOG5081-consensus	NODE_375_length_9385_cov_471.765041	23.38	154	111	7	9	160	7682	8125	3.3e-12	76.5
NCVOG1127-consensus	NODE_1535_length_3255_cov_25.771869	29.05	241	161	10	68	303	2615	1911	2.1e-33	146.0
NCVOG1127-consensus	NODE_1244_length_3737_cov_25.681421	31.72	227	141	14	68	289	3098	2448	8.5e-33	144.2
NCVOG4590-consensus	NODE_5647_length_1094_cov_82.447394	26.29	175	119	10	259	428	902	400	1.2e-11	71.9
NCVOG0985-consensus	NODE_2_length_130577_cov_46.627518	27.27	429	177	135	92	385	8677	7406	4.1e-14	87.0
NCVOG0503-consensus	NODE_5910_length_1047_cov_31.451546	45.56	259	130	11	2	253	1021	262	3.7e-74	278.5
NCVOG0503-consensus	NODE_49655_length_155_cov_25.717949	58.82	51	21	0	182	232	153	4	1.4e-18	91.2
NCVOG0503-consensus	NODE_55976_length_155_cov_18.410256	60.47	43	17	0	211	253	155	30	3.5e-14	76.5
NCVOG0503-consensus	NODE_52124_length_155_cov_22.987179	51.02	49	24	0	3	51	154	11	2.2e-13	73.8
NCVOG0503-consensus	NODE_56960_length_155_cov_16.705128	51.02	49	24	0	3	51	2	145	2.9e-13	73.4
NCVOG0503-consensus	NODE_56255_length_155_cov_17.935897	58.00	50	19	2	72	119	3	149	2.8e-11	66.9
NCVOG4678-consensus	NODE_29343_length_220_cov_22.363636	37.88	66	41	0	76	141	211	17	2e-12	71.9
NCVOG4678-consensus	NODE_4219_length_1461_cov_34.935694	30.71	127	81	7	18	141	1080	1445	2.3e-12	74.5
NCVOG0025-consensus	NODE_6680_length_929_cov_40.984742	30.11	352	195	51	142	493	929	30	4.1e-33	143.0
NCVOG0025-consensus	NODE_8376_length_740_cov_32.366516	34.34	166	87	22	374	522	740	263	7e-22	105.4
NCVOG0025-consensus	NODE_111_length_31434_cov_20.712823	26.76	426	276	36	82	491	30733	29527	3.7e-21	108.4
NCVOG0025-consensus	NODE_10313_length_599_cov_24.496169	36.00	200	106	22	307	491	596	21	1.1e-20	101.1
NCVOG0025-consensus	NODE_632_length_5864_cov_30.017626	26.39	485	295	62	30	503	818	2116	3.6e-20	102.7
NCVOG0025-consensus	NODE_762_length_5179_cov_22.376323	25.89	394	248	44	131	509	1299	220	1.1e-19	100.9
NCVOG0025-consensus	NODE_5714_length_1081_cov_19.861554	40.57	106	58	5	413	518	1078	779	3.5e-19	97.0
NCVOG0025-consensus	NODE_18221_length_345_cov_23.503731	47.62	84	44	0	408	491	269	21	6.7e-19	94.4
NCVOG0025-consensus	NODE_2365_length_2368_cov_35.604103	26.50	400	235	59	113	502	2038	989	2.7e-18	95.2
NCVOG0025-consensus	NODE_16_length_76053_cov_21.433150	25.88	483	287	71	30	503	59189	60440	1.9e-16	94.0
NCVOG0025-consensus	NODE_250_length_14160_cov_23.348221	25.79	442	264	64	94	508	12364	13571	2e-16	91.6
NCVOG0025-consensus	NODE_3410_length_1773_cov_30.702655	25.00	400	253	47	103	491	276	1364	2.7e-15	84.8
NCVOG0025-consensus	NODE_142_length_26528_cov_23.561378	24.28	449	286	54	88	516	12798	14039	3.4e-15	88.3
NCVOG0025-consensus	NODE_8108_length_760_cov_48.002928	29.17	144	94	8	356	491	61	489	2.3e-14	80.5
NCVOG0025-consensus	NODE_14996_length_422_cov_60.115942	32.03	128	80	7	365	487	16	390	5.4e-14	78.4
NCVOG0025-consensus	NODE_5026_length_1228_cov_14.940921	50.00	66	32	1	436	501	2	193	6.1e-14	79.8
NCVOG0025-consensus	NODE_41386_length_158_cov_25.827160	59.09	44	18	0	450	493	1	129	1.1e-11	69.3
NCVOG0025-consensus	NODE_1676_length_3060_cov_38.878310	23.64	440	268	68	113	518	506	1714	2.3e-11	72.5
NCVOG0271-consensus	NODE_8677_length_713_cov_66.872642	42.55	235	130	5	385	615	704	6	2.8e-43	177.6
NCVOG0271-consensus	NODE_6309_length_985_cov_24.709251	57.34	218	75	18	954	1153	985	335	1.2e-41	172.7
NCVOG0271-consensus	NODE_7682_length_806_cov_47.702332	41.13	265	111	45	592	813	803	18	4.9e-36	153.7
NCVOG0271-consensus	NODE_9509_length_649_cov_43.578671	42.40	217	94	31	793	978	649	6	1e-28	129.0
NCVOG0271-consensus	NODE_1274_length_3681_cov_19.473918	35.14	555	277	83	682	1153	1461	3110	5.8e-26	122.4
NCVOG0271-consensus	NODE_17302_length_366_cov_18.688581	57.85	121	32	19	1018	1119	1	358	2.4e-23	110.4
NCVOG0271-consensus	NODE_5140_length_1199_cov_52.729055	38.02	405	182	69	737	1077	4	1194	6.5e-21	104.0
NCVOG0271-consensus	NODE_4057_length_1512_cov_49.159582	27.95	526	294	85	27	495	1499	13	4.7e-17	91.5
NCVOG0271-consensus	NODE_6218_length_999_cov_35.566161	32.26	341	182	49	105	405	999	9	7.9e-17	90.2
NCVOG0271-consensus	NODE_28000_length_227_cov_32.606667	55.56	63	28	0	669	731	194	9	1.8e-13	76.9
NCVOG0271-consensus	NODE_35079_length_189_cov_26.866071	63.64	55	20	0	1053	1107	1	162	1.9e-12	73.2
NCVOG0271-consensus	NODE_35092_length_189_cov_25.750000	63.64	55	20	0	1053	1107	189	28	1.9e-12	73.2
NCVOG0271-consensus	NODE_6341_length_980_cov_61.653378	31.19	311	169	45	494	760	932	6	1.6e-11	72.6
NCVOG0271-consensus	NODE_26252_length_240_cov_1.361963	50.60	83	36	5	1012	1094	238	8	2.1e-11	70.1
NCVOG0711-consensus	NODE_3443_length_1757_cov_32.949405	26.32	209	124	30	8	205	1638	1076	2.8e-12	73.6
NCVOG3078-consensus	NODE_1244_length_3737_cov_25.681421	26.54	211	144	11	30	236	3110	2502	2.3e-17	92.8
NCVOG3078-consensus	NODE_1535_length_3255_cov_25.771869	26.54	211	144	11	30	236	2627	2019	7.1e-15	84.4
NCVOG0078-consensus	NODE_44_length_55728_cov_22.736501	50.42	119	54	5	85	198	47538	47891	1.2e-15	89.9
NCVOG0078-consensus	NODE_29_length_64297_cov_20.905374	49.58	119	55	5	85	198	5433	5080	1.5e-15	89.7
NCVOG0061-consensus	NODE_10976_length_562_cov_58.503093	34.39	157	94	9	118	271	500	51	2.2e-18	93.5
NCVOG0061-consensus	NODE_8373_length_740_cov_39.849170	36.40	250	126	33	270	490	740	6	9e-18	91.8
NCVOG4251-consensus	NODE_2272_length_2449_cov_32.479342	29.41	476	214	122	6	360	626	2033	6.1e-19	97.1
NCVOG1451-consensus	NODE_63_length_48328_cov_22.914613	30.08	256	149	30	605	830	37987	37229	4.7e-15	89.5
NCVOG0451-consensus	NODE_3133_length_1903_cov_35.339540	36.63	172	100	9	137	299	633	121	4.2e-18	93.9
NCVOG0451-consensus	NODE_76_length_43528_cov_45.316633	36.80	269	128	42	110	336	14889	14092	1.2e-16	93.5
NCVOG0451-consensus	NODE_76_length_43528_cov_45.316633	33.09	275	165	19	127	398	14031	13258	1.2e-16	93.5
NCVOG0451-consensus	NODE_168_length_21693_cov_23.812546	30.89	259	157	22	174	413	17686	16922	2.6e-15	88.1
NCVOG0451-consensus	NODE_2244_length_2474_cov_27.666667	28.09	299	188	27	139	413	2226	1342	5.6e-15	83.9
NCVOG0451-consensus	NODE_1617_length_3131_cov_34.550098	25.91	301	198	25	130	408	1409	2299	4.4e-13	77.9
NCVOG0451-consensus	NODE_75_length_44110_cov_24.412327	29.90	291	184	20	138	408	16144	17013	4e-12	78.5
NCVOG0451-consensus	NODE_465_length_7716_cov_26.641576	29.85	268	159	29	147	392	2237	3012	1.9e-11	73.8
NCVOG0451-consensus	NODE_2509_length_2263_cov_33.543916	27.39	303	194	26	133	413	972	1865	2.4e-11	71.7
NCVOG4421-consensus	NODE_76_length_43528_cov_45.316633	44.93	69	38	0	98	166	13707	13504	5.9e-12	76.7
NCVOG1351-consensus	NODE_8740_length_707_cov_41.977778	39.26	163	79	20	199	341	12	493	3.9e-22	106.2
NCVOG1351-consensus	NODE_264_length_13331_cov_22.767165	30.56	360	184	66	137	435	11783	10730	3.7e-18	97.2
NCVOG0531-consensus	NODE_6963_length_892_cov_40.250307	28.17	213	131	22	21	211	871	242	7.6e-16	85.4
NCVOG4331-consensus	NODE_1196_length_3842_cov_28.502258	47.62	63	33	0	5	67	2397	2582	4.9e-13	79.0
NCVOG4331-consensus	NODE_1309_length_3622_cov_27.891114	21.91	470	297	70	287	721	1367	66	8.5e-12	74.8
NCVOG4331-consensus	NODE_433_length_8052_cov_25.746959	46.03	63	34	0	5	67	2376	2561	9.6e-12	75.8
NCVOG4331-consensus	NODE_2005_length_2691_cov_39.618975	22.64	530	332	78	276	763	2413	949	3e-11	72.5
NCVOG4121-consensus	NODE_870_length_4697_cov_26.370996	31.46	178	103	19	113	274	2847	2326	4.4e-14	81.4
NCVOG0331-consensus	NODE_339_length_10483_cov_25.233519	32.35	136	82	10	23	150	4163	3765	9.6e-11	71.6
NCVOG0301-consensus	NODE_18_length_74089_cov_24.086635	31.64	354	216	26	189	534	10634	11634	7.9e-29	135.2
NCVOG0301-consensus	NODE_36_length_58993_cov_22.532402	31.60	326	201	22	224	534	41935	42884	1.9e-26	127.0
NCVOG0301-consensus	NODE_66_length_47603_cov_22.880781	38.25	183	104	9	303	477	27161	26619	4.2e-17	95.6
NCVOG0301-consensus	NODE_2084_length_2602_cov_26.493465	30.19	318	181	41	258	535	1185	2130	1.8e-16	89.3
NCVOG0301-consensus	NODE_1010_length_4286_cov_29.855310	29.37	303	175	39	266	535	1994	1107	2.7e-15	86.1
NCVOG0301-consensus	NODE_135_length_27260_cov_22.595409	26.37	292	197	18	227	507	10907	11754	1.2e-13	83.3
NCVOG0301-consensus	NODE_3411_length_1772_cov_30.103245	32.34	235	127	32	264	470	229	910	2.3e-12	75.1
NCVOG0301-consensus	NODE_19356_length_324_cov_25.595142	37.00	100	61	2	394	493	312	22	3.1e-12	72.2
NCVOG0301-consensus	NODE_2767_length_2099_cov_23.520277	34.57	188	108	15	353	532	385	924	4.8e-12	74.3
NCVOG0021-consensus	NODE_1578_length_3203_cov_28.467370	28.01	382	255	20	155	533	1911	820	4.1e-35	152.4
NCVOG0021-consensus	NODE_9095_length_679_cov_17.001661	32.16	199	123	12	209	406	601	41	3.5e-15	84.0
NCVOG0001-consensus	NODE_1230_length_3765_cov_114.763286	44.87	263	126	19	302	556	398	1148	1.3e-57	226.7
NCVOG0001-consensus	NODE_7484_length_827_cov_56.396000	40.17	234	121	19	328	553	157	822	6.8e-46	185.6
NCVOG0001-consensus	NODE_514_length_7011_cov_24.424863	39.11	202	106	17	333	528	6437	7006	1.7e-34	150.8
NCVOG0001-consensus	NODE_1886_length_2813_cov_35.837354	36.04	369	194	42	259	597	2144	1079	4.1e-32	141.6
NCVOG0001-consensus	NODE_56_length_50358_cov_44.473161	43.84	203	99	15	363	562	43762	44331	2e-25	123.5
NCVOG0001-consensus	NODE_56_length_50358_cov_44.473161	39.08	261	123	36	331	566	44527	45271	1.7e-34	153.7
NCVOG0001-consensus	NODE_15720_length_404_cov_49.574924	40.91	132	68	10	392	521	25	393	1.3e-24	113.9
NCVOG0001-consensus	NODE_2007_length_2691_cov_25.020658	34.53	223	126	20	321	531	1196	561	2.8e-24	115.5
NCVOG0001-consensus	NODE_1723_length_2993_cov_26.819959	35.27	224	123	22	321	531	2593	1962	7.1e-22	107.7
NCVOG0001-consensus	NODE_13449_length_466_cov_48.007712	45.51	167	75	16	347	509	466	5	2.2e-21	103.3
NCVOG0001-consensus	NODE_3557_length_1713_cov_28.770782	34.50	258	129	40	333	553	1563	804	7.5e-20	100.1
NCVOG0001-consensus	NODE_8998_length_685_cov_24.991776	42.61	115	62	4	426	537	594	260	1.4e-18	94.6
NCVOG0001-consensus	NODE_152_length_24978_cov_40.942492	39.34	183	98	13	317	497	4000	4512	1.5e-18	99.7
NCVOG0001-consensus	NODE_10695_length_577_cov_37.192000	41.18	102	54	6	431	531	563	278	1.8e-15	84.0
NCVOG0001-consensus	NODE_44_length_55728_cov_22.736501	35.03	314	159	45	319	606	6140	5263	2.3e-15	90.2
NCVOG0001-consensus	NODE_10510_length_587_cov_34.947059	33.52	182	85	36	403	556	4	520	7.3e-15	82.0
NCVOG0001-consensus	NODE_1508_length_3287_cov_28.093769	41.12	107	59	4	429	531	1557	1868	3.8e-14	82.1
NCVOG0001-consensus	NODE_130_length_28258_cov_24.794294	34.04	332	169	50	283	568	1579	2553	5.1e-13	81.5
NCVOG0001-consensus	NODE_1340_length_3550_cov_31.067665	37.18	156	80	18	357	501	1678	1237	5.6e-13	78.3
NCVOG0001-consensus	NODE_5250_length_1177_cov_25.336364	49.28	69	35	0	488	556	1167	964	7.4e-13	76.3
NCVOG0001-consensus	NODE_3592_length_1699_cov_33.732429	48.00	75	36	3	476	547	1581	1360	1.7e-12	75.7
NCVOG0001-consensus	NODE_1062_length_4169_cov_29.658113	27.13	505	248	120	159	555	3939	2480	2.9e-12	76.2
NCVOG0001-consensus	NODE_32043_length_205_cov_22.906250	44.78	67	35	2	437	501	203	6	3.6e-11	68.2
NCVOG2058-consensus	NODE_76_length_43528_cov_45.316633	39.66	237	123	20	154	370	14034	13327	6.8e-22	110.9
NCVOG2058-consensus	NODE_161_length_23148_cov_22.205930	26.05	261	183	10	109	367	22261	21506	2e-17	95.2
NCVOG2058-consensus	NODE_3133_length_1903_cov_35.339540	31.08	148	100	2	205	351	690	253	2.4e-16	88.0
NCVOG2058-consensus	NODE_2244_length_2474_cov_27.666667	28.29	304	187	31	4	284	2130	1246	6.2e-15	83.7
NCVOG2058-consensus	NODE_75_length_44110_cov_24.412327	28.43	408	250	42	7	372	15902	17118	4.3e-11	75.1
NCVOG2058-consensus	NODE_465_length_7716_cov_26.641576	28.52	284	169	34	87	339	2030	2869	4.9e-11	72.4
NCVOG2058-consensus	NODE_2759_length_2103_cov_35.568608	27.27	264	165	27	91	332	1245	478	6.5e-11	70.1
NCVOG4896-consensus	NODE_1017_length_4272_cov_36.222646	33.33	90	59	1	231	320	1289	1026	9.6e-11	70.4
NCVOG0038-consensus	NODE_600_length_6101_cov_14.796149	31.22	583	226	175	560	970	66	1792	3.1e-19	100.7
NCVOG0038-consensus	NODE_1177_length_3889_cov_20.661595	29.06	554	255	138	94	525	1679	79	1.6e-13	81.1
NCVOG0038-consensus	NODE_13517_length_464_cov_49.824289	33.33	117	60	18	763	861	461	114	6.5e-11	69.3
NCVOG0228-consensus	NODE_530_length_6829_cov_44.244076	28.80	743	357	172	327	921	3776	1633	1.5e-18	98.3
NCVOG0228-consensus	NODE_2820_length_2069_cov_29.645582	28.98	635	322	129	394	919	105	1942	1.6e-12	76.6
NCVOG1128-consensus	NODE_134_length_27385_cov_23.234437	25.53	329	218	27	37	352	12495	13428	4.2e-22	111.0
NCVOG1128-consensus	NODE_6555_length_946_cov_52.131185	29.17	168	109	10	97	256	147	641	1.1e-21	104.7
NCVOG1128-consensus	NODE_180_length_20475_cov_25.972791	24.10	195	137	11	153	341	18790	19356	2.1e-14	84.9
NCVOG1128-consensus	NODE_104_length_34242_cov_44.846480	37.04	81	48	3	153	232	1706	1939	2.1e-13	82.3
NCVOG0280-consensus	NODE_49_length_53815_cov_23.021735	19.96	1488	1061	130	161	1584	46634	42372	1.1e-11	79.5
NCVOG0218-consensus	NODE_2123_length_2565_cov_25.203778	38.72	266	136	27	643	891	61	825	8.9e-16	88.0
NCVOG0218-consensus	NODE_1578_length_3203_cov_28.467370	38.27	371	208	21	483	840	818	1903	9.6e-14	81.6
NCVOG0218-consensus	NODE_4646_length_1333_cov_22.468949	37.44	219	127	10	651	866	1127	495	1.1e-12	76.8
NCVOG0218-consensus	NODE_291_length_11898_cov_24.076812	28.84	319	211	16	533	837	9028	9975	1e-11	76.7
NCVOG0218-consensus	NODE_4379_length_1416_cov_37.872293	27.11	332	218	24	585	895	1243	260	3.5e-11	71.9
NCVOG0308-consensus	NODE_2188_length_2511_cov_30.822514	23.93	539	356	54	375	878	2083	527	5e-19	98.7
NCVOG0308-consensus	NODE_144_length_26214_cov_44.650687	23.27	692	450	81	323	954	13982	11981	2.2e-11	76.7
NCVOG0820-consensus	NODE_18244_length_344_cov_58.509363	40.43	94	56	0	144	237	61	339	1.7e-20	99.5
NCVOG0008-consensus	NODE_10662_length_579_cov_22.729084	33.96	53	35	0	106	158	350	195	2.9e-11	68.6
NCVOG0008-consensus	NODE_29204_length_221_cov_17.937500	26.56	64	47	0	79	142	194	6	7.8e-11	65.8
NCVOG4344-consensus	NODE_1434_length_3408_cov_40.391174	26.93	323	209	27	22	329	530	1453	3.9e-12	75.2
NCVOG0670-consensus	NODE_419_length_8243_cov_28.121724	21.26	508	316	84	43	494	5875	4451	3.2e-16	90.5
NCVOG0670-consensus	NODE_20797_length_299_cov_33.405405	41.67	48	26	2	385	431	266	129	5.2e-13	75.0
NCVOG0670-consensus	NODE_24727_length_253_cov_38.818182	30.65	62	42	1	386	447	231	52	9e-12	70.7
NCVOG0670-consensus	NODE_733_length_5304_cov_17.246795	40.32	62	32	5	386	447	369	202	3.8e-11	73.0
NCVOG0316-consensus	NODE_3468_length_1747_cov_31.744910	27.95	297	202	12	30	322	685	1548	1.3e-28	128.3
NCVOG0316-consensus	NODE_2281_length_2437_cov_34.425424	29.82	275	181	12	52	322	1273	476	2.2e-26	121.4
NCVOG0316-consensus	NODE_504_length_7148_cov_30.953755	29.09	275	183	12	52	322	2340	1543	6.4e-23	111.5
NCVOG0316-consensus	NODE_7282_length_855_cov_18.859897	29.44	248	168	7	79	322	838	107	1.1e-22	107.7
NCVOG0316-consensus	NODE_1508_length_3287_cov_28.093769	31.69	243	159	7	91	329	3274	2558	1.3e-22	109.4
NCVOG0316-consensus	NODE_987_length_4337_cov_29.842723	28.41	271	182	12	34	300	1205	420	8.6e-22	107.0
NCVOG0316-consensus	NODE_6450_length_962_cov_41.271186	24.83	286	205	10	3	279	878	27	5.8e-21	102.1
NCVOG0316-consensus	NODE_1723_length_2993_cov_26.819959	25.59	297	209	12	30	322	136	999	2.6e-20	101.6
NCVOG0316-consensus	NODE_103_length_34534_cov_24.769104	30.22	278	182	12	54	327	24405	23599	5.8e-20	103.9
NCVOG0316-consensus	NODE_1909_length_2789_cov_31.099189	25.28	265	188	10	65	324	2288	1512	5.6e-19	97.1
NCVOG0316-consensus	NODE_464_length_7720_cov_24.150072	29.39	296	198	11	34	322	3735	4607	1.7e-18	96.9
NCVOG0316-consensus	NODE_139_length_26862_cov_23.650289	25.91	274	193	10	54	323	20185	20985	2.7e-18	98.1
NCVOG0316-consensus	NODE_877_length_4675_cov_27.640435	28.97	252	173	6	74	322	4565	3822	5.3e-18	94.5
NCVOG0316-consensus	NODE_2318_length_2409_cov_58.216552	31.25	192	129	3	90	278	1120	1692	4.5e-17	90.5
NCVOG0316-consensus	NODE_1_length_136617_cov_23.850161	24.52	314	226	11	17	323	125133	124207	1.4e-16	94.7
NCVOG0316-consensus	NODE_1397_length_3462_cov_42.500148	35.12	168	106	3	115	279	2033	2533	1.8e-16	89.0
NCVOG0316-consensus	NODE_1397_length_3462_cov_42.500148	29.29	198	134	6	128	322	2688	3269	8.1e-14	80.2
NCVOG0316-consensus	NODE_9410_length_656_cov_28.818653	33.55	155	98	5	91	241	1	459	6.3e-16	84.8
NCVOG0316-consensus	NODE_9031_length_683_cov_20.145215	29.82	218	146	7	92	305	683	42	6.7e-16	84.8
NCVOG0316-consensus	NODE_1227_length_3768_cov_24.044432	29.43	282	181	18	52	324	331	1146	1.4e-15	86.2
NCVOG0316-consensus	NODE_65_length_47756_cov_23.455609	24.32	333	232	20	3	321	39839	40812	1.5e-15	89.7
NCVOG0316-consensus	NODE_10719_length_576_cov_30.617234	29.51	183	125	4	125	304	6	548	1.8e-15	83.1
NCVOG0316-consensus	NODE_16081_length_396_cov_35.648903	36.97	119	73	2	125	241	5	358	1e-14	80.0
NCVOG0316-consensus	NODE_5170_length_1194_cov_35.864816	24.32	259	180	16	83	329	837	76	1.6e-14	81.0
NCVOG0316-consensus	NODE_7586_length_816_cov_32.211096	24.14	261	191	7	54	310	19	789	2.1e-14	80.1
NCVOG0316-consensus	NODE_14587_length_434_cov_27.358543	31.94	144	93	5	164	305	4	423	1.8e-13	76.0
NCVOG0316-consensus	NODE_1431_length_3413_cov_34.962830	25.99	277	191	14	52	323	962	162	2.3e-13	78.7
NCVOG0316-consensus	NODE_10165_length_607_cov_23.700000	28.50	193	130	8	58	247	605	45	3.1e-13	75.8
NCVOG0316-consensus	NODE_1025_length_4253_cov_42.738506	29.03	217	147	7	110	322	2479	1845	1.7e-12	76.1
NCVOG0316-consensus	NODE_1025_length_4253_cov_42.738506	24.60	313	200	36	42	323	3407	2487	1.1e-14	83.4
NCVOG0316-consensus	NODE_1025_length_4253_cov_42.738506	27.32	183	129	4	108	286	1840	1299	9e-14	80.4
NCVOG0316-consensus	NODE_1025_length_4253_cov_42.738506	28.04	189	131	5	136	322	1267	713	1.7e-12	76.1
NCVOG0316-consensus	NODE_707_length_5434_cov_27.112003	26.47	272	188	12	55	322	1151	363	2e-12	76.2
NCVOG0316-consensus	NODE_13623_length_461_cov_31.989583	32.68	153	98	5	123	272	457	8	2e-12	72.7
NCVOG0316-consensus	NODE_3019_length_1963_cov_41.288441	23.02	291	214	10	6	289	1120	264	6.5e-12	73.1
NCVOG0316-consensus	NODE_13490_length_465_cov_33.149485	28.10	153	107	3	115	264	7	462	3.2e-11	68.7
NCVOG0316-consensus	NODE_115_length_30329_cov_25.509652	25.87	286	203	9	21	298	11323	12172	6.4e-11	73.7
NCVOG1044-consensus	NODE_7358_length_844_cov_44.402868	23.64	220	155	13	171	382	660	19	6.7e-13	75.6
NCVOG1044-consensus	NODE_24_length_68086_cov_23.580188	23.03	304	216	18	171	467	53339	54214	5.3e-11	75.7
NCVOG4487-consensus	NODE_2322_length_2407_cov_24.932618	32.61	138	73	20	316	441	1313	927	8.1e-16	87.1
NCVOG4487-consensus	NODE_33042_length_200_cov_18.878049	40.38	52	30	1	432	483	4	153	7e-11	67.1
NCVOG0273-consensus	NODE_8838_length_698_cov_29.818035	64.29	42	15	0	162	203	85	207	1.3e-12	73.1
