NCVOG1046-consensus	NODE_3991_length_1086_cov_10.544103	33.73	169	95	17	183	344	922	455	6e-15	81.8
NCVOG2772-consensus	NODE_211_length_30345_cov_8.720893	24.76	420	272	44	65	460	29987	28797	6.9e-13	80.0
NCVOG0321-consensus	NODE_1137_length_3940_cov_12.672275	29.10	433	269	38	75	503	800	1993	2.4e-47	191.7
NCVOG0321-consensus	NODE_1108_length_4048_cov_10.716696	28.48	453	280	44	62	506	3955	2708	5.2e-47	190.6
NCVOG0321-consensus	NODE_339_length_13696_cov_9.880094	28.16	451	284	40	62	506	4390	3143	2.2e-45	187.0
NCVOG0321-consensus	NODE_12516_length_317_cov_9.450000	45.71	105	56	1	374	477	317	6	3.5e-24	111.1
NCVOG0321-consensus	NODE_13818_length_291_cov_9.700935	45.92	98	51	2	397	493	1	288	9.4e-23	106.2
NCVOG0321-consensus	NODE_22213_length_206_cov_8.798450	56.72	67	28	1	433	499	9	203	5.3e-21	99.9
NCVOG0321-consensus	NODE_33772_length_155_cov_10.705128	57.14	49	20	1	458	506	5	145	9.4e-14	75.4
NCVOG0321-consensus	NODE_37932_length_155_cov_8.076923	55.56	45	19	1	462	506	155	27	4.8e-12	69.7
NCVOG0321-consensus	NODE_17559_length_239_cov_9.530864	37.97	79	48	1	374	451	1	234	5.1e-12	70.3
NCVOG0333-consensus	NODE_752_length_5426_cov_12.369228	41.67	120	52	18	599	709	1765	1436	2.7e-11	72.9
NCVOG0333-consensus	NODE_1211_length_3733_cov_8.474015	37.76	143	77	12	544	677	2562	2974	5.7e-11	71.2
NCVOG0333-consensus	NODE_1478_length_3174_cov_8.568615	50.62	81	35	5	599	677	2652	2422	5.8e-11	71.0
NCVOG0233-consensus	NODE_93_length_90452_cov_8.301553	35.53	912	475	113	54	862	32554	35254	1.3e-60	241.0
NCVOG0233-consensus	NODE_5609_length_731_cov_10.492355	45.75	153	59	24	501	629	272	725	2e-20	100.6
NCVOG0233-consensus	NODE_2670_length_1772_cov_12.427139	29.76	373	151	111	95	357	1719	613	1.9e-19	98.6
NCVOG0233-consensus	NODE_473_length_8655_cov_12.151434	27.06	717	264	259	250	713	3016	903	3.6e-19	99.9
NCVOG0233-consensus	NODE_1605_length_2963_cov_17.051975	23.13	696	344	191	151	674	772	2797	3e-14	82.1
NCVOG0233-consensus	NODE_136_length_57789_cov_8.454845	27.31	791	437	138	123	779	44600	42249	9e-14	84.8
NCVOG0233-consensus	NODE_759_length_5382_cov_11.428464	27.95	365	162	101	70	334	1098	10	2.4e-12	76.6
NCVOG0233-consensus	NODE_65_length_123168_cov_8.205813	23.79	618	323	148	151	633	33149	34960	2.5e-11	77.7
NCVOG0023-consensus	NODE_307_length_15891_cov_9.036803	31.70	448	281	25	375	811	4285	2987	2.6e-44	184.3
NCVOG0023-consensus	NODE_307_length_15891_cov_9.036803	27.19	559	362	45	306	843	8632	7035	1.6e-41	175.1
NCVOG0023-consensus	NODE_2171_length_2213_cov_9.112828	29.20	452	281	39	375	806	217	1512	4.4e-37	157.5
NCVOG0023-consensus	NODE_1184_length_3812_cov_12.323427	30.51	449	281	31	375	806	54	1349	5.3e-37	158.0
NCVOG0023-consensus	NODE_1509_length_3122_cov_9.439080	29.46	448	285	31	375	806	985	2280	8.7e-36	153.7
NCVOG0023-consensus	NODE_494_length_8279_cov_8.034504	29.24	448	286	31	375	806	2121	3416	1.5e-34	150.9
NCVOG0023-consensus	NODE_513_length_7746_cov_10.832182	30.18	454	283	34	375	810	5409	6719	1.7e-34	150.7
NCVOG0023-consensus	NODE_1042_length_4268_cov_10.836793	31.10	328	206	20	485	806	4268	3330	1.3e-32	143.6
NCVOG0023-consensus	NODE_351_length_12979_cov_19.527050	27.90	509	321	46	375	851	1789	3266	2.1e-31	141.2
NCVOG0023-consensus	NODE_384_length_11292_cov_9.036380	30.55	455	281	35	375	810	6125	7436	2.2e-31	140.9
NCVOG0023-consensus	NODE_2999_length_1557_cov_18.454730	29.18	401	242	42	350	710	286	1479	7.2e-31	136.3
NCVOG0023-consensus	NODE_3268_length_1400_cov_14.586546	27.55	461	297	37	375	810	19	1362	3e-27	124.1
NCVOG0023-consensus	NODE_525_length_7529_cov_10.494230	28.04	510	329	38	354	843	962	2434	9.5e-27	124.9
NCVOG0023-consensus	NODE_438_length_9419_cov_8.232712	27.55	490	320	35	374	843	2881	1460	2.1e-26	124.1
NCVOG0023-consensus	NODE_481_length_8545_cov_10.014053	26.88	465	299	41	375	810	1573	2928	1.6e-22	111.1
NCVOG0023-consensus	NODE_7657_length_512_cov_15.101149	34.12	170	106	6	537	700	1	507	4.5e-18	92.2
NCVOG0023-consensus	NODE_4098_length_1054_cov_15.117707	25.49	306	205	23	375	658	919	8	4.8e-15	83.2
NCVOG0013-consensus	NODE_3236_length_1419_cov_16.130402	35.43	223	130	14	122	339	683	45	6.3e-23	109.3
NCVOG0013-consensus	NODE_171_length_41821_cov_8.994874	34.22	225	140	8	120	342	40663	40010	1.3e-21	109.8
NCVOG0013-consensus	NODE_171_length_41821_cov_8.994874	32.59	224	141	10	123	342	40006	39356	3e-15	88.6
NCVOG0013-consensus	NODE_811_length_5149_cov_9.778194	33.78	222	139	8	123	342	3707	3063	1.5e-21	106.5
NCVOG0013-consensus	NODE_389_length_11039_cov_16.635286	32.17	286	180	14	62	342	4956	4131	3.3e-21	106.5
NCVOG0013-consensus	NODE_862_length_4883_cov_8.354349	33.05	233	148	8	112	342	4163	4840	3.7e-21	105.2
NCVOG0013-consensus	NODE_4396_length_973_cov_8.398438	31.30	230	150	8	112	339	261	929	3.9e-21	102.8
NCVOG0013-consensus	NODE_58_length_133820_cov_8.194522	33.78	222	139	8	123	342	125086	125730	1.2e-20	108.2
NCVOG0013-consensus	NODE_160_length_45496_cov_8.229618	34.80	227	134	14	122	342	4960	4307	4.1e-20	104.9
NCVOG0013-consensus	NODE_160_length_45496_cov_8.229618	33.05	233	148	8	112	342	6070	5393	1e-19	103.6
NCVOG0013-consensus	NODE_116_length_70022_cov_9.690500	34.98	223	137	8	122	342	17948	17301	7.6e-20	104.6
NCVOG0013-consensus	NODE_116_length_70022_cov_9.690500	29.50	278	183	13	86	357	20039	19230	4.7e-14	85.4
NCVOG0013-consensus	NODE_840_length_4956_cov_7.543349	34.51	226	139	9	122	344	660	4	2.8e-19	98.9
NCVOG0013-consensus	NODE_840_length_4956_cov_7.543349	33.63	223	140	8	122	342	1632	985	2.8e-19	98.9
NCVOG0013-consensus	NODE_2852_length_1650_cov_10.874762	32.31	260	131	45	122	342	1287	529	5.8e-18	93.0
NCVOG0013-consensus	NODE_308_length_15848_cov_7.920043	33.19	229	145	8	122	348	14130	14795	2.2e-17	94.3
NCVOG0013-consensus	NODE_308_length_15848_cov_7.920043	30.58	242	148	20	122	355	14886	15572	8.2e-13	79.1
NCVOG0013-consensus	NODE_261_length_20577_cov_8.817317	30.38	237	157	8	120	354	2882	3571	2.9e-17	94.3
NCVOG0013-consensus	NODE_132_length_63116_cov_8.674154	33.48	233	147	8	112	342	39259	39936	3.4e-17	95.7
NCVOG0013-consensus	NODE_3105_length_1499_cov_11.252461	31.56	225	140	14	122	341	1487	843	7.3e-17	89.2
NCVOG0013-consensus	NODE_2331_length_2059_cov_7.792634	31.80	217	138	10	130	342	1	630	1.2e-16	88.9
NCVOG0013-consensus	NODE_8448_length_461_cov_10.796875	38.13	139	84	2	122	258	419	6	1.9e-15	82.8
NCVOG0013-consensus	NODE_7501_length_524_cov_9.436242	30.64	173	113	7	126	293	7	516	3.7e-14	78.7
NCVOG0013-consensus	NODE_258_length_21581_cov_8.109654	35.00	220	135	8	122	339	4056	3418	8e-14	82.9
NCVOG0013-consensus	NODE_258_length_21581_cov_8.109654	33.33	228	143	9	117	339	3216	2548	8e-14	82.9
NCVOG0013-consensus	NODE_8406_length_464_cov_5.945736	34.42	154	99	2	138	289	1	459	1e-13	77.1
NCVOG0013-consensus	NODE_3065_length_1523_cov_6.252420	31.72	227	136	19	120	339	79	720	1.4e-13	78.3
NCVOG0013-consensus	NODE_339_length_13696_cov_9.880094	37.20	164	90	13	122	272	64	552	5.9e-13	79.4
NCVOG0013-consensus	NODE_1805_length_2688_cov_8.246649	30.49	223	140	15	122	339	2598	1963	6e-12	73.7
NCVOG0013-consensus	NODE_2151_length_2232_cov_8.351740	30.37	214	131	18	135	341	1	606	1.9e-11	71.8
NCVOG0013-consensus	NODE_2591_length_1841_cov_10.865646	32.86	213	133	10	122	330	647	30	2.2e-11	71.3
NCVOG0013-consensus	NODE_34_length_176929_cov_8.560118	32.74	168	109	4	122	287	5282	4788	2.3e-11	77.5
NCVOG0013-consensus	NODE_1809_length_2683_cov_8.724098	31.74	230	140	17	117	339	2575	1925	4.7e-11	70.7
NCVOG4582-consensus	NODE_4087_length_1058_cov_7.097859	30.71	267	164	21	57	307	946	180	8.7e-12	71.1
NCVOG0723-consensus	NODE_1202_length_3751_cov_13.967066	35.29	85	52	3	18	100	1999	1751	8.5e-15	81.2
NCVOG0073-consensus	NODE_138_length_56868_cov_8.391682	33.38	731	361	126	19	643	55399	53284	2e-21	110.3
NCVOG0073-consensus	NODE_3904_length_1116_cov_12.975938	36.84	342	163	53	224	516	31	1039	5.7e-19	96.5
NCVOG0073-consensus	NODE_2125_length_2262_cov_11.254920	40.76	184	85	24	62	224	1606	2137	1.1e-17	93.2
NCVOG0073-consensus	NODE_2168_length_2216_cov_12.311360	34.07	543	216	142	52	462	621	2210	1.5e-12	76.1
NCVOG0613-consensus	NODE_2853_length_1648_cov_8.760025	34.41	93	56	5	14	102	909	637	5.6e-16	84.2
NCVOG4523-consensus	NODE_641_length_6304_cov_10.483539	35.37	164	100	6	521	683	5611	6084	1.1e-13	81.6
NCVOG1353-consensus	NODE_4823_length_872_cov_18.571069	53.58	293	87	49	390	637	8	867	1.4e-39	164.3
NCVOG1353-consensus	NODE_2910_length_1610_cov_15.276582	57.42	209	57	32	162	338	629	6	5.5e-34	146.6
NCVOG1353-consensus	NODE_10297_length_376_cov_10.177258	56.80	125	28	26	314	412	1	372	3e-26	118.8
NCVOG1353-consensus	NODE_3627_length_1219_cov_13.185639	56.02	216	48	47	613	781	1	637	3.8e-20	100.3
NCVOG1353-consensus	NODE_36062_length_155_cov_9.076923	74.51	51	13	0	314	364	155	6	2.2e-15	81.5
NCVOG1353-consensus	NODE_41202_length_155_cov_6.358974	78.43	51	11	0	613	663	155	6	7.5e-13	73.1
NCVOG4445-consensus	NODE_572_length_7001_cov_10.828423	29.65	371	239	22	28	387	4990	6062	1.5e-32	143.0
NCVOG4445-consensus	NODE_46_length_150047_cov_8.320317	28.57	294	195	15	96	382	7390	6536	5.9e-21	108.8
NCVOG4445-consensus	NODE_531_length_7421_cov_8.684368	28.17	323	204	28	84	386	2423	1482	9.4e-18	93.9
NCVOG4445-consensus	NODE_2152_length_2231_cov_16.636026	31.82	242	148	17	149	380	589	1290	2.3e-17	90.9
NCVOG4445-consensus	NODE_1596_length_2974_cov_12.196342	33.85	192	118	9	189	371	1825	2395	8.5e-15	82.7
NCVOG4445-consensus	NODE_5644_length_726_cov_8.260401	31.55	168	113	2	184	350	636	139	2.8e-14	79.0
NCVOG4445-consensus	NODE_1793_length_2704_cov_12.157975	29.47	190	132	2	184	372	91	654	3.3e-13	77.3
NCVOG4445-consensus	NODE_15271_length_269_cov_6.984375	46.07	89	48	0	262	350	3	266	4.6e-12	70.2
NCVOG4445-consensus	NODE_4349_length_983_cov_15.145695	31.52	165	108	5	216	375	311	802	1.3e-11	70.6
NCVOG4445-consensus	NODE_822_length_5068_cov_9.987978	31.30	230	144	14	160	381	3372	2704	4.7e-11	71.1
NCVOG4445-consensus	NODE_191_length_35627_cov_8.299269	30.29	175	116	6	216	384	29041	28520	4.9e-11	73.8
NCVOG4445-consensus	NODE_322_length_14897_cov_8.496289	30.00	170	112	7	184	346	13495	12989	7.7e-11	71.9
NCVOG5135-consensus	NODE_804_length_5166_cov_12.196306	35.45	110	67	4	2	111	387	73	1e-11	72.2
NCVOG1423-consensus	NODE_3765_length_1162_cov_10.916129	27.30	359	225	36	130	476	1	990	2.5e-13	76.8
NCVOG0055-consensus	NODE_85_length_97640_cov_8.500097	28.38	303	180	37	103	378	40188	39317	2.9e-16	92.8
NCVOG0055-consensus	NODE_52_length_137927_cov_9.367621	30.71	280	159	35	158	402	115097	114267	1.3e-15	91.1
NCVOG0435-consensus	NODE_2039_length_2355_cov_8.902546	37.89	161	87	13	56	207	1391	924	9.2e-28	124.6
NCVOG0435-consensus	NODE_5593_length_734_cov_7.517504	36.65	161	89	13	56	207	488	21	6.7e-27	120.0
NCVOG0435-consensus	NODE_420_length_10010_cov_10.111950	36.65	161	89	13	56	207	7060	7527	1.1e-23	113.2
NCVOG4105-consensus	NODE_55_length_135771_cov_8.477398	34.84	1108	459	263	14	882	94704	91470	4.8e-21	110.5
NCVOG1045-consensus	NODE_12_length_252911_cov_8.383952	32.20	354	181	59	29	336	206446	205431	8.5e-11	75.1
NCVOG0305-consensus	NODE_811_length_5149_cov_9.778194	37.73	220	113	24	1355	1556	5136	4498	3.6e-16	90.1
NCVOG0305-consensus	NODE_513_length_7746_cov_10.832182	28.40	412	232	63	763	1120	2272	1073	6.7e-16	89.8
NCVOG0305-consensus	NODE_296_length_16360_cov_8.751827	29.09	361	197	59	757	1067	5861	4813	7.6e-16	90.7
NCVOG0305-consensus	NODE_161_length_45488_cov_8.202770	28.48	309	177	44	767	1039	41154	40259	7.8e-16	92.1
NCVOG0305-consensus	NODE_1351_length_3428_cov_9.370039	30.21	341	183	55	768	1064	1378	2360	1.1e-15	87.9
NCVOG0305-consensus	NODE_420_length_10010_cov_10.111950	33.04	227	126	26	1355	1561	5058	4399	9.4e-15	86.3
NCVOG0305-consensus	NODE_544_length_7273_cov_7.949932	28.53	319	177	51	768	1041	6022	5091	2.7e-11	74.4
NCVOG0305-consensus	NODE_141_length_55994_cov_12.800458	33.90	292	140	53	1307	1553	16408	17254	9.6e-11	75.5
NCVOG0105-consensus	NODE_39_length_162612_cov_8.256800	30.79	302	162	47	628	893	88082	88943	4.9e-13	83.9
NCVOG4804-consensus	NODE_19268_length_225_cov_9.094595	73.17	41	11	0	140	180	140	21	2.5e-13	73.2
NCVOG4883-consensus	NODE_1428_length_3260_cov_10.386428	51.76	85	41	0	207	291	849	1100	1.4e-16	89.0
NCVOG4883-consensus	NODE_411_length_10190_cov_8.974291	51.76	85	41	0	207	291	8979	8728	2e-15	86.8
NCVOG0360-consensus	NODE_5580_length_736_cov_15.546282	35.92	245	113	44	107	308	726	6	2.5e-31	135.3
NCVOG0360-consensus	NODE_952_length_4566_cov_8.687235	47.06	68	35	1	241	308	4566	4369	7.6e-17	89.9
NCVOG0360-consensus	NODE_2832_length_1658_cov_13.462366	45.45	88	42	6	24	106	265	8	2.4e-16	86.7
NCVOG0979-consensus	NODE_123_length_66457_cov_8.602817	41.87	406	155	81	2	328	53291	54491	7.6e-21	107.2
NCVOG0979-consensus	NODE_779_length_5273_cov_9.710931	36.76	370	171	63	31	339	2685	1591	2.6e-19	98.5
NCVOG0979-consensus	NODE_6648_length_601_cov_9.097328	45.69	197	86	21	31	206	10	593	5.5e-14	77.7
NCVOG0699-consensus	NODE_118_length_68881_cov_8.612421	30.00	270	176	13	172	431	54811	54022	7.7e-14	84.4
NCVOG0699-consensus	NODE_822_length_5068_cov_9.987978	30.85	188	120	10	249	429	1699	1148	9.3e-13	77.0
NCVOG0699-consensus	NODE_1079_length_4142_cov_10.394588	33.76	157	101	3	282	435	1312	845	6e-12	74.0
NCVOG0699-consensus	NODE_4349_length_983_cov_15.145695	34.51	142	87	6	285	420	320	742	7.6e-12	71.6
NCVOG0699-consensus	NODE_968_length_4523_cov_9.600765	28.89	180	123	5	260	436	3888	4418	3.6e-11	71.6
NCVOG0262-consensus	NODE_2940_length_1591_cov_13.109643	37.18	234	141	6	323	552	154	846	7.5e-26	119.2
NCVOG0274-consensus	NODE_3066_length_1522_cov_27.757785	45.14	494	245	26	16	489	57	1517	5.3e-70	267.0
NCVOG0274-consensus	NODE_3511_length_1273_cov_18.190635	39.67	426	231	26	716	1128	31	1264	3.4e-40	167.8
NCVOG0274-consensus	NODE_1586_length_2993_cov_12.088134	38.77	957	398	188	307	1085	2840	9	3.2e-36	155.8
NCVOG0274-consensus	NODE_3697_length_1184_cov_12.355014	42.13	216	124	1	1153	1368	1184	543	9.2e-35	149.6
NCVOG0274-consensus	NODE_141_length_55994_cov_12.800458	36.83	315	175	24	35	336	41625	42525	2.5e-32	147.1
NCVOG0274-consensus	NODE_8110_length_481_cov_21.710396	51.70	147	71	0	1226	1372	481	44	5.3e-32	139.1
NCVOG0274-consensus	NODE_19_length_204305_cov_8.338626	29.25	1087	526	243	206	1050	89729	86499	1.7e-31	145.7
NCVOG0274-consensus	NODE_15249_length_269_cov_8.317708	65.91	88	30	0	739	826	266	6	9.2e-26	117.6
NCVOG0274-consensus	NODE_66_length_121917_cov_8.255909	30.92	1504	679	360	193	1351	90340	94779	9.9e-21	109.7
NCVOG0274-consensus	NODE_11726_length_336_cov_17.328185	41.82	110	59	5	201	307	333	13	6.9e-14	78.4
NCVOG0274-consensus	NODE_13295_length_301_cov_12.098214	51.00	100	25	24	433	508	298	6	1.5e-12	73.9
NCVOG0274-consensus	NODE_6450_length_624_cov_20.711152	34.13	208	114	23	513	699	2	616	3.2e-11	70.5
NCVOG0274-consensus	NODE_27046_length_176_cov_17.595960	63.16	57	18	3	986	1039	1	168	4.6e-11	68.1
NCVOG0074-consensus	NODE_138_length_56868_cov_8.391682	41.18	697	287	123	30	613	55324	53281	1e-52	213.7
NCVOG0074-consensus	NODE_2125_length_2262_cov_11.254920	56.56	221	44	52	46	214	1600	2257	7.7e-35	149.6
NCVOG0074-consensus	NODE_3904_length_1116_cov_12.975938	59.28	334	87	49	200	484	31	1027	8.3e-32	138.5
NCVOG0074-consensus	NODE_2168_length_2216_cov_12.311360	46.32	585	152	162	12	434	467	2210	3.9e-29	130.6
NCVOG0074-consensus	NODE_24115_length_194_cov_6.923077	68.75	64	20	0	302	365	194	6	5.7e-18	90.0
NCVOG0074-consensus	NODE_38262_length_155_cov_7.923077	86.00	50	7	0	133	182	4	150	4.5e-15	80.1
NCVOG0074-consensus	NODE_27587_length_173_cov_12.708333	68.52	54	17	0	38	91	10	168	7.2e-14	76.3
NCVOG0074-consensus	NODE_1768_length_2736_cov_9.352764	28.77	431	201	106	193	517	2519	1238	9e-14	79.9
NCVOG0074-consensus	NODE_9036_length_430_cov_9.121813	31.85	135	90	2	236	368	413	12	9.7e-13	73.8
NCVOG0074-consensus	NODE_28302_length_169_cov_21.206522	63.64	55	20	0	456	510	167	6	1.4e-11	68.7
NCVOG0074-consensus	NODE_27187_length_176_cov_6.929293	56.90	58	25	0	81	138	176	6	3e-11	67.6
NCVOG0074-consensus	NODE_39700_length_155_cov_7.192308	64.71	51	18	0	231	281	155	6	3.1e-11	67.4
NCVOG1299-consensus	NODE_57_length_134340_cov_8.108906	52.81	89	17	25	82	145	28532	28791	1.5e-14	86.1
NCVOG1299-consensus	NODE_9_length_260323_cov_8.439365	44.03	134	28	47	60	146	15414	15808	6.1e-12	77.5
NCVOG1196-consensus	NODE_114_length_71343_cov_8.002708	20.10	836	592	76	301	1080	31462	33906	6e-11	76.1
NCVOG0352-consensus	NODE_400_length_10508_cov_15.240916	31.10	209	121	23	28	226	8690	8106	4.1e-18	94.8
NCVOG1164-consensus	NODE_23026_length_201_cov_7.016129	50.00	60	29	1	98	156	14	190	8e-14	75.4
NCVOG1164-consensus	NODE_2940_length_1591_cov_13.109643	47.69	65	33	1	93	156	1389	1580	3.5e-12	72.9
NCVOG0064-consensus	NODE_48_length_147559_cov_8.466128	24.94	445	289	45	21	442	90006	88747	4.4e-13	83.0
NCVOG4414-consensus	NODE_4349_length_983_cov_15.145695	33.78	148	90	8	74	218	404	829	1.1e-15	83.6
NCVOG4414-consensus	NODE_1296_length_3539_cov_9.359330	31.79	151	95	8	71	218	1610	2044	4.7e-11	70.1
NCVOG0304-consensus	NODE_85_length_97640_cov_8.500097	32.59	135	85	6	71	202	30064	30456	4.3e-13	82.5
NCVOG0304-consensus	NODE_68_length_118515_cov_16.735516	29.79	141	94	5	65	204	34645	35052	8.5e-12	78.4
NCVOG0214-consensus	NODE_9979_length_388_cov_5.810289	40.31	129	69	8	380	507	386	24	8.2e-16	84.2
NCVOG0214-consensus	NODE_1081_length_4131_cov_10.123088	24.72	356	241	27	216	553	2149	3182	8.3e-12	74.3
NCVOG0276-consensus	NODE_3190_length_1442_cov_12.178755	41.79	347	142	60	38	325	206	1232	1.4e-22	107.4
NCVOG0276-consensus	NODE_9883_length_392_cov_8.457143	52.94	68	32	0	258	325	362	162	5.4e-12	70.4
NCVOG0689-consensus	NODE_9995_length_387_cov_8.609677	38.10	105	63	2	47	151	372	67	9.4e-22	103.2
NCVOG0689-consensus	NODE_804_length_5166_cov_12.196306	33.58	134	74	15	23	156	444	91	3.9e-21	104.9
NCVOG4882-consensus	NODE_78_length_100276_cov_8.712372	32.52	206	96	43	400	563	86568	85957	7.6e-15	89.3
NCVOG2204-consensus	NODE_773_length_5295_cov_10.929283	41.62	185	75	33	247	400	4646	4101	3.7e-30	134.8
NCVOG4665-consensus	NODE_9995_length_387_cov_8.609677	42.16	102	55	4	412	512	366	73	4.6e-14	77.8
NCVOG4665-consensus	NODE_804_length_5166_cov_12.196306	37.58	165	90	13	351	511	525	67	2.1e-13	79.3
NCVOG0040-consensus	NODE_29_length_182652_cov_8.567794	39.09	110	63	4	71	179	142342	142029	2e-13	84.2
NCVOG0040-consensus	NODE_37_length_173874_cov_8.336889	46.38	69	37	0	99	167	58819	59022	2e-12	80.9
NCVOG0030-consensus	NODE_11_length_253590_cov_8.087909	34.87	522	249	91	26	477	175659	177154	4.6e-27	129.5
NCVOG0030-consensus	NODE_3179_length_1451_cov_15.814410	40.10	197	78	40	26	193	1317	767	7.1e-15	82.9
NCVOG0030-consensus	NODE_3791_length_1153_cov_16.856877	43.80	137	50	27	335	445	43	445	3.5e-13	77.0
NCVOG4494-consensus	NODE_95_length_88681_cov_8.247562	38.78	196	115	5	14	208	18274	18842	2e-18	100.1
NCVOG4494-consensus	NODE_13_length_244689_cov_8.533318	34.38	320	187	23	15	313	83962	83012	8e-16	92.2
NCVOG4494-consensus	NODE_22_length_201095_cov_8.425142	38.17	131	79	2	23	151	185544	185155	1.3e-11	76.7
NCVOG4477-consensus	NODE_804_length_5166_cov_12.196306	39.13	115	68	2	706	819	390	52	2.4e-14	84.4
NCVOG4477-consensus	NODE_9995_length_387_cov_8.609677	42.16	102	45	14	713	814	378	118	2e-13	77.6
NCVOG0267-consensus	NODE_948_length_4577_cov_15.551333	26.99	489	264	93	326	737	4395	2984	2.6e-11	73.3
NCVOG0046-consensus	NODE_4406_length_970_cov_15.562150	60.00	75	28	2	7	79	280	501	2.6e-15	82.5
NCVOG0037-consensus	NODE_38_length_162736_cov_8.194757	36.28	1130	362	358	228	1000	151347	154694	9.7e-26	122.7
NCVOG0015-consensus	NODE_3236_length_1419_cov_16.130402	38.92	185	102	11	96	269	689	138	4.1e-22	106.3
NCVOG0015-consensus	NODE_258_length_21581_cov_8.109654	38.17	186	102	13	96	269	3414	2863	2.3e-20	104.4
NCVOG0015-consensus	NODE_258_length_21581_cov_8.109654	36.81	182	104	11	99	269	4053	3511	7.8e-18	96.0
NCVOG0015-consensus	NODE_4396_length_973_cov_8.398438	34.59	185	110	11	96	269	393	944	5.1e-19	95.5
NCVOG0015-consensus	NODE_160_length_45496_cov_8.229618	34.29	210	127	11	89	287	5743	5117	6.7e-19	100.6
NCVOG0015-consensus	NODE_160_length_45496_cov_8.229618	28.57	266	176	14	96	347	5074	4282	9.8e-19	100.1
NCVOG0015-consensus	NODE_2331_length_2059_cov_7.792634	39.87	158	87	8	106	255	1	471	1.1e-18	95.4
NCVOG0015-consensus	NODE_626_length_6411_cov_7.280549	38.25	183	102	11	98	269	5900	5355	1.3e-18	96.8
NCVOG0015-consensus	NODE_389_length_11039_cov_16.635286	37.70	191	108	11	90	269	4046	3477	1.9e-18	97.1
NCVOG0015-consensus	NODE_389_length_11039_cov_16.635286	40.12	162	90	7	90	244	4694	4212	9.9e-13	78.1
NCVOG0015-consensus	NODE_171_length_41821_cov_8.994874	38.38	185	103	11	96	269	40555	40004	1.9e-18	99.0
NCVOG0015-consensus	NODE_171_length_41821_cov_8.994874	35.00	200	112	18	102	294	39997	39434	7.8e-16	90.3
NCVOG0015-consensus	NODE_811_length_5149_cov_9.778194	37.70	183	103	11	98	269	3710	3165	7e-18	94.1
NCVOG0015-consensus	NODE_3105_length_1499_cov_11.252461	34.73	167	102	7	96	255	1493	996	2.8e-17	90.3
NCVOG0015-consensus	NODE_261_length_20577_cov_8.817317	35.16	182	107	11	99	269	2459	3001	3.2e-16	90.6
NCVOG0015-consensus	NODE_308_length_15848_cov_7.920043	31.60	231	144	14	96	312	14232	14921	3.6e-16	90.0
NCVOG0015-consensus	NODE_308_length_15848_cov_7.920043	35.75	179	105	10	101	269	13602	14135	3.4e-15	86.8
NCVOG0015-consensus	NODE_4011_length_1079_cov_15.541916	34.24	184	110	11	96	268	374	922	4.1e-16	86.0
NCVOG0015-consensus	NODE_116_length_70022_cov_9.690500	40.45	178	94	12	104	269	15081	14555	8.9e-16	90.9
NCVOG0015-consensus	NODE_58_length_133820_cov_8.194522	35.96	203	119	11	96	287	125401	126006	1.5e-13	84.4
NCVOG0015-consensus	NODE_369_length_12013_cov_8.434149	36.76	185	106	11	96	269	7811	7260	3.5e-13	79.7
NCVOG0015-consensus	NODE_840_length_4956_cov_7.543349	36.87	179	102	11	96	263	1314	781	6.5e-13	77.5
NCVOG0015-consensus	NODE_840_length_4956_cov_7.543349	39.88	163	91	7	96	251	774	289	6.8e-18	94.1
NCVOG0015-consensus	NODE_840_length_4956_cov_7.543349	41.55	142	76	7	98	232	1740	1318	7.5e-12	74.0
NCVOG0015-consensus	NODE_8406_length_464_cov_5.945736	40.00	150	82	8	114	255	1	447	8.6e-11	67.1
NCVOG0015-consensus	NODE_15489_length_266_cov_1.714286	42.05	88	47	4	99	182	3	263	9.7e-11	66.1
NCVOG0486-consensus	NODE_122_length_66953_cov_9.278351	32.07	290	170	27	105	376	15923	15084	3.3e-26	125.1
NCVOG0744-consensus	NODE_29_length_182652_cov_8.567794	34.36	422	183	94	90	420	39116	37863	4.4e-18	99.8
NCVOG0284-consensus	NODE_5182_length_799_cov_14.457064	35.32	218	125	16	117	321	665	24	2e-21	102.6
NCVOG0806-consensus	NODE_2563_length_1864_cov_12.179631	32.22	450	256	49	20	436	1551	259	1.8e-68	260.5
NCVOG0806-consensus	NODE_17798_length_237_cov_5.875000	42.50	80	43	3	334	413	236	9	1.2e-16	85.4
NCVOG0806-consensus	NODE_45_length_150951_cov_8.387283	31.42	436	141	158	126	403	28753	27455	1.1e-11	78.3
NCVOG0029-consensus	NODE_1481_length_3172_cov_14.507916	23.88	381	236	54	15	344	2046	920	4.2e-14	81.0
NCVOG0029-consensus	NODE_152_length_49966_cov_8.579727	30.84	454	232	82	141	519	16513	15178	4.7e-14	84.9
NCVOG0076-consensus	NODE_1844_length_2640_cov_12.592665	35.38	130	75	9	468	592	3	377	8.2e-14	80.2
NCVOG0076-consensus	NODE_2179_length_2207_cov_14.765258	29.28	181	117	11	160	339	1694	2203	9.1e-13	76.4
NCVOG4154-consensus	NODE_221_length_28354_cov_15.819085	25.00	120	87	3	118	234	17124	16768	6.4e-12	76.1
NCVOG4154-consensus	NODE_1050_length_4233_cov_7.454042	38.46	208	101	27	57	256	3490	2927	7.8e-12	73.0
NCVOG0789-consensus	NODE_3_length_339920_cov_8.369275	28.26	184	85	47	38	175	331162	330617	8.3e-11	72.3
NCVOG1154-consensus	NODE_3012_length_1551_cov_10.396879	34.24	184	115	6	140	318	30	565	2.2e-22	106.9
NCVOG1154-consensus	NODE_171_length_41821_cov_8.994874	28.51	228	145	18	117	327	2290	1613	3.3e-13	81.1
NCVOG1326-consensus	NODE_194_length_35032_cov_8.183951	38.98	177	80	28	3	151	28638	29165	1.4e-27	127.4
NCVOG1326-consensus	NODE_2365_length_2032_cov_11.135038	42.62	122	43	27	53	147	661	301	1.1e-17	90.4
NCVOG0236-consensus	NODE_3040_length_1536_cov_13.155586	30.80	263	153	29	7	242	450	1229	2.9e-21	102.6
NCVOG0236-consensus	NODE_11168_length_350_cov_9.047619	35.78	109	65	5	84	189	1	318	3.5e-16	83.6
NCVOG0326-consensus	NODE_1137_length_3940_cov_12.672275	27.52	476	306	39	6	469	662	2005	2.6e-23	111.7
NCVOG0326-consensus	NODE_1108_length_4048_cov_10.716696	24.17	393	257	41	91	463	3835	2723	8.7e-20	100.0
NCVOG0326-consensus	NODE_339_length_13696_cov_9.880094	26.56	448	273	56	38	463	4396	3158	6.2e-19	99.0
NCVOG0036-consensus	NODE_15_length_222703_cov_8.377786	31.15	244	147	21	105	329	54723	55443	7.2e-13	81.8
NCVOG0222-consensus	NODE_347_length_13305_cov_9.549894	27.79	457	295	35	69	506	9895	8588	3e-14	83.5
NCVOG0222-consensus	NODE_277_length_18323_cov_9.059465	26.73	404	273	23	87	481	5728	6892	2.5e-11	74.3
NCVOG5283-consensus	NODE_9995_length_387_cov_8.609677	48.24	85	42	2	233	317	372	127	3.3e-15	82.6
NCVOG0014-consensus	NODE_3236_length_1419_cov_16.130402	30.45	243	166	3	102	341	755	30	3.5e-24	113.3
NCVOG0014-consensus	NODE_508_length_7871_cov_9.540672	31.67	221	151	0	121	341	6066	5407	9.2e-24	114.4
NCVOG0014-consensus	NODE_160_length_45496_cov_8.229618	27.64	275	198	1	83	356	5731	4910	5e-22	111.2
NCVOG0014-consensus	NODE_258_length_21581_cov_8.109654	32.23	211	143	0	131	341	3492	2863	7.4e-22	109.5
NCVOG0014-consensus	NODE_258_length_21581_cov_8.109654	30.81	211	146	0	131	341	4140	3511	2.2e-20	104.6
NCVOG0014-consensus	NODE_4396_length_973_cov_8.398438	27.98	218	157	0	124	341	294	944	1.2e-21	104.4
NCVOG0014-consensus	NODE_389_length_11039_cov_16.635286	29.46	241	169	1	100	339	3446	2727	4.4e-21	106.0
NCVOG0014-consensus	NODE_389_length_11039_cov_16.635286	31.85	248	168	1	100	346	4202	3462	4.4e-21	106.0
NCVOG0014-consensus	NODE_389_length_11039_cov_16.635286	29.39	228	160	1	115	341	5453	4773	8.1e-18	95.1
NCVOG0014-consensus	NODE_626_length_6411_cov_7.280549	25.95	289	213	1	51	339	6329	5469	2.9e-20	102.5
NCVOG0014-consensus	NODE_171_length_41821_cov_8.994874	27.68	271	191	5	74	341	40375	39572	5e-20	104.4
NCVOG0014-consensus	NODE_171_length_41821_cov_8.994874	26.24	202	148	1	124	324	40981	40379	4.2e-12	78.1
NCVOG0014-consensus	NODE_308_length_15848_cov_7.920043	30.09	216	149	2	131	345	14154	14795	7.2e-20	102.5
NCVOG0014-consensus	NODE_308_length_15848_cov_7.920043	30.39	181	125	1	128	308	13608	14144	5.4e-14	82.9
NCVOG0014-consensus	NODE_840_length_4956_cov_7.543349	28.14	263	188	1	84	345	1104	319	1e-19	100.3
NCVOG0014-consensus	NODE_840_length_4956_cov_7.543349	30.99	171	118	0	171	341	1704	1195	2.5e-14	82.4
NCVOG0014-consensus	NODE_2852_length_1650_cov_10.874762	31.86	226	151	3	131	353	1587	913	3.9e-19	96.8
NCVOG0014-consensus	NODE_132_length_63116_cov_8.674154	30.33	211	147	0	129	339	39091	39720	5e-19	101.7
NCVOG0014-consensus	NODE_58_length_133820_cov_8.194522	28.28	244	174	1	99	341	125332	126060	2.2e-18	100.6
NCVOG0014-consensus	NODE_2657_length_1783_cov_6.830598	29.10	244	169	4	102	341	817	89	2.3e-18	94.3
NCVOG0014-consensus	NODE_2657_length_1783_cov_6.830598	28.26	184	131	1	124	306	1393	845	5.6e-13	76.4
NCVOG0014-consensus	NODE_116_length_70022_cov_9.690500	30.94	223	154	0	117	339	17966	17301	1.1e-17	97.3
NCVOG0014-consensus	NODE_116_length_70022_cov_9.690500	29.91	224	156	1	131	353	15075	14411	7.3e-17	94.6
NCVOG0014-consensus	NODE_811_length_5149_cov_9.778194	29.38	211	149	0	131	341	3686	3057	1.7e-17	93.0
NCVOG0014-consensus	NODE_261_length_20577_cov_8.817317	27.49	211	153	0	131	341	2372	3001	2.2e-17	94.6
NCVOG0014-consensus	NODE_369_length_12013_cov_8.434149	28.24	255	182	1	93	346	7790	7029	1e-16	91.6
NCVOG0014-consensus	NODE_4011_length_1079_cov_15.541916	27.44	277	187	14	26	290	171	988	1.4e-14	81.1
NCVOG0014-consensus	NODE_3105_length_1499_cov_11.252461	29.10	189	132	2	155	341	1499	936	2.3e-14	80.8
NCVOG0014-consensus	NODE_862_length_4883_cov_8.354349	31.16	199	136	1	136	333	4232	4821	2.5e-14	82.4
NCVOG0014-consensus	NODE_2331_length_2059_cov_7.792634	32.61	138	93	0	204	341	4	414	3.7e-13	77.2
NCVOG0014-consensus	NODE_2151_length_2232_cov_8.351740	26.34	205	147	4	136	338	1	606	7e-13	76.4
NCVOG0014-consensus	NODE_34_length_176929_cov_8.560118	25.36	209	156	0	131	339	5474	4851	1.9e-12	81.1
NCVOG0014-consensus	NODE_3065_length_1523_cov_6.252420	29.39	245	138	35	131	340	1	732	1.2e-11	71.8
NCVOG0014-consensus	NODE_1805_length_2688_cov_8.246649	27.76	245	142	35	131	340	2682	1951	1.4e-11	72.4
NCVOG0014-consensus	NODE_7501_length_524_cov_9.436242	29.82	171	118	2	127	296	12	516	4.3e-11	68.4
NCVOG0014-consensus	NODE_8406_length_464_cov_5.945736	29.80	151	106	0	142	292	10	459	6.7e-11	67.6
NCVOG0014-consensus	NODE_8448_length_461_cov_10.796875	31.65	139	95	0	145	283	461	48	8e-11	67.3
NCVOG0002-consensus	NODE_119_length_68638_cov_8.415513	32.85	274	150	34	348	593	18114	18912	4.6e-13	82.6
NCVOG4845-consensus	NODE_1411_length_3304_cov_8.541989	27.99	468	252	85	173	623	1737	549	5.5e-23	110.8
NCVOG4845-consensus	NODE_213_length_29709_cov_8.593326	28.39	465	248	85	173	625	25943	24783	8.4e-18	96.8
NCVOG4845-consensus	NODE_21300_length_212_cov_6.851852	65.45	55	19	0	250	304	1	162	2.3e-15	81.5
NCVOG4845-consensus	NODE_71_length_114227_cov_8.751678	26.80	541	290	106	118	631	18102	19482	8.5e-15	88.7
NCVOG0585-consensus	NODE_289_length_16967_cov_7.520900	47.89	71	34	3	435	504	15020	14817	8.4e-12	75.7
NCVOG0743-consensus	NODE_215_length_29599_cov_7.903936	31.08	222	144	9	33	248	2774	3425	1.6e-20	105.2
NCVOG2775-consensus	NODE_124_length_65806_cov_8.855650	39.66	174	104	1	223	395	33752	34270	3.4e-24	119.0
NCVOG2775-consensus	NODE_2148_length_2237_cov_11.898611	33.60	253	161	7	147	397	295	1035	8.4e-19	96.2
NCVOG2775-consensus	NODE_91_length_91502_cov_8.639420	31.21	314	174	42	98	389	21725	22603	6.2e-18	98.7
NCVOG2775-consensus	NODE_91_length_91502_cov_8.639420	31.25	224	131	23	201	402	20978	21643	2.6e-15	90.0
NCVOG2775-consensus	NODE_2152_length_2231_cov_16.636026	35.75	221	127	15	167	387	589	1203	7.6e-17	89.7
NCVOG2775-consensus	NODE_322_length_14897_cov_8.496289	34.90	255	147	19	167	416	13597	12880	2.4e-16	90.8
NCVOG2775-consensus	NODE_531_length_7421_cov_8.684368	34.54	249	146	17	167	413	2294	1596	1.1e-15	87.5
NCVOG2775-consensus	NODE_113_length_71584_cov_8.857021	35.11	262	146	24	133	387	65009	64278	5.1e-15	88.6
NCVOG2775-consensus	NODE_1555_length_3044_cov_9.379589	31.46	213	134	12	182	388	1071	454	2.4e-14	81.8
NCVOG2775-consensus	NODE_3392_length_1332_cov_9.501195	32.94	255	149	22	103	342	751	11	8.3e-14	78.9
NCVOG2775-consensus	NODE_4412_length_969_cov_18.238789	39.87	158	80	15	232	386	684	250	1.5e-13	77.5
NCVOG2775-consensus	NODE_922_length_4644_cov_9.972411	45.16	155	74	11	233	387	1064	1492	4.3e-13	78.3
NCVOG2775-consensus	NODE_922_length_4644_cov_9.972411	39.66	174	97	8	232	405	2683	3177	4.3e-13	78.3
NCVOG2775-consensus	NODE_1596_length_2974_cov_12.196342	34.98	223	122	23	98	315	1807	2418	4.8e-13	77.5
NCVOG2775-consensus	NODE_740_length_5505_cov_11.924650	35.63	174	97	15	198	370	855	379	7.4e-13	77.8
NCVOG2775-consensus	NODE_1209_length_3739_cov_14.444293	31.71	287	163	33	98	355	871	26	1.1e-12	76.7
NCVOG2775-consensus	NODE_1417_length_3285_cov_9.891209	38.19	199	107	16	196	389	2354	1794	1.1e-12	76.4
NCVOG2775-consensus	NODE_53_length_136453_cov_8.512971	32.45	188	122	5	199	381	47133	46573	1.9e-12	81.1
NCVOG2775-consensus	NODE_4349_length_983_cov_15.145695	34.24	184	112	9	198	381	302	823	6.7e-12	72.1
NCVOG4884-consensus	NODE_49_length_146397_cov_8.662117	33.86	251	105	61	287	478	42764	43505	1.1e-11	78.7
NCVOG0924-consensus	NODE_23585_length_197_cov_9.441667	47.27	55	29	0	23	77	167	6	3.9e-12	68.9
NCVOG0924-consensus	NODE_23613_length_197_cov_8.400000	47.27	55	29	0	23	77	167	6	3.9e-12	68.9
NCVOG0893-consensus	NODE_10_length_258591_cov_8.572623	27.37	475	212	133	134	477	192662	191259	1.3e-18	101.7
NCVOG1175-consensus	NODE_1137_length_3940_cov_12.672275	33.50	200	111	22	16	215	349	879	4.4e-24	113.2
NCVOG1175-consensus	NODE_339_length_13696_cov_9.880094	30.52	213	126	22	4	216	4838	4269	1.2e-21	106.9
NCVOG1175-consensus	NODE_1042_length_4268_cov_10.836793	40.32	124	65	9	83	206	1832	1491	6.7e-19	96.1
NCVOG1175-consensus	NODE_10554_length_368_cov_7.975945	39.76	83	43	7	83	165	234	10	2e-13	74.4
NCVOG0729-consensus	NODE_14_length_229765_cov_8.090166	30.55	622	262	170	15	470	50375	52211	5.8e-12	79.5
NCVOG5103-consensus	NODE_76_length_105823_cov_8.581280	32.80	189	52	75	310	498	104575	104237	1.2e-14	88.8
NCVOG5103-consensus	NODE_74_length_111155_cov_8.243541	29.39	245	149	24	288	509	46676	47402	7.9e-13	82.8
NCVOG4874-consensus	NODE_2996_length_1558_cov_13.479082	41.20	250	78	69	38	218	802	1544	4.2e-23	109.3
NCVOG4874-consensus	NODE_579_length_6932_cov_13.547484	40.12	172	87	16	197	366	1	471	4.9e-17	91.3
NCVOG4874-consensus	NODE_56_length_134805_cov_8.324899	34.80	250	75	88	53	214	30757	31491	3.3e-15	89.5
NCVOG4874-consensus	NODE_56_length_134805_cov_8.324899	34.50	171	74	38	220	366	31790	32257	6.6e-14	85.2
NCVOG4423-consensus	NODE_4349_length_983_cov_15.145695	36.99	146	89	3	79	221	398	832	2.2e-16	85.6
NCVOG4423-consensus	NODE_2152_length_2231_cov_16.636026	33.11	148	93	6	83	227	691	1122	1.2e-13	77.8
NCVOG4423-consensus	NODE_1417_length_3285_cov_9.891209	32.41	145	94	4	86	226	2225	1794	2.1e-13	77.5
NCVOG4423-consensus	NODE_15271_length_269_cov_6.984375	38.64	88	54	0	102	189	6	266	2.2e-13	73.8
NCVOG4423-consensus	NODE_1555_length_3044_cov_9.379589	33.11	151	94	7	83	226	900	451	2.8e-13	76.9
NCVOG4423-consensus	NODE_5644_length_726_cov_8.260401	31.85	135	89	3	86	219	534	139	3.6e-13	74.5
NCVOG4423-consensus	NODE_191_length_35627_cov_8.299269	33.33	147	95	3	83	226	28939	28502	6.8e-13	79.2
NCVOG4423-consensus	NODE_1079_length_4142_cov_10.394588	24.00	225	165	6	3	221	1570	899	1.4e-12	75.1
NCVOG4423-consensus	NODE_572_length_7001_cov_10.828423	33.10	142	95	0	79	220	5631	6053	1.6e-12	75.6
NCVOG4423-consensus	NODE_2219_length_2175_cov_9.595806	36.04	111	68	3	90	197	528	857	2.8e-12	73.1
NCVOG4423-consensus	NODE_46_length_150047_cov_8.320317	34.25	146	94	2	75	218	6968	6536	3.3e-12	79.0
NCVOG4423-consensus	NODE_531_length_7421_cov_8.684368	33.57	143	92	3	86	225	2177	1752	5.3e-12	74.0
NCVOG4423-consensus	NODE_740_length_5505_cov_11.924650	32.45	151	97	5	76	221	767	322	9.7e-11	69.4
NCVOG1136-consensus	NODE_1701_length_2829_cov_9.940770	53.80	158	69	4	193	346	2233	2703	2.2e-53	211.1
NCVOG1136-consensus	NODE_9166_length_423_cov_7.716763	62.63	99	36	1	249	346	4	297	4.4e-43	174.2
NCVOG1136-consensus	NODE_1881_length_2581_cov_10.105032	46.75	154	57	25	349	479	220	672	3.5e-29	130.6
NCVOG1136-consensus	NODE_2983_length_1570_cov_8.173476	47.40	154	56	25	349	479	1401	949	4.8e-29	129.4
NCVOG0822-consensus	NODE_3392_length_1332_cov_9.501195	28.12	224	141	20	50	267	643	17	7.3e-11	68.9
NCVOG1049-consensus	NODE_8746_length_446_cov_8.281843	37.88	132	71	11	59	183	1	381	1.3e-15	82.5
NCVOG1049-consensus	NODE_224_length_27878_cov_7.933240	42.54	134	54	23	85	196	15177	15570	3.3e-12	77.1
NCVOG4655-consensus	NODE_9995_length_387_cov_8.609677	44.64	112	52	10	72	179	375	61	2.2e-12	71.8
NCVOG0901-consensus	NODE_4018_length_1077_cov_20.132000	39.22	204	63	61	32	174	375	981	2.8e-18	91.7
NCVOG1298-consensus	NODE_114_length_71343_cov_8.002708	23.28	378	260	30	191	557	31182	32253	3.5e-11	76.0
NCVOG1062-consensus	NODE_4331_length_989_cov_13.359649	24.62	264	188	11	149	407	935	165	6.4e-11	68.6
NCVOG1352-consensus	NODE_18196_length_233_cov_6.410256	45.45	55	29	1	57	111	25	183	9.5e-11	64.9
NCVOG0330-consensus	NODE_19063_length_227_cov_6.326667	47.17	53	26	2	466	517	8	156	7.4e-11	66.9
NCVOG0522-consensus	NODE_1_length_673801_cov_8.342942	33.53	170	110	3	75	243	78005	78505	3.1e-11	76.3
NCVOG0052-consensus	NODE_123_length_66457_cov_8.602817	39.60	101	58	3	31	131	38944	39234	7.4e-18	96.6
NCVOG4122-consensus	NODE_531_length_7421_cov_8.684368	29.74	306	199	16	111	400	2408	1494	9.8e-22	107.4
NCVOG4122-consensus	NODE_822_length_5068_cov_9.987978	29.94	314	204	16	112	409	3622	2686	8.9e-20	100.3
NCVOG4122-consensus	NODE_822_length_5068_cov_9.987978	25.97	258	177	14	119	362	1798	1028	1.4e-13	79.7
NCVOG4122-consensus	NODE_2152_length_2231_cov_16.636026	35.12	205	121	12	152	346	598	1203	6.6e-19	96.3
NCVOG4122-consensus	NODE_1793_length_2704_cov_12.157975	29.72	212	141	8	89	298	97	711	5.2e-18	93.5
NCVOG4122-consensus	NODE_5644_length_726_cov_8.260401	29.72	212	141	8	89	298	630	16	1.1e-17	90.6
NCVOG4122-consensus	NODE_1417_length_3285_cov_9.891209	34.44	180	108	10	293	463	2345	1812	1.3e-17	92.5
NCVOG4122-consensus	NODE_191_length_35627_cov_8.299269	36.08	158	96	5	295	448	29041	28574	1.5e-17	95.7
NCVOG4122-consensus	NODE_46_length_150047_cov_8.320317	29.79	376	232	32	92	460	7585	6536	1.7e-17	97.7
NCVOG4122-consensus	NODE_2219_length_2175_cov_9.595806	33.91	174	109	6	89	256	408	926	1.9e-17	91.4
NCVOG4122-consensus	NODE_1079_length_4142_cov_10.394588	32.74	168	113	0	302	469	1291	791	5.3e-17	90.8
NCVOG4122-consensus	NODE_572_length_7001_cov_10.828423	33.57	286	180	10	186	461	5196	6050	8.9e-17	90.8
NCVOG4122-consensus	NODE_113_length_71584_cov_8.857021	31.70	265	163	18	94	340	64988	64197	1.6e-16	93.3
NCVOG4122-consensus	NODE_968_length_4523_cov_9.600765	35.26	156	98	3	302	457	3888	4343	1.8e-16	89.2
NCVOG4122-consensus	NODE_4349_length_983_cov_15.145695	30.85	201	132	7	237	430	224	823	5.2e-16	85.4
NCVOG4122-consensus	NODE_7472_length_527_cov_6.915556	31.43	175	116	4	101	273	7	522	1e-15	83.6
NCVOG4122-consensus	NODE_1389_length_3346_cov_11.767513	35.26	156	98	3	302	457	303	758	1e-15	86.2
NCVOG4122-consensus	NODE_1062_length_4208_cov_12.664004	24.72	271	197	7	9	275	1928	1128	1.3e-15	86.2
NCVOG4122-consensus	NODE_322_length_14897_cov_8.496289	30.62	307	179	34	136	430	13637	12790	2.6e-15	87.0
NCVOG4122-consensus	NODE_1596_length_2974_cov_12.196342	27.68	289	194	15	140	418	1621	2469	5e-15	83.8
NCVOG4122-consensus	NODE_3056_length_1527_cov_11.257241	33.33	144	96	0	108	251	12	440	5.4e-15	82.7
NCVOG4122-consensus	NODE_3828_length_1139_cov_17.341808	34.15	164	103	5	302	460	514	1002	7e-15	81.9
NCVOG4122-consensus	NODE_1197_length_3762_cov_9.428765	28.14	263	170	19	153	398	2159	1380	7.6e-15	83.5
NCVOG4122-consensus	NODE_24_length_192285_cov_8.347618	26.60	297	189	29	175	469	66230	67032	8.2e-15	88.7
NCVOG4122-consensus	NODE_15271_length_269_cov_6.984375	46.59	88	47	0	108	195	6	266	9.5e-15	79.4
NCVOG4122-consensus	NODE_11068_length_353_cov_7.456522	42.61	115	62	4	74	184	347	6	3.2e-13	74.7
NCVOG4122-consensus	NODE_646_length_6224_cov_10.934440	27.61	163	115	3	100	259	1657	2142	6.5e-13	77.8
NCVOG4122-consensus	NODE_12494_length_318_cov_7.037344	45.00	80	42	2	89	166	240	4	1.1e-12	72.8
NCVOG4122-consensus	NODE_1296_length_3539_cov_9.359330	31.65	139	92	3	89	224	1625	2038	1.7e-12	75.6
NCVOG4122-consensus	NODE_4412_length_969_cov_18.238789	34.90	149	94	3	290	435	693	250	2e-12	73.5
NCVOG4122-consensus	NODE_2291_length_2100_cov_10.485912	25.17	294	200	20	9	285	1309	440	5.4e-12	73.2
NCVOG4122-consensus	NODE_740_length_5505_cov_11.924650	26.70	221	153	9	247	460	984	331	2.1e-11	72.7
NCVOG4122-consensus	NODE_1469_length_3187_cov_11.811576	29.03	217	144	10	256	462	2165	1518	2.1e-11	71.8
NCVOG4122-consensus	NODE_891_length_4784_cov_7.782452	28.81	177	116	10	89	258	2653	2135	2.2e-11	72.4
NCVOG4122-consensus	NODE_7714_length_508_cov_10.554524	28.76	153	107	2	108	258	1	456	3e-11	68.7
NCVOG4122-consensus	NODE_922_length_4644_cov_9.972411	33.74	163	104	4	302	460	1088	1573	6.5e-11	70.8
NCVOG4122-consensus	NODE_922_length_4644_cov_9.972411	36.36	143	86	5	323	460	2779	3204	6.5e-11	70.8
NCVOG4122-consensus	NODE_68_length_118515_cov_16.735516	33.33	141	89	5	89	224	6998	6579	9.5e-11	74.9
NCVOG4022-consensus	NODE_2188_length_2203_cov_10.986830	27.57	214	107	48	99	265	1097	1728	6.8e-14	79.1
NCVOG0032-consensus	NODE_188_length_36679_cov_8.852494	24.26	606	381	78	264	817	17011	18727	1e-16	94.0
NCVOG0032-consensus	NODE_1382_length_3364_cov_33.402190	28.88	329	184	50	519	813	476	1405	1.2e-15	86.9
NCVOG0032-consensus	NODE_639_length_6315_cov_14.797692	33.33	165	102	8	312	472	6308	5833	6.3e-14	82.1
NCVOG0032-consensus	NODE_38_length_162736_cov_8.194757	30.72	293	143	60	323	571	124850	125675	7.3e-14	86.5
NCVOG0032-consensus	NODE_149_length_51981_cov_8.433762	26.29	232	140	31	678	883	4099	3422	1.6e-11	77.2
NCVOG0302-consensus	NODE_4368_length_978_cov_15.203108	27.35	223	142	20	332	534	972	307	2.1e-13	77.0
NCVOG0302-consensus	NODE_64_length_124509_cov_8.336939	31.94	144	97	1	2	144	108319	107891	1.5e-11	77.8
NCVOG0022-consensus	NODE_4309_length_993_cov_13.301310	43.63	204	99	16	7	207	575	6	3.4e-19	96.0
NCVOG0022-consensus	NODE_13546_length_296_cov_10.867580	44.44	99	48	7	183	276	296	9	7.5e-12	69.9
NCVOG2900-consensus	NODE_1417_length_3285_cov_9.891209	33.14	175	110	7	7	175	2339	1821	3.5e-15	83.3
NCVOG2900-consensus	NODE_531_length_7421_cov_8.684368	25.74	202	147	3	7	205	2186	1584	6.8e-15	83.5
NCVOG2900-consensus	NODE_322_length_14897_cov_8.496289	27.32	205	143	6	10	208	13480	12871	1.3e-14	83.5
NCVOG2900-consensus	NODE_4349_length_983_cov_15.145695	30.64	173	112	8	7	172	311	823	1.2e-13	76.5
NCVOG2900-consensus	NODE_1596_length_2974_cov_12.196342	31.28	179	116	7	2	174	1891	2421	1.8e-13	77.5
NCVOG2900-consensus	NODE_7472_length_527_cov_6.915556	33.08	130	85	2	66	193	58	444	2e-13	74.8
NCVOG2900-consensus	NODE_7714_length_508_cov_10.554524	27.56	156	105	8	26	176	1	456	5.2e-13	73.4
NCVOG2900-consensus	NODE_922_length_4644_cov_9.972411	34.67	150	93	5	37	181	2785	3231	1.1e-12	75.4
NCVOG2900-consensus	NODE_5644_length_726_cov_8.260401	31.01	158	105	4	26	183	660	202	3.5e-12	71.2
NCVOG2900-consensus	NODE_646_length_6224_cov_10.934440	32.74	168	104	9	5	166	1708	2195	6.7e-12	73.3
NCVOG2900-consensus	NODE_822_length_5068_cov_9.987978	33.74	163	106	2	37	197	3303	2818	1.6e-11	71.8
NCVOG2900-consensus	NODE_1062_length_4208_cov_12.664004	31.65	139	93	2	10	146	1586	1173	1.7e-11	71.4
NCVOG2900-consensus	NODE_113_length_71584_cov_8.857021	26.96	204	144	5	10	208	64886	64278	2.8e-11	74.8
NCVOG2900-consensus	NODE_1296_length_3539_cov_9.359330	31.72	145	95	4	1	142	1610	2038	2.8e-11	70.4
NCVOG2900-consensus	NODE_1793_length_2704_cov_12.157975	31.01	158	105	4	26	183	67	525	3.2e-11	69.9
NCVOG2900-consensus	NODE_5457_length_755_cov_6.533923	31.58	114	75	3	59	169	7	345	3.6e-11	67.8
NCVOG2900-consensus	NODE_3056_length_1527_cov_11.257241	30.22	139	97	0	53	191	3	416	4.7e-11	68.5
NCVOG2977-consensus	NODE_804_length_5166_cov_12.196306	43.37	83	44	3	105	185	440	202	2.3e-14	81.3
NCVOG2977-consensus	NODE_9995_length_387_cov_8.609677	45.33	75	38	3	114	185	375	154	3.3e-13	73.7
NCVOG0025-consensus	NODE_72_length_112880_cov_8.067658	22.95	414	271	48	104	489	74757	73583	2.1e-13	83.8
NCVOG0025-consensus	NODE_141_length_55994_cov_12.800458	25.26	479	280	78	91	521	12263	13602	2.7e-13	82.4
NCVOG0025-consensus	NODE_523_length_7576_cov_10.858915	25.65	386	247	40	112	487	575	1639	1.3e-12	77.2
NCVOG0025-consensus	NODE_10_length_258591_cov_8.572623	35.48	124	78	2	385	508	19614	19252	6.4e-11	75.9
NCVOG0271-consensus	NODE_9_length_260323_cov_8.439365	31.52	1177	594	212	179	1161	69329	65862	2.2e-65	258.1
NCVOG0271-consensus	NODE_2_length_390767_cov_8.591350	39.74	1160	492	207	179	1137	100690	104134	2.8e-38	168.0
NCVOG0271-consensus	NODE_53_length_136453_cov_8.512971	29.29	792	398	162	439	1094	57583	59873	4.5e-18	100.7
NCVOG0078-consensus	NODE_28149_length_170_cov_10.376344	61.54	52	20	0	106	157	1	153	2.1e-13	73.3
NCVOG0451-consensus	NODE_531_length_7421_cov_8.684368	39.13	276	153	15	131	397	2327	1521	2.8e-31	138.9
NCVOG0451-consensus	NODE_572_length_7001_cov_10.828423	32.63	285	182	10	125	402	5209	6047	3.7e-26	121.8
NCVOG0451-consensus	NODE_113_length_71584_cov_8.857021	36.63	273	159	14	144	405	65003	64197	4.5e-25	121.6
NCVOG0451-consensus	NODE_1417_length_3285_cov_9.891209	36.06	208	123	10	159	356	2385	1767	9.1e-25	116.1
NCVOG0451-consensus	NODE_322_length_14897_cov_8.496289	34.35	294	175	18	126	405	13654	12790	1.1e-24	118.0
NCVOG0451-consensus	NODE_46_length_150047_cov_8.320317	29.85	325	187	41	122	408	7480	6518	7e-23	115.3
NCVOG0451-consensus	NODE_822_length_5068_cov_9.987978	33.58	268	169	9	144	405	3405	2614	3.3e-22	108.2
NCVOG0451-consensus	NODE_822_length_5068_cov_9.987978	27.94	272	180	16	144	405	1798	1004	7.3e-19	97.1
NCVOG0451-consensus	NODE_24_length_192285_cov_8.347618	35.53	197	126	1	151	346	66443	67026	1.4e-21	111.0
NCVOG0451-consensus	NODE_3056_length_1527_cov_11.257241	35.39	178	115	0	193	370	12	542	7.1e-20	98.7
NCVOG0451-consensus	NODE_1079_length_4142_cov_10.394588	38.31	154	95	0	174	327	1312	854	6e-19	97.1
NCVOG0451-consensus	NODE_191_length_35627_cov_8.299269	36.93	176	104	7	234	405	29041	28526	9.3e-19	99.6
NCVOG0451-consensus	NODE_118_length_68881_cov_8.612421	35.84	226	137	8	124	345	54537	53875	1.8e-18	99.6
NCVOG0451-consensus	NODE_4349_length_983_cov_15.145695	34.88	172	106	6	174	339	311	823	1.9e-18	93.3
NCVOG0451-consensus	NODE_1296_length_3539_cov_9.359330	29.72	212	145	4	204	411	1523	2155	8.6e-18	93.0
NCVOG0451-consensus	NODE_968_length_4523_cov_9.600765	34.57	188	116	7	144	328	3867	4415	1.3e-17	92.8
NCVOG0451-consensus	NODE_7472_length_527_cov_6.915556	33.33	180	113	7	154	331	1	522	4.3e-17	87.9
NCVOG0451-consensus	NODE_15271_length_269_cov_6.984375	49.44	89	45	0	162	250	3	266	7.5e-17	86.2
NCVOG0451-consensus	NODE_7714_length_508_cov_10.554524	39.49	157	90	5	223	377	1	459	3.3e-16	85.0
NCVOG0451-consensus	NODE_1555_length_3044_cov_9.379589	35.62	160	93	10	144	293	1008	532	4.6e-16	87.1
NCVOG0451-consensus	NODE_646_length_6224_cov_10.934440	38.81	134	77	5	127	255	1753	2151	1.1e-15	86.8
NCVOG0451-consensus	NODE_12494_length_318_cov_7.037344	43.69	103	51	7	155	250	312	7	3.3e-15	81.0
NCVOG0451-consensus	NODE_3828_length_1139_cov_17.341808	33.16	193	120	9	95	279	439	1011	6.1e-15	81.9
NCVOG0451-consensus	NODE_2219_length_2175_cov_9.595806	32.00	175	110	9	144	309	309	830	1.2e-14	81.9
NCVOG0451-consensus	NODE_1793_length_2704_cov_12.157975	35.39	178	110	5	200	377	85	600	1.5e-14	81.9
NCVOG0451-consensus	NODE_5644_length_726_cov_8.260401	31.90	210	135	8	117	325	702	97	2.1e-14	79.5
NCVOG0451-consensus	NODE_1389_length_3346_cov_11.767513	32.65	196	123	9	144	334	282	854	2.2e-14	81.6
NCVOG0451-consensus	NODE_68_length_118515_cov_16.735516	35.43	175	107	6	204	372	7100	6579	3e-14	86.3
NCVOG0451-consensus	NODE_1062_length_4208_cov_12.664004	28.32	279	187	13	85	359	1850	1044	4e-14	81.1
NCVOG0451-consensus	NODE_922_length_4644_cov_9.972411	37.28	169	99	7	241	405	2710	3204	6.4e-14	80.5
NCVOG0451-consensus	NODE_922_length_4644_cov_9.972411	41.38	145	81	4	234	377	1067	1489	2.3e-12	75.4
NCVOG0451-consensus	NODE_12281_length_322_cov_15.710204	43.12	109	58	4	157	264	321	7	9.7e-14	76.1
NCVOG0451-consensus	NODE_2291_length_2100_cov_10.485912	35.75	179	104	11	173	341	976	446	1.1e-13	78.7
NCVOG0451-consensus	NODE_1596_length_2974_cov_12.196342	36.10	205	125	6	144	342	1816	2427	1.3e-13	78.9
NCVOG0451-consensus	NODE_11068_length_353_cov_7.456522	40.18	112	64	3	159	267	344	12	1.9e-13	75.3
NCVOG0451-consensus	NODE_2152_length_2231_cov_16.636026	28.81	295	186	24	51	324	276	1140	2e-13	77.8
NCVOG0451-consensus	NODE_4412_length_969_cov_18.238789	38.99	159	94	3	189	344	723	250	2.7e-13	76.2
NCVOG0451-consensus	NODE_2427_length_1974_cov_12.311545	36.03	136	83	4	193	327	1963	1568	3.1e-13	77.0
NCVOG0451-consensus	NODE_3810_length_1148_cov_8.705882	28.70	216	144	10	167	372	1074	438	3.2e-13	76.2
NCVOG0451-consensus	NODE_740_length_5505_cov_11.924650	32.18	174	112	6	204	372	846	331	1.3e-12	76.5
NCVOG0451-consensus	NODE_1095_length_4082_cov_11.500375	29.34	259	164	19	126	369	2315	1558	2.9e-12	74.9
NCVOG0451-consensus	NODE_473_length_8655_cov_12.151434	32.20	177	112	8	204	372	8349	7822	5.1e-12	75.1
NCVOG0451-consensus	NODE_6762_length_589_cov_8.447266	35.94	128	78	4	216	343	512	144	6.7e-12	70.8
NCVOG0451-consensus	NODE_11538_length_341_cov_11.681818	43.14	102	54	4	277	377	341	48	9.5e-12	69.6
NCVOG0451-consensus	NODE_773_length_5295_cov_10.929283	27.98	193	129	10	190	372	2757	3332	2.5e-11	72.1
NCVOG0451-consensus	NODE_1567_length_3028_cov_12.773975	28.96	259	167	17	94	344	1633	2373	3e-11	71.1
NCVOG0451-consensus	NODE_646_length_6224_cov_10.934440	28.75	240	156	15	182	411	5869	5168	5.1e-11	71.3
NCVOG0451-consensus	NODE_646_length_6224_cov_10.934440	37.61	109	66	2	147	253	889	566	5.1e-11	71.3
NCVOG0451-consensus	NODE_5457_length_755_cov_6.533923	36.13	119	73	3	164	279	1	354	5.8e-11	68.1
NCVOG4431-consensus	NODE_102_length_79191_cov_7.960829	34.15	205	115	20	63	259	46568	45995	1.4e-11	76.4
NCVOG4421-consensus	NODE_15271_length_269_cov_6.984375	45.12	82	45	0	81	162	24	266	1.9e-13	73.6
NCVOG4421-consensus	NODE_11068_length_353_cov_7.456522	44.44	81	45	0	86	166	299	60	1.3e-11	67.9
NCVOG4421-consensus	NODE_531_length_7421_cov_8.684368	43.68	87	49	0	80	166	2015	1758	1.6e-11	72.0
NCVOG4421-consensus	NODE_12494_length_318_cov_7.037344	43.04	79	43	2	86	162	240	7	4.3e-11	66.0
NCVOG4421-consensus	NODE_2219_length_2175_cov_9.595806	44.44	81	45	0	86	166	507	746	8.2e-11	67.9
NCVOG0241-consensus	NODE_1844_length_2640_cov_12.592665	22.35	255	181	17	151	399	1920	1192	2.3e-13	77.8
NCVOG0301-consensus	NODE_4368_length_978_cov_15.203108	30.59	170	109	9	333	493	972	466	2.3e-11	70.2
NCVOG2860-consensus	NODE_822_length_5068_cov_9.987978	31.03	203	132	8	141	335	3405	2800	3.5e-14	81.4
NCVOG2860-consensus	NODE_922_length_4644_cov_9.972411	36.75	166	96	9	178	334	2710	3204	3.1e-13	78.1
NCVOG2860-consensus	NODE_646_length_6224_cov_10.934440	35.25	139	85	5	178	311	1735	2148	1.1e-12	76.8
NCVOG2860-consensus	NODE_3810_length_1148_cov_8.705882	32.09	187	113	14	168	342	971	420	1.3e-12	74.1
NCVOG2860-consensus	NODE_1417_length_3285_cov_9.891209	29.63	189	124	9	135	315	2345	1785	5.4e-12	73.5
NCVOG2860-consensus	NODE_46_length_150047_cov_8.320317	29.17	288	186	18	90	363	7384	6536	7.8e-12	78.5
NCVOG2860-consensus	NODE_4349_length_983_cov_15.145695	33.14	169	105	8	174	334	320	823	2.6e-11	69.5
NCVOG2860-consensus	NODE_3828_length_1139_cov_17.341808	29.59	169	110	9	168	329	484	981	6.5e-11	68.4
NCVOG0001-consensus	NODE_7_length_275410_cov_8.210215	43.06	288	140	24	313	595	187867	188670	6.3e-34	152.4
NCVOG0001-consensus	NODE_62_length_130246_cov_8.645868	38.89	234	108	35	331	540	106601	105936	1.1e-23	118.5
NCVOG0001-consensus	NODE_62_length_130246_cov_8.645868	37.02	262	129	36	333	566	105620	104864	3.9e-27	129.9
NCVOG0001-consensus	NODE_64_length_124509_cov_8.336939	33.33	282	149	39	357	602	33630	32805	2e-18	100.8
NCVOG0001-consensus	NODE_48_length_147559_cov_8.466128	47.70	174	75	16	329	497	94317	93832	8.2e-16	92.4
NCVOG0001-consensus	NODE_55_length_135771_cov_8.477398	36.20	279	119	59	333	554	61375	62200	1.3e-14	88.4
NCVOG0001-consensus	NODE_5709_length_714_cov_13.667190	41.96	112	54	11	404	512	340	648	7.8e-13	74.8
NCVOG0001-consensus	NODE_6_length_283726_cov_8.335935	44.83	232	77	51	363	555	205796	205140	2.4e-12	80.8
NCVOG0001-consensus	NODE_65_length_123168_cov_8.205813	36.29	237	127	24	318	534	68417	69108	2.1e-11	77.5
NCVOG2058-consensus	NODE_572_length_7001_cov_10.828423	36.27	284	175	6	91	368	5202	6050	5.5e-27	124.5
NCVOG2058-consensus	NODE_2152_length_2231_cov_16.636026	35.41	209	125	10	142	343	589	1203	7.5e-26	119.1
NCVOG2058-consensus	NODE_1417_length_3285_cov_9.891209	37.13	202	117	10	157	348	2385	1785	8.8e-25	116.1
NCVOG2058-consensus	NODE_531_length_7421_cov_8.684368	37.69	268	155	12	112	367	2294	1494	1.6e-23	113.1
NCVOG2058-consensus	NODE_531_length_7421_cov_8.684368	35.64	188	111	10	89	266	4448	3892	8.5e-19	97.4
NCVOG2058-consensus	NODE_1596_length_2974_cov_12.196342	33.94	221	139	7	112	326	1816	2472	3.4e-23	110.7
NCVOG2058-consensus	NODE_46_length_150047_cov_8.320317	34.48	290	183	7	91	373	7384	6518	1.2e-22	114.5
NCVOG2058-consensus	NODE_118_length_68881_cov_8.612421	29.45	309	208	10	90	393	54718	53812	1.4e-22	113.2
NCVOG2058-consensus	NODE_1197_length_3762_cov_9.428765	34.33	201	130	2	112	311	2051	1455	5e-22	107.1
NCVOG2058-consensus	NODE_322_length_14897_cov_8.496289	35.00	260	154	15	93	337	13564	12790	5.2e-22	109.1
NCVOG2058-consensus	NODE_822_length_5068_cov_9.987978	35.66	258	159	7	96	346	3454	2686	2.9e-20	101.7
NCVOG2058-consensus	NODE_822_length_5068_cov_9.987978	30.04	253	163	14	127	368	1842	1100	3.8e-14	81.4
NCVOG2058-consensus	NODE_1079_length_4142_cov_10.394588	32.57	175	118	0	202	376	1312	791	8.8e-20	99.8
NCVOG2058-consensus	NODE_7714_length_508_cov_10.554524	37.66	154	94	2	131	282	1	459	9.7e-20	96.6
NCVOG2058-consensus	NODE_4349_length_983_cov_15.145695	34.88	172	106	6	112	277	311	823	1.1e-19	97.4
NCVOG2058-consensus	NODE_3056_length_1527_cov_11.257241	38.16	152	94	0	221	372	12	464	9.5e-19	94.9
NCVOG2058-consensus	NODE_113_length_71584_cov_8.857021	35.56	270	158	16	93	348	64970	64170	1.4e-17	96.6
NCVOG2058-consensus	NODE_24_length_192285_cov_8.347618	28.52	270	192	1	106	374	66224	67026	5.1e-17	95.8
NCVOG2058-consensus	NODE_15271_length_269_cov_6.984375	51.14	88	43	0	191	278	6	266	1.1e-16	85.6
NCVOG2058-consensus	NODE_4412_length_969_cov_18.238789	35.19	162	102	3	217	375	723	241	1.7e-16	86.8
NCVOG2058-consensus	NODE_2219_length_2175_cov_9.595806	40.46	131	75	3	90	217	441	830	2.6e-16	87.3
NCVOG2058-consensus	NODE_7472_length_527_cov_6.915556	36.42	162	101	2	152	311	1	483	3.3e-16	85.0
NCVOG2058-consensus	NODE_191_length_35627_cov_8.299269	35.39	178	108	7	142	312	29041	28511	3.6e-16	90.9
NCVOG2058-consensus	NODE_191_length_35627_cov_8.299269	34.73	167	100	9	182	340	28051	27557	5.3e-12	77.1
NCVOG2058-consensus	NODE_922_length_4644_cov_9.972411	38.37	172	99	7	149	313	2710	3222	3.8e-16	87.9
NCVOG2058-consensus	NODE_922_length_4644_cov_9.972411	34.54	194	119	8	62	247	999	1573	3.8e-16	87.9
NCVOG2058-consensus	NODE_1062_length_4208_cov_12.664004	33.96	212	129	11	122	331	1733	1128	4.2e-16	87.6
NCVOG2058-consensus	NODE_1296_length_3539_cov_9.359330	32.07	184	115	10	73	247	1493	2038	1.6e-15	85.4
NCVOG2058-consensus	NODE_5644_length_726_cov_8.260401	31.86	204	130	9	138	340	642	58	7.7e-15	80.9
NCVOG2058-consensus	NODE_11068_length_353_cov_7.456522	42.11	114	63	3	97	207	344	6	9e-15	79.6
NCVOG2058-consensus	NODE_473_length_8655_cov_12.151434	32.56	215	131	14	77	277	8463	7822	9.9e-15	84.1
NCVOG2058-consensus	NODE_12494_length_318_cov_7.037344	41.35	104	54	7	153	249	312	4	4.4e-14	77.2
NCVOG2058-consensus	NODE_740_length_5505_cov_11.924650	33.53	173	108	7	112	277	846	331	5e-14	81.1
NCVOG2058-consensus	NODE_985_length_4446_cov_10.185855	35.84	173	104	7	232	397	2953	2438	5.9e-14	80.6
NCVOG2058-consensus	NODE_5422_length_759_cov_10.881232	32.62	187	113	13	89	265	562	14	9.3e-14	77.3
NCVOG2058-consensus	NODE_1793_length_2704_cov_12.157975	31.86	204	130	9	138	340	85	669	1.9e-13	78.1
NCVOG2058-consensus	NODE_1095_length_4082_cov_11.500375	33.15	178	105	14	91	257	2142	1621	6.2e-13	77.0
NCVOG2058-consensus	NODE_968_length_4523_cov_9.600765	33.33	168	109	3	110	277	3861	4352	1e-12	76.5
NCVOG2058-consensus	NODE_11538_length_341_cov_11.681818	41.75	103	59	1	125	226	341	36	1.2e-12	72.6
NCVOG2058-consensus	NODE_68_length_118515_cov_16.735516	34.86	175	105	9	112	277	7100	6579	1.8e-12	80.4
NCVOG2058-consensus	NODE_1900_length_2563_cov_9.909895	34.68	173	106	7	232	397	1321	1836	3.1e-12	74.0
NCVOG2058-consensus	NODE_646_length_6224_cov_10.934440	30.06	173	118	3	199	368	1615	2130	5.1e-12	74.6
NCVOG2058-consensus	NODE_374_length_11816_cov_6.665559	27.10	262	170	21	127	370	3329	4102	9.7e-12	74.6
NCVOG2058-consensus	NODE_773_length_5295_cov_10.929283	27.67	206	133	16	128	319	2757	3365	1.1e-11	73.2
NCVOG2058-consensus	NODE_3810_length_1148_cov_8.705882	29.13	206	130	16	128	319	1013	405	2.3e-11	70.0
NCVOG2058-consensus	NODE_2291_length_2100_cov_10.485912	30.36	224	138	18	142	352	1060	407	2.4e-11	70.8
NCVOG2058-consensus	NODE_507_length_7906_cov_9.525738	30.92	207	131	12	112	309	1758	2366	2.4e-11	72.7
NCVOG0158-consensus	NODE_1844_length_2640_cov_12.592665	27.44	215	143	13	42	256	1151	549	1.7e-15	84.4
NCVOG1348-consensus	NODE_25928_length_183_cov_11.886792	45.65	46	25	0	37	82	177	43	1.3e-11	66.4
NCVOG4418-consensus	NODE_4349_length_983_cov_15.145695	33.80	142	87	7	211	345	410	832	1e-13	77.7
NCVOG0066-consensus	NODE_1545_length_3060_cov_11.893731	36.09	460	260	34	5	435	2650	1293	1.4e-45	185.7
NCVOG0066-consensus	NODE_8115_length_481_cov_11.103960	49.06	159	76	5	192	345	481	8	1.6e-24	113.1
NCVOG4896-consensus	NODE_9995_length_387_cov_8.609677	36.21	116	63	11	216	326	375	49	1.3e-11	69.1
NCVOG4896-consensus	NODE_804_length_5166_cov_12.196306	33.86	127	80	4	198	322	501	136	9.1e-11	70.0
NCVOG0038-consensus	NODE_2133_length_2258_cov_14.127006	32.98	658	371	70	80	708	1845	4	1.6e-66	255.6
NCVOG0038-consensus	NODE_100_length_79845_cov_8.168689	28.99	476	230	108	551	946	25359	26691	1e-15	92.1
NCVOG0228-consensus	NODE_12_length_252911_cov_8.383952	28.57	686	390	100	293	904	215260	217222	4.4e-17	96.7
NCVOG1128-consensus	NODE_3860_length_1129_cov_11.843156	25.26	95	68	3	138	230	685	963	1.4e-12	74.0
NCVOG1128-consensus	NODE_215_length_29599_cov_7.903936	25.99	227	151	17	120	339	24229	24868	2.8e-11	74.4
NCVOG0280-consensus	NODE_114_length_71343_cov_8.002708	21.32	1154	806	102	343	1462	31519	34773	1.7e-22	115.1
NCVOG0280-consensus	NODE_266_length_19813_cov_7.628243	20.54	1407	974	144	408	1698	16843	12714	6.7e-14	84.7
NCVOG0218-consensus	NODE_2979_length_1572_cov_8.193980	43.29	529	216	84	460	936	1572	87	2e-26	122.0
NCVOG0218-consensus	NODE_1267_length_3613_cov_9.446550	35.09	761	299	195	350	926	2827	601	1e-23	114.2
NCVOG0218-consensus	NODE_223_length_27899_cov_7.107737	36.97	660	316	100	359	951	5255	3408	8.3e-23	114.1
NCVOG0218-consensus	NODE_245_length_23356_cov_7.009750	38.59	609	274	100	402	959	1678	28	3.1e-21	108.6
NCVOG0218-consensus	NODE_266_length_19813_cov_7.628243	36.67	660	347	71	335	934	17038	18959	3.3e-21	108.3
NCVOG0218-consensus	NODE_171_length_41821_cov_8.994874	39.10	624	304	76	368	950	34758	36475	9.8e-20	104.5
NCVOG0218-consensus	NODE_43_length_155101_cov_8.429688	39.73	589	294	61	319	872	49044	47397	1e-19	106.2
NCVOG0218-consensus	NODE_792_length_5214_cov_6.577185	50.19	257	116	12	632	885	3234	2494	2.9e-19	99.9
NCVOG0218-consensus	NODE_31_length_179799_cov_8.421328	36.28	634	299	105	356	892	176022	174172	6.7e-19	101.2
NCVOG0218-consensus	NODE_25_length_191696_cov_9.528736	43.98	432	184	58	506	891	55047	53835	1e-16	96.3
NCVOG0218-consensus	NODE_21_length_201098_cov_7.930994	36.45	620	301	93	352	893	166654	168415	2.7e-16	93.4
NCVOG0218-consensus	NODE_182_length_38183_cov_7.517556	37.25	647	288	118	360	901	5941	7783	7.4e-16	91.5
NCVOG0218-consensus	NODE_110_length_72998_cov_8.544274	38.48	460	247	36	463	903	13232	11939	1.3e-15	91.6
NCVOG0218-consensus	NODE_1475_length_3180_cov_3.727683	36.35	641	263	145	356	872	1829	5	1.3e-15	87.1
NCVOG0218-consensus	NODE_3763_length_1163_cov_7.093002	43.31	344	157	38	592	902	137	1132	2.4e-15	84.7
NCVOG0218-consensus	NODE_644_length_6294_cov_8.939360	37.07	588	285	85	373	904	1657	22	4.8e-15	86.2
NCVOG0218-consensus	NODE_58_length_133820_cov_8.194522	32.29	638	370	62	345	952	130465	132239	5.5e-15	90.4
NCVOG0218-consensus	NODE_4561_length_931_cov_11.317330	50.66	229	87	26	692	908	218	859	1e-14	82.3
NCVOG0218-consensus	NODE_27_length_185948_cov_8.255894	34.83	712	334	130	339	959	75106	73149	1.8e-14	88.8
NCVOG0218-consensus	NODE_1967_length_2458_cov_6.847123	32.22	686	304	161	360	898	269	2239	1.3e-13	80.1
NCVOG0218-consensus	NODE_17_length_217857_cov_8.462067	35.66	558	308	51	354	888	92907	91353	1.5e-13	85.7
NCVOG0218-consensus	NODE_130_length_63471_cov_8.385368	45.11	317	133	41	614	901	48	927	4.3e-13	83.0
NCVOG0218-consensus	NODE_516_length_7688_cov_8.709237	38.11	349	174	42	597	908	2903	3927	4.7e-13	79.8
NCVOG0218-consensus	NODE_220_length_29000_cov_7.484078	39.89	366	166	54	609	923	23106	22041	5e-13	81.7
NCVOG0218-consensus	NODE_843_length_4944_cov_9.140744	37.73	379	185	51	570	908	2226	3308	6.3e-13	78.8
NCVOG0218-consensus	NODE_873_length_4846_cov_9.667645	37.16	444	184	95	545	899	1295	7	6.6e-13	78.7
NCVOG0218-consensus	NODE_32_length_179387_cov_8.559447	38.80	518	240	77	494	949	176162	174709	7.6e-13	81.1
NCVOG0218-consensus	NODE_86_length_97548_cov_8.052067	37.38	503	255	60	382	842	92131	93542	7.9e-13	82.8
NCVOG0218-consensus	NODE_220_length_29000_cov_7.484078	32.34	708	339	140	354	934	24783	26826	8.8e-13	80.8
NCVOG0218-consensus	NODE_1259_length_3625_cov_4.038050	44.13	383	173	41	585	929	1134	40	1e-12	77.6
NCVOG0218-consensus	NODE_552_length_7224_cov_6.897020	55.98	184	66	15	693	871	3829	4347	1.6e-12	77.9
NCVOG0218-consensus	NODE_228_length_27079_cov_8.299311	36.80	587	307	64	359	890	8641	10301	2.9e-12	79.0
NCVOG0218-consensus	NODE_6365_length_635_cov_4.403226	50.75	201	78	21	691	885	616	74	4.3e-12	73.0
NCVOG0218-consensus	NODE_87_length_97477_cov_8.514713	36.00	475	261	43	433	881	72405	73731	8.3e-12	79.4
NCVOG0218-consensus	NODE_73_length_111335_cov_8.288325	34.17	597	322	71	354	901	58187	56492	9e-12	79.4
NCVOG0218-consensus	NODE_372_length_11944_cov_7.140474	44.63	298	138	27	561	835	3978	3130	1e-11	76.0
NCVOG0218-consensus	NODE_4032_length_1073_cov_7.580321	46.22	238	103	25	622	841	810	139	1.3e-11	72.2
NCVOG0218-consensus	NODE_18_length_205892_cov_8.717703	33.28	619	344	69	339	904	61113	62888	2.3e-11	78.5
NCVOG0218-consensus	NODE_31_length_179799_cov_8.421328	36.18	445	232	52	388	810	71198	69981	2.3e-11	78.5
NCVOG0218-consensus	NODE_1235_length_3673_cov_6.154616	36.76	438	216	61	450	872	2447	3593	2.3e-11	73.1
NCVOG0218-consensus	NODE_4845_length_869_cov_3.905303	42.52	301	154	19	606	892	862	6	2.9e-11	70.7
NCVOG0218-consensus	NODE_1358_length_3408_cov_5.588006	37.17	452	233	51	440	859	1627	370	3.2e-11	72.6
NCVOG0218-consensus	NODE_1711_length_2818_cov_7.921926	34.07	637	316	104	355	902	2699	893	3.6e-11	72.1
NCVOG0218-consensus	NODE_157_length_46477_cov_8.557134	30.58	739	416	97	342	1004	43813	45927	4.2e-11	76.0
NCVOG0218-consensus	NODE_1411_length_3304_cov_8.541989	32.07	605	347	64	428	989	2224	520	4.7e-11	72.0
NCVOG0218-consensus	NODE_41_length_157289_cov_8.450920	37.38	634	306	91	369	949	3655	5389	5.4e-11	77.3
NCVOG0218-consensus	NODE_1164_length_3868_cov_7.288842	33.52	522	276	71	426	891	255	1756	7.3e-11	71.6
NCVOG0018-consensus	NODE_132_length_63116_cov_8.674154	21.80	1101	755	106	89	1120	44778	41590	4.4e-23	116.3
NCVOG0018-consensus	NODE_192_length_35481_cov_9.272173	19.86	1108	793	95	63	1139	16530	13402	2.5e-21	109.6
NCVOG2246-consensus	NODE_1563_length_3039_cov_9.303849	29.51	288	156	47	207	453	1	837	6.7e-13	76.7
NCVOG4116-consensus	NODE_1417_length_3285_cov_9.891209	32.22	180	113	9	238	408	2342	1806	1.1e-14	82.7
NCVOG4116-consensus	NODE_822_length_5068_cov_9.987978	30.90	233	151	10	207	431	3407	2722	5.3e-14	81.1
NCVOG4116-consensus	NODE_531_length_7421_cov_8.684368	27.52	218	149	9	229	437	2324	1674	9.4e-14	80.8
NCVOG4116-consensus	NODE_922_length_4644_cov_9.972411	37.59	141	81	7	271	404	2785	3204	3.8e-13	78.1
NCVOG4116-consensus	NODE_572_length_7001_cov_10.828423	26.58	301	197	24	113	405	5199	6050	4e-13	78.6
NCVOG4116-consensus	NODE_46_length_150047_cov_8.320317	26.82	302	194	27	113	404	7387	6536	8.6e-13	81.9
NCVOG4116-consensus	NODE_968_length_4523_cov_9.600765	29.76	168	115	3	239	406	3867	4358	1.1e-11	73.2
NCVOG4116-consensus	NODE_473_length_8655_cov_12.151434	33.33	177	107	11	239	404	8349	7822	2.1e-11	73.2
NCVOG4116-consensus	NODE_322_length_14897_cov_8.496289	27.75	173	118	7	266	431	13504	12989	2.5e-11	73.8
NCVOG4116-consensus	NODE_3056_length_1527_cov_11.257241	30.54	167	111	5	271	432	45	542	6.2e-11	69.1
NCVOG4116-consensus	NODE_1389_length_3346_cov_11.767513	30.36	168	114	3	239	406	282	773	6.5e-11	70.2
NCVOG4116-consensus	NODE_3810_length_1148_cov_8.705882	29.78	178	115	10	239	406	962	432	8.1e-11	68.3
NCVOG4170-consensus	NODE_2631_length_1804_cov_11.205559	32.94	170	87	27	148	290	956	454	1.7e-11	70.9
NCVOG0720-consensus	NODE_206_length_31509_cov_8.539768	44.24	165	84	8	5	166	14281	14757	3.9e-43	179.1
