NCVOG0719-consensus	NODE_697_length_12544_cov_5.554504	29.11	237	121	47	72	261	11663	12366	3.3e-11	73.0
NCVOG1069-consensus	NODE_956_length_9351_cov_5.880958	28.16	206	125	23	254	443	3964	3379	8.7e-11	71.8
NCVOG0321-consensus	NODE_2408_length_3443_cov_4.187166	34.31	239	141	16	267	503	1746	2417	1.4e-20	103.1
NCVOG0321-consensus	NODE_222_length_25944_cov_7.749797	23.24	482	287	83	98	503	15434	16849	1.2e-13	83.0
NCVOG0669-consensus	NODE_2060_length_4128_cov_10.585041	27.47	182	127	5	264	443	1461	928	5.3e-17	91.4
NCVOG0669-consensus	NODE_2060_length_4128_cov_10.585041	27.71	166	115	5	276	439	3513	3028	1.2e-15	86.9
NCVOG0669-consensus	NODE_3495_length_2180_cov_20.680456	29.07	172	115	7	270	437	1599	1096	2.3e-16	88.3
NCVOG0669-consensus	NODE_6454_length_930_cov_16.618992	28.40	169	116	5	260	426	766	272	5.1e-16	86.0
NCVOG0669-consensus	NODE_572_length_14463_cov_5.124009	27.23	202	140	7	246	443	825	236	2.1e-15	87.9
NCVOG0669-consensus	NODE_5577_length_1138_cov_8.368520	24.77	214	159	2	210	423	13	645	2.8e-14	80.5
NCVOG0669-consensus	NODE_4015_length_1825_cov_10.873570	23.85	369	230	51	104	425	156	1241	7.5e-14	79.7
NCVOG0669-consensus	NODE_919_length_9711_cov_15.454640	26.09	184	124	12	279	457	6482	7009	7e-12	75.6
NCVOG0669-consensus	NODE_9351_length_569_cov_3.873984	27.52	149	105	3	264	410	106	546	8.5e-12	71.2
NCVOG0669-consensus	NODE_413_length_18571_cov_5.624527	31.13	106	69	4	324	429	14425	14727	2.1e-11	74.9
NCVOG0669-consensus	NODE_5398_length_1195_cov_17.495528	22.56	359	232	46	104	420	131	1188	2.4e-11	70.8
NCVOG0669-consensus	NODE_2_length_99407_cov_5.452961	24.86	181	131	5	265	443	16763	16233	5.5e-11	76.0
NCVOG0333-consensus	NODE_1879_length_4582_cov_6.057714	41.96	112	49	16	605	709	320	15	4.8e-15	85.6
NCVOG0333-consensus	NODE_1532_length_5744_cov_6.149462	41.96	112	49	16	605	709	1408	1103	7.9e-15	85.2
NCVOG0333-consensus	NODE_22372_length_215_cov_5.942029	50.65	77	29	9	619	695	209	9	2.9e-14	78.6
NCVOG0333-consensus	NODE_388_length_19403_cov_5.291731	41.67	120	52	18	599	709	19373	19044	6.7e-14	83.9
NCVOG0333-consensus	NODE_51_length_47446_cov_5.010239	47.25	91	45	3	605	695	25543	25803	2.2e-13	83.5
NCVOG0333-consensus	NODE_30_length_55006_cov_5.102933	47.25	91	45	3	605	695	38732	38992	3.1e-13	83.2
NCVOG0333-consensus	NODE_15516_length_304_cov_7.017621	67.39	46	14	1	632	677	301	170	6.7e-13	74.6
NCVOG0333-consensus	NODE_12078_length_402_cov_5.966154	67.39	46	14	1	632	677	399	268	1.2e-12	74.1
NCVOG0333-consensus	NODE_104_length_36569_cov_4.945632	53.42	73	31	3	605	677	9080	9286	1.4e-12	80.4
NCVOG2223-consensus	NODE_254_length_24497_cov_4.905446	37.36	174	72	37	709	848	17310	16803	2e-20	106.3
NCVOG2223-consensus	NODE_4799_length_1427_cov_8.158519	35.19	216	95	45	693	870	334	957	1.6e-19	99.1
NCVOG2223-consensus	NODE_629_length_13457_cov_6.097384	39.51	162	62	36	720	848	4614	5085	2.6e-19	101.7
NCVOG0233-consensus	NODE_743_length_11933_cov_4.620108	35.39	938	492	114	36	866	10918	8129	1.3e-66	258.6
NCVOG0233-consensus	NODE_836_length_10666_cov_12.322693	27.03	862	346	283	238	816	5234	7808	3.5e-44	183.9
NCVOG0233-consensus	NODE_1708_length_5131_cov_5.590226	27.02	829	333	272	206	762	3546	1071	4.3e-44	182.6
NCVOG0233-consensus	NODE_3_length_83102_cov_6.106606	30.64	917	409	227	16	707	28666	25931	4.5e-44	186.5
NCVOG0233-consensus	NODE_12_length_68525_cov_5.353071	31.36	896	407	208	37	726	53403	56073	7.4e-44	185.5
NCVOG0233-consensus	NODE_3559_length_2133_cov_10.937257	25.32	632	416	56	260	867	167	1955	1.2e-42	176.5
NCVOG0233-consensus	NODE_1190_length_7583_cov_13.283507	24.72	894	569	104	29	867	5082	2565	2.8e-40	170.4
NCVOG0233-consensus	NODE_156_length_31003_cov_6.052933	28.48	604	292	140	275	738	10425	12223	3.3e-40	172.3
NCVOG0233-consensus	NODE_2780_length_2864_cov_16.204162	25.22	575	384	46	316	867	2852	1218	2.3e-35	152.8
NCVOG0233-consensus	NODE_774_length_11434_cov_4.768777	24.58	590	376	69	308	867	11428	9787	9.5e-34	149.4
NCVOG0233-consensus	NODE_3582_length_2117_cov_9.952451	28.22	326	218	16	516	833	898	1848	3.5e-32	141.7
NCVOG0233-consensus	NODE_2601_length_3117_cov_5.181579	28.75	327	215	18	516	833	2604	1654	4.6e-32	141.9
NCVOG0233-consensus	NODE_39_length_50638_cov_12.181068	28.00	750	355	185	150	716	5501	3275	3e-28	133.2
NCVOG0233-consensus	NODE_105_length_36277_cov_13.195901	25.97	466	291	54	427	867	36266	34979	9.2e-28	131.1
NCVOG0233-consensus	NODE_3093_length_2511_cov_6.380855	32.89	228	135	18	136	354	809	156	1.4e-26	123.4
NCVOG0233-consensus	NODE_4102_length_1770_cov_11.706438	25.36	351	248	14	523	867	1764	745	1.4e-26	122.8
NCVOG0233-consensus	NODE_445_length_17704_cov_5.270040	29.78	581	313	95	136	632	1712	6	8.5e-25	120.3
NCVOG0233-consensus	NODE_1361_length_6606_cov_5.763057	24.07	648	398	94	28	621	4795	6601	1.4e-22	111.5
NCVOG0233-consensus	NODE_4738_length_1456_cov_18.325598	26.02	342	233	20	535	867	1453	470	8.2e-22	106.7
NCVOG0233-consensus	NODE_6163_length_990_cov_9.631982	36.21	174	107	4	559	729	530	15	3.5e-21	104.1
NCVOG0233-consensus	NODE_49_length_48132_cov_5.355425	28.93	681	385	99	136	729	38740	36737	4.6e-21	109.3
NCVOG0233-consensus	NODE_3107_length_2492_cov_5.551139	33.77	228	133	18	136	354	1486	2139	1.4e-20	103.4
NCVOG0233-consensus	NODE_7458_length_770_cov_8.393939	35.68	227	126	20	139	354	770	126	3.6e-20	100.4
NCVOG0233-consensus	NODE_942_length_9523_cov_5.576858	28.77	664	376	97	136	714	8212	6260	4.4e-20	103.7
NCVOG0233-consensus	NODE_780_length_11409_cov_5.371338	25.35	789	376	213	204	790	3739	1421	1.4e-19	102.3
NCVOG0233-consensus	NODE_99_length_37198_cov_5.383179	28.12	416	233	66	378	729	30	1268	5.1e-18	98.8
NCVOG0233-consensus	NODE_9295_length_573_cov_14.088710	31.21	173	114	5	572	739	566	55	1.3e-17	91.5
NCVOG0233-consensus	NODE_8809_length_616_cov_17.589981	38.46	117	69	3	559	673	383	39	5.2e-17	89.6
NCVOG0233-consensus	NODE_3097_length_2507_cov_5.403292	26.33	752	363	191	132	705	297	2502	9.6e-16	87.4
NCVOG0233-consensus	NODE_9460_length_557_cov_11.981250	36.00	175	88	24	500	650	527	6	3.8e-15	83.2
NCVOG0233-consensus	NODE_1050_length_8584_cov_5.015515	26.13	777	387	187	132	732	4356	6646	1.1e-14	85.7
NCVOG0233-consensus	NODE_13440_length_356_cov_11.591398	35.83	120	72	5	535	652	353	6	1.8e-14	80.3
NCVOG0233-consensus	NODE_214_length_26240_cov_5.192027	21.92	844	568	91	92	867	14794	17251	1.5e-13	83.5
NCVOG0233-consensus	NODE_6909_length_854_cov_8.440154	23.18	302	195	37	316	600	851	9	1.6e-13	78.4
NCVOG0233-consensus	NODE_5452_length_1178_cov_12.831063	25.30	253	166	23	29	273	728	18	1.9e-13	78.7
NCVOG0233-consensus	NODE_7023_length_836_cov_18.263505	25.54	278	173	34	293	553	43	816	1.1e-12	75.7
NCVOG0233-consensus	NODE_3133_length_2467_cov_10.033891	23.74	396	261	41	315	677	2443	1283	1.1e-12	77.2
NCVOG0233-consensus	NODE_14113_length_338_cov_5.471264	35.14	111	67	5	545	653	13	333	2.2e-12	73.3
NCVOG0233-consensus	NODE_5791_length_1073_cov_5.699799	23.79	311	202	35	260	553	908	33	3.1e-12	74.5
NCVOG0233-consensus	NODE_22037_length_218_cov_3.290780	48.48	66	34	0	603	668	10	204	7e-12	71.0
NCVOG0233-consensus	NODE_1826_length_4738_cov_5.344347	26.70	427	237	76	307	684	241	1437	9.9e-12	75.0
NCVOG0233-consensus	NODE_2381_length_3489_cov_5.055979	28.36	275	138	59	448	684	47	795	1.3e-11	74.1
NCVOG0233-consensus	NODE_11802_length_413_cov_7.413690	31.50	127	84	3	612	735	413	40	1.4e-11	70.9
NCVOG0233-consensus	NODE_3777_length_1974_cov_5.396943	26.93	323	219	17	2	311	965	12	1.4e-11	73.2
NCVOG0233-consensus	NODE_4655_length_1500_cov_4.387210	25.07	343	211	46	29	339	985	6	1.7e-11	72.5
NCVOG0233-consensus	NODE_1132_length_7965_cov_12.711587	25.10	259	169	25	29	276	7090	7821	2.5e-11	74.4
NCVOG0233-consensus	NODE_14453_length_329_cov_4.103175	31.53	111	71	5	513	621	4	324	2.7e-11	69.6
NCVOG0233-consensus	NODE_30321_length_167_cov_4.888889	50.00	52	26	0	605	656	158	6	3.7e-11	68.2
NCVOG0233-consensus	NODE_27402_length_182_cov_6.638095	52.54	59	28	0	603	661	182	9	6.5e-11	67.5
NCVOG0233-consensus	NODE_41680_length_155_cov_4.769231	55.10	49	21	1	603	650	7	150	9.3e-11	66.8
NCVOG0023-consensus	NODE_373_length_19795_cov_28.120803	27.47	506	305	62	380	851	8352	6922	5.5e-42	177.5
NCVOG0023-consensus	NODE_452_length_17507_cov_31.100631	23.72	430	277	51	399	794	2049	818	9.4e-24	116.7
NCVOG0023-consensus	NODE_5052_length_1322_cov_3.893976	27.78	288	192	16	551	836	29	847	3.9e-22	107.6
NCVOG0023-consensus	NODE_19590_length_238_cov_7.596273	38.89	72	43	1	607	677	233	21	7.5e-12	71.0
NCVOG0013-consensus	NODE_24_length_57270_cov_5.380485	35.76	151	95	2	120	268	6195	6644	1.2e-13	84.3
NCVOG1192-consensus	NODE_728_length_12223_cov_10.234069	29.41	255	138	42	42	268	5041	4322	1.5e-17	94.3
NCVOG0297-consensus	NODE_10216_length_501_cov_12.353774	33.08	130	83	4	376	502	501	118	1.4e-12	73.9
NCVOG0663-consensus	NODE_793_length_11208_cov_5.540113	28.17	426	252	54	220	607	9699	10925	1.9e-11	74.8
NCVOG0073-consensus	NODE_6145_length_995_cov_17.809368	43.75	336	182	7	187	522	995	12	3.3e-70	267.1
NCVOG0073-consensus	NODE_1896_length_4530_cov_5.361329	39.86	552	295	37	29	560	4002	2405	1.6e-58	230.4
NCVOG0073-consensus	NODE_791_length_11273_cov_5.536531	37.65	417	210	50	169	560	7815	6653	7.6e-39	166.4
NCVOG0073-consensus	NODE_648_length_13190_cov_5.258522	26.32	456	319	17	90	531	9967	11322	4.8e-38	163.9
NCVOG0073-consensus	NODE_1889_length_4557_cov_15.943750	34.36	684	336	113	33	634	596	2549	9.5e-27	124.9
NCVOG0073-consensus	NODE_5486_length_1168_cov_11.939505	38.46	403	187	61	92	447	4	1163	5.3e-24	113.8
NCVOG0073-consensus	NODE_6661_length_894_cov_13.668299	36.17	235	94	56	20	205	700	24	2.9e-21	104.3
NCVOG0073-consensus	NODE_293_length_22883_cov_9.925853	26.88	398	241	50	53	408	20395	21557	3.5e-15	88.8
NCVOG0073-consensus	NODE_7062_length_829_cov_15.440160	33.33	177	105	13	467	633	1	519	2.3e-14	81.3
NCVOG0073-consensus	NODE_16543_length_282_cov_6.536585	39.18	97	56	3	306	402	1	279	1.3e-11	70.6
NCVOG2643-consensus	NODE_5544_length_1149_cov_12.164179	25.91	247	159	24	22	255	1083	379	7.4e-16	84.9
NCVOG2643-consensus	NODE_2486_length_3299_cov_72.817505	28.62	283	171	31	5	263	1268	456	1.1e-12	75.9
NCVOG4523-consensus	NODE_372_length_19821_cov_5.125658	32.17	920	436	188	43	828	15396	17972	4.8e-29	134.9
NCVOG1353-consensus	NODE_201_length_26934_cov_5.388353	58.91	752	252	57	101	798	1666	3903	0	847.7
NCVOG1353-consensus	NODE_1392_length_6451_cov_5.213524	56.85	387	134	33	436	798	6446	5318	5.7e-113	411.6
NCVOG1353-consensus	NODE_12638_length_382_cov_6.095082	69.84	126	38	0	325	450	380	6	2.7e-61	235.8
NCVOG1353-consensus	NODE_228_length_25679_cov_4.845168	43.30	358	112	91	37	303	24611	25671	6e-19	101.2
NCVOG4045-consensus	NODE_2364_length_3512_cov_4.910335	30.56	108	73	2	231	338	3090	3404	1.1e-18	96.4
NCVOG0055-consensus	NODE_210_length_26334_cov_8.122405	32.11	218	131	17	161	369	18490	17872	1.3e-14	86.0
NCVOG0055-consensus	NODE_271_length_23638_cov_5.250244	32.12	193	116	15	182	372	12888	12356	6.9e-11	73.5
NCVOG4105-consensus	NODE_155_length_31051_cov_4.692161	34.31	1192	592	191	7	1051	23262	19834	1.2e-30	140.9
NCVOG1045-consensus	NODE_1029_length_8753_cov_5.338866	22.60	385	246	52	179	517	6964	8097	4.4e-18	96.3
NCVOG1045-consensus	NODE_2_length_99407_cov_5.452961	24.81	391	256	38	90	460	30978	32089	1.5e-12	81.5
NCVOG1045-consensus	NODE_3442_length_2223_cov_5.551724	30.68	176	98	24	389	543	1550	2061	2.8e-11	71.7
NCVOG0225-consensus	NODE_222_length_25944_cov_7.749797	27.27	165	114	6	79	238	22527	22039	1.7e-14	85.1
NCVOG0225-consensus	NODE_892_length_9986_cov_18.866182	32.70	159	96	11	93	242	7738	7271	1.6e-12	77.1
NCVOG0225-consensus	NODE_11448_length_429_cov_8.062500	33.33	111	63	11	142	242	411	85	1.8e-11	69.1
NCVOG0225-consensus	NODE_916_length_9746_cov_5.377702	31.43	140	83	13	105	233	2756	2346	2.3e-11	73.2
NCVOG0225-consensus	NODE_94_length_37960_cov_5.220336	30.06	163	100	14	105	255	36105	35626	7.3e-11	73.5
NCVOG0305-consensus	NODE_2275_length_3674_cov_6.620517	31.25	304	190	19	769	1061	288	1172	5.1e-16	89.7
NCVOG0305-consensus	NODE_279_length_23308_cov_5.166846	30.94	278	169	23	1303	1565	10694	11500	3.3e-12	79.7
NCVOG0248-consensus	NODE_642_length_13280_cov_5.077785	31.33	466	258	62	49	500	1872	3122	2.7e-33	147.3
NCVOG0248-consensus	NODE_642_length_13280_cov_5.077785	31.19	404	211	67	135	490	27	1168	1.8e-18	98.0
NCVOG0248-consensus	NODE_900_length_9887_cov_31.778491	28.27	566	292	114	16	487	2089	3707	7.5e-11	72.3
NCVOG0248-consensus	NODE_6518_length_920_cov_7.735469	37.31	134	73	11	45	174	878	501	8.7e-11	68.7
NCVOG0105-consensus	NODE_8_length_76172_cov_5.146501	31.18	263	160	21	631	877	2826	2056	1.8e-18	101.6
NCVOG0105-consensus	NODE_347_length_20479_cov_5.360063	30.31	254	165	12	642	891	17403	18137	6.2e-16	91.3
NCVOG4804-consensus	NODE_129_length_33264_cov_10.238474	51.39	144	64	6	44	187	11832	11422	2.6e-28	130.7
NCVOG4804-consensus	NODE_21469_length_221_cov_27.152778	70.83	72	21	0	109	180	1	213	3.1e-22	103.3
NCVOG4804-consensus	NODE_16999_length_274_cov_7.639594	63.89	72	26	0	121	192	1	213	1.6e-17	87.9
NCVOG4804-consensus	NODE_33485_length_155_cov_28.717949	68.63	51	16	0	121	171	155	6	5.6e-13	72.1
NCVOG0282-consensus	NODE_2402_length_3450_cov_17.522977	30.21	288	178	23	293	571	1422	2234	8.4e-12	74.7
NCVOG0844-consensus	NODE_3603_length_2103_cov_6.125370	27.68	271	179	17	4	263	1236	2023	5.5e-24	112.8
NCVOG0844-consensus	NODE_217_length_26147_cov_5.023168	28.29	251	162	18	1	240	23827	24555	9.5e-23	112.3
NCVOG2963-consensus	NODE_8564_length_640_cov_10.433393	36.93	176	99	12	127	298	545	49	3.3e-12	72.2
NCVOG2963-consensus	NODE_4304_length_1659_cov_8.542984	29.80	302	187	25	5	289	116	992	3.6e-12	73.5
NCVOG2963-consensus	NODE_1984_length_4295_cov_15.403272	30.06	336	206	29	5	317	1708	722	5.3e-11	70.9
NCVOG4883-consensus	NODE_88_length_38753_cov_5.438489	33.65	422	244	36	45	460	1946	3118	1.9e-41	175.8
NCVOG4883-consensus	NODE_7029_length_836_cov_5.247694	37.06	286	162	18	88	367	4	822	5.8e-38	158.7
NCVOG0360-consensus	NODE_17_length_64015_cov_5.002487	47.67	300	150	7	24	318	21467	22357	3.1e-82	311.5
NCVOG0979-consensus	NODE_15491_length_305_cov_5.416667	55.00	100	45	0	105	204	4	300	5.8e-32	137.0
NCVOG0979-consensus	NODE_17148_length_272_cov_5.015385	55.06	89	40	0	116	204	4	267	9.9e-27	119.4
NCVOG0979-consensus	NODE_17522_length_266_cov_4.661376	52.33	86	41	0	125	210	266	12	1.7e-23	108.6
NCVOG0979-consensus	NODE_8598_length_637_cov_7.308929	42.24	161	70	23	180	317	1	476	4.4e-23	108.5
NCVOG0979-consensus	NODE_1566_length_5606_cov_5.285043	45.45	154	47	37	8	124	5147	5601	1.1e-13	80.5
NCVOG0979-consensus	NODE_42204_length_155_cov_4.461538	56.25	48	20	1	89	135	1	141	2.5e-11	67.4
NCVOG0979-consensus	NODE_46176_length_152_cov_4.600000	68.18	44	14	0	43	86	1	129	3.1e-11	67.1
NCVOG0262-consensus	NODE_222_length_25944_cov_7.749797	35.53	273	154	22	343	596	12398	11592	3.3e-19	101.8
NCVOG0274-consensus	NODE_312_length_21825_cov_13.981653	36.42	1425	646	260	197	1375	12817	17034	2.4e-47	196.2
NCVOG0274-consensus	NODE_312_length_21825_cov_13.981653	34.16	161	76	30	34	165	12121	12593	1.7e-15	90.4
NCVOG0274-consensus	NODE_91_length_38141_cov_5.566966	31.52	1139	521	259	182	1064	5346	1956	6.7e-30	139.0
NCVOG0274-consensus	NODE_14_length_65584_cov_13.215946	30.46	1031	431	286	282	1040	24985	21954	1.5e-22	115.4
NCVOG0274-consensus	NODE_14_length_65584_cov_13.215946	26.18	340	230	21	1050	1381	21496	20525	9.6e-19	102.8
NCVOG0074-consensus	NODE_6145_length_995_cov_17.809368	71.90	331	93	0	166	496	995	6	2.8e-159	562.4
NCVOG0074-consensus	NODE_1896_length_4530_cov_5.361329	53.39	605	260	22	15	598	4002	2198	3.4e-103	378.3
NCVOG0074-consensus	NODE_791_length_11273_cov_5.536531	48.61	432	178	44	148	552	7815	6584	6e-80	302.4
NCVOG0074-consensus	NODE_5486_length_1168_cov_11.939505	56.78	391	120	49	77	419	1	1163	1.2e-63	244.9
NCVOG0074-consensus	NODE_648_length_13190_cov_5.258522	33.70	457	274	29	77	506	9970	11331	6.9e-59	232.6
NCVOG0074-consensus	NODE_1889_length_4557_cov_15.943750	42.40	658	291	88	47	625	683	2624	1.5e-58	230.0
NCVOG0074-consensus	NODE_6661_length_894_cov_13.668299	63.64	198	47	25	8	186	590	18	5.3e-57	222.5
NCVOG0074-consensus	NODE_7062_length_829_cov_15.440160	47.70	174	89	2	439	610	1	519	1.5e-46	187.7
NCVOG0074-consensus	NODE_16543_length_282_cov_6.536585	69.15	94	29	0	281	374	1	279	3.2e-37	155.1
NCVOG0074-consensus	NODE_293_length_22883_cov_9.925853	32.95	434	231	60	39	424	20395	21653	2.6e-35	155.1
NCVOG0074-consensus	NODE_38855_length_155_cov_6.230769	80.39	51	10	0	166	216	155	6	1.4e-20	99.0
NCVOG0074-consensus	NODE_7541_length_760_cov_13.657394	35.66	143	88	4	499	637	4	429	2.2e-19	97.3
NCVOG0074-consensus	NODE_40817_length_155_cov_5.205128	74.51	51	13	0	329	379	1	150	1.2e-18	92.6
NCVOG0074-consensus	NODE_41673_length_155_cov_4.769231	60.78	51	20	0	395	445	1	150	2.1e-16	85.1
NCVOG0074-consensus	NODE_35876_length_155_cov_8.487179	60.78	51	20	0	395	445	155	6	2.1e-16	85.1
NCVOG0074-consensus	NODE_34112_length_155_cov_12.615385	62.75	51	19	0	392	442	1	150	2.7e-16	84.7
NCVOG0074-consensus	NODE_41083_length_155_cov_5.051282	60.78	51	20	0	439	489	155	6	7.2e-16	83.3
NCVOG0074-consensus	NODE_38491_length_155_cov_6.423077	66.67	51	17	0	472	522	155	6	1.5e-15	82.2
NCVOG0074-consensus	NODE_34296_length_155_cov_11.820513	66.67	51	17	0	472	522	155	6	1.5e-15	82.2
NCVOG0074-consensus	NODE_4577_length_1534_cov_8.256005	51.72	87	18	24	13	75	259	6	1.3e-13	79.1
NCVOG0074-consensus	NODE_36798_length_155_cov_7.602564	62.79	43	16	0	58	100	22	147	9.3e-13	73.0
NCVOG0074-consensus	NODE_42459_length_155_cov_4.282051	62.79	43	16	0	58	100	134	9	9.3e-13	73.0
NCVOG0074-consensus	NODE_23_length_57443_cov_4.885437	28.53	333	159	79	142	395	44676	45665	2.2e-12	80.3
NCVOG0074-consensus	NODE_52163_length_131_cov_10.981481	59.52	42	17	0	422	463	128	6	9.2e-11	66.1
NCVOG1299-consensus	NODE_1501_length_5929_cov_6.330998	40.31	129	38	39	34	123	5504	5123	5.4e-15	83.6
NCVOG1299-consensus	NODE_1390_length_6465_cov_4.173763	70.00	40	12	0	107	146	365	249	5.8e-11	70.3
NCVOG1299-consensus	NODE_1235_length_7293_cov_5.106846	72.50	40	11	0	107	146	4274	4158	7.3e-11	70.2
NCVOG1196-consensus	NODE_31_length_53560_cov_5.165342	19.25	1039	748	91	130	1118	33959	36949	5.8e-11	76.3
NCVOG0064-consensus	NODE_7162_length_813_cov_7.324728	30.88	136	89	5	23	156	584	189	9.7e-16	84.9
NCVOG1354-consensus	NODE_222_length_25944_cov_7.749797	30.41	296	174	32	153	429	19871	20712	3.5e-18	97.8
NCVOG4324-consensus	NODE_27_length_55987_cov_5.051741	29.77	598	295	125	109	612	22295	23988	5.3e-24	118.8
NCVOG4134-consensus	NODE_824_length_10870_cov_14.233763	30.25	519	208	154	45	453	8059	9474	2.5e-23	113.7
NCVOG0034-consensus	NODE_2730_length_2923_cov_10.020731	29.72	323	175	52	122	416	393	1286	1.8e-14	82.3
NCVOG0004-consensus	NODE_491_length_16545_cov_5.626488	30.14	219	129	24	39	251	4874	4283	1.6e-20	105.5
NCVOG0276-consensus	NODE_2067_length_4114_cov_5.409958	60.00	330	78	54	68	343	4113	3133	6e-75	283.5
NCVOG0276-consensus	NODE_583_length_14207_cov_5.818188	59.28	334	79	57	67	343	3277	2285	8.7e-74	281.4
NCVOG2204-consensus	NODE_102_length_36661_cov_5.075990	44.04	193	102	6	247	437	30478	29915	3.2e-51	208.1
NCVOG2204-consensus	NODE_102_length_36661_cov_5.075990	42.71	192	102	8	247	436	32851	32297	6.8e-48	197.1
NCVOG1060-consensus	NODE_855_length_10491_cov_5.465623	33.80	213	129	12	126	334	3265	3876	2.7e-27	126.7
NCVOG0240-consensus	NODE_774_length_11434_cov_4.768777	28.83	333	187	50	75	361	8405	9386	9.7e-22	108.2
NCVOG0240-consensus	NODE_778_length_11413_cov_4.600035	27.22	338	192	54	72	358	9265	8268	1.9e-20	103.9
NCVOG0030-consensus	NODE_807_length_11106_cov_5.603319	32.08	477	233	91	77	472	3453	4846	6.4e-51	206.2
NCVOG0030-consensus	NODE_560_length_14736_cov_5.082543	42.99	221	83	43	26	216	5159	4543	3.7e-27	127.6
NCVOG0030-consensus	NODE_18066_length_258_cov_2.110497	58.00	50	21	0	335	384	108	254	1.6e-16	86.5
NCVOG0030-consensus	NODE_20_length_60910_cov_5.724837	29.63	378	210	56	68	433	5560	4562	1.3e-14	88.0
NCVOG4494-consensus	NODE_3_length_83102_cov_6.106606	33.94	274	166	15	21	290	7789	7004	3.9e-16	93.0
NCVOG4494-consensus	NODE_1547_length_5666_cov_7.891036	35.21	267	152	21	33	290	34	795	2.7e-15	86.3
NCVOG4494-consensus	NODE_2313_length_3592_cov_5.823613	33.95	271	153	26	59	313	2994	2215	9.4e-15	83.8
NCVOG4494-consensus	NODE_2299_length_3634_cov_16.430419	35.50	307	166	32	37	321	3056	2169	1.8e-14	82.9
NCVOG4494-consensus	NODE_661_length_12940_cov_15.949545	37.86	243	132	19	59	292	11037	10342	1.3e-13	81.9
NCVOG4494-consensus	NODE_429_length_18129_cov_5.108673	33.64	217	136	8	11	226	2115	2739	2e-13	81.8
NCVOG4494-consensus	NODE_2342_length_3542_cov_9.487446	35.64	202	124	6	21	216	1780	2382	5.6e-13	77.9
NCVOG4494-consensus	NODE_10078_length_510_cov_8.963048	41.55	142	78	5	37	173	432	10	9.8e-13	74.3
NCVOG4494-consensus	NODE_21_length_59222_cov_5.181621	34.16	202	132	1	27	227	41277	41875	1.3e-12	80.8
NCVOG4494-consensus	NODE_634_length_13338_cov_5.222247	25.68	479	314	42	21	477	3865	5238	2.5e-12	77.7
NCVOG4494-consensus	NODE_2188_length_3826_cov_5.942118	35.96	203	118	12	9	201	2457	1858	1.1e-11	73.7
NCVOG4494-consensus	NODE_2284_length_3661_cov_4.868583	32.93	249	155	12	23	259	1872	2607	1.4e-11	73.3
NCVOG4494-consensus	NODE_2522_length_3237_cov_11.038608	41.15	209	112	11	21	218	337	960	2.5e-11	72.3
NCVOG4494-consensus	NODE_4863_length_1404_cov_12.932931	36.81	182	107	8	47	221	893	358	2.6e-11	71.0
NCVOG4494-consensus	NODE_1028_length_8754_cov_10.959779	37.80	209	119	11	16	216	4373	3759	2.7e-11	73.6
NCVOG4494-consensus	NODE_2894_length_2733_cov_10.322289	40.74	162	90	6	37	192	2213	2695	3e-11	71.8
NCVOG4494-consensus	NODE_1875_length_4592_cov_5.072204	36.84	190	107	13	26	202	898	332	3.3e-11	72.4
NCVOG4494-consensus	NODE_1680_length_5219_cov_10.240179	35.71	224	133	11	36	248	3817	4485	3.4e-11	72.5
NCVOG4494-consensus	NODE_3372_length_2270_cov_10.050616	37.29	177	104	7	4	173	1724	1197	4.2e-11	71.1
NCVOG4494-consensus	NODE_4359_length_1634_cov_10.813102	36.26	182	108	8	20	193	640	98	6.1e-11	70.0
NCVOG4494-consensus	NODE_33_length_52524_cov_5.854901	34.73	311	190	13	18	315	47291	46362	6.5e-11	75.0
NCVOG4494-consensus	NODE_1640_length_5375_cov_4.902982	31.67	281	174	18	15	285	1091	1906	7.7e-11	71.4
NCVOG0757-consensus	NODE_752_length_11819_cov_5.756089	37.93	116	67	5	32	144	6167	6505	3.7e-13	78.4
NCVOG0077-consensus	NODE_5688_length_1104_cov_12.190847	32.99	288	158	35	449	703	1045	191	6.3e-27	123.1
NCVOG0077-consensus	NODE_6215_length_977_cov_10.794444	37.87	169	97	8	538	700	90	587	3.5e-25	117.1
NCVOG0077-consensus	NODE_11309_length_436_cov_10.052925	33.88	121	73	7	534	649	359	6	1.4e-15	84.0
NCVOG0077-consensus	NODE_1387_length_6476_cov_4.798562	26.30	479	240	113	332	700	4133	5557	4.8e-13	79.5
NCVOG0077-consensus	NODE_1511_length_5875_cov_6.878751	31.31	313	148	67	449	700	4721	5630	2.5e-12	76.9
NCVOG0077-consensus	NODE_105_length_36277_cov_13.195901	30.34	290	148	54	463	702	30091	29239	4.8e-12	78.6
NCVOG0267-consensus	NODE_347_length_20479_cov_5.360063	31.94	360	209	36	325	675	4673	5668	1e-23	117.3
NCVOG0267-consensus	NODE_1876_length_4591_cov_10.356890	25.10	486	295	69	275	719	1942	3308	1.1e-16	91.8
NCVOG0267-consensus	NODE_447_length_17585_cov_4.936972	30.72	319	179	42	418	711	6396	5496	1.9e-11	76.3
NCVOG4357-consensus	NODE_1414_length_6361_cov_5.464831	34.35	556	273	92	6	479	4437	2803	1.2e-39	167.3
NCVOG4357-consensus	NODE_1414_length_6361_cov_5.464831	42.11	190	105	5	299	487	5893	5339	2.2e-37	159.8
NCVOG4357-consensus	NODE_1097_length_8221_cov_5.454322	35.76	523	276	60	15	487	6851	5316	3.6e-37	159.5
NCVOG4357-consensus	NODE_1654_length_5313_cov_4.884645	34.23	555	275	90	6	481	2748	4376	9.6e-37	157.4
NCVOG4357-consensus	NODE_1833_length_4721_cov_6.145349	33.66	514	274	67	25	481	1739	235	1.9e-36	156.2
NCVOG4357-consensus	NODE_1833_length_4721_cov_6.145349	33.98	206	124	12	294	487	4498	3888	1.6e-18	96.7
NCVOG4357-consensus	NODE_1080_length_8351_cov_5.725647	35.66	516	262	70	25	481	3014	4525	2.8e-36	156.5
NCVOG4357-consensus	NODE_695_length_12549_cov_5.825529	35.26	519	267	69	22	481	10140	11663	4.9e-36	156.3
NCVOG4357-consensus	NODE_4147_length_1752_cov_5.141493	32.55	384	203	56	22	355	621	1747	1.7e-35	151.6
NCVOG4357-consensus	NODE_7561_length_758_cov_7.543319	38.69	199	115	7	25	222	587	12	1.7e-35	150.4
NCVOG4357-consensus	NODE_6206_length_979_cov_3.476718	46.30	162	78	9	334	490	979	509	8.5e-34	145.2
NCVOG4357-consensus	NODE_324_length_21154_cov_5.274422	33.85	517	271	71	25	481	3561	2047	2.4e-33	148.1
NCVOG4357-consensus	NODE_2967_length_2650_cov_5.843373	43.87	155	81	6	22	176	2199	2642	3.9e-29	131.1
NCVOG4357-consensus	NODE_411_length_18611_cov_5.439355	42.67	150	81	5	339	487	18611	18177	7.3e-26	123.1
NCVOG4357-consensus	NODE_7708_length_738_cov_4.092284	44.54	119	65	1	370	487	3	356	8.8e-24	111.5
NCVOG4357-consensus	NODE_4360_length_1634_cov_4.307643	44.08	152	80	5	337	487	1634	1194	3.7e-21	103.9
NCVOG4357-consensus	NODE_4360_length_1634_cov_4.307643	38.19	144	69	20	6	129	434	6	3.7e-21	103.9
NCVOG4357-consensus	NODE_13800_length_347_cov_6.351852	46.32	95	47	4	308	402	61	330	2.3e-20	99.0
NCVOG4357-consensus	NODE_11678_length_419_cov_6.581871	40.15	132	72	7	42	172	36	408	5e-19	94.9
NCVOG4357-consensus	NODE_16942_length_275_cov_6.217172	42.86	91	52	0	25	115	275	6	8.6e-18	90.2
NCVOG4357-consensus	NODE_10152_length_505_cov_5.100467	46.15	91	45	4	308	398	261	4	8.7e-18	91.0
NCVOG4357-consensus	NODE_16177_length_290_cov_3.460094	38.04	92	57	0	46	137	4	276	8.3e-14	77.0
NCVOG4357-consensus	NODE_22329_length_215_cov_8.065217	54.55	55	25	0	308	362	167	6	2.2e-12	71.8
NCVOG4357-consensus	NODE_24533_length_200_cov_5.650407	46.03	63	34	0	387	449	1	186	3.8e-12	70.9
NCVOG4357-consensus	NODE_11710_length_418_cov_4.281525	31.50	127	80	7	120	245	3	362	7.8e-12	71.0
NCVOG4876-consensus	NODE_1033_length_8718_cov_4.812449	27.37	274	188	11	19	283	5877	5065	2.8e-11	73.6
NCVOG0517-consensus	NODE_4304_length_1659_cov_8.542984	32.23	273	150	35	100	341	47	848	2.6e-11	70.7
NCVOG0046-consensus	NODE_64_length_43478_cov_5.122578	53.33	75	32	3	1	72	34228	34007	1.1e-13	83.1
NCVOG0046-consensus	NODE_2058_length_4131_cov_5.424766	48.65	74	37	1	5	77	2288	2070	3.8e-11	71.3
NCVOG0037-consensus	NODE_187_length_27866_cov_5.786030	40.10	1050	382	247	165	969	17658	14536	3.4e-65	255.4
NCVOG0037-consensus	NODE_187_length_27866_cov_5.786030	56.44	101	44	0	65	165	18362	18063	1.7e-33	150.1
NCVOG0037-consensus	NODE_187_length_27866_cov_5.786030	43.24	111	58	5	6	111	18814	18489	2.8e-14	86.3
NCVOG0778-consensus	NODE_693_length_12580_cov_6.840438	33.93	507	292	43	7	503	8137	6719	4e-71	273.1
NCVOG0017-consensus	NODE_1297_length_6938_cov_4.534324	34.80	250	116	47	49	251	6113	5367	3.1e-24	115.7
NCVOG0007-consensus	NODE_42_length_50148_cov_5.082669	32.22	360	202	42	46	363	38994	40070	5.1e-11	74.7
NCVOG0007-consensus	NODE_23_length_57443_cov_4.885437	32.50	360	201	42	46	363	22247	21171	7.1e-11	74.5
NCVOG0015-consensus	NODE_24_length_57270_cov_5.380485	36.22	185	107	11	96	269	6087	6638	5.4e-13	81.9
NCVOG0005-consensus	NODE_658_length_13034_cov_5.803272	29.37	269	174	16	17	275	794	1579	1.6e-24	118.0
NCVOG0005-consensus	NODE_6213_length_977_cov_15.394444	28.37	141	93	8	104	239	415	5	4.7e-14	79.5
NCVOG0744-consensus	NODE_848_length_10537_cov_5.451243	28.45	464	231	101	107	470	3238	4623	7.8e-15	85.7
NCVOG0897-consensus	NODE_933_length_9603_cov_5.330254	33.33	174	99	17	20	178	1908	2420	4e-13	79.0
NCVOG0806-consensus	NODE_756_length_11749_cov_4.595562	47.46	354	154	32	126	447	10500	11556	6.1e-50	202.2
NCVOG0806-consensus	NODE_2093_length_4050_cov_11.998490	34.72	144	85	9	310	447	2900	2481	1.8e-15	86.2
NCVOG0806-consensus	NODE_9564_length_548_cov_6.475584	41.11	90	48	5	363	447	545	279	1.3e-14	80.4
NCVOG0806-consensus	NODE_329_length_20954_cov_5.214091	35.76	316	140	63	192	447	17516	18447	6.8e-14	83.3
NCVOG0329-consensus	NODE_1120_length_8092_cov_5.933999	28.72	470	290	45	281	724	8004	6661	1.5e-15	89.1
NCVOG0329-consensus	NODE_254_length_24497_cov_4.905446	32.41	216	85	61	1158	1312	17259	16617	5e-13	82.2
NCVOG0329-consensus	NODE_6404_length_941_cov_5.164352	33.44	320	175	38	267	567	908	9	1e-12	76.5
NCVOG0329-consensus	NODE_4799_length_1427_cov_8.158519	38.39	211	83	47	1132	1298	337	957	1.4e-12	76.7
NCVOG0329-consensus	NODE_629_length_13457_cov_6.097384	38.31	154	53	42	1158	1272	4626	5073	9.9e-12	77.1
NCVOG0029-consensus	NODE_2261_length_3709_cov_5.282764	28.35	388	246	32	44	407	1393	269	3.9e-25	118.5
NCVOG0029-consensus	NODE_2152_length_3897_cov_5.543979	28.12	384	249	27	41	407	1694	580	6.6e-25	117.8
NCVOG0029-consensus	NODE_14959_length_317_cov_5.458333	40.82	98	58	0	253	350	4	294	1.4e-22	106.4
NCVOG0029-consensus	NODE_1028_length_8754_cov_10.959779	26.80	362	180	85	71	350	1089	24	2.7e-21	106.9
NCVOG0029-consensus	NODE_2425_length_3420_cov_17.345199	30.77	390	199	71	37	356	1290	131	2.9e-19	98.9
NCVOG0029-consensus	NODE_305_length_21999_cov_13.243226	25.49	357	223	43	10	335	20849	21874	5e-16	90.8
NCVOG0029-consensus	NODE_5309_length_1226_cov_7.852045	22.47	396	273	34	130	509	2	1132	4.7e-14	80.0
NCVOG0029-consensus	NODE_1892_length_4554_cov_5.309868	25.33	458	281	61	24	436	4434	3116	9.6e-14	80.9
NCVOG0029-consensus	NODE_3315_length_2316_cov_4.836981	22.03	413	291	31	15	405	1223	15	7.5e-11	70.3
NCVOG4416-consensus	NODE_4822_length_1419_cov_7.338301	24.34	226	153	18	34	249	655	5	1e-11	71.5
NCVOG0242-consensus	NODE_92_length_38003_cov_5.465064	35.92	103	60	6	511	609	25047	24748	7.9e-11	74.6
NCVOG0326-consensus	NODE_2408_length_3443_cov_4.187166	29.83	295	185	22	179	463	1574	2411	1.6e-24	116.2
NCVOG0326-consensus	NODE_222_length_25944_cov_7.749797	25.20	492	295	73	43	467	15403	16855	2.2e-19	101.9
NCVOG0036-consensus	NODE_5292_length_1233_cov_2.642734	45.37	108	59	0	93	200	124	444	2.7e-18	93.5
NCVOG0036-consensus	NODE_3704_length_2025_cov_4.712526	49.47	95	48	0	106	200	585	866	1.2e-17	92.0
NCVOG0036-consensus	NODE_7368_length_782_cov_4.160284	51.47	68	33	0	133	200	1	201	3.2e-13	75.9
NCVOG0314-consensus	NODE_2133_length_3948_cov_3.878584	42.17	83	47	1	23	104	84	329	1.4e-15	84.4
NCVOG0314-consensus	NODE_109_length_35448_cov_5.458737	39.81	108	60	5	2	104	21007	20689	2.7e-15	86.7
NCVOG0222-consensus	NODE_113_length_34910_cov_5.501450	29.74	491	330	15	20	509	12827	11402	2.4e-29	135.6
NCVOG0222-consensus	NODE_113_length_34910_cov_5.501450	26.92	416	287	17	88	490	11278	10050	7.6e-13	80.8
NCVOG0222-consensus	NODE_753_length_11793_cov_5.252817	24.53	424	312	8	87	504	10490	11752	4.1e-23	113.3
NCVOG0222-consensus	NODE_753_length_11793_cov_5.252817	25.45	440	315	13	72	504	521	1819	7.6e-24	115.8
NCVOG0222-consensus	NODE_552_length_15037_cov_5.398997	26.76	441	307	16	72	501	4839	3537	5.5e-20	103.3
NCVOG0222-consensus	NODE_552_length_15037_cov_5.398997	24.58	480	350	12	22	497	1418	6	2.6e-20	104.4
NCVOG0222-consensus	NODE_426_length_18177_cov_5.599282	24.39	488	356	13	22	500	15463	16907	4.4e-19	100.6
NCVOG0222-consensus	NODE_426_length_18177_cov_5.599282	31.34	402	256	20	115	507	11694	12859	4.4e-19	100.6
NCVOG0222-consensus	NODE_1333_length_6769_cov_5.731022	25.88	456	312	26	63	497	1355	6	8.5e-18	94.9
NCVOG0222-consensus	NODE_4330_length_1646_cov_4.943913	28.81	295	190	20	139	424	781	1629	5.7e-16	86.8
NCVOG0222-consensus	NODE_17_length_64015_cov_5.002487	23.23	452	327	20	71	504	12783	11437	7.5e-16	91.7
NCVOG0222-consensus	NODE_345_length_20504_cov_4.803349	28.52	291	193	15	133	420	20499	19666	6.5e-13	80.2
NCVOG0014-consensus	NODE_24_length_57270_cov_5.380485	27.50	240	153	21	131	349	6225	6941	7.8e-18	98.1
NCVOG0014-consensus	NODE_279_length_23308_cov_5.166846	25.70	179	132	1	131	308	13343	13876	2.5e-14	85.2
NCVOG0014-consensus	NODE_6780_length_873_cov_14.500000	34.38	128	76	8	161	283	467	838	8.8e-12	72.0
NCVOG0002-consensus	NODE_2990_length_2615_cov_16.657604	27.65	528	330	52	332	835	951	2447	9.7e-34	147.2
NCVOG0002-consensus	NODE_24_length_57270_cov_5.380485	29.67	546	312	72	332	840	10345	8816	4.5e-24	119.5
NCVOG0743-consensus	NODE_2367_length_3509_cov_12.092075	28.57	203	138	7	47	243	3101	2499	1.1e-29	133.2
NCVOG0743-consensus	NODE_3039_length_2569_cov_16.485554	26.63	184	128	7	71	248	2567	2022	6.3e-22	106.9
NCVOG2775-consensus	NODE_196_length_26976_cov_5.194431	34.08	311	200	5	94	402	8554	7634	1.5e-46	192.5
NCVOG2775-consensus	NODE_668_length_12791_cov_14.384851	32.25	307	201	7	98	399	750	1661	4.3e-38	163.4
NCVOG2775-consensus	NODE_147_length_31789_cov_5.088232	32.37	380	233	24	50	413	16881	15771	9.9e-28	130.3
NCVOG2775-consensus	NODE_8829_length_614_cov_8.536313	39.49	195	112	6	178	369	10	582	3.5e-26	119.5
NCVOG2775-consensus	NODE_191_length_27338_cov_4.986538	29.74	269	168	21	98	347	14262	13465	8.9e-23	113.6
NCVOG2775-consensus	NODE_54_length_46092_cov_5.213061	30.41	296	199	7	130	420	35678	34800	6.3e-21	108.2
NCVOG2775-consensus	NODE_6327_length_956_cov_4.269625	37.82	156	95	2	169	322	922	458	2.5e-19	97.3
NCVOG2775-consensus	NODE_811_length_11070_cov_5.131515	31.72	268	160	23	110	367	3152	3909	4e-17	93.5
NCVOG2775-consensus	NODE_388_length_19403_cov_5.291731	37.30	126	70	9	232	349	7431	7802	1e-14	86.3
NCVOG2775-consensus	NODE_750_length_11844_cov_18.924110	27.14	339	209	38	90	402	10181	9218	1e-12	79.0
NCVOG2775-consensus	NODE_1025_length_8779_cov_5.429786	32.66	248	142	25	159	381	6371	7109	1.2e-12	78.4
NCVOG2775-consensus	NODE_25897_length_191_cov_6.280702	48.39	62	32	0	209	270	4	186	5.8e-12	70.5
NCVOG2775-consensus	NODE_380_length_19603_cov_4.493393	31.28	211	131	14	165	371	5067	4468	2.1e-11	75.4
NCVOG2775-consensus	NODE_55_length_45968_cov_15.876860	38.46	130	76	4	195	322	23278	22900	2.8e-11	76.2
NCVOG2775-consensus	NODE_281_length_23265_cov_4.964421	32.38	244	146	19	165	396	8568	7861	3e-11	75.1
NCVOG4884-consensus	NODE_7788_length_726_cov_9.514638	30.11	186	80	50	345	480	34	588	8e-11	68.8
NCVOG0893-consensus	NODE_1535_length_5723_cov_9.293128	33.50	397	215	49	99	448	4226	3053	5.2e-48	195.6
NCVOG0893-consensus	NODE_8036_length_696_cov_9.426494	34.23	222	132	14	72	291	630	4	1e-35	151.7
NCVOG1175-consensus	NODE_728_length_12223_cov_10.234069	31.05	219	130	21	1	212	1064	1675	4e-22	108.9
NCVOG0729-consensus	NODE_243_length_25071_cov_5.174682	32.37	587	243	154	6	459	7596	5910	9.1e-19	100.1
NCVOG5103-consensus	NODE_693_length_12580_cov_6.840438	33.18	214	126	17	310	510	9190	9816	7.5e-11	73.7
NCVOG4874-consensus	NODE_511_length_15888_cov_6.133009	40.73	383	163	64	33	367	11034	12125	7.6e-21	105.7
NCVOG4874-consensus	NODE_342_length_20575_cov_5.959616	40.58	382	164	63	33	367	7331	6243	9e-20	102.6
NCVOG4874-consensus	NODE_342_length_20575_cov_5.959616	35.40	404	158	103	10	315	8925	7742	9.5e-21	105.8
NCVOG4423-consensus	NODE_901_length_9885_cov_5.937704	38.60	114	61	9	109	216	2119	2448	1.5e-13	80.1
NCVOG4001-consensus	NODE_8829_length_614_cov_8.536313	33.17	205	120	17	53	257	22	582	9.5e-17	88.1
NCVOG4001-consensus	NODE_147_length_31789_cov_5.088232	35.68	199	110	18	77	271	16311	15762	3.6e-13	81.9
NCVOG1136-consensus	NODE_4595_length_1526_cov_7.532781	44.17	283	86	72	193	403	844	5	1.5e-32	141.6
NCVOG1136-consensus	NODE_9986_length_516_cov_6.489749	46.24	173	42	51	282	403	516	5	1.3e-22	107.0
NCVOG1136-consensus	NODE_9270_length_576_cov_6.707415	45.22	115	46	17	380	479	572	237	5.6e-17	88.5
NCVOG1136-consensus	NODE_42878_length_155_cov_4.000000	67.35	49	15	1	257	304	149	6	6.9e-16	83.0
NCVOG0059-consensus	NODE_875_length_10164_cov_5.359175	29.50	139	95	3	219	354	1525	1938	1.1e-17	94.9
NCVOG1049-consensus	NODE_351_length_20386_cov_10.463588	25.85	236	146	29	7	227	19180	18518	7.5e-13	79.4
NCVOG1049-consensus	NODE_8049_length_694_cov_12.246353	26.67	225	129	36	4	195	7	667	4.8e-12	71.8
NCVOG1049-consensus	NODE_8389_length_659_cov_6.295533	32.35	102	67	2	50	151	637	341	1.2e-11	70.5
NCVOG1049-consensus	NODE_1377_length_6529_cov_11.463267	27.19	228	126	40	3	195	1649	984	8.3e-11	70.9
NCVOG0219-consensus	NODE_254_length_24497_cov_4.905446	27.60	308	162	61	460	707	17518	16605	2.6e-19	102.3
NCVOG0219-consensus	NODE_4799_length_1427_cov_8.158519	35.65	216	94	45	512	689	334	957	2.2e-18	95.1
NCVOG0219-consensus	NODE_629_length_13457_cov_6.097384	38.89	162	63	36	539	667	4614	5085	9.5e-18	96.2
NCVOG0901-consensus	NODE_1670_length_5243_cov_6.783004	50.80	187	87	5	1	183	285	839	6.1e-52	206.4
NCVOG0901-consensus	NODE_11136_length_445_cov_7.695652	56.38	94	40	1	91	183	445	167	1e-29	129.1
NCVOG2980-consensus	NODE_5_length_78089_cov_5.103317	32.49	477	252	70	67	474	4387	5803	1.5e-27	130.7
NCVOG0450-consensus	NODE_1021_length_8880_cov_5.519255	45.26	232	106	21	151	368	2740	3411	1e-22	111.4
NCVOG0652-consensus	NODE_840_length_10621_cov_7.246112	34.32	405	238	28	44	421	158	1364	5.2e-46	189.0
NCVOG0652-consensus	NODE_840_length_10621_cov_7.246112	35.17	381	215	32	66	421	1548	2662	3.4e-45	186.2
NCVOG0652-consensus	NODE_12_length_68525_cov_5.353071	36.59	246	149	7	178	421	68253	67538	3.9e-43	182.1
NCVOG0652-consensus	NODE_1351_length_6679_cov_5.439715	42.45	106	60	1	74	178	6242	6556	6.6e-22	108.2
NCVOG0652-consensus	NODE_8619_length_635_cov_6.677419	37.50	96	59	1	327	421	7	291	2.6e-13	76.3
NCVOG0835-consensus	NODE_11479_length_428_cov_6.051282	39.86	143	64	22	36	157	1	423	1.7e-19	95.6
NCVOG0835-consensus	NODE_487_length_16597_cov_5.965436	39.41	269	137	26	25	268	1534	734	6.7e-19	98.9
NCVOG0835-consensus	NODE_10178_length_503_cov_13.605634	47.78	90	47	0	25	114	229	495	9.4e-19	93.4
NCVOG0835-consensus	NODE_1691_length_5181_cov_4.872061	39.10	266	139	23	25	268	1044	1835	1.4e-18	96.2
NCVOG0835-consensus	NODE_190_length_27453_cov_4.877447	36.69	308	138	57	1	252	22464	21551	2.5e-18	97.7
NCVOG0835-consensus	NODE_190_length_27453_cov_4.877447	38.35	266	141	23	25	268	15789	14998	2.5e-18	97.7
NCVOG0835-consensus	NODE_190_length_27453_cov_4.877447	37.83	267	144	22	25	270	17030	16236	4.6e-18	96.8
NCVOG0835-consensus	NODE_190_length_27453_cov_4.877447	37.05	278	123	52	26	252	20930	20103	1.9e-17	94.8
NCVOG0835-consensus	NODE_190_length_27453_cov_4.877447	38.22	259	137	23	25	261	18477	17707	6.4e-17	93.0
NCVOG0835-consensus	NODE_190_length_27453_cov_4.877447	35.19	287	138	48	17	256	19730	18876	1.8e-16	91.6
NCVOG0835-consensus	NODE_399_length_18971_cov_5.244668	39.10	156	71	24	2	133	13717	13255	1.7e-14	84.4
NCVOG0835-consensus	NODE_3856_length_1929_cov_19.059395	35.60	250	137	24	42	268	1929	1186	3.5e-14	80.1
NCVOG4522-consensus	NODE_9207_length_581_cov_4.869048	50.59	85	42	0	361	445	580	329	1.9e-17	90.0
NCVOG4522-consensus	NODE_23016_length_210_cov_7.631579	55.22	67	30	0	361	427	2	199	3.7e-15	80.9
NCVOG1352-consensus	NODE_11470_length_428_cov_14.937322	45.45	121	61	5	52	172	81	425	6.9e-26	116.6
NCVOG0330-consensus	NODE_925_length_9650_cov_16.453672	48.68	76	39	0	649	724	656	432	5.4e-15	86.6
NCVOG4122-consensus	NODE_768_length_11548_cov_5.361084	28.00	400	244	44	96	460	8277	9446	2.9e-18	97.1
NCVOG4122-consensus	NODE_2650_length_3045_cov_5.658356	25.97	412	284	21	70	462	1853	635	3.9e-17	91.4
NCVOG4122-consensus	NODE_1148_length_7886_cov_26.767320	25.62	363	245	25	114	461	2662	3715	6.7e-16	88.7
NCVOG4122-consensus	NODE_196_length_26976_cov_5.194431	29.95	384	232	37	89	435	8533	7385	1.6e-11	75.9
NCVOG0032-consensus	NODE_10667_length_472_cov_2.194937	41.35	133	76	2	688	820	10	399	1.6e-22	107.5
NCVOG0032-consensus	NODE_237_length_25397_cov_15.708491	27.27	704	371	141	284	883	21712	23703	1e-20	107.3
NCVOG0032-consensus	NODE_198_length_26968_cov_5.093079	28.10	580	311	106	287	814	9818	11380	9.7e-17	94.1
NCVOG0032-consensus	NODE_12766_length_377_cov_9.090000	41.18	119	63	7	750	868	1	333	7e-16	85.1
NCVOG0032-consensus	NODE_6_length_77263_cov_13.808229	27.46	619	352	97	284	835	74529	72782	9.7e-15	89.0
NCVOG0032-consensus	NODE_3130_length_2470_cov_5.903886	40.16	127	69	7	742	868	3	359	9.9e-15	84.0
NCVOG0032-consensus	NODE_536_length_15538_cov_5.284134	25.77	586	367	68	292	853	3276	4880	1.1e-14	86.5
NCVOG0032-consensus	NODE_249_length_24706_cov_12.972471	24.14	497	341	36	409	882	19892	18460	9.1e-12	77.5
NCVOG0032-consensus	NODE_1483_length_6000_cov_13.082728	24.28	725	443	106	186	845	4850	2816	1.4e-11	74.9
NCVOG0032-consensus	NODE_8056_length_693_cov_11.646104	32.67	150	89	12	679	818	88	528	6.3e-11	69.5
NCVOG0032-consensus	NODE_1916_length_4477_cov_5.600455	24.02	716	321	223	252	778	1554	3590	8.6e-11	71.8
NCVOG0302-consensus	NODE_551_length_15052_cov_5.214224	32.56	172	114	2	2	173	10253	10759	1.9e-16	91.7
NCVOG0302-consensus	NODE_10216_length_501_cov_12.353774	37.96	108	62	5	367	474	501	196	6.1e-13	75.1
NCVOG0302-consensus	NODE_13400_length_357_cov_13.589286	32.48	117	75	4	333	448	4	342	1.8e-11	69.7
NCVOG0022-consensus	NODE_95_length_37703_cov_6.124010	72.22	72	20	0	9	80	255	467	1.3e-28	133.1
NCVOG4081-consensus	NODE_577_length_14385_cov_5.668018	30.73	205	105	37	76	245	12704	12099	4.5e-12	75.9
NCVOG0985-consensus	NODE_4302_length_1660_cov_12.876816	29.27	427	230	72	62	426	375	1622	2.7e-37	157.6
NCVOG0985-consensus	NODE_15686_length_300_cov_4.878924	40.82	98	53	5	230	322	296	6	9.1e-19	93.6
NCVOG0025-consensus	NODE_802_length_11136_cov_4.705398	28.37	430	234	74	113	522	4655	3531	3.6e-21	106.8
NCVOG0025-consensus	NODE_573_length_14458_cov_5.632154	25.32	462	281	64	101	521	8112	9425	2.2e-19	101.3
NCVOG0025-consensus	NODE_791_length_11273_cov_5.536531	32.67	251	121	48	308	522	2603	1894	2.6e-18	97.3
NCVOG0025-consensus	NODE_2148_length_3908_cov_6.043853	33.16	187	97	28	359	522	1	539	1.5e-17	93.2
NCVOG0025-consensus	NODE_10_length_70095_cov_5.227127	24.50	498	319	57	40	504	48092	49498	2.1e-16	93.6
NCVOG0025-consensus	NODE_5097_length_1305_cov_15.228013	33.07	127	80	5	363	486	59	430	1.6e-15	84.9
NCVOG0025-consensus	NODE_297_length_22552_cov_5.103849	27.39	387	253	28	134	515	3949	5031	5.9e-15	87.2
NCVOG0025-consensus	NODE_8628_length_634_cov_8.590664	33.88	183	95	26	332	491	538	6	2.9e-13	76.4
NCVOG0025-consensus	NODE_626_length_13492_cov_5.079389	23.21	448	286	58	112	519	3673	4957	4.4e-13	80.2
NCVOG0025-consensus	NODE_5_length_78089_cov_5.103317	26.32	418	259	49	110	508	64060	62904	1.3e-12	81.2
NCVOG0025-consensus	NODE_77_length_40772_cov_5.620936	25.46	326	193	50	224	521	27711	28619	4.6e-12	78.4
NCVOG0025-consensus	NODE_42641_length_155_cov_4.166667	47.06	51	27	0	441	491	155	6	5.8e-12	70.1
NCVOG0025-consensus	NODE_1664_length_5263_cov_4.173544	43.06	72	41	0	422	493	1432	1644	1.4e-11	73.9
NCVOG0025-consensus	NODE_1834_length_4720_cov_8.936033	33.79	145	72	24	378	501	211	631	2.7e-11	72.8
NCVOG0025-consensus	NODE_10598_length_476_cov_13.802005	28.03	132	92	3	371	501	461	75	9.6e-11	67.6
NCVOG0271-consensus	NODE_378_length_19755_cov_5.467578	35.39	1167	588	166	137	1157	8571	11990	1e-82	313.2
NCVOG0271-consensus	NODE_576_length_14416_cov_12.421020	28.25	1214	648	223	147	1153	12448	8874	6.8e-64	250.3
NCVOG0271-consensus	NODE_580_length_14281_cov_5.581386	39.60	1197	493	230	179	1149	2357	5914	1.7e-63	248.9
NCVOG4595-consensus	NODE_80_length_40468_cov_5.086084	48.31	118	55	6	6	118	18645	18302	1.7e-11	74.4
NCVOG0078-consensus	NODE_15844_length_296_cov_23.529680	56.18	89	39	0	87	175	269	6	3.9e-14	77.2
NCVOG0078-consensus	NODE_129_length_33264_cov_10.238474	48.48	132	65	3	76	204	12090	12480	1.8e-13	81.7
NCVOG0078-consensus	NODE_6267_length_967_cov_17.774157	48.54	103	52	1	90	191	634	333	3.2e-11	69.2
NCVOG0621-consensus	NODE_325_length_21137_cov_5.521083	35.37	164	104	2	2	164	2549	3034	2.3e-24	116.9
NCVOG0451-consensus	NODE_4822_length_1419_cov_7.338301	34.47	206	127	8	135	332	619	5	5.8e-24	112.8
NCVOG0451-consensus	NODE_2650_length_3045_cov_5.658356	28.46	260	172	14	151	402	1585	827	1.8e-22	108.9
NCVOG0451-consensus	NODE_901_length_9885_cov_5.937704	30.27	261	172	10	153	406	1696	2466	4.8e-18	95.9
NCVOG0451-consensus	NODE_768_length_11548_cov_5.361084	25.64	312	216	16	109	407	8049	8972	1.6e-17	94.4
NCVOG0451-consensus	NODE_1240_length_7257_cov_5.640808	26.25	320	219	17	95	402	2377	3318	1.2e-16	90.9
NCVOG0451-consensus	NODE_8_length_76172_cov_5.146501	27.61	268	181	13	132	390	27641	26853	5.1e-15	88.8
NCVOG0451-consensus	NODE_221_length_25952_cov_5.205140	30.70	228	142	16	132	343	3837	3157	1.8e-14	85.4
NCVOG0451-consensus	NODE_275_length_23494_cov_5.188325	28.30	265	166	24	119	368	3032	3796	7.2e-14	83.3
NCVOG0451-consensus	NODE_4857_length_1406_cov_10.027840	35.33	184	111	8	141	319	435	974	1.2e-12	75.1
NCVOG0451-consensus	NODE_6622_length_903_cov_11.043584	28.42	183	121	10	168	340	879	334	1.3e-12	74.4
NCVOG0451-consensus	NODE_3530_length_2155_cov_9.166506	27.24	290	196	15	102	379	1986	1129	2.2e-12	74.9
NCVOG0451-consensus	NODE_1284_length_7017_cov_5.790778	31.25	192	119	13	139	324	6283	6826	1.3e-11	74.0
NCVOG0451-consensus	NODE_1148_length_7886_cov_26.767320	24.76	311	220	14	98	402	2815	3712	2.1e-11	73.5
NCVOG0451-consensus	NODE_364_length_20113_cov_5.658664	26.54	324	213	25	90	406	14882	15794	3.3e-11	74.2
NCVOG0967-consensus	NODE_113_length_34910_cov_5.501450	18.85	626	497	11	232	850	12964	11102	3.3e-11	76.3
NCVOG4421-consensus	NODE_901_length_9885_cov_5.937704	34.09	88	56	2	74	159	2188	2448	1.9e-11	72.8
NCVOG0068-consensus	NODE_691_length_12595_cov_13.073574	26.69	281	180	26	130	389	7090	7914	9.4e-15	85.3
NCVOG0301-consensus	NODE_10216_length_501_cov_12.353774	38.39	112	63	6	368	478	501	184	1.5e-12	73.8
NCVOG0021-consensus	NODE_693_length_12580_cov_6.840438	27.81	453	295	32	244	687	9888	8604	1.6e-12	79.2
NCVOG2860-consensus	NODE_8427_length_654_cov_14.672444	30.15	199	132	7	114	305	8	601	2.9e-14	79.3
NCVOG2860-consensus	NODE_2117_length_3986_cov_5.913277	26.67	225	152	13	129	342	1174	1839	1.3e-12	76.4
NCVOG2860-consensus	NODE_4857_length_1406_cov_10.027840	27.27	242	163	13	117	345	171	893	1.5e-12	74.7
NCVOG2860-consensus	NODE_427_length_18173_cov_18.339246	33.77	154	95	7	197	343	1424	1882	3.7e-11	73.8
NCVOG0001-consensus	NODE_2591_length_3126_cov_12.436865	38.64	264	137	25	331	580	266	1021	1.1e-44	183.4
NCVOG0001-consensus	NODE_1956_length_4371_cov_16.818584	44.98	249	112	25	364	603	2060	2755	1.8e-44	183.1
NCVOG0001-consensus	NODE_67_length_42804_cov_6.570646	49.03	155	76	3	369	522	37241	37696	6.7e-37	161.3
NCVOG0001-consensus	NODE_2626_length_3077_cov_14.564333	37.77	233	126	19	353	578	981	322	2.8e-21	105.6
NCVOG0001-consensus	NODE_3830_length_1943_cov_7.721865	36.87	217	100	37	363	553	1364	750	9.8e-21	103.1
NCVOG0001-consensus	NODE_8923_length_604_cov_11.956357	42.18	147	73	12	362	508	413	12	3.3e-20	99.7
NCVOG0001-consensus	NODE_8_length_76172_cov_5.146501	36.60	265	125	43	351	591	15055	15787	3e-19	103.5
NCVOG0001-consensus	NODE_436_length_17946_cov_5.042308	35.66	272	125	50	351	591	5660	4905	2.5e-18	98.3
NCVOG0001-consensus	NODE_2195_length_3809_cov_4.844855	37.44	227	102	40	355	555	3103	3738	4.1e-16	88.7
NCVOG0001-consensus	NODE_302_length_22204_cov_5.432006	34.75	236	115	39	355	555	9711	10403	7.9e-15	87.0
NCVOG0001-consensus	NODE_338_length_20667_cov_5.201651	40.86	257	102	50	369	595	18543	19246	2.7e-14	85.1
NCVOG0001-consensus	NODE_8363_length_661_cov_11.897260	38.06	155	80	16	366	518	570	151	4.9e-14	79.3
NCVOG0001-consensus	NODE_338_length_20667_cov_5.201651	30.45	312	130	87	328	555	6921	6000	5.4e-14	84.1
NCVOG0001-consensus	NODE_986_length_9160_cov_5.574260	31.68	202	125	13	355	548	2076	2661	8.1e-13	79.0
NCVOG0001-consensus	NODE_8805_length_617_cov_5.074074	30.69	189	76	55	414	555	1	540	1e-12	74.8
NCVOG0001-consensus	NODE_311_length_21890_cov_5.331683	31.88	276	127	61	329	554	3752	4539	1.8e-12	79.2
NCVOG0001-consensus	NODE_311_length_21890_cov_5.331683	32.26	248	133	35	339	560	2871	3584	1.8e-12	79.2
NCVOG0001-consensus	NODE_2044_length_4160_cov_4.986774	32.67	300	135	67	351	602	3057	2222	1.6e-11	73.6
NCVOG0001-consensus	NODE_13500_length_355_cov_7.136691	34.55	110	67	5	474	578	347	21	2e-11	69.8
NCVOG0001-consensus	NODE_136_length_32421_cov_5.863622	34.17	319	148	62	326	595	2426	1518	4.1e-11	75.2
NCVOG1197-consensus	NODE_6498_length_923_cov_11.157210	25.16	306	213	16	82	378	898	5	2.3e-18	93.9
NCVOG1197-consensus	NODE_2542_length_3201_cov_16.346671	25.59	211	156	1	54	263	2855	2226	1.9e-15	86.1
NCVOG1197-consensus	NODE_860_length_10359_cov_5.323964	25.40	311	224	8	15	318	4599	3673	6.4e-13	79.3
NCVOG1197-consensus	NODE_1744_length_5025_cov_18.360954	25.59	254	178	11	99	349	2822	3556	2.3e-12	76.5
NCVOG1197-consensus	NODE_4810_length_1423_cov_16.588410	27.80	259	179	8	62	314	4	771	2.6e-11	71.1
NCVOG1197-consensus	NODE_1090_length_8270_cov_19.704870	20.84	571	393	59	1	519	5117	3435	9.8e-11	71.7
NCVOG4518-consensus	NODE_18314_length_254_cov_9.237288	41.38	87	46	5	64	150	254	12	7.4e-12	70.5
NCVOG2058-consensus	NODE_2650_length_3045_cov_5.658356	29.05	296	190	20	83	369	1765	914	2.6e-20	101.7
NCVOG2058-consensus	NODE_1148_length_7886_cov_26.767320	29.87	308	203	13	103	399	2998	3904	6e-18	95.2
NCVOG2058-consensus	NODE_768_length_11548_cov_5.361084	31.03	290	192	8	54	335	7983	8849	1.9e-17	94.1
NCVOG2058-consensus	NODE_3530_length_2155_cov_9.166506	31.36	236	153	9	112	338	1854	1150	4.9e-17	90.3
NCVOG2058-consensus	NODE_1240_length_7257_cov_5.640808	28.83	274	187	8	103	368	2503	3321	2.3e-15	86.5
NCVOG2058-consensus	NODE_4822_length_1419_cov_7.338301	33.01	206	130	8	103	300	619	5	5.1e-15	83.0
NCVOG2058-consensus	NODE_901_length_9885_cov_5.937704	31.97	269	169	14	79	335	1651	2448	2e-14	83.8
NCVOG2058-consensus	NODE_221_length_25952_cov_5.205140	35.19	216	123	17	91	289	3774	3130	4.8e-12	77.3
NCVOG0066-consensus	NODE_929_length_9610_cov_5.527116	34.95	289	162	26	125	390	5425	4573	2.3e-24	117.4
NCVOG0066-consensus	NODE_163_length_30330_cov_5.062837	34.88	301	166	30	120	393	18264	17376	9.6e-23	113.7
NCVOG0066-consensus	NODE_163_length_30330_cov_5.062837	34.22	301	168	30	120	393	20309	19421	1.5e-22	113.0
NCVOG0038-consensus	NODE_2193_length_3810_cov_5.010447	30.81	1003	396	298	240	956	592	3523	2.8e-27	126.6
NCVOG0038-consensus	NODE_1546_length_5672_cov_4.701877	30.04	952	398	268	262	952	16	2835	4.4e-20	103.3
NCVOG0038-consensus	NODE_19157_length_244_cov_1.137725	44.78	67	31	6	737	803	187	8	2.5e-13	76.3
NCVOG0228-consensus	NODE_5067_length_1314_cov_5.752627	30.77	377	208	53	584	909	1314	197	3.9e-15	84.5
NCVOG0228-consensus	NODE_1912_length_4487_cov_5.825850	28.72	672	366	113	327	893	4163	2183	7e-13	78.8
NCVOG1128-consensus	NODE_1506_length_5892_cov_15.055890	32.28	127	72	14	130	242	4969	5346	6.7e-15	84.7
NCVOG1128-consensus	NODE_3126_length_2474_cov_12.072174	30.37	135	84	10	115	242	530	920	5e-12	73.9
NCVOG0280-consensus	NODE_31_length_53560_cov_5.165342	20.88	1470	1031	132	310	1730	33002	37151	1.5e-24	122.1
NCVOG0218-consensus	NODE_693_length_12580_cov_6.840438	43.09	485	218	58	528	971	8644	10040	1.2e-16	93.0
NCVOG0218-consensus	NODE_47_length_48465_cov_5.153199	33.33	636	356	68	307	888	984	2834	9.8e-15	88.6
NCVOG0218-consensus	NODE_1953_length_4376_cov_4.677832	35.78	531	295	46	389	893	1575	74	3.2e-14	83.5
NCVOG0218-consensus	NODE_3644_length_2065_cov_7.910463	29.76	699	441	50	245	915	13	2030	1.6e-13	80.1
NCVOG0218-consensus	NODE_2762_length_2885_cov_14.924858	49.63	272	122	15	590	852	2681	1887	9.9e-13	77.9
NCVOG0218-consensus	NODE_2789_length_2858_cov_4.454513	30.75	722	366	134	356	951	2855	731	3.9e-12	75.9
NCVOG0218-consensus	NODE_549_length_15092_cov_5.047353	31.50	727	341	157	319	941	9112	7116	4.2e-12	78.2
NCVOG0218-consensus	NODE_1336_length_6752_cov_4.878951	32.05	624	362	62	377	980	392	2104	6.1e-12	76.5
NCVOG0218-consensus	NODE_3715_length_2018_cov_3.379186	44.21	285	134	25	656	925	862	51	2.2e-11	73.0
NCVOG0218-consensus	NODE_5339_length_1217_cov_5.546491	42.12	311	154	26	650	943	64	958	3.3e-11	71.6
NCVOG0018-consensus	NODE_753_length_11793_cov_5.252817	21.26	776	572	39	371	1138	5	2236	6.4e-18	97.3
NCVOG0018-consensus	NODE_113_length_34910_cov_5.501450	21.73	566	428	15	587	1141	13009	11327	6.6e-11	75.6
NCVOG4344-consensus	NODE_8829_length_614_cov_8.536313	31.66	199	129	7	129	327	10	582	2.5e-14	79.8
NCVOG4344-consensus	NODE_668_length_12791_cov_14.384851	28.04	378	231	41	22	371	882	1967	4e-13	80.2
NCVOG4344-consensus	NODE_196_length_26976_cov_5.194431	32.42	327	199	22	14	336	8530	7607	7.8e-11	73.7
NCVOG4170-consensus	NODE_7185_length_808_cov_5.165527	43.80	242	89	47	129	325	91	801	2.1e-30	133.1
NCVOG4170-consensus	NODE_1539_length_5697_cov_5.761032	35.28	411	161	105	33	345	4447	5645	8e-29	130.7
NCVOG4170-consensus	NODE_40_length_50590_cov_6.457169	33.01	206	131	7	129	333	21277	21873	1.1e-22	113.5
NCVOG0370-consensus	NODE_2927_length_2692_cov_4.715870	34.00	150	87	12	66	211	1822	1404	3.8e-12	73.5
NCVOG0370-consensus	NODE_2927_length_2692_cov_4.715870	38.22	157	69	28	55	211	1095	712	3.8e-12	73.5
NCVOG1044-consensus	NODE_102_length_36661_cov_5.075990	25.19	262	178	18	142	394	35723	34972	6e-11	74.5
NCVOG0720-consensus	NODE_846_length_10562_cov_5.277253	35.07	134	84	3	36	166	5450	5848	9.1e-16	87.2
NCVOG0044-consensus	NODE_930_length_9609_cov_4.908204	30.00	180	103	23	258	431	8707	8228	2.3e-14	84.9
NCVOG0044-consensus	NODE_2670_length_3008_cov_10.780280	29.60	223	129	28	225	426	2320	1676	6.5e-13	78.4
NCVOG0044-consensus	NODE_2387_length_3474_cov_14.399176	30.77	234	130	32	225	433	2644	1973	5.8e-12	75.4
NCVOG0044-consensus	NODE_5683_length_1105_cov_11.032101	37.00	100	62	1	328	427	978	685	7.6e-12	73.4
