NCVOG0719-consensus	NODE_42_length_195028_cov_22.226180	29.84	258	160	21	21	258	4429	5196	4.8e-13	79.4
NCVOG1069-consensus	NODE_4_length_797427_cov_22.570721	31.55	206	126	15	95	290	469054	468459	7.2e-17	92.8
NCVOG2772-consensus	NODE_5_length_654427_cov_22.401142	23.30	412	294	22	70	467	388079	389281	2e-12	78.1
NCVOG4739-consensus	NODE_5_length_654427_cov_22.401142	30.73	205	117	25	17	217	275621	276169	4.6e-13	79.2
NCVOG0669-consensus	NODE_35_length_235943_cov_22.496078	24.34	415	269	45	51	426	228148	226925	5.9e-11	72.4
NCVOG0233-consensus	NODE_4_length_797427_cov_22.570721	36.23	922	483	105	43	868	423411	426142	6.3e-58	230.2
NCVOG0233-consensus	NODE_33_length_241372_cov_22.148694	38.54	794	384	104	102	795	212854	215220	6e-43	179.7
NCVOG0233-consensus	NODE_2_length_1224506_cov_22.465143	26.65	469	295	49	231	677	797204	798518	3.3e-32	144.7
NCVOG0233-consensus	NODE_7_length_620063_cov_22.468586	25.10	757	462	105	29	729	483367	485481	4e-28	131.2
NCVOG0233-consensus	NODE_26_length_268085_cov_22.141078	29.94	698	330	159	131	670	109356	107277	2.6e-27	128.4
NCVOG0233-consensus	NODE_6_length_634111_cov_22.703863	26.25	922	514	166	97	865	113804	116525	2.5e-26	125.2
NCVOG0233-consensus	NODE_103_length_31309_cov_21.035540	28.66	492	261	90	278	681	18129	16667	2.2e-24	116.5
NCVOG0233-consensus	NODE_1_length_1433616_cov_22.521251	25.97	905	491	179	123	852	299194	296511	4e-16	91.3
NCVOG0233-consensus	NODE_38_length_228812_cov_22.228977	28.39	641	344	115	137	673	225014	226900	2.5e-15	87.8
NCVOG0233-consensus	NODE_51_length_159114_cov_22.161145	23.21	672	308	208	202	665	145456	143454	1.1e-13	83.2
NCVOG0233-consensus	NODE_120_length_14259_cov_31.692286	34.75	141	90	2	583	722	13285	13701	1.4e-12	76.1
NCVOG0233-consensus	NODE_97_length_39168_cov_21.772249	23.55	637	371	116	125	686	14816	13048	1.5e-11	74.2
NCVOG0023-consensus	NODE_131_length_9375_cov_19.987847	25.64	511	326	54	314	803	3851	2421	4.2e-20	100.5
NCVOG0023-consensus	NODE_141_length_7501_cov_41.616110	28.88	322	202	27	479	783	3011	3943	7.4e-17	89.4
NCVOG0023-consensus	NODE_156_length_4061_cov_18.306978	25.29	340	228	26	437	766	1774	812	1.1e-13	78.0
NCVOG1013-consensus	NODE_127_length_10791_cov_23.388557	30.00	430	267	34	171	574	8320	7066	2.7e-12	74.4
NCVOG0013-consensus	NODE_13_length_370313_cov_22.300857	30.77	182	122	4	122	300	146709	146170	5.4e-12	77.0
NCVOG3092-consensus	NODE_12_length_401903_cov_22.235714	26.91	223	149	14	76	297	164354	163728	4e-11	73.2
NCVOG0073-consensus	NODE_17_length_335998_cov_22.635408	40.58	616	341	25	29	640	179725	181506	5.1e-96	356.8
NCVOG0073-consensus	NODE_44_length_182777_cov_22.145605	39.45	616	350	23	24	636	75054	73270	1e-66	259.4
NCVOG0073-consensus	NODE_24_length_278145_cov_22.273865	37.48	643	353	49	30	652	175477	177311	7.5e-59	233.1
NCVOG0073-consensus	NODE_68_length_107574_cov_22.143344	35.89	652	378	40	19	664	9876	11726	5e-54	216.9
NCVOG0073-consensus	NODE_74_length_93087_cov_21.480137	40.19	632	346	32	28	652	86026	87843	4.1e-53	213.6
NCVOG0073-consensus	NODE_1_length_1433616_cov_22.521251	29.58	649	404	53	27	644	156701	158578	1.2e-49	202.7
NCVOG0073-consensus	NODE_36_length_233091_cov_22.552982	32.87	502	306	31	22	517	207002	208429	3.4e-39	167.2
NCVOG0073-consensus	NODE_22_length_302653_cov_22.528429	23.87	796	505	101	19	736	166833	169142	4.8e-38	164.2
NCVOG0073-consensus	NODE_4_length_797427_cov_22.570721	24.28	556	377	44	6	522	521126	519479	1e-33	149.9
NCVOG0073-consensus	NODE_65_length_126856_cov_21.667524	31.00	600	318	96	19	609	18487	16952	1.7e-19	102.4
NCVOG0073-consensus	NODE_36_length_233091_cov_22.552982	31.86	430	208	85	133	561	128855	129889	5e-19	101.0
NCVOG4523-consensus	NODE_7_length_620063_cov_22.468586	30.62	418	239	51	379	792	116614	117711	1.3e-26	126.5
NCVOG4523-consensus	NODE_8_length_428378_cov_22.293616	31.24	874	410	191	125	823	253354	255904	1.1e-24	120.0
NCVOG4523-consensus	NODE_16_length_349612_cov_22.294740	32.02	253	108	64	11	243	49722	49099	2.3e-11	75.8
NCVOG1353-consensus	NODE_4_length_797427_cov_22.570721	55.49	793	248	105	101	789	282441	284809	2.7e-34	151.5
NCVOG1343-consensus	NODE_10_length_426634_cov_22.585511	28.30	265	168	22	10	262	150943	150186	2.2e-14	84.4
NCVOG0055-consensus	NODE_79_length_73562_cov_22.376349	33.33	258	105	67	182	376	18505	17747	2.9e-21	106.3
NCVOG0055-consensus	NODE_4_length_797427_cov_22.570721	30.49	305	151	61	149	392	171683	172590	2.6e-16	90.9
NCVOG4105-consensus	NODE_17_length_335998_cov_22.635408	35.83	1094	535	167	14	952	72924	69696	2.9e-36	158.5
NCVOG0305-consensus	NODE_3_length_1074072_cov_22.587369	34.34	198	124	6	1332	1527	798817	799395	5.2e-20	105.1
NCVOG0305-consensus	NODE_76_length_79859_cov_22.778835	28.86	246	170	5	822	1065	41957	42678	2.2e-19	102.1
NCVOG0305-consensus	NODE_6_length_634111_cov_22.703863	30.68	251	162	12	784	1034	188468	187755	1.3e-18	100.4
NCVOG0305-consensus	NODE_13_length_370313_cov_22.300857	32.21	208	133	8	1312	1515	66644	67252	1.5e-18	100.2
NCVOG0305-consensus	NODE_14_length_362242_cov_22.519887	34.72	216	127	14	1353	1556	360976	360344	2.8e-17	94.7
NCVOG0305-consensus	NODE_1_length_1433616_cov_22.521251	29.62	260	161	22	1291	1542	1260620	1261348	4.5e-13	82.0
NCVOG0305-consensus	NODE_2_length_1224506_cov_22.465143	30.89	191	122	10	1355	1541	163820	163269	1.4e-12	80.4
NCVOG0305-consensus	NODE_42_length_195028_cov_22.226180	33.14	169	105	8	1355	1521	138003	137518	3e-12	79.3
NCVOG0305-consensus	NODE_3_length_1074072_cov_22.587369	32.45	151	95	7	1382	1528	519963	519523	5e-11	75.2
NCVOG0305-consensus	NODE_18_length_329683_cov_22.350148	28.52	277	162	36	1306	1549	197080	197886	5e-11	75.2
NCVOG0248-consensus	NODE_101_length_34353_cov_21.624081	30.43	516	269	90	47	502	18297	16843	1.7e-18	96.3
NCVOG4804-consensus	NODE_5_length_654427_cov_22.401142	62.04	108	33	8	68	175	494722	495018	1.8e-23	113.6
NCVOG4804-consensus	NODE_14_length_362242_cov_22.519887	72.22	72	20	0	104	175	120352	120140	1.4e-18	97.3
NCVOG0282-consensus	NODE_6_length_634111_cov_22.703863	26.40	553	360	47	49	590	189245	187716	2.1e-25	122.1
NCVOG0282-consensus	NODE_14_length_362242_cov_22.519887	27.32	549	351	48	104	613	361819	360219	8.1e-22	109.0
NCVOG0282-consensus	NODE_1_length_1433616_cov_22.521251	27.84	625	372	79	9	608	1259809	1261492	3.1e-18	98.3
NCVOG0282-consensus	NODE_13_length_370313_cov_22.300857	23.91	640	406	81	92	666	65864	67712	3.1e-16	91.6
NCVOG0282-consensus	NODE_15_length_355712_cov_22.253265	26.21	454	304	31	239	683	97478	96190	5.5e-15	87.5
NCVOG0282-consensus	NODE_3_length_1074072_cov_22.587369	35.56	180	105	11	350	526	798820	799332	1.3e-14	86.2
NCVOG0282-consensus	NODE_42_length_195028_cov_22.226180	30.60	232	144	17	423	646	137850	137195	4e-14	84.7
NCVOG0282-consensus	NODE_31_length_244656_cov_22.610379	23.55	293	213	11	176	462	112469	113327	1.5e-13	82.8
NCVOG0282-consensus	NODE_13_length_370313_cov_22.300857	30.25	314	178	41	329	608	39741	38832	2.9e-13	81.8
NCVOG0282-consensus	NODE_76_length_79859_cov_22.778835	25.65	421	258	55	170	578	41465	42589	5e-13	80.1
NCVOG0282-consensus	NODE_2_length_1224506_cov_22.465143	24.69	405	238	67	234	587	164282	163119	6.9e-13	80.5
NCVOG0282-consensus	NODE_38_length_228812_cov_22.228977	26.54	456	280	55	173	590	49214	47917	2.6e-12	78.6
NCVOG0282-consensus	NODE_17_length_335998_cov_22.635408	25.97	462	301	41	133	581	168503	167217	4e-12	78.0
NCVOG0282-consensus	NODE_1_length_1433616_cov_22.521251	26.96	293	167	47	288	539	58154	59011	2.3e-11	75.5
NCVOG0282-consensus	NODE_3_length_1074072_cov_22.587369	27.44	379	190	85	314	613	929207	930318	5.6e-11	74.2
NCVOG4883-consensus	NODE_19_length_322648_cov_22.464124	28.11	498	262	96	26	460	203788	205169	4.5e-22	110.1
NCVOG2979-consensus	NODE_2_length_1224506_cov_22.465143	29.95	187	129	2	57	242	182984	182430	1.2e-16	91.2
NCVOG0360-consensus	NODE_4_length_797427_cov_22.570721	43.10	297	161	8	24	315	712029	712907	1.1e-54	218.0
NCVOG0979-consensus	NODE_4_length_797427_cov_22.570721	45.67	335	150	32	24	328	450561	449570	8.2e-41	172.1
NCVOG0262-consensus	NODE_5_length_654427_cov_22.401142	29.92	371	229	31	3	349	388091	389157	2.8e-14	84.7
NCVOG0274-consensus	NODE_60_length_139759_cov_22.908621	32.49	985	536	129	482	1379	40221	37398	3.7e-77	294.6
NCVOG0274-consensus	NODE_60_length_139759_cov_22.908621	37.76	519	219	104	57	484	43380	41872	1.9e-43	182.6
NCVOG0274-consensus	NODE_7_length_620063_cov_22.468586	37.41	981	505	109	484	1368	603537	606437	4.4e-60	235.2
NCVOG0274-consensus	NODE_7_length_620063_cov_22.468586	42.97	391	172	51	132	484	600829	601955	2.2e-45	186.4
NCVOG0274-consensus	NODE_6_length_634111_cov_22.703863	30.30	1231	660	198	167	1220	544040	540426	1e-32	147.1
NCVOG0274-consensus	NODE_33_length_241372_cov_22.148694	32.37	485	173	155	325	807	134872	133884	2.5e-19	102.6
NCVOG0074-consensus	NODE_17_length_335998_cov_22.635408	65.22	598	208	0	13	610	179719	181509	1.2e-200	703.8
NCVOG0074-consensus	NODE_44_length_182777_cov_22.145605	58.32	607	241	12	10	610	75054	73255	4.7e-176	622.1
NCVOG0074-consensus	NODE_74_length_93087_cov_21.480137	56.23	610	257	10	15	619	86029	87840	1.6e-167	593.1
NCVOG0074-consensus	NODE_24_length_278145_cov_22.273865	45.95	605	309	18	27	626	175518	177290	2.5e-130	470.0
NCVOG0074-consensus	NODE_68_length_107574_cov_22.143344	44.86	622	323	20	10	625	9891	11711	3e-129	466.2
NCVOG0074-consensus	NODE_1_length_1433616_cov_22.521251	37.66	539	323	13	15	542	156707	158314	2e-81	307.8
NCVOG0074-consensus	NODE_36_length_233091_cov_22.552982	35.56	630	370	36	8	608	207002	208863	2.4e-73	280.1
NCVOG0074-consensus	NODE_4_length_797427_cov_22.570721	29.76	541	330	50	11	502	521069	519455	1.4e-49	202.0
NCVOG0074-consensus	NODE_65_length_126856_cov_21.667524	36.48	551	272	78	6	549	18484	17048	5.8e-39	166.5
NCVOG0074-consensus	NODE_22_length_302653_cov_22.528429	30.84	574	324	73	7	513	166839	168539	9.5e-30	136.1
NCVOG0074-consensus	NODE_36_length_233091_cov_22.552982	36.10	446	212	73	93	538	128798	129913	3.2e-23	114.4
NCVOG0074-consensus	NODE_12_length_401903_cov_22.235714	26.83	410	271	29	20	403	335007	336224	1.3e-19	101.9
NCVOG1299-consensus	NODE_34_length_236937_cov_22.226450	54.44	90	29	12	56	133	54247	54513	2.9e-12	75.9
NCVOG1196-consensus	NODE_5_length_654427_cov_22.401142	29.01	686	433	54	287	947	387876	389827	1.5e-33	149.6
NCVOG1196-consensus	NODE_23_length_288636_cov_22.953739	25.68	623	424	39	301	912	83019	84792	1.8e-21	109.4
NCVOG1196-consensus	NODE_27_length_263884_cov_24.899559	25.09	881	592	68	138	983	31026	28510	6.7e-21	107.5
NCVOG0064-consensus	NODE_81_length_70098_cov_22.498122	25.00	360	230	40	23	356	22401	23435	9.9e-13	78.1
NCVOG4324-consensus	NODE_3_length_1074072_cov_22.587369	30.98	468	263	60	150	588	186529	187834	8.2e-23	113.0
NCVOG4134-consensus	NODE_3_length_1074072_cov_22.587369	32.41	469	264	53	39	458	64767	63378	1.1e-24	118.8
NCVOG0334-consensus	NODE_15_length_355712_cov_22.253265	36.14	332	171	41	6	306	23602	22642	3.4e-21	106.7
NCVOG0304-consensus	NODE_2_length_1224506_cov_22.465143	31.02	187	100	29	52	212	164039	163491	6.2e-11	73.2
NCVOG0214-consensus	NODE_77_length_77145_cov_22.292365	34.91	275	149	30	260	525	28423	27669	6.3e-18	96.2
NCVOG0214-consensus	NODE_8_length_428378_cov_22.293616	30.99	284	172	24	314	586	365276	366077	8.3e-13	79.9
NCVOG0004-consensus	NODE_19_length_322648_cov_22.464124	32.62	233	137	20	54	279	170149	170805	9.7e-15	86.2
NCVOG0276-consensus	NODE_30_length_245183_cov_22.620670	52.70	408	91	102	52	357	2077	863	1.6e-55	220.9
NCVOG4882-consensus	NODE_1_length_1433616_cov_22.521251	30.26	456	286	32	363	796	1296448	1295122	2.1e-23	115.7
NCVOG2204-consensus	NODE_1_length_1433616_cov_22.521251	27.72	487	253	99	54	442	460294	458846	3.4e-21	107.2
NCVOG0777-consensus	NODE_55_length_151872_cov_22.328871	31.52	330	196	30	133	451	12081	11152	1.8e-19	103.2
NCVOG0777-consensus	NODE_55_length_151872_cov_22.328871	31.71	350	183	56	138	454	11087	12064	2.6e-19	102.6
NCVOG0777-consensus	NODE_10_length_426634_cov_22.585511	36.76	204	103	26	151	347	344046	344597	5.8e-19	101.3
NCVOG0777-consensus	NODE_3_length_1074072_cov_22.587369	35.75	179	102	13	143	311	816007	816531	1.4e-14	86.9
NCVOG0777-consensus	NODE_218_length_1126_cov_15.469018	30.68	88	59	2	588	674	239	496	3.5e-14	78.5
NCVOG0777-consensus	NODE_43_length_187394_cov_21.881281	28.63	248	156	21	161	393	114237	114959	4.2e-13	82.0
NCVOG0777-consensus	NODE_25_length_277262_cov_21.801577	38.36	159	80	18	160	311	202718	203154	2.9e-12	79.0
NCVOG0777-consensus	NODE_12_length_401903_cov_22.235714	41.98	162	66	28	155	314	175595	175191	3.4e-12	79.0
NCVOG0777-consensus	NODE_12_length_401903_cov_22.235714	30.99	242	140	27	183	404	175192	175893	2.7e-11	76.0
NCVOG4966-consensus	NODE_23_length_288636_cov_22.953739	25.25	400	270	29	102	485	82869	84026	7.7e-12	76.2
NCVOG0030-consensus	NODE_22_length_302653_cov_22.528429	34.87	522	242	98	28	472	30217	28722	3.9e-27	127.7
NCVOG0030-consensus	NODE_63_length_131375_cov_22.590647	28.91	550	229	162	94	500	19976	21561	8.8e-27	126.3
NCVOG4494-consensus	NODE_14_length_362242_cov_22.519887	37.41	147	90	2	55	199	102347	101910	3.6e-14	84.1
NCVOG4494-consensus	NODE_7_length_620063_cov_22.468586	36.32	190	116	5	15	201	30822	31378	5.2e-14	83.5
NCVOG4494-consensus	NODE_29_length_245252_cov_22.848826	36.04	197	119	7	41	233	175812	176388	4.6e-13	79.7
NCVOG4494-consensus	NODE_27_length_263884_cov_24.899559	29.41	204	139	5	18	219	212854	213453	8.8e-11	72.4
NCVOG0077-consensus	NODE_97_length_39168_cov_21.772249	33.33	405	249	21	312	706	3724	4902	6.1e-46	188.1
NCVOG0077-consensus	NODE_121_length_14081_cov_22.838903	33.42	404	248	21	312	706	3209	4381	2.4e-44	181.3
NCVOG0077-consensus	NODE_48_length_173690_cov_22.296740	30.10	392	242	32	339	713	136762	135635	7.8e-27	126.6
NCVOG0077-consensus	NODE_118_length_15407_cov_22.759883	35.29	221	132	11	491	704	8314	7667	1.7e-22	108.9
NCVOG0077-consensus	NODE_47_length_175611_cov_22.870777	33.33	225	138	12	333	553	34828	34181	3.2e-20	104.6
NCVOG0077-consensus	NODE_65_length_126856_cov_21.667524	28.85	312	136	86	485	713	64503	65426	1.2e-14	85.9
NCVOG0077-consensus	NODE_4_length_797427_cov_22.570721	28.14	398	218	68	352	696	358550	357405	2.4e-14	85.1
NCVOG0077-consensus	NODE_85_length_64128_cov_22.089632	28.06	392	192	90	314	627	42583	43719	8.3e-14	82.1
NCVOG0077-consensus	NODE_77_length_77145_cov_22.292365	32.14	420	192	93	320	649	55831	54590	7.9e-13	79.1
NCVOG0077-consensus	NODE_25_length_277262_cov_21.801577	43.22	118	56	11	588	696	62438	62094	1e-12	79.7
NCVOG0077-consensus	NODE_35_length_235943_cov_22.496078	28.78	410	223	69	341	708	60999	62142	2.1e-11	75.3
NCVOG2647-consensus	NODE_12_length_401903_cov_22.235714	31.22	189	119	11	23	201	51357	51917	1.5e-12	77.6
NCVOG0267-consensus	NODE_55_length_151872_cov_22.328871	27.25	466	284	55	282	721	101233	102540	1.7e-28	132.7
NCVOG0267-consensus	NODE_24_length_278145_cov_22.273865	26.76	411	257	44	328	722	152354	151209	2.5e-27	128.7
NCVOG0267-consensus	NODE_22_length_302653_cov_22.528429	29.63	432	261	43	327	748	152897	154090	1.7e-24	119.5
NCVOG0267-consensus	NODE_11_length_401995_cov_22.277358	26.56	512	259	117	325	737	21647	20175	1.5e-13	83.1
NCVOG0267-consensus	NODE_43_length_187394_cov_21.881281	30.75	413	252	34	328	733	162164	161016	6.5e-13	79.0
NCVOG0267-consensus	NODE_1_length_1433616_cov_22.521251	30.24	420	241	52	325	718	1314497	1315675	1.2e-12	80.1
NCVOG0517-consensus	NODE_6_length_634111_cov_22.703863	29.96	237	146	20	124	341	318589	317885	3.3e-11	73.6
NCVOG0046-consensus	NODE_15_length_355712_cov_22.253265	61.76	68	24	2	7	72	139959	140159	6.8e-13	79.1
NCVOG0037-consensus	NODE_31_length_244656_cov_22.610379	43.69	1117	481	148	71	1042	68745	65413	5e-84	317.2
NCVOG0037-consensus	NODE_44_length_182777_cov_22.145605	42.93	1046	370	227	70	890	100320	103430	3.8e-46	191.3
NCVOG0007-consensus	NODE_20_length_310532_cov_22.396599	30.51	413	213	74	20	358	157676	156441	2.5e-28	130.6
NCVOG1115-consensus	NODE_14_length_362242_cov_22.519887	37.50	312	164	31	129	409	207285	206365	2e-32	144.4
NCVOG0015-consensus	NODE_13_length_370313_cov_22.300857	33.75	160	99	7	99	251	146598	146122	2.4e-11	74.6
NCVOG0005-consensus	NODE_13_length_370313_cov_22.300857	25.73	307	205	23	41	334	212815	213702	3.3e-11	74.1
NCVOG0486-consensus	NODE_3_length_1074072_cov_22.587369	30.33	366	195	60	63	376	99948	101016	4.7e-20	103.2
NCVOG0806-consensus	NODE_7_length_620063_cov_22.468586	38.63	466	210	76	19	419	507388	506033	2.3e-45	187.5
NCVOG0806-consensus	NODE_40_length_210174_cov_21.934616	28.76	372	194	71	144	447	32874	31777	6e-17	93.1
NCVOG0395-consensus	NODE_7_length_620063_cov_22.468586	45.33	75	41	0	3	77	427641	427420	2.2e-14	82.2
NCVOG1066-consensus	NODE_128_length_10228_cov_21.036745	35.76	165	89	17	2	162	8627	9079	3.9e-12	72.8
NCVOG1326-consensus	NODE_29_length_245252_cov_22.848826	55.24	105	47	0	46	150	173864	173553	3e-25	118.5
NCVOG1326-consensus	NODE_1_length_1433616_cov_22.521251	39.02	164	74	26	8	146	696911	696426	2.4e-12	76.2
NCVOG0036-consensus	NODE_6_length_634111_cov_22.703863	36.86	236	116	33	87	294	499753	500440	1.8e-15	87.7
NCVOG4561-consensus	NODE_55_length_151872_cov_22.328871	28.48	323	188	43	46	333	11522	12463	6.2e-11	73.1
NCVOG0222-consensus	NODE_2_length_1224506_cov_22.465143	25.00	444	311	22	66	497	700617	701915	1e-19	102.5
NCVOG0222-consensus	NODE_2_length_1224506_cov_22.465143	23.55	327	238	12	156	481	699655	700595	1.9e-13	81.6
NCVOG0222-consensus	NODE_1_length_1433616_cov_22.521251	25.18	417	304	8	87	501	286586	287815	1.8e-19	101.7
NCVOG0222-consensus	NODE_37_length_229184_cov_22.633893	26.55	354	245	15	102	451	223928	222903	7.1e-18	95.5
NCVOG0222-consensus	NODE_40_length_210174_cov_21.934616	20.14	432	337	8	87	514	168504	169780	5.4e-14	82.2
NCVOG0014-consensus	NODE_13_length_370313_cov_22.300857	27.37	274	186	13	134	404	146676	145888	2.8e-16	91.1
NCVOG0002-consensus	NODE_2_length_1224506_cov_22.465143	32.49	551	297	75	332	832	597250	595680	2e-30	138.8
NCVOG0002-consensus	NODE_15_length_355712_cov_22.253265	29.59	632	387	58	214	812	178122	179937	1.7e-27	129.0
NCVOG4845-consensus	NODE_110_length_20179_cov_22.583972	26.00	523	340	47	118	621	5154	3679	2.3e-34	148.5
NCVOG4845-consensus	NODE_41_length_207175_cov_22.298094	27.99	536	289	97	114	629	187971	189344	1.5e-24	117.5
NCVOG4845-consensus	NODE_52_length_158177_cov_21.963226	27.80	500	276	85	137	621	33034	34308	1.7e-16	92.1
NCVOG2775-consensus	NODE_24_length_278145_cov_22.273865	33.73	249	162	3	156	403	3816	4553	1.1e-26	125.8
NCVOG2775-consensus	NODE_1_length_1433616_cov_22.521251	34.73	239	124	32	193	400	723434	724144	1.3e-21	109.0
NCVOG2775-consensus	NODE_3_length_1074072_cov_22.587369	32.26	279	181	8	128	399	262781	263611	6.6e-20	103.3
NCVOG2775-consensus	NODE_3_length_1074072_cov_22.587369	31.78	258	164	12	121	369	265253	266014	9.6e-16	89.5
NCVOG2775-consensus	NODE_67_length_108587_cov_22.653101	32.28	158	107	0	230	387	97082	97552	5.5e-15	86.5
NCVOG2775-consensus	NODE_19_length_322648_cov_22.464124	34.88	215	139	1	199	413	131637	130999	2.8e-14	84.6
NCVOG4884-consensus	NODE_71_length_100568_cov_22.509906	35.25	295	162	29	181	473	1475	675	8.9e-21	105.8
NCVOG0924-consensus	NODE_20_length_310532_cov_22.396599	35.86	198	105	22	3	185	148313	148882	3.3e-14	82.7
NCVOG0275-consensus	NODE_3_length_1074072_cov_22.587369	37.19	121	71	5	7	122	968667	969026	2.2e-12	76.7
NCVOG0275-consensus	NODE_105_length_26933_cov_21.788629	51.22	82	40	0	7	88	6669	6427	2.8e-12	73.9
NCVOG0729-consensus	NODE_21_length_309912_cov_22.369270	32.67	600	269	135	27	507	287658	285920	2.1e-13	81.6
NCVOG5103-consensus	NODE_95_length_42440_cov_21.045771	28.11	217	149	7	297	506	15784	15139	9.2e-12	75.2
NCVOG4874-consensus	NODE_14_length_362242_cov_22.519887	40.93	408	186	55	16	371	67136	68337	4.4e-65	252.7
NCVOG4605-consensus	NODE_13_length_370313_cov_22.300857	24.94	778	516	68	3	737	306137	303908	2.3e-13	80.8
NCVOG4605-consensus	NODE_14_length_362242_cov_22.519887	31.52	514	299	53	22	504	43318	44772	1.4e-12	79.3
NCVOG4605-consensus	NODE_77_length_77145_cov_22.292365	32.02	356	190	52	140	477	28663	27721	8.4e-12	75.8
NCVOG1136-consensus	NODE_43_length_187394_cov_21.881281	46.86	303	123	38	193	459	158903	159802	1.8e-47	192.6
NCVOG4881-consensus	NODE_53_length_156159_cov_22.158731	27.19	526	323	60	78	574	32722	34195	1.7e-11	75.4
NCVOG0059-consensus	NODE_72_length_98620_cov_21.191520	31.68	202	122	16	165	354	22953	23543	4.9e-13	79.5
NCVOG0191-consensus	NODE_10_length_426634_cov_22.585511	32.32	198	106	28	19	215	343968	344477	9.6e-11	71.3
NCVOG4655-consensus	NODE_10_length_426634_cov_22.585511	28.25	223	139	21	57	263	144628	143980	2.2e-11	74.4
NCVOG0901-consensus	NODE_72_length_98620_cov_21.191520	45.21	188	70	33	26	180	68004	67446	1.9e-24	116.1
NCVOG2980-consensus	NODE_40_length_210174_cov_21.934616	26.38	417	239	68	102	464	1764	559	2.8e-15	87.6
NCVOG1298-consensus	NODE_5_length_654427_cov_22.401142	27.62	467	300	38	131	575	387283	388622	9.5e-15	86.2
NCVOG1298-consensus	NODE_5_length_654427_cov_22.401142	25.39	319	211	27	262	571	388716	389603	8.3e-12	76.4
NCVOG1298-consensus	NODE_27_length_263884_cov_24.899559	27.31	454	284	46	175	595	30074	28761	7.5e-14	83.2
NCVOG5062-consensus	NODE_24_length_278145_cov_22.273865	70.31	64	14	5	5	68	2422	2595	2.3e-11	72.0
NCVOG0450-consensus	NODE_127_length_10791_cov_23.388557	51.69	207	89	11	148	346	8166	7558	6.7e-39	162.2
NCVOG0450-consensus	NODE_127_length_10791_cov_23.388557	46.71	289	137	17	121	401	7551	6715	6.7e-39	162.2
NCVOG0450-consensus	NODE_64_length_129606_cov_22.099947	41.51	265	120	35	141	401	4099	3401	3.2e-31	140.3
NCVOG0450-consensus	NODE_22_length_302653_cov_22.528429	46.97	198	88	17	147	335	286837	287403	2.8e-25	120.7
NCVOG0450-consensus	NODE_33_length_241372_cov_22.148694	40.61	197	109	8	141	332	4520	3942	5.2e-22	109.9
NCVOG0450-consensus	NODE_53_length_156159_cov_22.158731	34.04	285	147	41	139	401	26013	26807	2e-18	98.0
NCVOG0450-consensus	NODE_5_length_654427_cov_22.401142	30.33	366	179	76	116	420	230390	231435	4.7e-16	90.1
NCVOG0652-consensus	NODE_6_length_634111_cov_22.703863	29.94	334	210	24	90	415	31928	32878	1.1e-31	141.9
NCVOG0652-consensus	NODE_17_length_335998_cov_22.635408	33.71	350	201	31	94	413	91140	90101	1.1e-23	115.3
NCVOG0652-consensus	NODE_44_length_182777_cov_22.145605	27.59	377	229	44	76	414	2732	3839	5.4e-12	76.5
NCVOG0350-consensus	NODE_70_length_103375_cov_22.489099	31.29	278	163	28	28	283	20817	20005	9.9e-11	71.3
NCVOG4522-consensus	NODE_10_length_426634_cov_22.585511	34.78	207	75	60	261	407	252334	251721	2.7e-16	90.9
NCVOG1352-consensus	NODE_39_length_216019_cov_22.046627	33.50	206	129	8	12	209	198278	197664	8.5e-23	110.4
NCVOG0522-consensus	NODE_1_length_1433616_cov_22.521251	32.00	200	120	16	49	241	984910	984343	6.3e-11	72.6
NCVOG5117-consensus	NODE_3_length_1074072_cov_22.587369	29.09	471	271	63	729	1188	816569	815322	5.7e-20	105.0
NCVOG5117-consensus	NODE_25_length_277262_cov_21.801577	28.16	522	295	80	505	1007	203814	202437	3.5e-17	95.6
NCVOG5117-consensus	NODE_12_length_401903_cov_22.235714	39.19	148	79	11	826	965	175147	175578	6.8e-16	91.5
NCVOG5117-consensus	NODE_10_length_426634_cov_22.585511	32.13	221	140	10	796	1013	344440	343802	1.7e-14	86.6
NCVOG5117-consensus	NODE_43_length_187394_cov_21.881281	33.88	245	113	49	737	970	114718	114105	6.2e-14	85.0
NCVOG5117-consensus	NODE_59_length_140079_cov_22.208954	38.41	138	73	12	827	962	129283	129663	7e-14	84.7
NCVOG5117-consensus	NODE_54_length_153550_cov_22.669010	27.30	304	191	30	683	963	66437	67322	2.3e-13	83.1
NCVOG5117-consensus	NODE_55_length_151872_cov_22.328871	25.15	513	353	31	476	964	10580	12094	1.3e-12	80.6
NCVOG5117-consensus	NODE_22_length_302653_cov_22.528429	35.82	201	93	36	746	944	155766	156261	6.5e-11	74.9
NCVOG5117-consensus	NODE_24_length_278145_cov_22.273865	32.17	230	126	30	736	952	44301	44936	7.9e-11	74.7
NCVOG4122-consensus	NODE_23_length_288636_cov_22.953739	26.33	300	215	6	80	376	145974	146861	9.3e-21	105.8
NCVOG4122-consensus	NODE_127_length_10791_cov_23.388557	23.50	383	279	14	91	470	7986	6874	4.3e-20	99.8
NCVOG4122-consensus	NODE_41_length_207175_cov_22.298094	20.99	443	324	26	10	431	200019	198709	7.4e-12	74.9
NCVOG4122-consensus	NODE_14_length_362242_cov_22.519887	25.70	393	249	43	98	460	297740	296604	1.9e-11	74.9
NCVOG0032-consensus	NODE_21_length_309912_cov_22.369270	27.05	806	371	217	252	853	32478	30105	1.1e-20	106.5
NCVOG0032-consensus	NODE_55_length_151872_cov_22.328871	27.93	598	312	119	286	873	32695	34158	1.5e-15	89.4
NCVOG0032-consensus	NODE_4_length_797427_cov_22.570721	29.78	272	163	28	564	818	596310	595537	7.9e-14	83.7
NCVOG0032-consensus	NODE_8_length_428378_cov_22.293616	37.97	158	88	10	685	836	240106	239648	1.7e-13	82.6
NCVOG0032-consensus	NODE_60_length_139759_cov_22.908621	23.78	799	476	133	143	834	95245	92954	8.5e-13	80.2
NCVOG0032-consensus	NODE_6_length_634111_cov_22.703863	26.58	869	474	164	8	775	95497	97891	3.4e-12	78.3
NCVOG0032-consensus	NODE_2_length_1224506_cov_22.465143	28.12	786	336	229	239	820	501270	499001	1.3e-11	76.4
NCVOG0302-consensus	NODE_10_length_426634_cov_22.585511	31.25	320	179	41	250	528	83988	84934	9.7e-18	96.0
NCVOG0302-consensus	NODE_3_length_1074072_cov_22.587369	28.57	329	175	60	263	535	929243	930210	3.5e-12	77.5
NCVOG0302-consensus	NODE_25_length_277262_cov_21.801577	34.35	131	83	3	327	454	187507	187118	1.9e-11	74.8
NCVOG0302-consensus	NODE_1_length_1433616_cov_22.521251	23.57	263	183	18	3	256	545786	545028	2.7e-11	74.6
NCVOG0012-consensus	NODE_10_length_426634_cov_22.585511	50.33	153	53	23	302	434	343998	344440	1.9e-11	74.7
NCVOG0012-consensus	NODE_37_length_229184_cov_22.633893	59.18	98	33	7	326	423	1	270	2e-11	74.9
NCVOG1127-consensus	NODE_2_length_1224506_cov_22.465143	29.17	192	124	12	82	267	858399	857845	1.6e-14	85.4
NCVOG0868-consensus	NODE_26_length_268085_cov_22.141078	47.83	92	36	12	143	222	23988	24256	1.1e-13	82.0
NCVOG0868-consensus	NODE_8_length_428378_cov_22.293616	42.74	117	52	15	156	262	47497	47169	3.2e-12	77.1
NCVOG0181-consensus	NODE_47_length_175611_cov_22.870777	26.33	357	240	23	92	433	2370	3413	4.4e-27	126.7
NCVOG0181-consensus	NODE_65_length_126856_cov_21.667524	28.15	270	177	17	166	419	76877	76074	4.3e-18	96.6
NCVOG0181-consensus	NODE_5_length_654427_cov_22.401142	27.74	310	194	30	92	384	232789	233672	5.1e-18	96.6
NCVOG0025-consensus	NODE_23_length_288636_cov_22.953739	28.28	435	247	65	103	500	190274	189079	2.3e-18	97.9
NCVOG0025-consensus	NODE_1_length_1433616_cov_22.521251	28.34	434	234	77	111	521	1418058	1419194	1.1e-16	91.7
NCVOG0025-consensus	NODE_39_length_216019_cov_22.046627	27.11	439	264	56	101	515	46457	47666	1.3e-16	92.2
NCVOG0025-consensus	NODE_88_length_61095_cov_22.650693	27.54	443	256	65	91	521	19127	20293	4.6e-14	82.4
NCVOG0025-consensus	NODE_1_length_1433616_cov_22.521251	23.17	423	274	51	85	481	852407	851221	5.2e-14	83.5
NCVOG0025-consensus	NODE_29_length_245252_cov_22.848826	26.92	390	228	57	104	487	36287	35274	3.4e-13	80.8
NCVOG0025-consensus	NODE_14_length_362242_cov_22.519887	24.02	408	262	48	85	491	199327	198248	8.4e-12	76.2
NCVOG0025-consensus	NODE_12_length_401903_cov_22.235714	24.08	436	290	41	81	508	181432	182637	3.1e-11	74.3
NCVOG0271-consensus	NODE_7_length_620063_cov_22.468586	40.59	1195	521	189	147	1156	424771	428328	1.8e-105	388.5
NCVOG0271-consensus	NODE_94_length_44723_cov_22.356672	32.26	1271	655	206	27	1124	21053	24755	2.8e-23	113.8
NCVOG0271-consensus	NODE_13_length_370313_cov_22.300857	28.19	1185	705	146	81	1153	272855	269410	7.4e-22	110.8
NCVOG4568-consensus	NODE_4_length_797427_cov_22.570721	51.67	180	76	11	307	475	436291	436827	4.8e-13	80.2
NCVOG0061-consensus	NODE_1_length_1433616_cov_22.521251	31.81	569	298	90	55	541	925302	923633	4.7e-30	136.9
NCVOG0451-consensus	NODE_23_length_288636_cov_22.953739	32.30	257	161	13	124	377	146121	146858	1.8e-13	81.4
NCVOG0451-consensus	NODE_52_length_158177_cov_21.963226	30.11	279	185	10	134	406	50087	50908	2.8e-11	74.1
NCVOG0451-consensus	NODE_52_length_158177_cov_21.963226	29.08	196	130	9	157	350	10709	11268	2.8e-11	74.1
NCVOG1351-consensus	NODE_66_length_115807_cov_21.906982	30.89	450	267	44	12	442	101770	100505	1.8e-24	118.0
NCVOG1351-consensus	NODE_28_length_247359_cov_22.255708	30.60	366	174	80	78	370	166803	167872	7.6e-14	82.4
NCVOG0531-consensus	NODE_69_length_105706_cov_21.994812	28.73	268	174	17	1	260	11517	12290	3.8e-15	86.6
NCVOG4907-consensus	NODE_21_length_309912_cov_22.369270	28.23	666	417	61	86	726	263963	262089	1.1e-15	89.5
NCVOG0301-consensus	NODE_3_length_1074072_cov_22.587369	27.93	333	174	66	264	537	929246	930216	8.9e-12	76.2
NCVOG0021-consensus	NODE_18_length_329683_cov_22.350148	25.00	468	324	27	73	524	206601	205234	4.5e-19	101.3
NCVOG0021-consensus	NODE_19_length_322648_cov_22.464124	32.95	173	110	6	174	344	272146	272645	1.6e-13	82.9
NCVOG0021-consensus	NODE_5_length_654427_cov_22.401142	20.70	483	349	34	90	553	388411	389811	7.2e-13	80.7
NCVOG0021-consensus	NODE_3_length_1074072_cov_22.587369	34.29	210	116	22	568	768	816548	815961	1.2e-11	76.6
NCVOG0021-consensus	NODE_21_length_309912_cov_22.369270	22.37	742	524	52	4	733	263880	261784	3.8e-11	75.0
NCVOG0021-consensus	NODE_55_length_151872_cov_22.328871	24.46	560	369	54	278	830	10748	12283	5.5e-11	74.4
NCVOG0001-consensus	NODE_45_length_181795_cov_23.753954	44.76	286	137	21	320	600	102899	102093	6.4e-46	189.8
NCVOG0001-consensus	NODE_13_length_370313_cov_22.300857	39.41	236	124	19	328	555	221680	221009	1.7e-34	151.8
NCVOG0001-consensus	NODE_5_length_654427_cov_22.401142	47.81	251	113	18	313	556	447310	448026	6.5e-34	149.9
NCVOG0001-consensus	NODE_41_length_207175_cov_22.298094	42.68	246	123	18	314	555	60946	60254	2.9e-33	147.8
NCVOG0001-consensus	NODE_10_length_426634_cov_22.585511	38.33	240	115	33	333	547	102036	102728	2.8e-24	117.9
NCVOG0001-consensus	NODE_1_length_1433616_cov_22.521251	48.32	238	111	12	323	560	989722	990396	3.2e-23	114.4
NCVOG0001-consensus	NODE_15_length_355712_cov_22.253265	39.58	192	104	12	364	555	190880	191416	1.2e-22	112.5
NCVOG0001-consensus	NODE_20_length_310532_cov_22.396599	40.21	194	107	9	363	556	267111	266560	1.2e-22	112.5
NCVOG0001-consensus	NODE_5_length_654427_cov_22.401142	32.77	238	120	40	351	556	214769	214085	9.9e-19	99.5
NCVOG0001-consensus	NODE_54_length_153550_cov_22.669010	35.48	217	120	20	371	578	125773	125163	2.5e-18	98.1
NCVOG0001-consensus	NODE_14_length_362242_cov_22.519887	40.96	188	99	12	314	500	266828	267355	1.7e-17	95.4
NCVOG0001-consensus	NODE_2_length_1224506_cov_22.465143	38.01	271	111	57	360	579	358576	359361	4.3e-17	94.1
NCVOG0001-consensus	NODE_35_length_235943_cov_22.496078	38.37	245	134	17	328	566	224473	223775	7.3e-16	89.2
NCVOG0001-consensus	NODE_35_length_235943_cov_22.496078	35.84	332	164	49	320	613	225463	224504	2.5e-25	120.6
NCVOG0001-consensus	NODE_20_length_310532_cov_22.396599	35.96	267	153	18	307	566	47551	48315	3.2e-15	87.8
NCVOG0001-consensus	NODE_20_length_310532_cov_22.396599	40.44	272	122	40	320	562	46628	47403	3.5e-33	147.5
NCVOG0001-consensus	NODE_1_length_1433616_cov_22.521251	30.10	309	138	78	357	598	1232901	1233789	6.5e-14	83.5
NCVOG0001-consensus	NODE_83_length_67126_cov_22.140360	32.61	276	132	54	370	603	9827	9041	3.7e-11	73.2
NCVOG4580-consensus	NODE_81_length_70098_cov_22.498122	31.12	241	140	26	20	240	21690	22379	6.2e-12	75.4
NCVOG2058-consensus	NODE_23_length_288636_cov_22.953739	32.50	280	172	17	99	372	145968	146771	2.2e-23	114.3
NCVOG0066-consensus	NODE_5_length_654427_cov_22.401142	32.00	375	223	32	119	463	273249	272136	1.4e-26	125.5
NCVOG0066-consensus	NODE_5_length_654427_cov_22.401142	31.53	352	204	37	89	405	272012	270966	3e-23	114.4
NCVOG0066-consensus	NODE_5_length_654427_cov_22.401142	36.44	354	166	59	114	410	274404	273352	2.8e-13	81.3
NCVOG0038-consensus	NODE_4_length_797427_cov_22.570721	32.77	1074	485	237	96	972	545280	548354	1.1e-31	143.3
NCVOG0038-consensus	NODE_15_length_355712_cov_22.253265	25.97	747	482	71	257	966	63191	61060	2.8e-31	142.0
NCVOG0228-consensus	NODE_16_length_349612_cov_22.294740	28.05	681	421	69	288	922	182025	180055	4.1e-15	88.0
NCVOG0218-consensus	NODE_55_length_151872_cov_22.328871	37.52	509	258	60	432	901	12390	10930	9.1e-31	140.3
NCVOG0218-consensus	NODE_21_length_309912_cov_22.369270	35.08	590	315	68	354	902	261827	263512	7.2e-29	134.0
NCVOG0218-consensus	NODE_25_length_277262_cov_21.801577	33.65	523	295	52	360	847	201782	203286	2.4e-24	118.7
NCVOG0218-consensus	NODE_86_length_64094_cov_21.648078	33.12	613	335	75	355	900	54991	53200	1.2e-23	115.4
NCVOG0218-consensus	NODE_3_length_1074072_cov_22.587369	32.52	572	338	48	467	1012	815314	816936	4.8e-23	114.6
NCVOG0218-consensus	NODE_5_length_654427_cov_22.401142	34.10	610	308	94	366	901	474776	473042	3.4e-22	111.8
NCVOG0218-consensus	NODE_10_length_426634_cov_22.585511	58.43	166	58	11	640	798	343980	344462	7.1e-22	110.5
NCVOG0218-consensus	NODE_201_length_1435_cov_295.794551	32.89	523	294	57	359	866	1416	9	5.3e-20	97.8
NCVOG0218-consensus	NODE_13_length_370313_cov_22.300857	30.32	587	342	67	351	903	188408	190026	6.4e-19	101.0
NCVOG0218-consensus	NODE_25_length_277262_cov_21.801577	46.10	295	115	44	593	853	79287	80116	5.4e-18	97.9
NCVOG0218-consensus	NODE_43_length_187394_cov_21.881281	43.25	252	125	18	651	896	114156	114866	1.3e-16	93.3
NCVOG0218-consensus	NODE_3_length_1074072_cov_22.587369	32.07	555	326	51	370	883	715397	713766	2.2e-16	92.5
NCVOG0218-consensus	NODE_12_length_401903_cov_22.235714	51.23	162	70	9	623	784	175604	175149	9e-16	90.5
NCVOG0218-consensus	NODE_62_length_131918_cov_22.256794	35.00	440	241	45	447	869	125519	124327	1.8e-15	89.3
NCVOG0218-consensus	NODE_18_length_329683_cov_22.350148	35.13	464	217	84	510	893	316073	314717	2.8e-15	86.6
NCVOG0218-consensus	NODE_3_length_1074072_cov_22.587369	30.04	699	389	100	313	932	851403	849403	1.8e-14	86.2
NCVOG0218-consensus	NODE_34_length_236937_cov_22.226450	29.40	755	371	162	343	937	138415	136168	3.1e-14	85.4
NCVOG0218-consensus	NODE_22_length_302653_cov_22.528429	37.25	247	141	14	570	806	156586	155865	8.6e-14	83.9
NCVOG0218-consensus	NODE_54_length_153550_cov_22.669010	41.18	272	148	12	632	897	67465	66683	8.6e-14	83.9
NCVOG0218-consensus	NODE_8_length_428378_cov_22.293616	32.81	704	314	159	362	927	47644	45607	1.1e-13	83.5
NCVOG0218-consensus	NODE_28_length_247359_cov_22.255708	30.69	378	230	32	545	901	19850	20947	1.5e-13	83.1
NCVOG0218-consensus	NODE_1_length_1433616_cov_22.521251	28.81	649	371	91	343	902	159540	161477	2.2e-13	82.6
NCVOG0218-consensus	NODE_37_length_229184_cov_22.633893	38.62	290	155	23	616	890	1	833	3.2e-13	82.0
NCVOG0218-consensus	NODE_1_length_1433616_cov_22.521251	31.22	426	250	43	484	873	1353119	1351884	9.6e-13	79.7
NCVOG0218-consensus	NODE_14_length_362242_cov_22.519887	25.29	597	390	56	341	908	43079	44779	1.1e-12	80.3
NCVOG0218-consensus	NODE_90_length_58475_cov_22.582126	32.74	339	189	39	563	875	45415	44457	1.1e-12	78.9
NCVOG0218-consensus	NODE_7_length_620063_cov_22.468586	34.02	291	183	9	613	897	606660	607518	3.2e-12	75.9
NCVOG0218-consensus	NODE_59_length_140079_cov_22.208954	53.73	134	47	15	679	812	129665	129312	1.1e-11	76.9
NCVOG0218-consensus	NODE_16_length_349612_cov_22.294740	41.41	198	107	9	616	806	69094	68522	4.4e-11	74.9
NCVOG0218-consensus	NODE_24_length_278145_cov_22.273865	42.53	221	117	10	655	869	44953	44312	7.7e-11	74.1
NCVOG0018-consensus	NODE_144_length_7314_cov_18.283405	22.67	997	659	112	5	971	1051	3792	1.6e-13	78.8
NCVOG4344-consensus	NODE_3_length_1074072_cov_22.587369	32.02	253	156	16	17	265	262922	263639	3e-11	74.3
NCVOG0226-consensus	NODE_26_length_268085_cov_22.141078	35.71	140	83	7	20	155	24026	24433	2.3e-15	87.9
NCVOG0226-consensus	NODE_101_length_34353_cov_21.624081	28.81	243	151	22	36	258	28754	29469	1.1e-11	73.5
NCVOG4170-consensus	NODE_2_length_1224506_cov_22.465143	34.55	191	117	8	129	314	552976	553536	6.8e-18	95.9
NCVOG0720-consensus	NODE_29_length_245252_cov_22.848826	43.48	161	84	7	5	165	221378	220920	2e-24	115.9
NCVOG4487-consensus	NODE_4_length_797427_cov_22.570721	29.30	314	202	20	251	553	171840	172737	1e-15	89.3
