NCVOG0719-consensus	NODE_358_length_9252_cov_24.706703	35.02	237	147	7	37	266	5581	4876	1.1e-31	139.3
NCVOG0719-consensus	NODE_358_length_9252_cov_24.706703	29.05	296	162	48	25	275	6730	5867	7.8e-13	76.6
NCVOG0719-consensus	NODE_496_length_7475_cov_25.783725	27.56	225	153	10	8	230	5546	6189	1.7e-13	78.5
NCVOG0169-consensus	NODE_6734_length_575_cov_32.479920	44.79	192	91	15	209	386	574	9	1.5e-13	75.5
NCVOG1069-consensus	NODE_25_length_33300_cov_26.068296	30.46	417	215	75	76	442	21082	22254	8.9e-17	92.2
NCVOG1069-consensus	NODE_490_length_7544_cov_25.930628	35.22	159	95	8	75	231	5942	5487	1.5e-14	82.7
NCVOG1069-consensus	NODE_5572_length_742_cov_26.884211	32.52	163	98	12	276	432	115	582	2.1e-12	72.2
NCVOG1243-consensus	NODE_137_length_15331_cov_23.866789	28.46	253	160	21	3	242	12318	13049	2.4e-12	75.8
NCVOG0669-consensus	NODE_15_length_54241_cov_28.149617	26.72	247	168	13	223	464	36602	37311	3.4e-13	81.1
NCVOG0333-consensus	NODE_3854_length_962_cov_40.523164	52.70	74	32	3	605	678	724	933	8.4e-12	71.3
NCVOG0333-consensus	NODE_4142_length_925_cov_27.158019	53.42	73	31	3	605	677	800	594	1.2e-11	70.7
NCVOG0333-consensus	NODE_210_length_12657_cov_26.330922	47.78	90	44	3	605	694	8122	7865	3.1e-11	73.1
NCVOG2223-consensus	NODE_678_length_5807_cov_22.437347	32.95	352	204	32	571	911	3199	2210	4.8e-40	168.0
NCVOG0233-consensus	NODE_336_length_9573_cov_23.768008	33.94	928	467	146	83	866	1943	4709	1.2e-57	227.2
NCVOG0233-consensus	NODE_224_length_12176_cov_25.100504	34.81	902	482	106	54	858	10080	7407	8.3e-57	224.7
NCVOG0233-consensus	NODE_4895_length_827_cov_28.569333	44.12	272	137	15	497	753	825	13	9.1e-37	154.3
NCVOG0233-consensus	NODE_3931_length_952_cov_27.686857	37.24	239	145	5	513	746	213	926	5.5e-35	148.6
NCVOG0233-consensus	NODE_589_length_6609_cov_26.359461	25.17	890	488	178	130	850	3314	5941	3.1e-33	145.5
NCVOG0233-consensus	NODE_4844_length_833_cov_28.272487	34.06	276	162	20	166	421	833	9	4.3e-29	128.8
NCVOG0233-consensus	NODE_6932_length_538_cov_18.590022	32.74	168	98	15	586	738	25	521	2.5e-19	95.7
NCVOG0233-consensus	NODE_1211_length_3169_cov_24.038810	28.59	752	432	105	70	729	2249	36	4.2e-19	97.5
NCVOG0233-consensus	NODE_1612_length_2223_cov_56.682665	28.04	542	282	108	287	729	84	1675	4.3e-19	97.0
NCVOG0233-consensus	NODE_376_length_8910_cov_24.521114	29.33	358	223	30	27	365	1239	208	4.7e-19	98.9
NCVOG0233-consensus	NODE_1236_length_3106_cov_82.118521	25.05	471	303	50	203	649	1	1328	6e-19	97.0
NCVOG0233-consensus	NODE_49_length_23655_cov_24.038298	24.72	886	479	188	17	729	4947	2344	7e-19	99.7
NCVOG0233-consensus	NODE_48_length_23710_cov_24.307198	27.36	731	423	108	97	729	1076	3235	7.1e-19	99.7
NCVOG0233-consensus	NODE_395_length_8563_cov_23.065755	27.33	827	480	121	10	729	2806	379	9.5e-19	97.8
NCVOG0233-consensus	NODE_4_length_119606_cov_26.048607	25.72	871	518	129	17	771	7271	9831	4.1e-17	96.2
NCVOG0233-consensus	NODE_4243_length_911_cov_24.624700	25.46	271	174	28	290	547	770	6	8.5e-13	74.8
NCVOG0233-consensus	NODE_1241_length_3099_cov_36.024818	23.68	625	395	82	18	606	1748	15	1.4e-12	75.8
NCVOG0233-consensus	NODE_1241_length_3099_cov_36.024818	38.32	107	64	2	584	688	3018	2701	1.4e-12	75.8
NCVOG0233-consensus	NODE_517_length_7257_cov_25.393454	29.19	644	333	123	136	668	2044	158	4.8e-12	75.3
NCVOG0233-consensus	NODE_3105_length_1072_cov_20.057286	23.50	383	244	49	158	518	1	1065	5.2e-11	69.1
NCVOG0023-consensus	NODE_63_length_20892_cov_12.512995	27.56	733	459	72	72	787	5406	7430	3.8e-49	200.0
NCVOG0023-consensus	NODE_1865_length_1812_cov_23.224784	29.77	524	324	44	284	789	2	1492	1.9e-43	177.5
NCVOG0023-consensus	NODE_189_length_13042_cov_15.148477	27.74	429	272	38	381	804	11054	9870	8.4e-24	115.1
NCVOG0023-consensus	NODE_12_length_60829_cov_360.065496	26.96	434	283	34	393	806	6717	5461	8.7e-20	104.0
NCVOG0023-consensus	NODE_1549_length_2363_cov_12.524059	31.30	262	165	15	542	800	2122	1386	4.3e-14	80.4
NCVOG1013-consensus	NODE_1504_length_2464_cov_38.479682	41.58	392	217	12	201	589	889	2034	3.3e-65	250.0
NCVOG1013-consensus	NODE_174_length_14044_cov_23.217370	35.40	404	220	41	179	549	1832	660	2.4e-61	239.7
NCVOG1013-consensus	NODE_2414_length_1365_cov_21.326863	40.71	393	221	12	200	589	1262	114	1.7e-60	233.4
NCVOG1013-consensus	NODE_204_length_12782_cov_25.621330	45.99	187	93	8	339	522	3809	3267	3e-39	166.2
NCVOG1013-consensus	NODE_1068_length_3630_cov_26.462145	41.48	270	145	13	251	518	2732	3505	2.5e-26	121.4
NCVOG1013-consensus	NODE_7682_length_384_cov_18.827362	44.19	129	69	3	304	431	2	379	1.6e-23	108.8
NCVOG1013-consensus	NODE_8044_length_296_cov_15.863014	50.51	99	46	3	408	505	1	288	1.3e-21	102.1
NCVOG1013-consensus	NODE_1060_length_3672_cov_22.870932	48.54	103	50	3	394	495	304	5	5.9e-20	100.3
NCVOG1013-consensus	NODE_8014_length_306_cov_12.096070	47.57	103	51	3	406	507	305	6	2.6e-19	94.5
NCVOG1013-consensus	NODE_8179_length_270_cov_10.777202	47.25	91	45	3	410	499	270	7	1.8e-18	91.5
NCVOG1013-consensus	NODE_4833_length_835_cov_28.048813	47.22	72	38	0	285	356	20	232	1.3e-13	77.0
NCVOG1013-consensus	NODE_8475_length_239_cov_14.333333	41.46	82	45	3	262	343	1	234	1.5e-13	75.0
NCVOG1013-consensus	NODE_8711_length_229_cov_12.223684	47.76	67	34	1	459	524	223	26	1.7e-13	74.8
NCVOG1013-consensus	NODE_1_length_296862_cov_26.329831	34.59	133	80	7	255	384	62598	62215	2.7e-13	83.5
NCVOG1013-consensus	NODE_8397_length_247_cov_11.205882	45.12	82	40	5	384	463	241	8	4.8e-13	73.4
NCVOG1013-consensus	NODE_11454_length_174_cov_10.185567	54.39	57	26	0	289	345	171	4	7.8e-13	72.2
NCVOG1013-consensus	NODE_8444_length_242_cov_27.769697	44.93	69	38	0	283	351	34	237	1.2e-12	72.1
NCVOG1013-consensus	NODE_8665_length_230_cov_12.901961	45.07	71	39	0	285	355	17	226	2.4e-12	71.0
NCVOG1013-consensus	NODE_8445_length_242_cov_23.563636	41.98	81	44	3	327	406	239	6	3.7e-12	70.4
NCVOG1013-consensus	NODE_11825_length_168_cov_12.406593	57.41	54	23	0	469	522	167	9	8.6e-12	68.7
NCVOG1013-consensus	NODE_10850_length_184_cov_11.299065	50.88	57	28	0	465	521	14	181	2.1e-11	67.5
NCVOG1013-consensus	NODE_9395_length_213_cov_12.985294	48.48	66	34	0	285	350	14	208	3e-11	67.2
NCVOG1013-consensus	NODE_11824_length_168_cov_12.450549	55.56	54	24	0	469	522	2	160	9.9e-11	65.1
NCVOG0013-consensus	NODE_2086_length_1600_cov_22.404465	32.26	248	159	9	98	342	522	1244	8.9e-27	121.5
NCVOG0013-consensus	NODE_766_length_5293_cov_26.628643	36.61	183	109	7	122	301	5212	4679	2.5e-22	108.4
NCVOG0013-consensus	NODE_5202_length_791_cov_23.889356	29.66	236	158	8	63	294	747	55	3.7e-20	98.4
NCVOG0013-consensus	NODE_2120_length_1574_cov_24.724115	28.93	280	181	18	122	398	1310	521	1.1e-18	94.6
NCVOG0013-consensus	NODE_5241_length_786_cov_26.596615	33.98	206	128	8	122	325	2	598	8.6e-18	90.6
NCVOG0013-consensus	NODE_66_length_20768_cov_95.894699	21.67	586	414	45	1	555	11185	12887	9.2e-17	91.9
NCVOG0013-consensus	NODE_4002_length_942_cov_23.768786	33.82	204	122	13	125	325	593	15	1.7e-16	86.5
NCVOG0013-consensus	NODE_7059_length_514_cov_18.279176	33.13	166	109	2	120	283	514	20	8.3e-15	80.0
NCVOG0013-consensus	NODE_6189_length_660_cov_27.931389	28.37	208	139	10	138	342	7	606	1e-13	76.8
NCVOG0013-consensus	NODE_1414_length_2670_cov_24.649826	35.19	216	131	9	126	339	772	1395	1.2e-13	78.6
NCVOG0013-consensus	NODE_1414_length_2670_cov_24.649826	35.40	226	138	8	122	345	112	768	1.2e-13	78.6
NCVOG0763-consensus	NODE_192_length_13008_cov_23.768927	38.24	204	115	11	119	311	9096	8496	4.5e-13	78.1
NCVOG0297-consensus	NODE_1860_length_1820_cov_21.784280	27.29	425	260	49	144	537	502	1701	1.2e-15	84.6
NCVOG0297-consensus	NODE_3732_length_980_cov_27.078627	32.86	280	154	34	285	537	953	150	1.3e-14	80.3
NCVOG0297-consensus	NODE_453_length_7835_cov_25.184326	27.21	283	176	30	284	537	6292	7130	8.7e-14	80.5
NCVOG0297-consensus	NODE_1062_length_3661_cov_25.111049	26.95	256	158	29	252	495	3558	2845	4.7e-13	77.0
NCVOG0297-consensus	NODE_598_length_6508_cov_24.868605	32.17	143	93	4	14	153	6096	5678	8e-12	73.7
NCVOG0297-consensus	NODE_685_length_5765_cov_26.479782	28.63	227	142	20	251	466	5568	4918	2.6e-11	71.8
NCVOG0663-consensus	NODE_1918_length_1754_cov_27.491950	25.27	566	363	60	11	526	82	1746	2.2e-18	93.8
NCVOG0663-consensus	NODE_93_length_18120_cov_24.482902	25.18	560	363	56	65	604	6457	4891	1.1e-17	94.8
NCVOG0663-consensus	NODE_93_length_18120_cov_24.482902	26.45	533	349	43	98	598	8015	9577	7.8e-11	72.1
NCVOG0663-consensus	NODE_93_length_18120_cov_24.482902	24.08	598	400	54	46	607	10300	12030	2.3e-13	80.5
NCVOG0723-consensus	NODE_943_length_4234_cov_25.546548	38.03	71	41	3	33	100	92	301	1.2e-11	70.1
NCVOG0073-consensus	NODE_3076_length_1076_cov_29.309309	40.97	371	201	18	62	432	7	1062	5.6e-55	215.3
NCVOG0073-consensus	NODE_68_length_20505_cov_24.304582	27.73	375	258	13	10	378	7008	8108	1e-39	168.8
NCVOG0073-consensus	NODE_4011_length_940_cov_30.988413	39.37	254	147	7	389	640	931	188	3.2e-38	159.4
NCVOG0073-consensus	NODE_1761_length_1947_cov_26.795187	26.89	528	353	33	20	522	1775	223	6.2e-36	152.8
NCVOG0073-consensus	NODE_6568_length_602_cov_28.845714	35.89	209	121	13	220	424	602	6	2e-26	119.6
NCVOG0073-consensus	NODE_700_length_5667_cov_28.005903	37.75	204	118	9	437	636	5667	5074	2.3e-24	115.9
NCVOG0073-consensus	NODE_638_length_6104_cov_26.209391	43.81	194	91	18	19	204	5524	6072	1.7e-16	89.9
NCVOG0073-consensus	NODE_638_length_6104_cov_26.209391	32.34	167	108	5	465	631	2531	3013	6.4e-16	88.0
NCVOG0073-consensus	NODE_1124_length_3414_cov_24.970033	42.08	366	201	11	13	378	1076	15	1.3e-15	86.1
NCVOG0073-consensus	NODE_1561_length_2340_cov_26.948741	25.00	548	357	54	19	531	2159	580	1.5e-14	82.1
NCVOG0073-consensus	NODE_9467_length_211_cov_18.559701	51.43	70	34	0	426	495	1	207	7.5e-12	69.6
NCVOG0898-consensus	NODE_1505_length_2462_cov_15.992034	22.42	571	411	32	145	694	316	1992	3.9e-20	100.5
NCVOG0898-consensus	NODE_3806_length_969_cov_21.713004	22.36	331	230	27	255	573	956	12	3.4e-13	76.1
NCVOG0898-consensus	NODE_5248_length_785_cov_15.452750	23.35	257	172	25	167	411	785	61	9.1e-11	67.8
NCVOG1068-consensus	NODE_20_length_38400_cov_24.314720	42.04	157	83	8	90	238	31550	31085	2.4e-23	113.4
NCVOG2643-consensus	NODE_1816_length_1877_cov_23.186111	40.52	269	132	28	4	262	214	961	4.8e-26	118.1
NCVOG0613-consensus	NODE_6187_length_660_cov_32.686106	42.06	126	68	5	8	129	212	583	3.3e-21	99.5
NCVOG4523-consensus	NODE_687_length_5752_cov_23.591894	36.13	274	161	14	551	818	5564	4772	4.4e-30	135.2
NCVOG4523-consensus	NODE_37_length_27025_cov_26.006383	33.41	886	429	161	11	823	7718	10086	4e-27	127.6
NCVOG1353-consensus	NODE_430_length_8080_cov_25.832188	58.89	810	261	72	40	779	3961	6377	1.5e-152	542.1
NCVOG4445-consensus	NODE_1230_length_3117_cov_23.051316	32.45	302	182	22	91	383	1649	2508	7.6e-19	95.5
NCVOG4445-consensus	NODE_2063_length_1622_cov_25.450485	30.31	287	185	15	93	371	27	863	1.9e-15	83.3
NCVOG4445-consensus	NODE_1810_length_1883_cov_23.011074	30.39	306	189	24	86	382	1794	925	1.1e-13	77.6
NCVOG4445-consensus	NODE_1113_length_3461_cov_24.104314	29.32	324	212	17	74	383	1257	2204	3.6e-13	76.8
NCVOG4445-consensus	NODE_2609_length_1259_cov_43.973773	33.46	254	151	18	124	369	1	729	4.9e-13	74.9
NCVOG4445-consensus	NODE_534_length_7079_cov_22.879052	29.31	331	197	37	61	359	3510	4484	5.1e-13	77.3
NCVOG4445-consensus	NODE_761_length_5319_cov_24.942579	34.97	183	115	4	171	349	25	564	5.6e-13	76.8
NCVOG4445-consensus	NODE_95_length_17932_cov_23.962475	31.89	254	161	12	138	384	8303	9046	7.2e-13	78.1
NCVOG4445-consensus	NODE_1448_length_2598_cov_26.181277	29.34	259	165	18	71	319	1788	1039	1e-12	74.9
NCVOG4445-consensus	NODE_289_length_10595_cov_24.707644	31.79	280	171	20	109	383	9021	9812	1.1e-12	76.8
NCVOG4445-consensus	NODE_698_length_5688_cov_22.572269	26.74	374	237	37	7	352	4343	5434	4.7e-12	73.8
NCVOG4445-consensus	NODE_640_length_6076_cov_24.925988	31.00	271	169	18	89	349	790	5	2.3e-11	71.6
NCVOG4045-consensus	NODE_347_length_9418_cov_26.219248	27.50	400	245	45	23	380	2570	3753	5.2e-20	100.9
NCVOG0243-consensus	NODE_27_length_32487_cov_24.077507	30.61	392	221	51	25	390	30608	29511	3.8e-14	83.3
NCVOG0055-consensus	NODE_2562_length_1289_cov_21.193069	38.05	205	99	28	192	369	362	966	6.2e-15	81.4
NCVOG0055-consensus	NODE_2893_length_1134_cov_27.540208	38.24	102	58	5	206	302	595	293	1.9e-12	73.0
NCVOG4105-consensus	NODE_1118_length_3443_cov_50.182115	29.39	1123	615	178	7	1099	3398	481	5.6e-42	174.0
NCVOG4105-consensus	NODE_6526_length_609_cov_46.937970	47.50	200	95	10	525	716	598	12	8.4e-41	167.6
NCVOG4105-consensus	NODE_246_length_11664_cov_28.755157	24.26	713	455	85	320	985	9919	7902	7.5e-18	95.6
NCVOG4105-consensus	NODE_5540_length_746_cov_23.672646	29.52	166	117	0	29	194	578	84	6e-13	75.3
NCVOG1045-consensus	NODE_230_length_11957_cov_24.252946	32.47	231	139	17	331	550	5336	4669	1.4e-17	93.8
NCVOG0225-consensus	NODE_2380_length_1383_cov_25.600306	34.84	155	86	15	107	246	649	188	4.4e-11	68.2
NCVOG0305-consensus	NODE_14_length_54710_cov_27.240276	38.75	271	155	11	772	1038	53444	52656	1.6e-36	160.4
NCVOG0305-consensus	NODE_14_length_54710_cov_27.240276	28.31	664	412	64	939	1560	49974	48068	2.3e-36	159.8
NCVOG0305-consensus	NODE_1085_length_3564_cov_22.785202	34.33	233	139	14	1334	1556	1194	515	4.2e-23	111.8
NCVOG0305-consensus	NODE_33_length_28592_cov_108.794459	29.41	323	209	19	1245	1557	22862	23798	6.2e-23	114.3
NCVOG0305-consensus	NODE_1005_length_3944_cov_24.675200	31.60	250	158	13	784	1027	3134	2409	9.9e-19	97.5
NCVOG0305-consensus	NODE_863_length_4744_cov_25.181058	24.76	824	529	91	782	1534	2349	4739	1.2e-18	97.5
NCVOG0305-consensus	NODE_2764_length_1191_cov_20.975763	39.73	146	85	3	778	922	755	1183	3.3e-18	94.0
NCVOG0305-consensus	NODE_2156_length_1547_cov_23.593878	31.63	196	124	10	781	975	882	325	1.9e-16	88.5
NCVOG0305-consensus	NODE_5397_length_764_cov_23.919942	35.33	184	107	12	790	967	534	6	1.8e-15	84.3
NCVOG0305-consensus	NODE_965_length_4133_cov_25.900148	23.92	790	470	131	831	1506	1	2304	1.5e-14	83.6
NCVOG0305-consensus	NODE_15_length_54241_cov_28.149617	29.96	227	146	13	822	1035	10031	10706	4.4e-14	85.8
NCVOG0305-consensus	NODE_123_length_15875_cov_24.570895	31.16	199	124	13	1367	1555	13047	12463	3.2e-13	81.2
NCVOG0305-consensus	NODE_5935_length_699_cov_28.118971	31.79	151	95	8	1413	1557	49	492	5.6e-13	75.9
NCVOG0305-consensus	NODE_1993_length_1679_cov_23.742821	30.34	267	156	30	1317	1562	1679	909	4.3e-12	74.2
NCVOG0305-consensus	NODE_2337_length_1417_cov_20.710448	33.56	146	91	6	1415	1556	1360	932	4.4e-12	73.9
NCVOG0305-consensus	NODE_1062_length_3661_cov_25.111049	32.03	231	136	21	1302	1519	3565	2904	6.6e-12	74.7
NCVOG0305-consensus	NODE_535_length_7077_cov_23.675714	27.72	285	174	32	1296	1557	2468	3276	1.3e-11	74.7
NCVOG0305-consensus	NODE_17_length_43291_cov_26.451150	31.39	223	138	15	1314	1524	32274	31626	1.7e-11	76.8
NCVOG0305-consensus	NODE_885_length_4562_cov_25.642363	27.62	286	182	25	1292	1564	96	910	2.5e-11	73.0
NCVOG0305-consensus	NODE_1828_length_1854_cov_25.375352	27.57	272	174	23	1261	1527	1687	929	3.1e-11	71.4
NCVOG0305-consensus	NODE_1010_length_3921_cov_26.832206	29.68	310	187	31	1281	1559	1067	1977	3.8e-11	72.2
NCVOG0248-consensus	NODE_2507_length_1313_cov_25.830906	32.82	393	191	73	105	482	15	1010	2.1e-15	83.2
NCVOG0248-consensus	NODE_12_length_60829_cov_360.065496	28.18	479	282	62	23	495	20280	21545	2.7e-15	88.4
NCVOG0105-consensus	NODE_132_length_15500_cov_24.311548	26.28	605	370	76	307	871	15395	13708	2.1e-18	97.8
NCVOG4804-consensus	NODE_386_length_8742_cov_29.132372	56.00	125	51	4	56	180	563	922	3.4e-26	120.4
NCVOG4804-consensus	NODE_3996_length_942_cov_29.833526	71.23	73	21	0	108	180	1	216	1.1e-20	99.0
NCVOG0282-consensus	NODE_1005_length_3944_cov_24.675200	29.17	288	185	19	325	601	3152	2316	1.7e-19	99.1
NCVOG0282-consensus	NODE_965_length_4133_cov_25.900148	34.56	272	152	26	325	582	1703	2475	1.8e-19	99.1
NCVOG0282-consensus	NODE_965_length_4133_cov_25.900148	33.94	218	123	21	379	585	1	621	1.5e-15	86.1
NCVOG0282-consensus	NODE_55_length_22420_cov_25.510003	31.47	340	186	47	269	582	21770	20821	3.8e-19	100.5
NCVOG0282-consensus	NODE_1085_length_3564_cov_22.785202	33.59	262	149	25	329	573	1281	527	4.5e-18	94.3
NCVOG0282-consensus	NODE_1511_length_2447_cov_24.928270	26.53	343	207	45	281	581	1144	2158	1.1e-15	85.9
NCVOG0282-consensus	NODE_1993_length_1679_cov_23.742821	32.54	209	124	17	332	531	1679	1080	1.3e-15	85.1
NCVOG0282-consensus	NODE_423_length_8189_cov_24.261341	33.33	294	157	39	323	584	4727	3876	1.9e-14	83.4
NCVOG0282-consensus	NODE_3773_length_974_cov_22.458194	30.38	293	177	27	308	582	861	21	2e-13	76.9
NCVOG0282-consensus	NODE_3732_length_980_cov_27.078627	31.25	256	148	28	343	578	980	246	3.6e-13	76.1
NCVOG0282-consensus	NODE_5935_length_699_cov_28.118971	34.68	173	104	9	435	603	67	567	6.4e-13	74.8
NCVOG0282-consensus	NODE_3276_length_1046_cov_25.901961	34.10	173	96	18	424	583	913	413	9.8e-13	74.8
NCVOG0282-consensus	NODE_2156_length_1547_cov_23.593878	28.77	219	147	9	331	548	873	244	1e-12	75.3
NCVOG0282-consensus	NODE_685_length_5765_cov_26.479782	28.57	231	139	26	307	520	5607	4945	1e-12	77.2
NCVOG0282-consensus	NODE_5_length_95801_cov_26.125998	29.12	285	171	31	322	582	58402	57578	1.2e-12	81.0
NCVOG0282-consensus	NODE_5_length_95801_cov_26.125998	28.16	277	174	25	325	579	51939	51125	3.9e-13	82.6
NCVOG0282-consensus	NODE_535_length_7077_cov_23.675714	26.10	272	182	19	325	581	2489	3285	2.2e-12	76.4
NCVOG0282-consensus	NODE_155_length_14956_cov_24.960479	31.28	211	127	18	317	520	8343	7747	2.7e-12	77.2
NCVOG0282-consensus	NODE_885_length_4562_cov_25.642363	29.30	256	161	20	353	595	206	945	1.6e-11	72.8
NCVOG0282-consensus	NODE_6499_length_615_cov_21.901487	29.05	179	115	12	399	567	3	530	2.4e-11	69.4
NCVOG0282-consensus	NODE_5397_length_764_cov_23.919942	31.34	201	124	14	321	514	582	6	2.5e-11	69.6
NCVOG0282-consensus	NODE_2337_length_1417_cov_20.710448	32.73	165	100	11	435	595	1348	878	4e-11	69.9
NCVOG2963-consensus	NODE_639_length_6099_cov_26.545168	24.69	239	164	16	90	316	2046	2747	2.5e-14	81.2
NCVOG2963-consensus	NODE_348_length_9415_cov_23.344613	30.91	220	139	13	111	322	2783	2146	3.5e-12	74.7
NCVOG2963-consensus	NODE_2177_length_1532_cov_22.405498	28.05	221	149	10	99	313	134	781	5.5e-12	71.4
NCVOG4883-consensus	NODE_184_length_13384_cov_24.450064	37.50	272	155	15	46	312	587	1369	5.8e-30	134.8
NCVOG2979-consensus	NODE_470_length_7717_cov_25.648429	31.06	264	158	24	2	242	2833	2056	5.9e-14	79.9
NCVOG0360-consensus	NODE_43_length_25567_cov_25.283142	41.26	269	143	15	24	279	16130	15337	7.3e-35	151.5
NCVOG0979-consensus	NODE_113_length_16449_cov_23.529929	51.18	254	109	15	3	241	889	1647	6.1e-53	211.1
NCVOG0979-consensus	NODE_113_length_16449_cov_23.529929	42.07	164	92	3	158	320	2	484	6.8e-23	111.2
NCVOG0979-consensus	NODE_2745_length_1199_cov_21.036542	40.22	179	100	7	5	182	518	5	8.8e-28	123.7
NCVOG0979-consensus	NODE_9116_length_219_cov_14.169014	44.44	72	40	0	111	182	217	5	3.5e-12	69.4
NCVOG0699-consensus	NODE_2609_length_1259_cov_43.973773	29.46	224	151	7	198	414	1	669	2e-13	76.5
NCVOG0699-consensus	NODE_601_length_6489_cov_24.137555	25.08	319	224	15	137	453	3013	2099	6.7e-12	73.7
NCVOG0274-consensus	NODE_48_length_23710_cov_24.307198	39.61	1492	731	170	31	1383	7765	12134	5e-61	240.4
NCVOG0274-consensus	NODE_45_length_25098_cov_23.706886	31.10	1450	775	224	72	1380	13718	9635	2.1e-33	148.7
NCVOG0274-consensus	NODE_871_length_4703_cov_22.265240	27.70	1437	743	296	171	1329	362	4593	6e-31	138.1
NCVOG0274-consensus	NODE_12_length_60829_cov_360.065496	27.02	840	497	116	59	863	26986	24713	1.2e-27	130.8
NCVOG0274-consensus	NODE_6375_length_635_cov_25.729391	37.37	99	58	4	14	108	114	407	1.7e-12	74.0
NCVOG0274-consensus	NODE_11321_length_176_cov_12.616162	63.79	58	21	0	443	500	176	6	7.3e-12	70.0
NCVOG0074-consensus	NODE_1124_length_3414_cov_24.970033	73.86	352	92	0	5	356	1058	6	3e-134	479.7
NCVOG0074-consensus	NODE_3076_length_1076_cov_29.309309	64.27	361	125	4	47	407	4	1071	1.3e-114	412.8
NCVOG0074-consensus	NODE_4011_length_940_cov_30.988413	53.02	281	129	3	360	637	934	95	2.4e-65	248.9
NCVOG0074-consensus	NODE_1761_length_1947_cov_26.795187	31.97	538	325	41	1	502	1790	199	5.4e-50	199.0
NCVOG0074-consensus	NODE_700_length_5667_cov_28.005903	51.71	205	97	2	409	611	5667	5056	1.2e-43	179.5
NCVOG0074-consensus	NODE_6568_length_602_cov_28.845714	49.27	205	95	9	196	396	602	6	6.8e-41	167.1
NCVOG0074-consensus	NODE_638_length_6104_cov_26.209391	51.00	200	84	14	2	190	5506	6093	1.1e-39	166.4
NCVOG0074-consensus	NODE_638_length_6104_cov_26.209391	35.96	178	110	4	437	613	2531	3052	1.3e-23	113.0
NCVOG0074-consensus	NODE_1561_length_2340_cov_26.948741	28.66	635	403	50	1	594	2171	301	1.3e-27	125.0
NCVOG0074-consensus	NODE_68_length_20505_cov_24.304582	34.17	439	237	52	6	395	7038	8342	8.3e-21	105.4
NCVOG0074-consensus	NODE_1041_length_3764_cov_25.933822	75.76	66	15	1	6	70	3565	3759	1.1e-17	92.7
NCVOG0074-consensus	NODE_9467_length_211_cov_18.559701	57.14	70	30	0	398	467	1	207	7.3e-16	82.4
NCVOG0074-consensus	NODE_18545_length_155_cov_14.717949	76.47	51	12	0	332	382	155	6	2.5e-14	76.9
NCVOG0074-consensus	NODE_27408_length_155_cov_10.397436	76.47	51	12	0	332	382	155	6	2.5e-14	76.9
NCVOG0074-consensus	NODE_26052_length_155_cov_11.153846	68.63	51	15	1	21	70	155	6	5.6e-11	65.7
NCVOG1299-consensus	NODE_160_length_14598_cov_24.524069	38.93	149	82	9	5	145	312	752	4.1e-13	77.3
NCVOG1196-consensus	NODE_1842_length_1841_cov_32.119048	26.63	661	388	97	421	1065	1837	101	7.1e-20	99.7
NCVOG0064-consensus	NODE_231_length_11954_cov_25.227078	24.70	332	218	32	23	334	9276	8320	4.4e-13	78.6
NCVOG4324-consensus	NODE_596_length_6544_cov_23.661048	33.56	435	238	51	196	610	4527	5729	5.9e-22	107.6
NCVOG4134-consensus	NODE_5384_length_766_cov_24.066763	43.92	148	71	12	1	137	328	761	1.6e-20	99.3
NCVOG4134-consensus	NODE_6622_length_593_cov_22.468992	34.69	196	88	40	195	381	98	587	3.7e-12	71.1
NCVOG0304-consensus	NODE_329_length_9656_cov_24.467272	28.36	201	126	18	7	191	7570	8163	1.9e-12	76.2
NCVOG0304-consensus	NODE_155_length_14956_cov_24.960479	34.81	158	90	13	49	201	8340	7894	6.4e-12	75.1
NCVOG0304-consensus	NODE_965_length_4133_cov_25.900148	26.79	224	131	33	6	200	1490	2142	3e-11	71.0
NCVOG0304-consensus	NODE_1085_length_3564_cov_22.785202	34.43	183	100	20	33	201	1368	841	7.9e-11	69.4
NCVOG0304-consensus	NODE_1860_length_1820_cov_21.784280	33.33	192	99	29	53	219	825	1383	8.5e-11	68.3
NCVOG0214-consensus	NODE_160_length_14598_cov_24.524069	23.69	249	182	8	250	491	9118	8384	1.4e-13	81.2
NCVOG0214-consensus	NODE_7213_length_484_cov_17.356265	34.52	168	99	11	324	490	478	8	3.6e-12	71.6
NCVOG1004-consensus	NODE_2746_length_1198_cov_30.365745	26.17	405	242	57	6	390	15	1115	4.3e-12	71.9
NCVOG0276-consensus	NODE_3_length_167854_cov_26.314417	65.78	339	96	20	39	357	131633	130628	4.2e-100	370.9
NCVOG0276-consensus	NODE_1145_length_3365_cov_26.497263	29.24	301	191	22	78	357	3365	2473	2.1e-16	87.4
NCVOG0689-consensus	NODE_348_length_9415_cov_23.344613	24.62	325	224	21	36	341	3068	2109	4.9e-12	74.8
NCVOG4882-consensus	NODE_645_length_6046_cov_24.976218	33.72	347	194	36	386	719	5660	4692	2.8e-26	122.4
NCVOG2204-consensus	NODE_565_length_6796_cov_25.840750	39.96	468	228	53	4	425	6761	5386	5.6e-49	196.9
NCVOG0777-consensus	NODE_2041_length_1643_cov_21.446999	26.59	267	174	22	157	410	256	1026	3.3e-12	74.4
NCVOG0777-consensus	NODE_335_length_9585_cov_25.037964	31.44	264	157	24	238	499	5147	5865	7.7e-12	75.8
NCVOG2610-consensus	NODE_348_length_9415_cov_23.344613	28.90	218	151	4	136	353	2903	2265	1.4e-12	76.2
NCVOG1060-consensus	NODE_23_length_33809_cov_24.637140	31.82	352	192	48	28	348	13700	12711	9.1e-23	112.0
NCVOG4966-consensus	NODE_1842_length_1841_cov_32.119048	27.29	447	278	47	52	482	1833	593	9.3e-17	88.1
NCVOG0320-consensus	NODE_35_length_28388_cov_24.032849	31.94	216	117	30	8	203	547	1157	4.7e-11	71.9
NCVOG1130-consensus	NODE_5085_length_805_cov_23.387363	34.93	146	82	13	53	189	673	251	4.3e-17	86.7
NCVOG0030-consensus	NODE_43_length_25567_cov_25.283142	42.01	219	101	26	26	232	7958	8565	2.9e-30	137.4
NCVOG0030-consensus	NODE_5022_length_812_cov_29.759184	40.58	207	116	7	266	472	153	749	9.7e-30	130.7
NCVOG0030-consensus	NODE_5126_length_800_cov_22.829876	37.97	266	148	17	284	540	797	35	8.7e-28	124.2
NCVOG0030-consensus	NODE_117_length_16262_cov_24.919493	40.33	300	135	44	26	296	2128	2979	4.8e-14	82.9
NCVOG0030-consensus	NODE_385_length_8760_cov_26.417137	37.96	137	75	10	316	452	4954	4577	5.5e-14	81.8
NCVOG0030-consensus	NODE_385_length_8760_cov_26.417137	31.53	222	128	24	29	240	6220	5600	4.3e-13	78.8
NCVOG0030-consensus	NODE_402_length_8463_cov_26.247526	27.49	382	216	61	68	433	4920	3913	9.7e-11	70.9
NCVOG4494-consensus	NODE_1070_length_3629_cov_24.977477	40.80	125	69	5	78	199	2776	3141	1e-14	82.4
NCVOG4494-consensus	NODE_688_length_5748_cov_26.720861	32.41	324	175	44	24	311	5107	4171	6e-14	80.5
NCVOG4494-consensus	NODE_1395_length_2722_cov_25.262760	35.42	192	118	6	20	206	1130	561	1.6e-13	78.1
NCVOG4707-consensus	NODE_50_length_23525_cov_26.127729	33.33	156	90	14	224	379	4198	3776	1.3e-11	74.4
NCVOG0296-consensus	NODE_155_length_14956_cov_24.960479	26.27	255	175	13	4	252	8337	7597	1.4e-13	81.0
NCVOG0296-consensus	NODE_1828_length_1854_cov_25.375352	24.05	262	182	17	10	264	1564	816	9.9e-12	71.8
NCVOG0296-consensus	NODE_1511_length_2447_cov_24.928270	28.80	250	154	24	10	242	1291	2010	5.9e-11	69.6
NCVOG0267-consensus	NODE_163_length_14456_cov_23.943529	29.80	453	264	54	283	718	11503	12739	3.3e-23	113.8
NCVOG0267-consensus	NODE_17_length_43291_cov_26.451150	31.79	173	113	5	575	747	43134	42634	8.1e-15	87.4
NCVOG0267-consensus	NODE_2295_length_1441_cov_36.775660	30.43	230	126	34	280	488	729	1376	1.7e-14	81.5
NCVOG0267-consensus	NODE_326_length_9741_cov_25.131416	28.73	456	252	73	326	735	6376	5097	7.9e-14	82.0
NCVOG0267-consensus	NODE_1154_length_3351_cov_24.663714	33.33	393	212	50	357	733	3348	2275	5.4e-13	77.7
NCVOG0267-consensus	NODE_2067_length_1618_cov_27.346528	30.13	239	133	34	498	718	58	723	9.6e-13	75.8
NCVOG0267-consensus	NODE_412_length_8326_cov_24.460783	26.29	426	272	42	326	729	4753	3541	2.4e-12	76.9
NCVOG0267-consensus	NODE_340_length_9512_cov_25.041017	28.25	538	324	62	291	793	429	1948	3.3e-12	76.6
NCVOG0517-consensus	NODE_348_length_9415_cov_23.344613	26.19	252	176	10	99	344	2954	2214	4.4e-19	97.7
NCVOG0517-consensus	NODE_639_length_6099_cov_26.545168	27.56	283	186	19	66	334	1953	2783	2.3e-18	94.7
NCVOG0517-consensus	NODE_2177_length_1532_cov_22.405498	28.24	255	164	19	99	344	83	814	5.2e-13	74.9
NCVOG0817-consensus	NODE_2746_length_1198_cov_30.365745	31.07	441	251	53	6	440	15	1193	8.7e-28	124.2
NCVOG0046-consensus	NODE_453_length_7835_cov_25.184326	29.65	344	167	75	5	277	4087	5103	2.5e-17	91.5
NCVOG0046-consensus	NODE_2_length_169334_cov_26.433784	41.76	170	80	19	8	158	62720	63224	1.5e-13	83.2
NCVOG0046-consensus	NODE_1962_length_1705_cov_24.863022	55.22	67	28	2	8	72	722	525	7.3e-12	71.1
NCVOG1337-consensus	NODE_351_length_9380_cov_24.926905	28.96	183	118	12	29	208	3002	3520	3.3e-17	91.1
NCVOG0037-consensus	NODE_427_length_8152_cov_24.091765	43.31	568	277	45	530	1064	8150	6488	3.6e-95	351.9
NCVOG0037-consensus	NODE_5567_length_742_cov_33.416541	57.32	239	92	10	285	513	742	29	4e-53	208.8
NCVOG0037-consensus	NODE_3289_length_1044_cov_27.614271	43.39	295	132	35	20	283	180	1039	1.6e-34	147.4
NCVOG0017-consensus	NODE_124_length_15859_cov_25.521163	35.84	293	148	40	86	338	14542	13669	1.3e-14	83.6
NCVOG0007-consensus	NODE_490_length_7544_cov_25.930628	34.33	367	197	44	41	363	7544	6449	2.7e-24	114.8
NCVOG0015-consensus	NODE_66_length_20768_cov_95.894699	32.81	253	157	13	5	247	11418	12152	8.6e-20	101.7
NCVOG0015-consensus	NODE_2086_length_1600_cov_22.404465	34.74	190	113	11	89	267	678	1244	1.5e-18	93.8
NCVOG0015-consensus	NODE_5202_length_791_cov_23.889356	33.83	201	118	15	42	231	740	157	5.3e-16	84.4
NCVOG0015-consensus	NODE_1414_length_2670_cov_24.649826	35.00	180	106	11	99	267	223	759	3.1e-14	80.2
NCVOG0015-consensus	NODE_1414_length_2670_cov_24.649826	35.71	168	101	7	96	256	967	1467	3.1e-14	80.2
NCVOG0015-consensus	NODE_2120_length_1574_cov_24.724115	32.50	160	99	9	119	269	1571	1095	5.7e-14	78.6
NCVOG0015-consensus	NODE_969_length_4115_cov_22.508668	33.18	211	135	6	88	294	3795	3176	2.2e-13	78.1
NCVOG0015-consensus	NODE_742_length_5413_cov_26.418291	33.18	211	127	14	106	306	2798	2185	1.6e-12	75.6
NCVOG0015-consensus	NODE_4002_length_942_cov_23.768786	32.68	153	96	7	99	244	500	45	7.8e-12	70.8
NCVOG0015-consensus	NODE_5241_length_786_cov_26.596615	28.25	223	151	9	96	310	104	762	7.4e-11	67.3
NCVOG0005-consensus	NODE_3747_length_978_cov_23.159822	28.87	291	185	22	54	327	115	961	2.9e-15	82.2
NCVOG4814-consensus	NODE_348_length_9415_cov_23.344613	20.96	272	206	9	162	432	3098	2310	1e-11	73.7
NCVOG0486-consensus	NODE_298_length_10252_cov_25.519410	31.73	353	203	38	45	367	1473	2500	3.7e-23	111.5
NCVOG0284-consensus	NODE_2669_length_1229_cov_26.217882	33.92	227	126	24	99	309	1198	549	1.2e-20	99.9
NCVOG0806-consensus	NODE_171_length_14149_cov_27.346485	34.35	457	251	49	16	447	7560	6277	7e-38	161.1
NCVOG0806-consensus	NODE_1_length_296862_cov_26.329831	43.82	477	225	43	6	447	114727	116118	1.8e-32	146.5
NCVOG2958-consensus	NODE_226_length_12110_cov_24.965927	36.49	211	105	29	69	252	10107	10722	2.9e-14	81.8
NCVOG2958-consensus	NODE_2702_length_1217_cov_21.985965	28.21	195	117	23	70	255	938	399	4.1e-14	77.9
NCVOG0329-consensus	NODE_678_length_5807_cov_22.437347	33.05	348	203	30	1014	1335	3237	2213	3.1e-34	149.3
NCVOG0329-consensus	NODE_5248_length_785_cov_15.452750	39.04	251	140	13	346	588	770	40	4.9e-19	95.9
NCVOG0329-consensus	NODE_1505_length_2462_cov_15.992034	28.48	790	503	62	197	952	11	2287	8.7e-18	93.4
NCVOG0329-consensus	NODE_3806_length_969_cov_21.713004	33.55	301	182	18	356	647	947	77	1.7e-16	87.8
NCVOG0329-consensus	NODE_6734_length_575_cov_32.479920	44.50	191	91	15	390	567	575	12	8.5e-14	78.1
NCVOG0329-consensus	NODE_105_length_16808_cov_24.698105	39.20	125	59	17	1123	1240	13522	13863	7.3e-13	79.8
NCVOG0329-consensus	NODE_1506_length_2459_cov_26.662049	24.16	687	444	77	331	950	2121	100	1.4e-11	72.8
NCVOG0029-consensus	NODE_5972_length_694_cov_18.528363	47.00	200	97	9	159	349	692	100	3.2e-33	141.6
NCVOG0029-consensus	NODE_96_length_17599_cov_23.571771	27.68	560	342	63	5	507	15704	17362	5.3e-18	95.7
NCVOG0029-consensus	NODE_673_length_5831_cov_24.373132	28.90	481	226	116	71	435	4353	2930	6.6e-14	80.5
NCVOG4566-consensus	NODE_348_length_9415_cov_23.344613	25.97	308	201	27	228	529	3047	2194	1.3e-11	74.4
NCVOG0566-consensus	NODE_348_length_9415_cov_23.344613	21.51	172	135	0	23	194	2984	2472	4.9e-11	71.0
NCVOG5034-consensus	NODE_348_length_9415_cov_23.344613	34.90	192	110	15	171	350	2819	2256	6.9e-16	87.1
NCVOG4416-consensus	NODE_2609_length_1259_cov_43.973773	27.07	181	128	4	75	253	127	660	4.5e-12	71.2
NCVOG0242-consensus	NODE_8_length_88110_cov_26.280349	23.48	558	370	57	135	664	33599	32016	1.1e-17	97.3
NCVOG1326-consensus	NODE_287_length_10639_cov_28.425298	48.97	145	69	5	10	150	10208	9780	1.1e-28	128.5
NCVOG1326-consensus	NODE_48_length_23710_cov_24.307198	44.97	169	74	19	1	150	6647	7142	2.2e-26	122.1
NCVOG1326-consensus	NODE_2822_length_1165_cov_26.876838	49.65	143	66	6	10	146	617	1042	3e-26	117.3
NCVOG1326-consensus	NODE_2206_length_1514_cov_23.443285	47.55	143	69	6	10	146	372	797	1e-25	115.9
NCVOG1326-consensus	NODE_769_length_5276_cov_23.493749	44.76	143	73	6	10	146	1913	1488	2.1e-23	110.0
NCVOG0036-consensus	NODE_1728_length_1993_cov_24.972338	39.27	219	117	16	93	300	603	1233	1.2e-20	100.7
NCVOG2216-consensus	NODE_29_length_31163_cov_24.468314	52.31	65	30	1	64	128	31162	30974	1.3e-16	90.6
NCVOG0106-consensus	NODE_12_length_60829_cov_360.065496	24.04	836	518	117	29	809	58398	60710	6.6e-11	74.5
NCVOG0222-consensus	NODE_284_length_10811_cov_22.880007	27.94	340	226	19	127	455	9074	8086	4.2e-13	78.6
NCVOG0014-consensus	NODE_2086_length_1600_cov_22.404465	31.01	258	175	3	85	339	798	1568	9e-25	114.7
NCVOG0014-consensus	NODE_4406_length_888_cov_28.086313	28.74	261	183	3	82	339	1	780	1.8e-20	99.5
NCVOG0014-consensus	NODE_1414_length_2670_cov_24.649826	30.56	216	150	0	124	339	115	759	3.9e-20	100.0
NCVOG0014-consensus	NODE_1414_length_2670_cov_24.649826	29.47	190	134	0	131	320	889	1455	1.4e-18	94.9
NCVOG0014-consensus	NODE_969_length_4115_cov_22.508668	28.63	255	172	10	123	371	899	156	1.1e-19	99.2
NCVOG0014-consensus	NODE_5241_length_786_cov_26.596615	28.50	214	152	1	131	343	26	664	2.2e-19	95.7
NCVOG0014-consensus	NODE_2120_length_1574_cov_24.724115	27.13	328	225	14	44	360	1564	609	3.2e-15	82.9
NCVOG0014-consensus	NODE_742_length_5413_cov_26.418291	24.44	356	244	25	83	416	3377	2322	9.1e-15	83.2
NCVOG0014-consensus	NODE_5202_length_791_cov_23.889356	27.36	212	153	1	131	342	765	136	2.2e-14	79.2
NCVOG0014-consensus	NODE_4870_length_831_cov_22.923077	28.38	229	156	8	36	260	681	10	2.3e-14	79.2
NCVOG0014-consensus	NODE_766_length_5293_cov_26.628643	28.18	220	151	7	136	352	5281	4643	2.2e-13	78.6
NCVOG0014-consensus	NODE_4002_length_942_cov_23.768786	26.53	245	172	8	82	322	730	15	7.3e-12	71.0
NCVOG0014-consensus	NODE_6189_length_660_cov_27.931389	26.85	216	152	6	71	284	19	651	1.1e-11	70.0
NCVOG0002-consensus	NODE_27_length_32487_cov_24.077507	30.67	476	295	35	332	788	4081	5449	4.2e-30	137.4
NCVOG0002-consensus	NODE_1152_length_3351_cov_27.923030	41.42	169	95	4	332	498	2846	3343	1.1e-21	106.2
NCVOG0002-consensus	NODE_2574_length_1282_cov_30.845643	30.05	366	213	43	478	833	10	1005	4.3e-16	86.2
NCVOG0002-consensus	NODE_102_length_16996_cov_23.989834	23.59	513	345	47	63	557	1520	90	4.9e-11	73.1
NCVOG1194-consensus	NODE_30382_length_150_cov_63.712329	50.00	50	25	0	62	111	150	4	3.5e-15	78.8
NCVOG4845-consensus	NODE_327_length_9704_cov_24.443752	25.50	549	307	102	101	629	3569	4954	3e-19	99.2
NCVOG4845-consensus	NODE_24_length_33428_cov_25.668756	30.26	271	143	46	61	325	7038	7725	2.8e-11	74.5
NCVOG2775-consensus	NODE_113_length_16449_cov_23.529929	37.15	253	146	13	135	377	14108	14854	1.2e-27	127.7
NCVOG2775-consensus	NODE_113_length_16449_cov_23.529929	39.83	236	118	24	160	371	15328	16032	2e-25	120.4
NCVOG2775-consensus	NODE_1_length_296862_cov_26.329831	31.40	363	211	38	182	507	13461	12381	6.2e-23	115.2
NCVOG2775-consensus	NODE_13_length_57673_cov_25.983610	31.83	333	201	26	183	491	41578	40595	7.5e-23	113.6
NCVOG2775-consensus	NODE_1985_length_1689_cov_23.432382	32.12	274	169	17	110	371	827	40	4.3e-18	92.7
NCVOG2775-consensus	NODE_419_length_8216_cov_25.695540	33.33	267	167	11	137	395	3935	3147	2e-16	89.4
NCVOG2775-consensus	NODE_83_length_18751_cov_24.410357	34.91	169	101	9	166	328	162	656	5.2e-15	85.9
NCVOG2775-consensus	NODE_10_length_65068_cov_24.568586	27.11	343	231	19	223	555	56860	57854	1e-14	86.7
NCVOG2775-consensus	NODE_145_length_15146_cov_23.305992	38.71	155	91	4	201	355	1	450	3.2e-13	79.7
NCVOG2775-consensus	NODE_321_length_9805_cov_25.626850	25.65	269	186	14	155	412	8148	7362	1.6e-12	76.7
NCVOG2775-consensus	NODE_761_length_5319_cov_24.942579	37.00	200	108	18	208	407	1	543	4.8e-12	74.2
NCVOG2775-consensus	NODE_79_length_19150_cov_23.576627	44.33	97	51	3	204	300	17892	18170	6.8e-12	75.6
NCVOG2775-consensus	NODE_33_length_28592_cov_108.794459	25.65	425	296	20	106	511	9205	7949	4.5e-11	73.4
NCVOG0893-consensus	NODE_5518_length_749_cov_23.416667	36.60	235	131	18	137	353	14	707	7.2e-32	137.7
NCVOG0275-consensus	NODE_864_length_4735_cov_23.855947	31.41	191	128	3	6	194	3668	4234	1.2e-18	94.4
NCVOG0275-consensus	NODE_254_length_11477_cov_25.309123	35.46	141	87	4	6	146	8418	8011	8e-16	86.3
NCVOG0275-consensus	NODE_580_length_6693_cov_25.181983	40.32	124	66	8	7	122	3386	3750	3.6e-14	80.0
NCVOG0275-consensus	NODE_1397_length_2719_cov_27.766843	29.65	199	128	12	7	194	2024	2612	6.8e-14	77.8
NCVOG0275-consensus	NODE_5819_length_713_cov_27.641509	28.39	155	106	5	7	160	260	709	1.1e-12	71.9
NCVOG0729-consensus	NODE_5_length_95801_cov_26.125998	36.92	585	315	54	2	549	94318	92624	1.1e-74	286.4
NCVOG4874-consensus	NODE_734_length_5482_cov_26.434783	42.42	389	184	40	2	367	4189	3081	7.4e-52	205.9
NCVOG4874-consensus	NODE_3660_length_990_cov_24.489595	44.44	207	100	15	11	203	617	9	6.3e-37	153.8
NCVOG4874-consensus	NODE_2037_length_1645_cov_23.303571	41.62	185	94	14	182	366	1639	1130	1.2e-22	107.2
NCVOG4423-consensus	NODE_761_length_5319_cov_24.942579	36.84	133	84	0	88	220	175	570	4.3e-18	93.0
NCVOG4423-consensus	NODE_2609_length_1259_cov_43.973773	39.73	146	85	3	76	218	239	669	3.9e-14	77.8
NCVOG4423-consensus	NODE_534_length_7079_cov_22.879052	38.41	138	77	8	87	219	3609	4010	5.5e-13	76.4
NCVOG4423-consensus	NODE_1448_length_2598_cov_26.181277	30.28	218	135	17	9	220	1927	1318	6.3e-13	74.8
NCVOG4423-consensus	NODE_886_length_4559_cov_23.254574	34.53	139	87	4	82	218	839	1246	7.6e-13	75.3
NCVOG4423-consensus	NODE_55_length_22420_cov_25.510003	38.03	142	84	4	82	219	15236	15658	2.8e-11	72.4
NCVOG0992-consensus	NODE_5912_length_704_cov_21.897927	28.82	229	153	10	3	222	683	5	2.6e-16	84.7
NCVOG0992-consensus	NODE_531_length_7101_cov_25.360336	27.18	206	132	18	27	226	2459	1881	4.2e-13	77.4
NCVOG0605-consensus	NODE_5912_length_704_cov_21.897927	33.04	230	142	12	264	493	680	30	1.6e-17	89.2
NCVOG0605-consensus	NODE_17_length_43291_cov_26.451150	26.42	352	231	28	156	488	30924	29899	5.1e-17	93.6
NCVOG2639-consensus	NODE_5360_length_769_cov_29.215318	33.90	118	60	18	10	111	596	256	9.5e-14	75.4
NCVOG0772-consensus	NODE_7180_length_491_cov_16.509662	42.17	83	40	8	141	222	413	189	1.7e-17	87.6
NCVOG1136-consensus	NODE_2122_length_1573_cov_26.430481	55.42	166	63	11	190	345	493	6	6.1e-40	164.9
NCVOG1136-consensus	NODE_6525_length_610_cov_21.440901	47.68	151	58	21	347	480	1	436	8.9e-21	99.8
NCVOG1136-consensus	NODE_28972_length_155_cov_9.333333	64.58	48	17	0	323	370	149	9	3e-12	69.5
NCVOG1136-consensus	NODE_27626_length_155_cov_10.256410	64.58	48	17	0	323	370	149	9	3e-12	69.5
NCVOG0059-consensus	NODE_1783_length_1918_cov_27.969582	43.82	89	50	0	255	343	1893	1630	2.6e-11	70.0
NCVOG1149-consensus	NODE_1916_length_1755_cov_21.399881	27.00	300	189	30	24	311	133	975	2.1e-22	106.2
NCVOG1149-consensus	NODE_3602_length_1000_cov_23.122427	22.76	290	201	23	30	311	827	6	6.8e-21	100.4
NCVOG1149-consensus	NODE_3512_length_1012_cov_22.597861	28.57	231	141	24	32	249	303	959	1.4e-17	89.4
NCVOG1149-consensus	NODE_2115_length_1578_cov_16.398401	21.57	306	202	38	21	311	556	1401	3.1e-14	78.9
NCVOG1149-consensus	NODE_324_length_9743_cov_22.278502	24.16	298	202	24	24	311	8865	9713	3.7e-14	81.3
NCVOG1149-consensus	NODE_324_length_9743_cov_22.278502	25.93	297	189	31	23	307	7658	8488	9.7e-19	96.5
NCVOG1149-consensus	NODE_324_length_9743_cov_22.278502	24.02	254	182	11	39	286	6427	7164	3.7e-14	81.3
NCVOG1149-consensus	NODE_1382_length_2757_cov_24.301493	26.86	175	115	13	82	249	2654	2151	1.6e-12	74.1
NCVOG1149-consensus	NODE_1382_length_2757_cov_24.301493	24.59	244	173	11	90	329	957	254	1.6e-12	74.1
NCVOG1049-consensus	NODE_2099_length_1589_cov_23.370370	31.90	210	126	17	6	200	641	21	6.1e-17	87.9
NCVOG1049-consensus	NODE_1107_length_3478_cov_24.632755	35.94	192	100	23	141	324	3455	2932	2.2e-15	83.9
NCVOG1049-consensus	NODE_4992_length_816_cov_23.935047	42.11	171	77	22	6	158	493	4	1.2e-13	76.0
NCVOG1049-consensus	NODE_6170_length_664_cov_21.908007	29.79	188	118	14	6	185	628	90	8.4e-11	66.3
NCVOG1139-consensus	NODE_1_length_296862_cov_26.329831	29.00	300	166	47	28	308	852	46	1.6e-11	76.6
NCVOG0219-consensus	NODE_678_length_5807_cov_22.437347	33.14	347	213	19	387	730	3199	2210	2.3e-41	172.1
NCVOG0901-consensus	NODE_8_length_88110_cov_26.280349	51.85	189	77	14	5	180	4722	5280	1.9e-34	151.0
NCVOG2980-consensus	NODE_439_length_7994_cov_23.866995	23.41	487	304	69	13	466	2057	3402	1.3e-16	89.7
NCVOG0652-consensus	NODE_1243_length_3096_cov_23.661809	39.20	324	188	9	100	421	1657	710	5.4e-58	225.6
NCVOG0652-consensus	NODE_1243_length_3096_cov_23.661809	35.51	352	218	9	55	401	2786	1748	7.2e-52	205.3
NCVOG0652-consensus	NODE_4391_length_891_cov_24.055283	33.87	248	145	19	190	421	55	772	7.6e-24	110.4
NCVOG2642-consensus	NODE_112_length_16499_cov_23.517720	40.20	204	112	10	5	199	14838	14237	1.9e-16	89.0
NCVOG4522-consensus	NODE_2285_length_1450_cov_25.561544	43.56	202	91	23	262	440	1149	557	1.5e-25	116.9
NCVOG1352-consensus	NODE_3573_length_1003_cov_26.673866	41.98	162	82	12	61	221	997	548	2e-24	111.6
NCVOG1352-consensus	NODE_3213_length_1055_cov_26.602249	39.62	106	57	7	61	166	313	20	7e-13	73.4
NCVOG4422-consensus	NODE_1448_length_2598_cov_26.181277	25.66	339	224	28	1	317	1946	959	1.9e-11	70.5
NCVOG4422-consensus	NODE_14_length_54710_cov_27.240276	25.70	323	226	14	3	311	23836	24797	5.9e-11	73.3
NCVOG1357-consensus	NODE_270_length_11128_cov_23.856846	26.77	269	155	42	143	378	10421	9649	5e-11	71.3
NCVOG0052-consensus	NODE_115_length_16370_cov_23.278156	36.70	109	66	3	30	138	10146	9832	4.6e-12	74.6
NCVOG0052-consensus	NODE_3333_length_1038_cov_27.141519	30.77	104	64	8	36	139	362	78	7.5e-12	69.9
NCVOG4122-consensus	NODE_2609_length_1259_cov_43.973773	32.99	291	182	13	184	465	1	854	6e-25	114.7
NCVOG4122-consensus	NODE_761_length_5319_cov_24.942579	37.63	186	115	1	276	460	10	564	2.1e-24	115.0
NCVOG4122-consensus	NODE_1929_length_1742_cov_26.433373	31.88	207	134	7	115	314	1089	1706	1.9e-21	103.6
NCVOG4122-consensus	NODE_1230_length_3117_cov_23.051316	27.87	409	256	39	52	425	1507	2718	8.7e-21	102.2
NCVOG4122-consensus	NODE_14_length_54710_cov_27.240276	30.37	326	212	15	54	368	23866	24828	4.8e-20	103.9
NCVOG4122-consensus	NODE_1113_length_3461_cov_24.104314	32.96	361	225	17	120	463	1602	2681	3.4e-19	97.1
NCVOG4122-consensus	NODE_534_length_7079_cov_22.879052	27.83	345	231	18	100	432	3447	4460	4.8e-19	97.6
NCVOG4122-consensus	NODE_1448_length_2598_cov_26.181277	29.76	289	185	18	127	402	1881	1033	1.1e-16	88.4
NCVOG4122-consensus	NODE_1810_length_1883_cov_23.011074	27.53	316	216	13	125	430	1860	925	2.8e-16	86.5
NCVOG4122-consensus	NODE_3392_length_1029_cov_23.512605	39.19	148	84	6	86	228	473	36	1.8e-15	83.0
NCVOG4122-consensus	NODE_55_length_22420_cov_25.510003	36.05	258	150	15	68	314	15095	15853	1e-14	84.9
NCVOG4122-consensus	NODE_95_length_17932_cov_23.962475	32.95	264	163	14	180	431	8345	9127	2.1e-14	83.5
NCVOG4122-consensus	NODE_601_length_6489_cov_24.137555	23.96	338	251	6	98	433	2842	1844	3.5e-14	81.3
NCVOG4122-consensus	NODE_2714_length_1212_cov_22.822026	29.11	292	181	26	133	409	1212	375	1.3e-13	77.0
NCVOG4122-consensus	NODE_3703_length_984_cov_27.970232	34.59	159	94	10	140	290	983	516	1.5e-13	76.5
NCVOG4122-consensus	NODE_222_length_12286_cov_26.201491	34.20	269	163	14	116	373	22	816	7.6e-13	77.8
NCVOG4122-consensus	NODE_98_length_17261_cov_25.231423	27.64	199	139	5	29	225	2931	2347	1.1e-12	77.8
NCVOG4122-consensus	NODE_100_length_17124_cov_23.417727	26.13	398	279	15	78	460	15574	16764	2.2e-12	76.7
NCVOG4122-consensus	NODE_886_length_4559_cov_23.254574	25.98	254	173	15	18	262	530	1270	2.7e-12	74.6
NCVOG4122-consensus	NODE_1891_length_1778_cov_27.292769	28.37	208	136	13	84	284	1312	710	3.2e-12	72.9
NCVOG4122-consensus	NODE_1555_length_2343_cov_23.635481	33.86	251	149	17	75	312	1579	2316	9.1e-12	71.8
NCVOG4122-consensus	NODE_199_length_12853_cov_25.734424	26.35	296	163	55	5	256	3919	3068	1.6e-11	73.5
NCVOG0312-consensus	NODE_605_length_6455_cov_26.021950	22.69	661	453	58	274	903	5571	3681	1.9e-17	93.2
NCVOG0312-consensus	NODE_1842_length_1841_cov_32.119048	27.09	539	345	48	255	776	1756	242	7.1e-16	86.1
NCVOG0312-consensus	NODE_518_length_7255_cov_27.497632	25.63	749	472	85	96	805	1066	3155	8e-13	78.0
NCVOG0312-consensus	NODE_1642_length_2157_cov_25.117308	23.92	627	411	66	247	840	1908	136	8.4e-12	72.8
NCVOG0312-consensus	NODE_514_length_7272_cov_25.488812	21.25	720	504	63	135	818	7136	5061	2e-11	73.4
NCVOG0312-consensus	NODE_149_length_15088_cov_23.312904	22.37	599	416	49	338	912	10625	12333	8.6e-11	72.3
NCVOG0032-consensus	NODE_25_length_33300_cov_26.068296	26.81	720	372	155	276	868	7018	4960	1.9e-20	105.4
NCVOG0032-consensus	NODE_195_length_12960_cov_23.958941	29.03	596	312	111	289	820	11660	10021	1.3e-19	101.3
NCVOG0032-consensus	NODE_110_length_16627_cov_23.610211	26.01	815	448	155	123	822	12237	14538	1.9e-18	97.8
NCVOG0032-consensus	NODE_722_length_5556_cov_26.932287	26.63	612	307	142	249	814	2368	834	2.1e-16	89.4
NCVOG0032-consensus	NODE_4794_length_839_cov_28.539370	37.98	129	76	4	678	804	466	89	3.1e-13	76.1
NCVOG0032-consensus	NODE_4_length_119606_cov_26.048607	24.00	725	408	143	188	883	54983	56788	5e-13	82.6
NCVOG0032-consensus	NODE_380_length_8825_cov_23.500000	26.12	605	343	104	255	845	3011	1490	6e-12	75.3
NCVOG0032-consensus	NODE_16_length_44930_cov_28.846209	30.64	173	109	11	672	835	18062	17557	2.1e-11	75.8
NCVOG0032-consensus	NODE_152_length_15032_cov_25.311200	24.60	622	351	118	257	836	8369	9989	5.5e-11	72.8
NCVOG0302-consensus	NODE_1511_length_2447_cov_24.928270	30.18	338	204	32	225	535	1166	2149	3.3e-22	106.8
NCVOG0302-consensus	NODE_1062_length_3661_cov_25.111049	31.46	213	136	10	268	477	3498	2884	2.1e-20	101.4
NCVOG0302-consensus	NODE_598_length_6508_cov_24.868605	28.47	274	189	7	3	273	6129	5327	1.5e-17	92.7
NCVOG0302-consensus	NODE_685_length_5765_cov_26.479782	29.02	317	179	46	264	535	5556	4616	1.1e-16	89.7
NCVOG0302-consensus	NODE_5899_length_705_cov_26.441083	33.66	202	114	20	352	534	37	628	3.7e-16	84.9
NCVOG0302-consensus	NODE_844_length_4882_cov_23.858273	28.96	404	239	48	176	542	1343	2502	4.1e-16	87.5
NCVOG0302-consensus	NODE_613_length_6366_cov_23.709811	31.31	214	119	28	348	535	4162	4794	5.4e-16	87.5
NCVOG0302-consensus	NODE_453_length_7835_cov_25.184326	26.13	398	257	37	175	535	5951	7133	1.2e-15	86.7
NCVOG0302-consensus	NODE_2156_length_1547_cov_23.593878	31.28	211	131	14	266	470	876	277	1.7e-14	80.5
NCVOG0302-consensus	NODE_1828_length_1854_cov_25.375352	25.29	344	229	28	158	494	1848	887	2.5e-14	80.2
NCVOG0302-consensus	NODE_282_length_10816_cov_23.802589	30.97	226	128	28	337	534	2739	2071	4.7e-14	81.8
NCVOG0302-consensus	NODE_33_length_28592_cov_108.794459	34.91	232	131	20	229	448	22947	23615	3.2e-13	80.5
NCVOG0302-consensus	NODE_1860_length_1820_cov_21.784280	29.57	328	198	33	244	545	783	1740	4.9e-13	75.9
NCVOG0302-consensus	NODE_242_length_11757_cov_26.292209	31.86	317	174	42	234	511	9003	9925	5.9e-13	78.3
NCVOG0302-consensus	NODE_3732_length_980_cov_27.078627	32.12	274	160	26	285	534	956	150	8e-13	74.3
NCVOG0302-consensus	NODE_965_length_4133_cov_25.900148	24.76	311	211	23	184	480	1469	2367	1.1e-12	75.9
NCVOG0302-consensus	NODE_1085_length_3564_cov_22.785202	24.55	387	257	35	105	473	1725	625	3.6e-12	74.0
NCVOG0302-consensus	NODE_274_length_10937_cov_24.942726	29.15	295	179	30	217	486	8902	9764	4.3e-12	75.3
NCVOG0302-consensus	NODE_4944_length_822_cov_26.636242	33.33	231	129	25	253	458	688	9	6.4e-12	71.0
NCVOG0302-consensus	NODE_361_length_9195_cov_23.549682	25.99	327	207	35	164	470	75	997	4.2e-11	71.8
NCVOG0302-consensus	NODE_1005_length_3944_cov_24.675200	25.71	350	231	29	155	488	3461	2458	8.1e-11	69.6
NCVOG0012-consensus	NODE_13126_length_155_cov_24.782051	72.55	51	14	0	326	376	155	6	1.5e-18	90.6
NCVOG0012-consensus	NODE_50_length_23525_cov_26.127729	40.40	151	63	27	300	424	4177	3731	3.2e-17	93.4
NCVOG0012-consensus	NODE_335_length_9585_cov_25.037964	41.13	141	64	19	291	412	5193	5608	5.9e-17	91.2
NCVOG0012-consensus	NODE_2041_length_1643_cov_21.446999	36.04	222	111	31	216	421	310	921	7.2e-17	88.4
NCVOG0012-consensus	NODE_4465_length_880_cov_22.633873	45.71	105	51	6	309	411	377	78	5.5e-14	77.9
NCVOG0012-consensus	NODE_4489_length_876_cov_24.932416	32.21	149	97	4	269	413	283	726	1.9e-13	76.1
NCVOG0012-consensus	NODE_5010_length_814_cov_24.643148	35.46	141	81	10	310	448	256	651	4.4e-12	71.5
NCVOG0012-consensus	NODE_1679_length_2062_cov_22.297733	42.86	126	58	14	304	416	1100	1471	7.2e-12	72.1
NCVOG0012-consensus	NODE_684_length_5779_cov_24.516661	39.55	134	64	17	302	418	1780	1382	9.7e-12	73.1
NCVOG0012-consensus	NODE_953_length_4199_cov_17.281659	45.71	105	52	5	309	411	1994	1696	1.1e-11	72.6
NCVOG0012-consensus	NODE_2122_length_1573_cov_26.430481	28.22	202	116	29	301	473	952	1550	2.1e-11	70.2
NCVOG0012-consensus	NODE_544_length_7003_cov_24.616084	28.43	415	200	97	85	428	1000	2163	3.1e-11	71.7
NCVOG0012-consensus	NODE_48_length_23710_cov_24.307198	34.15	246	138	24	200	424	12153	12872	5.2e-11	72.7
NCVOG0012-consensus	NODE_676_length_5812_cov_21.997384	32.18	202	107	30	238	413	3674	3084	6.2e-11	70.5
NCVOG0603-consensus	NODE_73_length_20267_cov_24.414958	33.60	378	200	51	1	332	6308	5205	2.1e-17	93.6
NCVOG1127-consensus	NODE_145_length_15146_cov_23.305992	26.84	354	227	32	7	335	5018	3983	6.2e-19	98.7
NCVOG1127-consensus	NODE_754_length_5355_cov_28.672982	23.57	314	222	18	54	352	1993	2922	1.4e-13	79.4
NCVOG4590-consensus	NODE_1504_length_2464_cov_38.479682	31.10	344	198	39	115	442	940	1899	1.3e-16	88.1
NCVOG4590-consensus	NODE_8044_length_296_cov_15.863014	42.70	89	49	2	250	338	25	282	6.6e-15	79.3
NCVOG4590-consensus	NODE_7682_length_384_cov_18.827362	37.00	100	61	2	249	348	8	298	5.9e-14	76.6
NCVOG4590-consensus	NODE_204_length_12782_cov_25.621330	28.40	257	124	60	152	406	3818	3229	1.1e-13	80.8
NCVOG4590-consensus	NODE_2414_length_1365_cov_21.326863	30.72	332	195	35	126	442	1181	249	8.4e-13	74.6
NCVOG4590-consensus	NODE_8014_length_306_cov_12.096070	39.33	89	52	2	254	342	263	6	1.1e-11	68.8
NCVOG0868-consensus	NODE_212_length_12593_cov_23.036833	39.10	156	79	16	160	308	2308	2735	7e-12	74.3
NCVOG0985-consensus	NODE_8_length_88110_cov_26.280349	30.55	455	264	52	79	492	56750	58062	4.8e-36	157.8
NCVOG1188-consensus	NODE_6681_length_585_cov_13.846457	32.37	173	98	19	78	233	581	72	4.5e-12	70.1
NCVOG2900-consensus	NODE_761_length_5319_cov_24.942579	29.08	196	135	4	15	210	4	576	2e-15	84.0
NCVOG0190-consensus	NODE_13126_length_155_cov_24.782051	49.15	59	21	9	199	257	153	7	2.1e-11	66.8
NCVOG0190-consensus	NODE_212_length_12593_cov_23.036833	41.88	117	51	17	183	299	2341	2637	6.5e-11	71.6
NCVOG4768-consensus	NODE_6054_length_680_cov_27.565506	26.67	150	95	15	68	209	607	182	5e-13	73.8
NCVOG0025-consensus	NODE_445_length_7923_cov_25.894978	30.36	415	228	61	113	521	5030	3954	9.6e-29	130.1
NCVOG0025-consensus	NODE_323_length_9754_cov_22.441046	30.58	412	228	58	102	505	8454	9536	1.1e-23	113.6
NCVOG0025-consensus	NODE_25_length_33300_cov_26.068296	29.37	412	232	59	113	515	9662	8586	3.2e-23	113.9
NCVOG0025-consensus	NODE_42_length_25971_cov_26.317011	27.79	421	246	58	119	518	9133	7995	5.5e-20	102.8
NCVOG0025-consensus	NODE_1373_length_2772_cov_28.254174	23.83	428	277	49	113	517	1906	712	3.5e-18	93.5
NCVOG0025-consensus	NODE_219_length_12441_cov_25.747574	26.97	330	207	34	212	518	3690	2741	2e-14	83.2
NCVOG0025-consensus	NODE_3877_length_959_cov_25.187075	38.06	134	72	11	376	501	367	752	4.5e-14	78.4
NCVOG0025-consensus	NODE_36_length_27783_cov_25.933985	27.79	421	252	52	101	515	24606	25719	1.1e-13	81.9
NCVOG0025-consensus	NODE_1879_length_1794_cov_27.446709	28.78	417	227	70	91	488	1316	234	3.8e-13	76.2
NCVOG0025-consensus	NODE_2598_length_1265_cov_25.255892	26.76	284	170	38	236	509	61	825	5.7e-13	75.1
NCVOG0025-consensus	NODE_524_length_7188_cov_25.971312	26.90	394	238	50	104	491	6939	5893	6e-13	77.5
NCVOG0025-consensus	NODE_125_length_15752_cov_27.872344	23.43	431	280	50	112	517	2699	1491	2.3e-12	76.7
NCVOG0025-consensus	NODE_1225_length_3135_cov_29.455853	23.86	373	253	31	101	470	1071	44	7.4e-11	69.4
NCVOG0271-consensus	NODE_6_length_93704_cov_26.475984	43.70	1190	558	112	61	1153	18331	14822	3.9e-115	421.9
NCVOG0271-consensus	NODE_12_length_60829_cov_360.065496	30.40	865	503	99	323	1152	32349	29950	2.4e-57	229.3
NCVOG0271-consensus	NODE_92_length_18144_cov_24.590967	29.71	1232	750	116	8	1151	12833	9241	2.6e-49	200.8
NCVOG0271-consensus	NODE_1683_length_2053_cov_24.383097	38.91	681	371	45	514	1156	7	2017	6.2e-42	173.2
NCVOG0271-consensus	NODE_4891_length_828_cov_23.198402	30.88	272	166	22	285	535	13	820	2.6e-19	96.7
NCVOG0271-consensus	NODE_3162_length_1062_cov_25.968528	28.46	260	169	17	23	276	318	1057	1.2e-13	78.3
NCVOG0078-consensus	NODE_3426_length_1023_cov_25.979915	50.00	112	54	2	89	198	198	530	1.3e-16	85.9
NCVOG0078-consensus	NODE_386_length_8742_cov_29.132372	39.62	159	92	4	44	198	497	24	1.6e-16	88.6
NCVOG4568-consensus	NODE_3806_length_969_cov_21.713004	35.91	181	104	12	311	488	403	915	3e-12	72.2
NCVOG4568-consensus	NODE_6681_length_585_cov_13.846457	35.42	192	117	7	295	482	577	16	3.6e-11	67.9
NCVOG0061-consensus	NODE_122_length_15913_cov_24.791361	30.33	600	300	118	61	553	2611	854	3.7e-24	116.0
NCVOG4511-consensus	NODE_4100_length_930_cov_20.132474	26.69	311	194	34	5	296	40	918	9.2e-12	71.0
NCVOG4511-consensus	NODE_2041_length_1643_cov_21.446999	26.35	315	206	26	23	324	190	1092	3.5e-11	69.9
NCVOG0728-consensus	NODE_2085_length_1601_cov_24.583333	33.01	103	64	5	91	189	1577	1275	2.5e-11	68.6
NCVOG5031-consensus	NODE_348_length_9415_cov_23.344613	32.24	183	112	12	10	192	2777	2268	9.1e-12	73.8
NCVOG0451-consensus	NODE_1113_length_3461_cov_24.104314	37.00	273	159	13	114	373	1488	2303	2e-31	137.5
NCVOG0451-consensus	NODE_1230_length_3117_cov_23.051316	36.68	259	152	12	134	386	1699	2454	3.8e-27	123.1
NCVOG0451-consensus	NODE_289_length_10595_cov_24.707644	34.19	272	168	11	134	402	9021	9809	6.1e-27	124.2
NCVOG0451-consensus	NODE_761_length_5319_cov_24.942579	42.41	158	91	0	129	286	115	585	9.5e-27	122.6
NCVOG0451-consensus	NODE_1929_length_1742_cov_26.433373	35.59	222	136	7	139	356	1086	1739	6.3e-26	118.3
NCVOG0451-consensus	NODE_100_length_17124_cov_23.417727	33.22	298	188	11	122	412	15538	16416	2.8e-24	116.1
NCVOG0451-consensus	NODE_534_length_7079_cov_22.879052	36.09	266	153	17	128	387	3736	4493	3.6e-24	114.5
NCVOG0451-consensus	NODE_55_length_22420_cov_25.510003	36.44	247	149	8	133	373	15020	15751	7.3e-23	111.8
NCVOG0451-consensus	NODE_14_length_54710_cov_27.240276	31.94	263	171	8	146	405	23968	24738	1.5e-22	112.1
NCVOG0451-consensus	NODE_1448_length_2598_cov_26.181277	34.78	230	143	7	121	343	1806	1120	6.2e-21	102.2
NCVOG0451-consensus	NODE_1810_length_1883_cov_23.011074	32.10	243	156	9	134	372	1635	925	4.3e-20	99.0
NCVOG0451-consensus	NODE_2609_length_1259_cov_43.973773	36.40	228	137	8	179	402	1	669	5e-20	98.2
NCVOG0451-consensus	NODE_1891_length_1778_cov_27.292769	33.33	204	128	8	139	339	1312	719	3.8e-19	95.7
NCVOG0451-consensus	NODE_3392_length_1029_cov_23.512605	37.43	187	106	11	114	292	554	6	5.6e-19	94.4
NCVOG0451-consensus	NODE_95_length_17932_cov_23.962475	33.20	253	156	13	130	375	8312	9049	1.7e-17	93.6
NCVOG0451-consensus	NODE_698_length_5688_cov_22.572269	34.87	261	154	16	127	375	4854	5617	7.7e-17	89.8
NCVOG0451-consensus	NODE_800_length_5127_cov_22.282574	32.51	283	179	12	129	402	1849	1013	8e-16	86.2
NCVOG0451-consensus	NODE_1783_length_1918_cov_27.969582	29.33	225	150	9	151	372	666	13	8.8e-15	81.4
NCVOG0451-consensus	NODE_3167_length_1062_cov_23.318782	31.86	226	144	10	124	340	679	8	3.8e-14	78.4
NCVOG0451-consensus	NODE_746_length_5397_cov_26.730263	32.07	237	154	7	127	357	4487	5191	1.1e-13	79.2
NCVOG0451-consensus	NODE_601_length_6489_cov_24.137555	28.67	286	178	26	139	410	2884	2066	2.4e-13	78.4
NCVOG0451-consensus	NODE_199_length_12853_cov_25.734424	32.18	202	129	8	147	340	3673	3071	6.8e-13	77.8
NCVOG0451-consensus	NODE_108_length_16687_cov_24.474293	28.35	261	177	10	149	403	2805	2038	8.8e-13	77.9
NCVOG0451-consensus	NODE_108_length_16687_cov_24.474293	29.60	250	167	9	134	376	3877	3139	8.8e-13	77.9
NCVOG0451-consensus	NODE_2558_length_1291_cov_19.677924	30.61	245	144	26	6	246	673	12	5.1e-12	71.6
NCVOG0451-consensus	NODE_886_length_4559_cov_23.254574	27.27	286	187	21	134	407	734	1561	7.2e-12	73.0
NCVOG0451-consensus	NODE_2714_length_1212_cov_22.822026	31.75	315	163	52	142	412	1191	276	8.5e-12	70.8
NCVOG0451-consensus	NODE_59_length_21699_cov_25.541671	29.41	272	179	13	97	362	20827	20040	1.6e-11	74.1
NCVOG0451-consensus	NODE_98_length_17261_cov_25.231423	38.84	121	72	2	134	252	2700	2341	3.2e-11	72.7
NCVOG4421-consensus	NODE_2609_length_1259_cov_43.973773	41.11	90	52	1	75	163	319	585	7.2e-11	66.5
NCVOG1351-consensus	NODE_2998_length_1097_cov_27.450000	36.40	272	157	16	130	388	850	47	1.1e-24	113.9
NCVOG1351-consensus	NODE_2245_length_1488_cov_22.790928	32.55	341	195	35	137	452	1075	94	8e-24	111.4
NCVOG1351-consensus	NODE_3228_length_1053_cov_24.269467	33.97	209	99	39	168	342	1048	444	2.3e-13	76.2
NCVOG0531-consensus	NODE_441_length_7957_cov_26.764086	27.96	186	127	7	8	186	3847	4401	1.1e-15	86.5
NCVOG0231-consensus	NODE_200_length_12839_cov_25.804654	36.88	160	87	14	203	351	10404	10863	2.4e-16	89.2
NCVOG0031-consensus	NODE_12_length_60829_cov_360.065496	26.04	772	466	105	224	947	34543	36680	4.3e-22	112.1
NCVOG0301-consensus	NODE_1511_length_2447_cov_24.928270	33.21	274	159	24	241	493	1218	2013	2.4e-19	97.3
NCVOG0301-consensus	NODE_1062_length_3661_cov_25.111049	34.74	213	126	13	279	487	3462	2854	6e-18	93.2
NCVOG0301-consensus	NODE_453_length_7835_cov_25.184326	26.44	348	213	43	231	535	6097	7133	5.8e-17	91.1
NCVOG0301-consensus	NODE_5899_length_705_cov_26.441083	37.66	154	84	12	344	486	4	455	8e-16	83.8
NCVOG0301-consensus	NODE_274_length_10937_cov_24.942726	29.57	257	159	22	249	486	9006	9764	4.2e-15	85.4
NCVOG0301-consensus	NODE_2156_length_1547_cov_23.593878	32.86	210	127	14	266	470	876	277	5.6e-15	82.1
NCVOG0301-consensus	NODE_685_length_5765_cov_26.479782	29.76	336	181	55	253	535	5610	4616	1.7e-14	82.4
NCVOG0301-consensus	NODE_613_length_6366_cov_23.709811	38.58	127	68	10	360	478	4195	4566	3.4e-14	81.6
NCVOG0301-consensus	NODE_1860_length_1820_cov_21.784280	29.75	316	193	29	253	545	810	1734	1.3e-13	77.8
NCVOG0301-consensus	NODE_844_length_4882_cov_23.858273	30.31	320	185	38	244	535	1569	2487	6.3e-13	77.0
NCVOG0301-consensus	NODE_1085_length_3564_cov_22.785202	28.33	233	146	21	252	470	1320	646	9.8e-13	75.9
NCVOG0301-consensus	NODE_1828_length_1854_cov_25.375352	28.85	260	165	20	222	472	1688	947	3.3e-12	73.2
NCVOG0301-consensus	NODE_282_length_10816_cov_23.802589	28.76	226	132	29	338	534	2739	2071	1.6e-11	73.4
NCVOG1121-consensus	NODE_348_length_9415_cov_23.344613	27.97	404	242	49	63	462	3198	2131	8e-21	104.1
NCVOG2860-consensus	NODE_2609_length_1259_cov_43.973773	32.40	250	160	9	117	360	4	741	1.3e-17	90.1
NCVOG2860-consensus	NODE_640_length_6076_cov_24.925988	29.50	278	180	16	70	334	822	5	2.9e-17	91.2
NCVOG2860-consensus	NODE_2063_length_1622_cov_25.450485	32.89	228	142	11	118	335	36	713	5.5e-15	81.7
NCVOG2860-consensus	NODE_222_length_12286_cov_26.201491	32.22	239	145	17	108	335	115	810	6e-14	81.1
NCVOG2860-consensus	NODE_800_length_5127_cov_22.282574	30.11	269	177	11	106	363	1816	1013	7.5e-13	76.2
NCVOG2860-consensus	NODE_534_length_7079_cov_22.879052	29.71	239	157	11	122	352	3447	4151	3.8e-12	74.3
NCVOG2860-consensus	NODE_1555_length_2343_cov_23.635481	30.70	215	135	14	102	305	1681	2313	1e-11	71.4
NCVOG2860-consensus	NODE_3392_length_1029_cov_23.512605	35.81	148	86	9	176	315	449	12	1.1e-11	70.0
NCVOG2860-consensus	NODE_1113_length_3461_cov_24.104314	30.48	292	183	20	99	370	1358	2228	9.8e-11	68.6
NCVOG0001-consensus	NODE_1979_length_1695_cov_26.414091	42.19	301	145	29	313	600	822	1669	8.1e-42	171.6
NCVOG0001-consensus	NODE_999_length_3961_cov_28.007724	36.99	365	204	26	241	598	1906	880	4.7e-40	167.0
NCVOG0001-consensus	NODE_432_length_8051_cov_26.707675	41.46	246	119	25	331	562	6386	7085	5.4e-36	154.5
NCVOG0001-consensus	NODE_432_length_8051_cov_26.707675	35.19	287	151	35	304	566	7140	7962	6.2e-31	137.7
NCVOG0001-consensus	NODE_407_length_8413_cov_24.524712	32.86	420	242	40	177	574	6709	5515	7.5e-34	147.5
NCVOG0001-consensus	NODE_100_length_17124_cov_23.417727	35.35	297	164	28	265	547	190	1033	1.7e-31	140.7
NCVOG0001-consensus	NODE_101_length_17091_cov_28.387681	36.48	244	132	23	357	590	3883	3198	4.7e-29	132.5
NCVOG0001-consensus	NODE_1790_length_1909_cov_26.126638	37.85	251	122	34	328	555	358	1068	1e-27	125.0
NCVOG0001-consensus	NODE_91_length_18284_cov_23.964135	34.96	266	153	20	333	587	5268	6031	1e-27	128.2
NCVOG0001-consensus	NODE_91_length_18284_cov_23.964135	35.54	242	129	27	357	577	4462	5162	4.6e-23	112.7
NCVOG0001-consensus	NODE_102_length_16996_cov_23.989834	35.41	257	132	34	320	556	9406	10129	1.6e-26	124.1
NCVOG0001-consensus	NODE_254_length_11477_cov_25.309123	29.06	437	266	44	178	592	10963	9732	1.5e-25	120.3
NCVOG0001-consensus	NODE_649_length_6008_cov_25.709324	32.20	382	221	38	258	618	1166	2253	1.6e-24	116.0
NCVOG0001-consensus	NODE_649_length_6008_cov_25.709324	40.23	261	131	25	303	552	369	1106	1.6e-32	142.6
NCVOG0001-consensus	NODE_792_length_5141_cov_24.430885	35.40	274	146	31	286	546	3139	2379	1.3e-23	112.7
NCVOG0001-consensus	NODE_6074_length_678_cov_23.720466	39.32	206	108	17	373	573	678	100	5.3e-21	101.2
NCVOG0001-consensus	NODE_957_length_4182_cov_23.473569	31.60	288	161	36	265	531	2694	3509	1.9e-19	98.6
NCVOG0001-consensus	NODE_6387_length_632_cov_29.938739	40.62	160	78	17	434	580	623	161	7.8e-19	93.8
NCVOG0001-consensus	NODE_3619_length_997_cov_28.047826	34.51	142	88	5	431	568	997	578	1.7e-16	86.7
NCVOG0001-consensus	NODE_4205_length_916_cov_24.667461	39.02	246	124	26	321	553	724	45	1e-15	84.0
NCVOG0001-consensus	NODE_2981_length_1102_cov_24.339512	40.56	143	69	16	322	451	672	1088	1.5e-15	83.8
NCVOG0001-consensus	NODE_157_length_14706_cov_24.928361	30.99	284	166	30	321	585	12708	11899	4.7e-12	75.9
NCVOG0001-consensus	NODE_350_length_9396_cov_25.740637	32.81	256	140	32	329	556	4321	3575	2e-11	73.1
NCVOG1197-consensus	NODE_1322_length_2887_cov_26.733096	27.95	365	213	50	140	465	2881	1843	3.8e-12	73.5
NCVOG1197-consensus	NODE_309_length_10051_cov_24.235011	25.43	350	219	42	68	394	512	1493	3.9e-12	75.3
NCVOG4518-consensus	NODE_1972_length_1699_cov_27.517879	33.04	451	216	86	19	460	571	1685	6.3e-19	95.4
NCVOG2058-consensus	NODE_1448_length_2598_cov_26.181277	36.50	274	166	8	73	338	1854	1036	1.4e-30	134.3
NCVOG2058-consensus	NODE_761_length_5319_cov_24.942579	38.34	193	119	0	92	284	10	585	4.7e-29	130.2
NCVOG2058-consensus	NODE_2609_length_1259_cov_43.973773	39.54	263	150	9	117	371	1	783	1.3e-28	126.7
NCVOG2058-consensus	NODE_534_length_7079_cov_22.879052	35.83	254	153	10	91	339	3717	4460	1.3e-28	129.1
NCVOG2058-consensus	NODE_1929_length_1742_cov_26.433373	35.41	209	130	5	137	341	1086	1706	1.8e-24	113.4
NCVOG2058-consensus	NODE_14_length_54710_cov_27.240276	35.44	285	169	15	103	378	23941	24772	3.9e-24	117.2
NCVOG2058-consensus	NODE_95_length_17932_cov_23.962475	29.97	337	215	21	45	371	8078	9052	1.2e-23	113.9
NCVOG2058-consensus	NODE_2063_length_1622_cov_25.450485	34.94	249	155	7	91	332	42	785	2.8e-23	109.3
NCVOG2058-consensus	NODE_1113_length_3461_cov_24.104314	37.81	283	153	23	103	365	1460	2294	1.5e-21	104.7
NCVOG2058-consensus	NODE_698_length_5688_cov_22.572269	30.13	312	197	21	41	340	4712	5617	4.2e-21	103.9
NCVOG2058-consensus	NODE_100_length_17124_cov_23.417727	32.07	290	188	9	92	372	15544	16410	5.9e-21	105.0
NCVOG2058-consensus	NODE_601_length_6489_cov_24.137555	28.57	336	220	20	37	368	2896	1940	7e-21	103.3
NCVOG2058-consensus	NODE_1555_length_2343_cov_23.635481	38.43	242	137	12	79	308	1591	2313	4.2e-20	99.3
NCVOG2058-consensus	NODE_3167_length_1062_cov_23.318782	33.76	237	147	10	111	338	712	8	2.2e-19	95.8
NCVOG2058-consensus	NODE_289_length_10595_cov_24.707644	31.05	351	224	18	30	369	8787	9815	2.1e-17	92.5
NCVOG2058-consensus	NODE_27_length_32487_cov_24.077507	34.06	229	144	7	115	337	18196	17516	7.3e-16	89.0
NCVOG2058-consensus	NODE_1810_length_1883_cov_23.011074	32.09	321	198	20	31	340	1847	919	1.1e-15	84.4
NCVOG2058-consensus	NODE_1595_length_2264_cov_26.317330	28.79	264	175	13	90	340	545	1333	1.5e-15	84.1
NCVOG2058-consensus	NODE_98_length_17261_cov_25.231423	34.81	181	104	14	40	218	2850	2347	5.4e-15	85.2
NCVOG2058-consensus	NODE_3392_length_1029_cov_23.512605	34.26	216	127	15	56	259	644	9	9.5e-15	80.3
NCVOG2058-consensus	NODE_222_length_12286_cov_26.201491	34.12	255	161	7	127	376	79	834	2.1e-14	82.7
NCVOG2058-consensus	NODE_1_length_296862_cov_26.329831	35.32	201	120	10	54	249	55106	55690	3.1e-14	85.8
NCVOG2058-consensus	NODE_886_length_4559_cov_23.254574	29.00	331	207	28	90	399	866	1834	7.5e-14	79.5
NCVOG2058-consensus	NODE_3179_length_1061_cov_25.116870	34.46	267	165	10	115	371	1061	264	2e-13	76.0
NCVOG2058-consensus	NODE_800_length_5127_cov_22.282574	29.95	374	213	49	31	359	2513	1409	2.6e-13	77.8
NCVOG2058-consensus	NODE_800_length_5127_cov_22.282574	39.02	164	95	5	91	249	1402	914	1.6e-19	98.5
NCVOG2058-consensus	NODE_3703_length_984_cov_27.970232	31.86	226	135	19	138	354	968	328	2.7e-13	75.4
NCVOG2058-consensus	NODE_2558_length_1291_cov_19.677924	40.80	125	71	3	92	214	380	12	1.1e-12	73.8
NCVOG2058-consensus	NODE_1731_length_1988_cov_24.169021	34.57	162	101	5	92	249	592	113	3.6e-12	72.7
NCVOG2058-consensus	NODE_746_length_5397_cov_26.730263	39.81	211	121	6	103	307	4511	5140	4.6e-12	73.8
NCVOG2058-consensus	NODE_1891_length_1778_cov_27.292769	32.67	202	128	8	109	307	1306	719	1.2e-11	70.8
NCVOG2058-consensus	NODE_199_length_12853_cov_25.734424	30.13	239	157	10	142	371	3772	3062	2.3e-11	72.7
NCVOG2058-consensus	NODE_640_length_6076_cov_24.925988	38.71	217	126	7	97	307	649	5	2.8e-11	71.3
NCVOG2058-consensus	NODE_55_length_22420_cov_25.510003	32.58	310	194	15	95	395	15188	16090	4e-11	72.7
NCVOG2058-consensus	NODE_108_length_16687_cov_24.474293	26.32	266	176	20	145	395	4126	3347	7.7e-11	71.4
NCVOG0580-consensus	NODE_348_length_9415_cov_23.344613	34.29	175	105	10	98	264	2804	2289	1.5e-12	77.4
NCVOG4418-consensus	NODE_886_length_4559_cov_23.254574	40.00	130	70	8	219	344	785	1159	7.2e-11	69.7
NCVOG0066-consensus	NODE_468_length_7731_cov_25.528612	38.20	356	207	13	121	465	5572	6630	4.2e-53	211.2
NCVOG0066-consensus	NODE_468_length_7731_cov_25.528612	38.68	318	177	18	122	432	4456	5373	8.6e-44	180.3
NCVOG0066-consensus	NODE_1493_length_2484_cov_25.500208	36.93	371	202	32	120	478	1332	287	7.4e-49	195.5
NCVOG0066-consensus	NODE_1146_length_3363_cov_26.867925	39.26	326	177	21	119	427	437	1391	6.3e-39	162.9
NCVOG0066-consensus	NODE_1146_length_3363_cov_26.867925	32.75	342	214	16	72	410	1468	2447	1e-40	168.9
NCVOG0066-consensus	NODE_629_length_6233_cov_25.846816	36.15	296	178	11	114	409	5840	4989	4.1e-37	157.8
NCVOG0066-consensus	NODE_98_length_17261_cov_25.231423	35.12	299	181	13	121	409	1399	2283	2e-36	157.0
NCVOG0066-consensus	NODE_884_length_4563_cov_28.421088	28.94	425	270	32	122	525	671	1901	9e-28	126.3
NCVOG0066-consensus	NODE_100_length_17124_cov_23.417727	27.84	352	227	27	120	450	5273	6307	6.8e-22	108.7
NCVOG0066-consensus	NODE_100_length_17124_cov_23.417727	29.65	317	201	22	133	433	6320	7245	1.3e-27	127.7
NCVOG0066-consensus	NODE_100_length_17124_cov_23.417727	27.24	301	194	25	180	462	7603	8473	2e-16	90.5
NCVOG0066-consensus	NODE_7243_length_478_cov_19.982544	41.10	146	85	1	177	322	439	8	1.5e-20	99.0
NCVOG0066-consensus	NODE_44_length_25163_cov_23.759348	29.39	330	183	50	120	405	15215	14247	5.7e-18	96.2
NCVOG0066-consensus	NODE_997_length_3975_cov_23.538994	24.42	389	270	24	100	471	2111	3253	4.5e-16	87.3
NCVOG0066-consensus	NODE_529_length_7108_cov_24.063433	37.84	185	102	13	119	292	6490	7035	2e-15	85.9
NCVOG0066-consensus	NODE_2504_length_1314_cov_26.385610	37.25	153	88	8	120	268	857	1300	5.9e-14	78.6
NCVOG0066-consensus	NODE_6202_length_659_cov_24.544674	35.71	126	73	8	288	409	10	372	9.3e-11	67.0
NCVOG0038-consensus	NODE_2_length_169334_cov_26.433784	27.19	809	514	75	222	980	48642	46316	4e-51	209.8
NCVOG0038-consensus	NODE_2602_length_1263_cov_22.737774	43.79	290	146	17	691	972	1261	422	2.4e-50	200.3
NCVOG0038-consensus	NODE_12_length_60829_cov_360.065496	27.40	887	550	94	119	984	47104	49542	1.2e-28	133.8
NCVOG0228-consensus	NODE_2077_length_1610_cov_22.212003	33.90	531	302	49	351	863	113	1599	2.3e-39	164.0
NCVOG0228-consensus	NODE_7413_length_441_cov_24.700549	35.14	148	94	2	524	671	1	435	1.9e-17	89.2
NCVOG0228-consensus	NODE_2428_length_1356_cov_24.731040	35.56	270	142	32	674	921	3	773	2.9e-16	87.0
NCVOG1128-consensus	NODE_32_length_28767_cov_25.666957	27.78	216	144	12	136	347	17834	17214	2.1e-12	77.3
NCVOG0280-consensus	NODE_330_length_9649_cov_23.858441	19.64	1690	1206	152	76	1703	997	5773	1.1e-22	112.1
NCVOG0280-consensus	NODE_518_length_7255_cov_27.497632	22.59	1350	869	176	332	1592	364	4145	1.2e-19	101.5
NCVOG0280-consensus	NODE_1064_length_3649_cov_26.522396	20.91	1014	704	98	359	1334	3642	784	8.3e-18	94.5
NCVOG0280-consensus	NODE_10_length_65068_cov_24.568586	19.23	1305	927	127	331	1576	13702	17407	5.8e-17	95.8
NCVOG0280-consensus	NODE_605_length_6455_cov_26.021950	20.76	1204	860	94	596	1775	6392	3018	9.7e-17	91.8
NCVOG0280-consensus	NODE_383_length_8786_cov_23.212079	22.14	1048	704	112	661	1638	3036	36	4.5e-14	83.3
NCVOG0280-consensus	NODE_1842_length_1841_cov_32.119048	25.54	603	389	60	739	1315	1780	77	4.7e-13	77.7
NCVOG0280-consensus	NODE_1056_length_3700_cov_23.677339	22.09	661	463	52	651	1289	545	2434	6.4e-12	74.9
NCVOG0280-consensus	NODE_1109_length_3471_cov_28.948438	22.49	1187	820	100	494	1627	3459	45	8.7e-12	74.4
NCVOG0218-consensus	NODE_2041_length_1643_cov_21.446999	40.21	291	151	23	622	896	220	1068	3.4e-39	163.7
NCVOG0218-consensus	NODE_544_length_7003_cov_24.616084	32.00	450	255	51	366	777	889	2196	5.1e-30	135.3
NCVOG0218-consensus	NODE_48_length_23710_cov_24.307198	31.74	334	214	14	574	896	12099	13088	1.1e-25	122.7
NCVOG0218-consensus	NODE_50_length_23525_cov_26.127729	32.96	267	157	22	644	902	4240	3485	5.4e-25	120.3
NCVOG0218-consensus	NODE_335_length_9585_cov_25.037964	37.44	195	113	9	612	803	5207	5770	1.9e-22	110.6
NCVOG0218-consensus	NODE_2122_length_1573_cov_26.430481	33.79	219	138	7	681	898	844	1479	1.5e-21	105.0
NCVOG0218-consensus	NODE_13126_length_155_cov_24.782051	80.39	51	10	0	793	843	155	6	2.1e-19	94.5
NCVOG0218-consensus	NODE_4_length_119606_cov_26.048607	27.13	494	311	49	438	901	61410	59989	1.3e-18	101.5
NCVOG0218-consensus	NODE_379_length_8828_cov_23.066507	34.07	226	137	12	589	802	2882	2212	1.6e-18	97.4
NCVOG0218-consensus	NODE_1679_length_2062_cov_22.297733	33.33	189	121	5	622	809	1004	1555	4.3e-18	93.9
NCVOG0218-consensus	NODE_615_length_6363_cov_25.437162	31.03	232	145	15	559	779	3592	2912	6.3e-16	88.3
NCVOG0218-consensus	NODE_922_length_4380_cov_27.339995	26.08	556	357	54	363	892	1632	60	1.1e-15	86.9
NCVOG0218-consensus	NODE_17_length_43291_cov_26.451150	29.64	280	184	13	583	849	34497	35331	1.2e-15	90.2
NCVOG0218-consensus	NODE_4489_length_876_cov_24.932416	30.89	246	152	18	551	789	149	846	2.2e-15	83.7
NCVOG0218-consensus	NODE_289_length_10595_cov_24.707644	23.69	629	409	71	495	1059	4247	2397	5.8e-15	85.9
NCVOG0218-consensus	NODE_684_length_5779_cov_24.516661	38.03	142	77	11	704	834	1780	1358	1.7e-14	83.5
NCVOG0218-consensus	NODE_4465_length_880_cov_22.633873	46.15	104	49	7	662	763	377	84	3.1e-14	79.9
NCVOG0218-consensus	NODE_953_length_4199_cov_17.281659	50.48	105	45	7	732	833	1997	1702	5.8e-14	81.2
NCVOG0218-consensus	NODE_5010_length_814_cov_24.643148	46.32	95	46	5	671	763	256	528	1.5e-12	74.2
NCVOG0218-consensus	NODE_441_length_7957_cov_26.764086	28.77	431	254	53	408	805	6353	7566	2e-12	77.0
NCVOG0218-consensus	NODE_1080_length_3584_cov_26.787283	33.97	209	112	26	663	850	2856	2262	2.2e-12	75.7
NCVOG0218-consensus	NODE_5311_length_775_cov_40.196275	36.92	214	111	24	497	695	28	639	3e-12	73.1
NCVOG0218-consensus	NODE_13_length_57673_cov_25.983610	28.17	213	149	4	630	839	9315	9947	6.2e-12	78.3
NCVOG0218-consensus	NODE_451_length_7842_cov_24.955570	30.67	163	105	8	751	909	5283	4814	1.3e-11	74.3
NCVOG0218-consensus	NODE_676_length_5812_cov_21.997384	23.19	276	201	11	555	819	3646	2826	2.3e-11	73.1
NCVOG0218-consensus	NODE_212_length_12593_cov_23.036833	48.10	79	38	3	661	738	2302	2529	3.6e-11	73.5
NCVOG0218-consensus	NODE_2666_length_1232_cov_22.885714	29.80	198	132	7	602	797	262	837	8.3e-11	69.0
NCVOG0018-consensus	NODE_63_length_20892_cov_12.512995	22.70	1075	722	109	20	1020	12672	15788	4.7e-22	110.5
NCVOG0018-consensus	NODE_353_length_9342_cov_13.542903	21.79	1106	765	100	32	1102	6857	3738	1.2e-18	98.0
NCVOG0820-consensus	NODE_2980_length_1102_cov_24.483902	33.08	263	137	39	49	292	1096	371	5.5e-19	94.7
NCVOG0820-consensus	NODE_197_length_12884_cov_24.747794	26.92	494	279	82	14	445	5559	4151	2.2e-15	86.2
NCVOG4344-consensus	NODE_113_length_16449_cov_23.529929	29.82	218	139	14	121	333	14120	14743	1e-11	74.5
NCVOG2246-consensus	NODE_112_length_16499_cov_23.517720	34.33	434	253	32	32	453	3802	5040	1.8e-41	173.3
NCVOG4116-consensus	NODE_1113_length_3461_cov_24.104314	31.08	222	137	16	238	447	1875	2525	4.1e-16	86.8
NCVOG4116-consensus	NODE_2609_length_1259_cov_43.973773	33.95	162	99	8	237	395	253	720	2.2e-12	73.0
NCVOG4116-consensus	NODE_2063_length_1622_cov_25.450485	28.44	218	140	16	242	448	24	659	3.4e-12	72.7
NCVOG4116-consensus	NODE_534_length_7079_cov_22.879052	24.30	391	270	26	54	433	3159	4283	4e-12	74.6
NCVOG4116-consensus	NODE_14_length_54710_cov_27.240276	28.15	341	221	24	111	440	23503	24477	4.6e-12	77.3
NCVOG4116-consensus	NODE_95_length_17932_cov_23.962475	26.32	342	233	19	107	433	7936	8944	1.4e-11	74.0
NCVOG4116-consensus	NODE_761_length_5319_cov_24.942579	32.54	169	110	4	238	404	67	564	4.1e-11	70.8
NCVOG4116-consensus	NODE_55_length_22420_cov_25.510003	34.15	205	125	10	237	433	15140	15745	5.6e-11	72.4
NCVOG0273-consensus	NODE_1813_length_1880_cov_25.384359	36.23	207	107	25	15	196	1403	792	1.4e-14	79.7
