NCVOG0719-consensus	NODE_25_length_315491_cov_15.729600	31.30	262	137	43	47	265	143179	143955	5.2e-17	90.8
NCVOG1069-consensus	NODE_11_length_587177_cov_15.544386	36.50	137	82	5	95	231	439922	440314	2e-16	89.5
NCVOG0669-consensus	NODE_40_length_120144_cov_15.711719	26.01	419	273	37	78	466	112240	113472	1.5e-14	83.0
NCVOG0333-consensus	NODE_7_length_784547_cov_16.104383	42.86	112	48	16	605	709	748107	748412	8.2e-12	72.9
NCVOG2223-consensus	NODE_1_length_1869972_cov_16.027777	32.26	248	113	55	700	892	9158	8422	6.3e-19	98.9
NCVOG2223-consensus	NODE_3_length_1048457_cov_16.008489	43.00	100	55	2	706	804	1000237	1000530	2.2e-13	80.4
NCVOG2223-consensus	NODE_32_length_180587_cov_15.075209	40.84	191	89	24	706	887	147770	148278	2.7e-13	80.2
NCVOG0233-consensus	NODE_28_length_254316_cov_15.488135	36.68	897	461	107	51	847	112614	109948	5.3e-61	238.6
NCVOG0233-consensus	NODE_5_length_958716_cov_15.904518	35.39	876	449	117	99	859	826785	824171	1.4e-57	227.2
NCVOG0233-consensus	NODE_6_length_802021_cov_15.519641	24.97	861	552	94	46	867	54248	51842	1.3e-46	190.8
NCVOG0233-consensus	NODE_3_length_1048457_cov_16.008489	28.01	764	407	143	93	729	160181	157941	2.2e-30	136.9
NCVOG0233-consensus	NODE_10_length_606720_cov_15.156248	26.68	892	486	168	117	843	16200	18863	2.7e-30	136.6
NCVOG0233-consensus	NODE_2_length_1054681_cov_16.125990	28.38	747	395	140	104	715	231524	233746	4.1e-27	126.0
NCVOG0233-consensus	NODE_4_length_1027564_cov_15.664503	26.55	806	411	181	136	762	577816	575418	2.6e-25	120.0
NCVOG0233-consensus	NODE_27_length_267594_cov_14.873010	26.53	637	376	92	73	661	22825	21056	1.4e-20	104.3
NCVOG0233-consensus	NODE_5_length_958716_cov_15.904518	26.80	791	425	154	93	745	26736	29057	4.3e-20	102.7
NCVOG0233-consensus	NODE_25_length_315491_cov_15.729600	29.82	627	339	101	136	674	74868	76706	3.4e-19	99.7
NCVOG0233-consensus	NODE_12_length_562689_cov_15.492755	25.86	723	400	136	136	732	139183	141312	2.2e-14	83.7
NCVOG0023-consensus	NODE_57_length_15914_cov_13.334154	30.68	440	283	22	372	806	2440	3705	1.1e-36	154.5
NCVOG0023-consensus	NODE_42_length_105589_cov_14.549909	29.02	441	286	27	415	834	26293	24996	7.9e-29	131.2
NCVOG0023-consensus	NODE_88_length_5661_cov_25.931948	26.03	315	218	15	393	699	3361	4281	6.3e-18	90.7
NCVOG1013-consensus	NODE_28_length_254316_cov_15.488135	32.02	406	235	41	160	531	153317	154508	1.9e-16	89.7
NCVOG0013-consensus	NODE_23_length_345656_cov_15.214171	26.44	208	149	4	115	318	101351	100731	1e-11	74.3
NCVOG0297-consensus	NODE_6_length_802021_cov_15.519641	30.08	246	146	26	252	482	104566	105267	3.5e-15	85.7
NCVOG0663-consensus	NODE_38_length_136462_cov_14.617989	22.19	302	212	23	212	495	84345	85232	5.9e-13	78.3
NCVOG0073-consensus	NODE_31_length_190642_cov_15.711516	42.08	625	337	25	20	640	115989	117797	1.4e-99	366.8
NCVOG0073-consensus	NODE_1_length_1869972_cov_16.027777	39.75	629	350	29	29	640	154708	156553	1e-96	357.3
NCVOG0073-consensus	NODE_1_length_1869972_cov_16.027777	38.17	655	371	34	29	676	1496455	1498335	1.1e-89	334.0
NCVOG0073-consensus	NODE_3_length_1048457_cov_16.008489	36.95	655	376	37	19	666	1030466	1032337	8.9e-58	228.0
NCVOG0073-consensus	NODE_1_length_1869972_cov_16.027777	26.32	532	368	24	15	530	1785856	1787424	1.6e-45	187.3
NCVOG0073-consensus	NODE_8_length_756968_cov_15.931627	25.12	645	414	69	19	607	645297	643405	2.3e-37	160.2
NCVOG0073-consensus	NODE_28_length_254316_cov_15.488135	23.67	490	315	59	16	460	237072	235648	1.2e-11	74.2
NCVOG0073-consensus	NODE_516_length_351_cov_3.197080	26.67	120	82	6	32	151	1	339	1.8e-11	65.4
NCVOG1068-consensus	NODE_8_length_756968_cov_15.931627	56.12	139	60	1	102	239	379086	379499	4.4e-35	150.6
NCVOG1068-consensus	NODE_42_length_105589_cov_14.549909	49.04	157	75	5	86	237	27303	27770	4.4e-26	120.2
NCVOG4523-consensus	NODE_2_length_1054681_cov_16.125990	31.94	936	437	200	18	818	495932	493339	2.5e-27	127.1
NCVOG1353-consensus	NODE_3_length_1048457_cov_16.008489	57.99	826	282	65	37	800	85719	88180	2.7e-218	761.0
NCVOG4445-consensus	NODE_28_length_254316_cov_15.488135	33.63	342	213	14	47	384	153114	154106	2e-36	155.2
NCVOG4445-consensus	NODE_28_length_254316_cov_15.488135	28.08	292	192	18	93	377	154152	154989	1e-21	106.4
NCVOG4445-consensus	NODE_16_length_450817_cov_16.521134	28.49	351	231	20	41	384	278916	279926	9e-28	127.0
NCVOG4445-consensus	NODE_1_length_1869972_cov_16.027777	31.62	291	179	20	95	381	5757	6578	7.1e-27	124.0
NCVOG4445-consensus	NODE_1_length_1869972_cov_16.027777	35.15	202	96	35	134	334	6584	7082	6.2e-12	74.4
NCVOG4445-consensus	NODE_38_length_136462_cov_14.617989	30.16	305	198	15	78	380	27134	26262	1.8e-24	115.9
NCVOG4445-consensus	NODE_38_length_136462_cov_14.617989	30.48	315	195	24	78	384	34246	33353	1.8e-24	115.9
NCVOG4445-consensus	NODE_38_length_136462_cov_14.617989	28.79	323	210	20	78	384	30754	29801	5.6e-24	114.3
NCVOG4445-consensus	NODE_38_length_136462_cov_14.617989	27.07	314	212	17	78	384	26183	25275	4.9e-21	104.5
NCVOG4445-consensus	NODE_38_length_136462_cov_14.617989	30.20	298	177	31	108	384	29794	28934	1.1e-18	96.6
NCVOG4445-consensus	NODE_38_length_136462_cov_14.617989	32.55	212	127	16	140	351	25262	24678	1.7e-15	86.1
NCVOG4445-consensus	NODE_354_length_493_cov_13.334135	36.36	165	101	4	193	354	492	4	7.2e-21	95.8
NCVOG4445-consensus	NODE_485_length_366_cov_17.816609	38.05	113	70	0	239	351	339	4	3.9e-15	76.4
NCVOG4445-consensus	NODE_34_length_167334_cov_13.761660	29.66	263	172	13	94	354	104253	103501	6.8e-14	80.9
NCVOG4123-consensus	NODE_354_length_493_cov_13.334135	31.29	147	97	4	154	300	432	7	4e-11	63.5
NCVOG1343-consensus	NODE_12_length_562689_cov_15.492755	29.44	231	137	26	9	223	16629	17274	6.9e-13	77.6
NCVOG0243-consensus	NODE_19_length_416294_cov_15.530771	28.73	456	222	103	25	389	39623	38295	1.7e-11	73.0
NCVOG0055-consensus	NODE_4_length_1027564_cov_15.664503	39.53	172	100	4	238	406	610126	609617	3.2e-15	85.5
NCVOG4105-consensus	NODE_7_length_784547_cov_16.104383	36.78	1142	598	124	14	1074	422270	418983	1.7e-63	247.2
NCVOG4105-consensus	NODE_3_length_1048457_cov_16.008489	23.93	886	543	131	20	862	660486	658096	1.2e-11	75.0
NCVOG1045-consensus	NODE_11_length_587177_cov_15.544386	27.94	247	164	14	318	556	430677	431396	6.4e-15	84.9
NCVOG0305-consensus	NODE_6_length_802021_cov_15.519641	34.30	242	137	22	1331	1559	155541	156236	4.8e-29	133.3
NCVOG0305-consensus	NODE_11_length_587177_cov_15.544386	30.18	285	182	17	1282	1557	49779	50606	1.2e-24	118.6
NCVOG0305-consensus	NODE_5_length_958716_cov_15.904518	27.64	351	240	14	687	1035	899371	900380	1.1e-21	107.5
NCVOG0305-consensus	NODE_4_length_1027564_cov_15.664503	30.69	303	181	29	1276	1556	247232	246350	3.2e-20	104.0
NCVOG0305-consensus	NODE_3_length_1048457_cov_16.008489	30.10	309	195	21	776	1071	993129	994024	4.4e-19	100.2
NCVOG0305-consensus	NODE_6_length_802021_cov_15.519641	27.27	308	210	14	1252	1551	478609	479511	4.2e-18	96.9
NCVOG0305-consensus	NODE_10_length_606720_cov_15.156248	37.18	156	93	5	1355	1507	375006	374548	6.1e-18	96.4
NCVOG0305-consensus	NODE_21_length_400952_cov_15.469595	32.54	169	112	2	819	987	267447	267944	1.8e-16	91.5
NCVOG0305-consensus	NODE_24_length_330677_cov_15.077187	30.71	241	160	7	1305	1541	271737	272447	4.6e-16	90.1
NCVOG0305-consensus	NODE_4_length_1027564_cov_15.664503	33.58	137	88	3	1424	1557	79044	78643	2.1e-15	88.0
NCVOG0305-consensus	NODE_13_length_561745_cov_15.444955	37.88	132	79	3	1431	1560	341269	340880	2.5e-15	87.7
NCVOG0305-consensus	NODE_55_length_25304_cov_15.179015	33.88	245	136	26	1334	1555	20767	21487	2.2e-14	82.0
NCVOG0305-consensus	NODE_9_length_728160_cov_16.093817	25.86	348	236	22	780	1113	404071	403055	7.4e-14	82.8
NCVOG0305-consensus	NODE_5_length_958716_cov_15.904518	30.00	260	151	31	1306	1541	808921	809672	1.6e-13	81.7
NCVOG0305-consensus	NODE_27_length_267594_cov_14.873010	28.00	225	148	14	1344	1556	247473	246808	3.8e-13	80.1
NCVOG0305-consensus	NODE_3_length_1048457_cov_16.008489	28.21	273	164	32	1312	1556	79844	79041	3.2e-12	77.4
NCVOG0305-consensus	NODE_10_length_606720_cov_15.156248	29.66	236	135	31	1314	1521	593197	592506	1.2e-11	75.5
NCVOG0305-consensus	NODE_9_length_728160_cov_16.093817	32.10	271	170	14	774	1034	348906	349701	6.5e-11	73.0
NCVOG0305-consensus	NODE_9_length_728160_cov_16.093817	28.39	398	234	51	1176	1536	366904	368046	6.5e-11	73.0
NCVOG0305-consensus	NODE_15_length_512759_cov_15.568696	27.41	259	161	27	1316	1549	316591	317356	7.8e-11	72.8
NCVOG0248-consensus	NODE_24_length_330677_cov_15.077187	31.42	487	277	57	45	489	95732	94324	3.1e-14	82.4
NCVOG0105-consensus	NODE_2_length_1054681_cov_16.125990	25.91	548	352	54	280	818	600582	602087	6.2e-16	89.1
NCVOG0105-consensus	NODE_7_length_784547_cov_16.104383	21.08	944	607	138	23	896	270588	267968	4.1e-15	86.4
NCVOG4804-consensus	NODE_1_length_1869972_cov_16.027777	62.26	106	40	0	83	188	293915	294229	5e-27	123.6
NCVOG4804-consensus	NODE_21_length_400952_cov_15.469595	58.49	106	44	0	72	177	109262	108948	1.2e-24	115.7
NCVOG0282-consensus	NODE_3_length_1048457_cov_16.008489	28.38	518	305	66	290	758	993003	994490	2.6e-21	106.7
NCVOG0282-consensus	NODE_9_length_728160_cov_16.093817	28.51	435	283	28	176	589	348469	349737	3.6e-20	102.9
NCVOG0282-consensus	NODE_9_length_728160_cov_16.093817	27.37	537	308	82	155	635	366750	368271	6.9e-14	82.1
NCVOG0282-consensus	NODE_5_length_958716_cov_15.904518	25.09	542	349	57	71	584	898869	900398	6.6e-20	100.8
NCVOG0282-consensus	NODE_4_length_1027564_cov_15.664503	25.30	593	373	70	62	618	247888	246221	4.7e-18	95.9
NCVOG0282-consensus	NODE_24_length_330677_cov_15.077187	26.17	363	247	21	205	563	271420	272450	3.1e-17	93.2
NCVOG0282-consensus	NODE_19_length_416294_cov_15.530771	31.12	347	208	31	245	571	265399	264401	2.8e-15	86.7
NCVOG0282-consensus	NODE_9_length_728160_cov_16.093817	30.04	223	144	12	277	497	49763	50398	4.9e-15	85.9
NCVOG0282-consensus	NODE_55_length_25304_cov_15.179015	27.72	487	283	69	81	533	19957	21297	6.7e-15	82.9
NCVOG0282-consensus	NODE_10_length_606720_cov_15.156248	31.91	257	155	20	275	517	225655	226400	4.7e-14	82.6
NCVOG0282-consensus	NODE_11_length_587177_cov_15.544386	25.00	424	293	25	202	607	49461	50698	4.7e-14	82.6
NCVOG0282-consensus	NODE_9_length_728160_cov_16.093817	36.18	152	89	8	323	473	609368	608937	1.5e-12	77.5
NCVOG0282-consensus	NODE_27_length_267594_cov_14.873010	26.97	419	248	58	245	621	247882	246685	4.1e-12	75.8
NCVOG0282-consensus	NODE_10_length_606720_cov_15.156248	28.07	342	187	59	292	582	375276	374278	4.3e-12	76.1
NCVOG0282-consensus	NODE_31_length_190642_cov_15.711516	27.23	459	272	62	191	612	5446	4160	7.6e-12	75.3
NCVOG0282-consensus	NODE_46_length_68043_cov_32.974428	29.11	347	209	37	264	582	51182	52188	8.8e-12	73.9
NCVOG0282-consensus	NODE_6_length_802021_cov_15.519641	26.74	374	238	36	207	570	155174	156206	2.8e-11	73.4
NCVOG0282-consensus	NODE_6_length_802021_cov_15.519641	25.76	198	135	12	325	520	187995	188555	2.8e-11	73.4
NCVOG0282-consensus	NODE_25_length_315491_cov_15.729600	22.75	501	347	40	32	515	125793	124371	2.8e-11	73.4
NCVOG0282-consensus	NODE_2_length_1054681_cov_16.125990	28.21	358	222	35	323	651	32889	31847	7.2e-11	72.0
NCVOG2963-consensus	NODE_15_length_512759_cov_15.568696	29.44	214	145	6	109	321	407723	408346	1.1e-13	79.9
NCVOG2963-consensus	NODE_2_length_1054681_cov_16.125990	26.43	227	148	19	99	315	1048766	1048116	3e-11	67.6
NCVOG4883-consensus	NODE_6_length_802021_cov_15.519641	31.26	451	276	34	15	460	332750	331488	1.5e-37	159.8
NCVOG2979-consensus	NODE_10_length_606720_cov_15.156248	30.77	247	166	5	2	246	146542	147270	2.8e-24	114.8
NCVOG0360-consensus	NODE_35_length_162929_cov_14.581571	42.45	318	155	28	24	315	14662	13722	3.8e-43	177.8
NCVOG0979-consensus	NODE_1_length_1869972_cov_16.027777	51.52	328	156	3	2	328	736517	735543	3.2e-80	301.2
NCVOG0699-consensus	NODE_38_length_136462_cov_14.617989	30.72	293	195	8	143	430	27254	26388	3.5e-25	118.5
NCVOG0699-consensus	NODE_38_length_136462_cov_14.617989	27.71	332	233	7	104	429	34303	33314	3.5e-25	118.5
NCVOG0699-consensus	NODE_16_length_450817_cov_16.521134	26.67	330	237	5	107	431	278805	279791	2.9e-23	112.3
NCVOG0699-consensus	NODE_28_length_254316_cov_15.488135	26.23	305	212	13	143	438	154083	154980	4.8e-13	77.9
NCVOG0699-consensus	NODE_28_length_254316_cov_15.488135	35.29	153	96	3	285	434	153615	154070	4.8e-13	77.9
NCVOG0699-consensus	NODE_28_length_254316_cov_15.488135	32.00	200	129	7	236	431	153024	153611	4.8e-13	77.9
NCVOG0274-consensus	NODE_20_length_415508_cov_15.242777	34.40	1462	750	209	65	1370	253576	257787	1.1e-60	238.2
NCVOG0274-consensus	NODE_23_length_345656_cov_15.214171	39.04	1483	713	191	53	1368	253746	249381	1.5e-59	234.4
NCVOG0274-consensus	NODE_3_length_1048457_cov_16.008489	30.93	1361	691	249	209	1332	311904	307889	4.1e-36	156.6
NCVOG0274-consensus	NODE_3_length_1048457_cov_16.008489	39.00	100	57	4	16	111	313008	312712	1.2e-13	82.0
NCVOG0274-consensus	NODE_42_length_105589_cov_14.549909	27.34	856	502	120	53	881	92003	94288	1.7e-33	147.4
NCVOG0174-consensus	NODE_28_length_254316_cov_15.488135	19.81	414	319	13	154	561	153075	154292	2.9e-14	82.4
NCVOG0074-consensus	NODE_31_length_190642_cov_15.711516	63.15	635	232	2	5	637	115986	117887	9.9e-207	722.2
NCVOG0074-consensus	NODE_1_length_1869972_cov_16.027777	57.58	627	260	6	15	636	1496455	1498325	8.3e-179	629.5
NCVOG0074-consensus	NODE_1_length_1869972_cov_16.027777	63.39	620	205	22	13	610	154702	156556	3e-165	584.4
NCVOG0074-consensus	NODE_3_length_1048457_cov_16.008489	47.84	625	303	23	2	616	1030448	1032280	9.3e-141	503.1
NCVOG0074-consensus	NODE_1_length_1869972_cov_16.027777	32.89	526	328	25	3	506	1785871	1787436	1.6e-51	206.6
NCVOG0074-consensus	NODE_8_length_756968_cov_15.931627	35.39	421	238	34	6	394	645294	644041	1.4e-44	183.6
NCVOG0074-consensus	NODE_28_length_254316_cov_15.488135	28.85	572	342	65	7	535	237057	235417	6.5e-24	114.4
NCVOG0074-consensus	NODE_26_length_289887_cov_15.563628	31.39	223	144	9	27	242	90879	91528	6.7e-17	91.6
NCVOG0074-consensus	NODE_516_length_351_cov_3.197080	36.36	110	65	5	25	131	22	342	5.1e-14	73.3
NCVOG1299-consensus	NODE_12_length_562689_cov_15.492755	39.10	156	52	43	17	129	427270	426806	5.5e-12	73.2
NCVOG1196-consensus	NODE_34_length_167334_cov_13.761660	23.99	567	379	52	42	584	153891	152298	6.5e-12	72.8
NCVOG1196-consensus	NODE_7_length_784547_cov_16.104383	21.82	550	383	47	136	668	616313	617861	6.8e-12	75.8
NCVOG0064-consensus	NODE_2_length_1054681_cov_16.125990	23.85	369	235	46	23	362	520510	519458	4.8e-12	75.1
NCVOG4444-consensus	NODE_28_length_254316_cov_15.488135	25.34	292	201	17	89	372	153186	154031	1.7e-12	75.8
NCVOG4414-consensus	NODE_28_length_254316_cov_15.488135	28.11	185	128	5	71	255	153681	154217	3e-13	77.8
NCVOG4414-consensus	NODE_28_length_254316_cov_15.488135	27.42	186	128	7	72	255	153054	153593	5.3e-13	77.0
NCVOG4414-consensus	NODE_38_length_136462_cov_14.617989	28.86	201	132	11	63	259	30430	29852	5.7e-13	77.3
NCVOG4414-consensus	NODE_354_length_493_cov_13.334135	27.52	149	101	7	83	229	492	64	7.4e-13	68.8
NCVOG4414-consensus	NODE_1_length_1869972_cov_16.027777	29.61	179	119	7	42	218	6531	7043	6e-12	74.0
NCVOG4414-consensus	NODE_16_length_450817_cov_16.521134	30.99	142	93	5	75	216	279513	279920	8.7e-12	73.5
NCVOG4324-consensus	NODE_21_length_400952_cov_15.469595	30.88	476	269	60	139	587	309064	307739	3.6e-24	115.2
NCVOG4134-consensus	NODE_10_length_606720_cov_15.156248	35.57	492	260	57	5	458	346855	348268	3.8e-25	118.6
NCVOG0424-consensus	NODE_32_length_180587_cov_15.075209	35.44	158	99	3	159	315	130863	131327	1.4e-17	93.8
NCVOG0334-consensus	NODE_7_length_784547_cov_16.104383	38.07	331	187	18	3	327	606673	607626	4.5e-50	200.9
NCVOG0334-consensus	NODE_19_length_416294_cov_15.530771	36.94	333	190	20	3	327	360650	361603	1e-43	179.4
NCVOG0304-consensus	NODE_10_length_606720_cov_15.156248	29.80	255	157	22	54	287	225807	226559	3.8e-15	85.4
NCVOG0304-consensus	NODE_19_length_416294_cov_15.530771	31.98	172	105	12	56	221	265114	264620	9.7e-11	70.8
NCVOG0214-consensus	NODE_27_length_267594_cov_14.873010	27.67	365	243	21	274	627	210664	211725	3.5e-15	85.9
NCVOG0214-consensus	NODE_24_length_330677_cov_15.077187	31.02	245	157	12	271	512	8279	8977	4e-13	79.4
NCVOG0214-consensus	NODE_17_length_427721_cov_15.282443	26.89	331	215	27	221	542	171982	172913	4.8e-13	79.1
NCVOG0004-consensus	NODE_6_length_802021_cov_15.519641	31.20	250	156	16	47	293	330174	329467	2.5e-17	93.0
NCVOG0276-consensus	NODE_42_length_105589_cov_14.549909	64.51	324	113	2	35	357	31050	30085	9.8e-104	378.7
NCVOG0276-consensus	NODE_1_length_1869972_cov_16.027777	59.42	377	110	43	24	357	1070665	1071792	1.2e-60	236.1
NCVOG0276-consensus	NODE_10_length_606720_cov_15.156248	63.94	330	95	24	52	357	195064	196048	8e-60	233.4
NCVOG0276-consensus	NODE_9_length_728160_cov_16.093817	29.73	333	175	59	49	322	138378	137387	2.8e-13	78.8
NCVOG4882-consensus	NODE_2_length_1054681_cov_16.125990	35.47	358	199	32	391	724	473429	474463	3.2e-27	126.5
NCVOG4882-consensus	NODE_1_length_1869972_cov_16.027777	34.57	188	120	3	736	922	851186	850636	4.7e-15	86.1
NCVOG2204-consensus	NODE_2_length_1054681_cov_16.125990	47.06	170	87	3	271	437	901635	901129	2.7e-39	165.5
NCVOG0777-consensus	NODE_19_length_416294_cov_15.530771	22.79	724	498	61	156	862	79230	77210	1.9e-18	98.0
NCVOG0777-consensus	NODE_5_length_958716_cov_15.904518	34.68	173	96	17	150	314	571489	571001	1.1e-14	85.5
NCVOG0777-consensus	NODE_5_length_958716_cov_15.904518	34.44	180	97	21	143	311	804389	804895	1.1e-11	75.5
NCVOG0777-consensus	NODE_19_length_416294_cov_15.530771	29.44	180	127	0	132	311	78364	78900	8.8e-11	72.5
NCVOG1060-consensus	NODE_11_length_587177_cov_15.544386	32.61	322	176	41	53	348	250134	251049	8.1e-20	100.7
NCVOG0976-consensus	NODE_27_length_267594_cov_14.873010	29.52	166	105	12	225	385	210967	211436	8.3e-11	70.3
NCVOG4966-consensus	NODE_34_length_167334_cov_13.761660	24.13	373	258	25	34	381	153613	152500	5.4e-12	71.8
NCVOG4966-consensus	NODE_2_length_1054681_cov_16.125990	22.26	265	193	13	146	405	1048796	1048029	3.4e-11	68.0
NCVOG0185-consensus	NODE_8_length_756968_cov_15.931627	28.97	214	132	20	40	242	755788	755177	2.5e-14	77.7
NCVOG0185-consensus	NODE_1_length_1869972_cov_16.027777	37.93	87	54	0	27	113	74281	74024	1.1e-12	76.2
NCVOG3000-consensus	NODE_18_length_419655_cov_15.729935	33.11	151	81	20	63	206	92884	93288	5.5e-11	70.6
NCVOG0320-consensus	NODE_8_length_756968_cov_15.931627	35.78	204	115	16	7	206	506895	506323	2.4e-21	104.8
NCVOG0030-consensus	NODE_9_length_728160_cov_16.093817	33.15	558	286	87	26	521	276767	278362	3.5e-39	165.9
NCVOG0030-consensus	NODE_26_length_289887_cov_15.563628	32.81	509	245	97	55	484	207865	206406	8e-26	121.4
NCVOG4494-consensus	NODE_12_length_562689_cov_15.492755	30.47	338	212	23	16	342	157645	158617	4.6e-18	95.2
NCVOG4494-consensus	NODE_7_length_784547_cov_16.104383	35.06	154	99	1	3	156	160265	159810	2.4e-16	89.5
NCVOG4494-consensus	NODE_11_length_587177_cov_15.544386	35.75	193	121	3	37	228	258305	258870	6.7e-14	81.4
NCVOG4494-consensus	NODE_39_length_129811_cov_15.239791	35.91	220	124	17	10	220	58464	57840	2.2e-13	79.5
NCVOG4494-consensus	NODE_14_length_557804_cov_15.796300	31.98	222	141	10	16	233	425034	424396	2.3e-11	73.0
NCVOG0277-consensus	NODE_10_length_606720_cov_15.156248	29.65	317	194	29	60	362	195103	196003	7e-16	87.4
NCVOG0277-consensus	NODE_1_length_1869972_cov_16.027777	28.08	317	199	29	60	362	1070845	1071747	7.7e-14	80.7
NCVOG0077-consensus	NODE_6_length_802021_cov_15.519641	30.57	435	233	69	333	704	37206	35933	1.4e-21	107.3
NCVOG0077-consensus	NODE_24_length_330677_cov_15.077187	29.03	534	296	83	224	702	246804	245298	2.7e-19	99.7
NCVOG0077-consensus	NODE_15_length_512759_cov_15.568696	37.25	153	92	4	446	594	494888	495343	1.4e-15	86.2
NCVOG0077-consensus	NODE_6_length_802021_cov_15.519641	36.84	133	76	8	573	704	766530	766156	9.1e-14	79.9
NCVOG0077-consensus	NODE_23_length_345656_cov_15.214171	43.75	112	57	6	588	695	73112	73438	7.7e-13	78.3
NCVOG0077-consensus	NODE_6_length_802021_cov_15.519641	29.00	431	235	71	329	712	738519	739730	7.3e-12	75.0
NCVOG0077-consensus	NODE_6_length_802021_cov_15.519641	33.52	176	109	8	539	706	739749	740273	3.6e-13	79.4
NCVOG0077-consensus	NODE_15_length_512759_cov_15.568696	30.02	443	253	57	301	701	373838	375114	1.1e-11	74.5
NCVOG0077-consensus	NODE_33_length_179261_cov_14.728888	33.50	206	93	44	539	704	170797	170195	3e-11	70.7
NCVOG0267-consensus	NODE_14_length_557804_cov_15.796300	26.62	432	274	43	332	748	451186	449978	1.1e-28	131.1
NCVOG0267-consensus	NODE_1_length_1869972_cov_16.027777	27.87	470	297	42	291	748	479195	480511	2.8e-25	120.3
NCVOG0267-consensus	NODE_7_length_784547_cov_16.104383	29.51	515	314	49	234	733	140490	139055	2.6e-23	113.8
NCVOG0267-consensus	NODE_4_length_1027564_cov_15.664503	27.37	464	269	68	326	741	670599	671921	3.6e-22	110.0
NCVOG0267-consensus	NODE_7_length_784547_cov_16.104383	29.45	438	255	54	307	718	722361	721137	2.7e-20	103.7
NCVOG0267-consensus	NODE_29_length_248845_cov_14.946786	30.22	460	270	51	287	737	108357	107111	7e-16	89.1
NCVOG0267-consensus	NODE_10_length_606720_cov_15.156248	26.77	452	256	75	305	687	5282	3956	8.8e-13	78.8
NCVOG0267-consensus	NODE_2_length_1054681_cov_16.125990	25.14	553	291	123	283	732	381077	382664	3.1e-11	73.6
NCVOG4357-consensus	NODE_17_length_427721_cov_15.282443	34.82	537	284	66	5	487	378224	379795	8e-22	107.4
NCVOG0517-consensus	NODE_4_length_1027564_cov_15.664503	26.98	252	170	14	90	337	266879	267601	3.7e-16	88.3
NCVOG0517-consensus	NODE_34_length_167334_cov_13.761660	30.20	202	129	12	123	315	151191	150598	6.9e-14	77.6
NCVOG0517-consensus	NODE_15_length_512759_cov_15.568696	29.23	260	163	21	77	332	407657	408382	3.5e-11	71.7
NCVOG0046-consensus	NODE_9_length_728160_cov_16.093817	53.85	78	32	4	8	83	661690	661914	6.3e-13	77.2
NCVOG0046-consensus	NODE_3_length_1048457_cov_16.008489	55.56	63	27	1	11	72	76438	76253	4.6e-11	71.2
NCVOG0037-consensus	NODE_10_length_606720_cov_15.156248	47.30	1074	463	103	70	1042	519699	516495	8.6e-179	630.2
NCVOG0037-consensus	NODE_1_length_1869972_cov_16.027777	46.45	1141	514	97	26	1073	861867	865270	1.6e-98	363.6
NCVOG0117-consensus	NODE_4_length_1027564_cov_15.664503	34.48	203	121	12	341	533	267053	267650	3.5e-11	72.4
NCVOG0007-consensus	NODE_14_length_557804_cov_15.796300	34.83	379	212	35	20	363	246005	244872	3.9e-36	154.7
NCVOG1115-consensus	NODE_4_length_1027564_cov_15.664503	41.47	299	159	16	124	409	443570	442686	5.6e-40	167.7
NCVOG1115-consensus	NODE_42_length_105589_cov_14.549909	29.46	224	141	17	193	406	90653	91300	9.2e-22	106.6
NCVOG0005-consensus	NODE_4_length_1027564_cov_15.664503	31.51	219	140	10	56	268	602556	603197	1e-17	93.9
NCVOG0486-consensus	NODE_7_length_784547_cov_16.104383	30.40	375	207	54	40	376	156421	157492	1.1e-19	100.2
NCVOG0744-consensus	NODE_2_length_1054681_cov_16.125990	31.84	537	293	73	43	516	207593	209170	9.3e-24	114.2
NCVOG0284-consensus	NODE_3_length_1048457_cov_16.008489	29.63	324	169	59	27	311	285563	284659	6.6e-14	80.7
NCVOG0806-consensus	NODE_21_length_400952_cov_15.469595	44.57	442	219	26	21	447	192002	190713	1e-98	362.9
NCVOG0806-consensus	NODE_13_length_561745_cov_15.444955	28.82	340	202	40	144	447	5531	6535	9.4e-17	90.6
NCVOG0806-consensus	NODE_8_length_756968_cov_15.931627	33.02	427	212	74	79	447	362215	360990	2.4e-12	76.0
NCVOG2958-consensus	NODE_9_length_728160_cov_16.093817	33.98	206	108	28	78	255	390743	391355	6.8e-19	97.1
NCVOG2958-consensus	NODE_3_length_1048457_cov_16.008489	34.53	139	88	3	129	264	897470	897057	6.2e-13	77.3
NCVOG0329-consensus	NODE_3_length_1048457_cov_16.008489	45.22	115	57	6	1124	1234	1000195	1000530	6.3e-18	96.1
NCVOG0329-consensus	NODE_1_length_1869972_cov_16.027777	42.35	170	64	34	1154	1289	9098	8596	2.3e-17	94.2
NCVOG0329-consensus	NODE_32_length_180587_cov_15.075209	35.68	199	102	26	1142	1328	147776	148317	2.6e-15	87.4
NCVOG0329-consensus	NODE_12_length_562689_cov_15.492755	22.20	527	364	46	234	719	441649	443203	5.4e-11	73.1
NCVOG0029-consensus	NODE_14_length_557804_cov_15.796300	34.74	498	300	25	15	493	292788	291322	2.8e-54	215.6
NCVOG0029-consensus	NODE_1_length_1869972_cov_16.027777	26.90	394	226	62	140	484	1032877	1031740	3.9e-17	92.2
NCVOG0029-consensus	NODE_15_length_512759_cov_15.568696	29.05	420	182	116	123	426	353837	355087	1e-12	77.5
NCVOG5034-consensus	NODE_34_length_167334_cov_13.761660	33.52	182	111	10	173	346	151392	150856	9.5e-12	70.6
NCVOG1066-consensus	NODE_57_length_15914_cov_13.334154	27.74	310	186	38	26	327	5476	4640	1.5e-13	76.3
NCVOG0785-consensus	NODE_1591_length_161_cov_11.916667	68.75	48	14	1	39	86	155	18	5.5e-12	63.9
NCVOG4416-consensus	NODE_28_length_254316_cov_15.488135	29.01	162	114	1	90	251	153066	153545	2.5e-14	81.3
NCVOG4416-consensus	NODE_354_length_493_cov_13.334135	29.11	158	111	1	97	254	492	25	9e-14	71.8
NCVOG4416-consensus	NODE_16_length_450817_cov_16.521134	28.99	169	119	1	94	262	279348	279848	2.7e-12	75.1
NCVOG1326-consensus	NODE_39_length_129811_cov_15.239791	43.05	151	72	14	8	147	60289	60729	1.2e-27	125.0
NCVOG1326-consensus	NODE_7_length_784547_cov_16.104383	48.91	137	49	21	35	150	673992	674395	3.6e-23	110.4
NCVOG0036-consensus	NODE_22_length_361192_cov_15.127763	42.28	123	63	8	79	193	89521	89156	1.4e-12	76.4
NCVOG1206-consensus	NODE_22_length_361192_cov_15.127763	37.06	143	82	8	32	167	178730	178308	9.4e-15	83.4
NCVOG0314-consensus	NODE_10_length_606720_cov_15.156248	43.75	80	44	1	26	104	68918	69154	3.5e-11	70.0
NCVOG0014-consensus	NODE_23_length_345656_cov_15.214171	26.82	179	131	0	130	308	101309	100776	2.5e-12	76.2
NCVOG0002-consensus	NODE_16_length_450817_cov_16.521134	31.99	497	304	34	332	818	199801	198386	1.6e-36	157.2
NCVOG0002-consensus	NODE_14_length_557804_cov_15.796300	34.07	455	267	33	332	774	394787	393489	5e-32	142.3
NCVOG1194-consensus	NODE_28_length_254316_cov_15.488135	64.00	50	18	0	62	111	24	170	1.2e-16	89.9
NCVOG1194-consensus	NODE_1783_length_150_cov_24.191781	50.00	50	25	0	62	111	150	4	2.7e-16	78.8
NCVOG4845-consensus	NODE_11_length_587177_cov_15.544386	40.82	147	73	14	159	305	575627	576022	3.4e-12	75.9
NCVOG4845-consensus	NODE_10_length_606720_cov_15.156248	26.97	508	294	77	138	624	419897	418563	4.2e-11	72.4
NCVOG2775-consensus	NODE_6_length_802021_cov_15.519641	39.51	243	142	5	163	404	685255	685968	7.3e-33	144.5
NCVOG2775-consensus	NODE_1_length_1869972_cov_16.027777	37.89	227	137	4	204	426	820275	819598	8.1e-23	111.2
NCVOG2775-consensus	NODE_7_length_784547_cov_16.104383	31.98	247	162	6	175	416	278742	279476	6.7e-19	98.1
NCVOG2775-consensus	NODE_21_length_400952_cov_15.469595	37.11	159	99	1	230	387	362354	361881	1.6e-17	93.0
NCVOG2775-consensus	NODE_6_length_802021_cov_15.519641	36.53	167	99	7	167	329	756592	756104	2.2e-13	78.3
NCVOG2775-consensus	NODE_1_length_1869972_cov_16.027777	30.35	201	114	26	163	340	1208940	1208350	7e-12	74.8
NCVOG2775-consensus	NODE_9_length_728160_cov_16.093817	31.67	221	133	18	199	415	472115	472728	4.6e-11	72.1
NCVOG2775-consensus	NODE_19_length_416294_cov_15.530771	28.00	275	157	41	98	348	169374	168610	8.1e-11	71.3
NCVOG2775-consensus	NODE_15_length_512759_cov_15.568696	36.07	305	164	31	98	396	41833	41009	9.8e-11	71.0
NCVOG2775-consensus	NODE_15_length_512759_cov_15.568696	25.78	384	219	66	75	402	38598	37480	4.8e-12	75.4
NCVOG0924-consensus	NODE_9_length_728160_cov_16.093817	34.27	178	99	18	3	165	52060	52581	4.9e-13	77.0
NCVOG0275-consensus	NODE_10_length_606720_cov_15.156248	39.69	131	74	5	7	133	113587	113201	6.8e-15	83.2
NCVOG0275-consensus	NODE_4_length_1027564_cov_15.664503	51.22	82	40	0	7	88	563925	564167	7.2e-12	73.2
NCVOG0729-consensus	NODE_19_length_416294_cov_15.530771	40.83	529	281	32	2	513	45526	43988	1.3e-86	323.0
NCVOG5103-consensus	NODE_19_length_416294_cov_15.530771	22.65	393	271	33	135	502	87659	88804	8.5e-14	82.0
NCVOG5103-consensus	NODE_34_length_167334_cov_13.761660	35.75	179	112	3	314	491	151083	150556	8.8e-12	72.3
NCVOG4874-consensus	NODE_13_length_561745_cov_15.444955	45.03	362	186	13	13	365	390196	389130	5.2e-70	267.3
NCVOG4874-consensus	NODE_20_length_415508_cov_15.242777	45.04	353	173	21	19	366	355324	354317	4.9e-62	240.4
NCVOG4605-consensus	NODE_13_length_561745_cov_15.444955	25.40	630	407	63	4	605	394015	395790	3.6e-20	102.7
NCVOG4605-consensus	NODE_24_length_330677_cov_15.077187	30.06	316	192	29	202	499	8165	9072	5.3e-16	88.9
NCVOG4605-consensus	NODE_27_length_267594_cov_14.873010	28.16	451	269	55	181	590	210298	211595	3.5e-12	75.9
NCVOG4605-consensus	NODE_18_length_419655_cov_15.729935	28.15	270	182	12	116	377	93737	92949	6.4e-12	75.3
NCVOG4423-consensus	NODE_28_length_254316_cov_15.488135	39.04	146	89	0	80	225	153507	153941	1.8e-21	104.8
NCVOG4423-consensus	NODE_28_length_254316_cov_15.488135	38.57	140	83	3	74	213	154122	154529	1.7e-19	98.3
NCVOG4423-consensus	NODE_28_length_254316_cov_15.488135	34.62	156	97	5	75	225	153031	153491	8.2e-17	89.3
NCVOG4423-consensus	NODE_354_length_493_cov_13.334135	36.62	142	90	0	80	221	432	10	1.7e-20	93.8
NCVOG4423-consensus	NODE_16_length_450817_cov_16.521134	36.11	144	92	0	82	225	279153	279581	3.6e-20	101.0
NCVOG4423-consensus	NODE_16_length_450817_cov_16.521134	39.06	128	78	0	80	207	279597	279977	5.5e-17	90.4
NCVOG4423-consensus	NODE_16_length_450817_cov_16.521134	34.72	144	94	0	82	225	278523	278951	1.7e-16	88.8
NCVOG4423-consensus	NODE_1_length_1869972_cov_16.027777	34.18	158	104	0	68	225	5961	6431	1.1e-19	99.4
NCVOG4423-consensus	NODE_1_length_1869972_cov_16.027777	40.27	149	87	2	80	226	6620	7061	2.1e-17	91.8
NCVOG4423-consensus	NODE_38_length_136462_cov_14.617989	30.18	222	150	5	6	225	25999	25350	4.6e-19	97.2
NCVOG4423-consensus	NODE_38_length_136462_cov_14.617989	36.99	146	92	0	80	225	30130	29696	5.5e-19	96.9
NCVOG4423-consensus	NODE_38_length_136462_cov_14.617989	40.14	142	85	0	80	221	29263	28841	4.3e-18	93.9
NCVOG4423-consensus	NODE_38_length_136462_cov_14.617989	33.33	144	96	0	82	225	26843	26415	5e-17	90.4
NCVOG4423-consensus	NODE_38_length_136462_cov_14.617989	33.09	139	93	0	87	225	34381	33968	1.9e-16	88.5
NCVOG4423-consensus	NODE_38_length_136462_cov_14.617989	36.43	140	87	2	82	221	33580	33170	6.6e-15	83.4
NCVOG4423-consensus	NODE_38_length_136462_cov_14.617989	34.48	145	95	0	81	225	30907	30476	6.6e-15	83.4
NCVOG4423-consensus	NODE_38_length_136462_cov_14.617989	33.33	147	98	0	79	225	27293	26856	4.4e-14	80.7
NCVOG4423-consensus	NODE_38_length_136462_cov_14.617989	30.90	178	103	20	68	225	25193	24663	1.9e-12	75.2
NCVOG4423-consensus	NODE_485_length_366_cov_17.816609	39.83	118	71	0	102	219	357	7	4.7e-16	78.6
NCVOG4423-consensus	NODE_34_length_167334_cov_13.761660	35.04	137	89	0	89	225	103992	103585	5.8e-14	80.4
NCVOG0605-consensus	NODE_19_length_416294_cov_15.530771	34.58	214	119	21	189	402	78920	78345	7.6e-14	81.1
NCVOG0605-consensus	NODE_23_length_345656_cov_15.214171	26.32	209	149	5	232	439	336071	336682	3.7e-11	70.5
NCVOG2639-consensus	NODE_8_length_756968_cov_15.931627	34.92	126	72	10	20	138	555030	555395	6.3e-11	70.0
NCVOG1136-consensus	NODE_2_length_1054681_cov_16.125990	53.05	311	120	26	193	479	728288	729211	7.9e-76	287.0
NCVOG0059-consensus	NODE_5_length_958716_cov_15.904518	30.45	243	152	17	121	350	513243	513948	7.2e-15	84.4
NCVOG1049-consensus	NODE_9_length_728160_cov_16.093817	25.07	367	215	60	4	322	551914	552973	1e-14	83.4
NCVOG1049-consensus	NODE_26_length_289887_cov_15.563628	25.15	326	206	38	23	322	130460	131398	9.2e-13	76.9
NCVOG1049-consensus	NODE_1_length_1869972_cov_16.027777	29.86	355	188	61	7	314	856534	857549	2.2e-11	72.3
NCVOG4419-consensus	NODE_28_length_254316_cov_15.488135	24.86	350	234	29	43	386	152976	153953	4e-16	87.9
NCVOG1139-consensus	NODE_34_length_167334_cov_13.761660	29.87	298	171	38	41	319	151813	152618	1.7e-11	69.8
NCVOG0219-consensus	NODE_1_length_1869972_cov_16.027777	33.06	248	111	55	519	711	9158	8422	3.4e-19	99.5
NCVOG0219-consensus	NODE_3_length_1048457_cov_16.008489	32.84	204	129	8	423	623	999937	1000530	4.3e-16	89.1
NCVOG0219-consensus	NODE_32_length_180587_cov_15.075209	41.50	200	91	26	525	715	147770	148299	1.5e-13	80.7
NCVOG0901-consensus	NODE_1_length_1869972_cov_16.027777	56.00	150	65	1	32	180	1774034	1773588	1.6e-42	175.0
NCVOG2980-consensus	NODE_5_length_958716_cov_15.904518	27.75	472	299	42	14	465	538916	537574	4.7e-33	144.9
NCVOG2980-consensus	NODE_28_length_254316_cov_15.488135	27.61	431	272	40	40	451	245816	247042	4.2e-26	121.2
NCVOG1298-consensus	NODE_21_length_400952_cov_15.469595	26.17	386	267	18	208	579	294953	296085	2.4e-12	76.4
NCVOG0450-consensus	NODE_13_length_561745_cov_15.444955	38.46	299	150	34	119	396	205152	204298	8.9e-16	87.4
NCVOG0652-consensus	NODE_11_length_587177_cov_15.544386	34.10	346	212	16	85	422	451038	452048	1.4e-40	169.6
NCVOG4522-consensus	NODE_3_length_1048457_cov_16.008489	42.66	218	80	45	261	433	764983	765633	5.6e-18	94.7
NCVOG1352-consensus	NODE_13_length_561745_cov_15.444955	37.14	140	76	12	59	191	464345	463944	8.6e-15	82.8
NCVOG4422-consensus	NODE_28_length_254316_cov_15.488135	26.46	257	182	7	50	299	153177	153944	1.5e-19	99.1
NCVOG4422-consensus	NODE_16_length_450817_cov_16.521134	24.63	268	188	14	35	291	279133	279920	8.8e-17	90.4
NCVOG4422-consensus	NODE_38_length_136462_cov_14.617989	26.25	301	197	25	48	336	25760	24900	3.4e-15	85.0
NCVOG4422-consensus	NODE_38_length_136462_cov_14.617989	27.20	261	171	19	48	299	30796	30053	2.6e-13	78.8
NCVOG4422-consensus	NODE_38_length_136462_cov_14.617989	23.58	318	214	29	48	348	26735	25821	3e-12	75.2
NCVOG4422-consensus	NODE_38_length_136462_cov_14.617989	25.28	269	190	11	40	299	34042	33245	3e-12	75.2
NCVOG4422-consensus	NODE_38_length_136462_cov_14.617989	26.86	309	190	36	50	326	30010	29099	4.4e-12	74.7
NCVOG4422-consensus	NODE_1_length_1869972_cov_16.027777	24.91	281	200	11	50	320	6117	6949	4.1e-13	78.2
NCVOG5117-consensus	NODE_19_length_416294_cov_15.530771	35.15	202	124	7	776	976	78896	78312	8e-22	109.4
NCVOG5117-consensus	NODE_23_length_345656_cov_15.214171	26.75	501	292	75	504	964	335129	336523	2.5e-18	96.1
NCVOG5117-consensus	NODE_25_length_315491_cov_15.729600	31.82	264	152	28	798	1045	4111	3359	6.1e-16	89.9
NCVOG5117-consensus	NODE_12_length_562689_cov_15.492755	25.11	450	302	35	664	1092	283380	282082	2.7e-15	87.7
NCVOG5117-consensus	NODE_5_length_958716_cov_15.904518	29.88	415	246	45	622	995	805225	804004	6.1e-12	76.6
NCVOG5117-consensus	NODE_5_length_958716_cov_15.904518	39.13	184	92	20	792	970	570962	571463	2.3e-11	74.7
NCVOG5117-consensus	NODE_38_length_136462_cov_14.617989	27.79	493	294	62	782	1254	106513	105168	5.3e-11	73.3
NCVOG0052-consensus	NODE_20_length_415508_cov_15.242777	42.71	96	52	3	36	131	71494	71769	3e-12	74.7
NCVOG0052-consensus	NODE_35_length_162929_cov_14.581571	35.14	111	64	8	34	144	104752	104447	4.1e-11	70.9
NCVOG4122-consensus	NODE_38_length_136462_cov_14.617989	33.83	402	256	10	72	470	30954	29777	1e-59	233.3
NCVOG4122-consensus	NODE_38_length_136462_cov_14.617989	34.53	391	246	10	89	471	34393	33230	9e-57	223.5
NCVOG4122-consensus	NODE_38_length_136462_cov_14.617989	32.70	422	251	33	70	467	27320	26085	5.6e-55	217.5
NCVOG4122-consensus	NODE_38_length_136462_cov_14.617989	31.30	393	247	23	98	467	25928	24753	2.2e-47	192.3
NCVOG4122-consensus	NODE_38_length_136462_cov_14.617989	35.45	299	180	13	170	465	29698	28835	4.3e-25	118.3
NCVOG4122-consensus	NODE_1_length_1869972_cov_16.027777	36.57	391	236	12	83	465	5901	7052	7.1e-54	214.0
NCVOG4122-consensus	NODE_16_length_450817_cov_16.521134	36.72	384	239	4	92	471	278805	279953	1.7e-43	179.6
NCVOG4122-consensus	NODE_16_length_450817_cov_16.521134	38.84	121	74	0	89	209	278436	278795	1.5e-16	90.1
NCVOG4122-consensus	NODE_28_length_254316_cov_15.488135	36.60	265	164	4	152	412	153075	153866	1.5e-37	159.2
NCVOG4122-consensus	NODE_28_length_254316_cov_15.488135	29.60	250	168	8	154	395	154245	154989	1.3e-17	93.0
NCVOG4122-consensus	NODE_28_length_254316_cov_15.488135	42.40	125	70	2	324	448	153873	154238	4.4e-15	84.6
NCVOG4122-consensus	NODE_34_length_167334_cov_13.761660	34.13	252	161	5	106	352	104139	103387	1.6e-30	136.4
NCVOG4122-consensus	NODE_354_length_493_cov_13.334135	39.02	164	100	0	302	465	492	4	1.2e-26	115.3
NCVOG4122-consensus	NODE_485_length_366_cov_17.816609	40.50	121	72	0	135	255	366	7	3.3e-19	90.2
NCVOG4122-consensus	NODE_2_length_1054681_cov_16.125990	26.72	262	177	15	82	328	167736	166966	1.5e-12	76.8
NCVOG4122-consensus	NODE_12_length_562689_cov_15.492755	35.92	103	66	0	83	185	2703	2398	2.6e-12	76.0
NCVOG0312-consensus	NODE_18_length_419655_cov_15.729935	23.04	612	439	32	202	799	52387	50609	1.6e-13	81.0
NCVOG0032-consensus	NODE_12_length_562689_cov_15.492755	26.91	903	516	144	14	822	278432	280973	5.8e-22	108.9
NCVOG0032-consensus	NODE_4_length_1027564_cov_15.664503	27.73	761	356	194	255	830	555185	557427	2.5e-20	103.5
NCVOG0032-consensus	NODE_22_length_361192_cov_15.127763	27.69	603	344	92	287	823	17677	19388	1.4e-16	91.0
NCVOG0032-consensus	NODE_11_length_587177_cov_15.544386	27.66	593	339	90	257	829	329646	328101	5.3e-16	89.1
NCVOG0032-consensus	NODE_24_length_330677_cov_15.077187	25.14	871	493	159	53	882	205111	207360	1.1e-15	88.0
NCVOG0032-consensus	NODE_7_length_784547_cov_16.104383	30.73	667	317	145	271	834	727817	729686	2e-15	87.2
NCVOG0032-consensus	NODE_39_length_129811_cov_15.239791	24.61	699	386	141	152	829	25866	24133	2.1e-15	86.9
NCVOG0032-consensus	NODE_23_length_345656_cov_15.214171	27.47	637	305	157	223	814	166684	168251	1.3e-14	84.5
NCVOG0032-consensus	NODE_27_length_267594_cov_14.873010	28.37	208	140	9	678	880	77583	76975	2.7e-14	83.4
NCVOG0032-consensus	NODE_22_length_361192_cov_15.127763	29.03	472	240	95	284	665	103709	102312	3.3e-14	83.1
NCVOG0032-consensus	NODE_22_length_361192_cov_15.127763	38.61	158	91	6	696	850	101618	101161	3.3e-14	83.1
NCVOG0032-consensus	NODE_10_length_606720_cov_15.156248	28.55	543	292	96	286	813	202808	204184	5.8e-14	82.3
NCVOG0032-consensus	NODE_26_length_289887_cov_15.563628	25.50	647	380	102	257	886	115905	117585	8.5e-14	81.8
NCVOG0032-consensus	NODE_15_length_512759_cov_15.568696	25.00	652	352	137	208	837	108585	106996	1.8e-13	80.7
NCVOG0032-consensus	NODE_23_length_345656_cov_15.214171	24.81	540	285	121	286	804	56619	57929	1.7e-12	77.5
NCVOG0032-consensus	NODE_37_length_143347_cov_15.695291	29.26	188	124	9	680	860	49894	49340	2e-12	77.2
NCVOG0032-consensus	NODE_14_length_557804_cov_15.796300	25.40	752	371	190	150	847	242983	241139	2.9e-11	73.4
NCVOG0302-consensus	NODE_30_length_203561_cov_15.464400	25.24	420	253	61	165	535	57827	59043	6.8e-17	91.4
NCVOG0302-consensus	NODE_27_length_267594_cov_14.873010	30.86	175	119	2	2	176	152990	152475	1.9e-15	86.2
NCVOG0302-consensus	NODE_6_length_802021_cov_15.519641	33.62	232	136	18	266	480	104587	105276	1.1e-14	84.1
NCVOG0302-consensus	NODE_2_length_1054681_cov_16.125990	30.35	313	182	36	263	544	32877	31957	3.9e-13	78.9
NCVOG0302-consensus	NODE_9_length_728160_cov_16.093817	35.66	143	83	9	267	403	49907	50323	2.1e-12	76.5
NCVOG0302-consensus	NODE_4_length_1027564_cov_15.664503	27.72	285	172	34	267	529	247123	246308	2.5e-12	76.2
NCVOG0302-consensus	NODE_9_length_728160_cov_16.093817	27.21	272	182	16	197	456	348733	349533	3.7e-12	75.6
NCVOG0302-consensus	NODE_24_length_330677_cov_15.077187	27.39	303	182	38	250	529	271719	272579	6.5e-12	74.8
NCVOG0302-consensus	NODE_6_length_802021_cov_15.519641	29.13	206	137	9	242	443	478732	479331	1.1e-11	74.0
NCVOG0302-consensus	NODE_3_length_1048457_cov_16.008489	23.53	289	179	42	256	534	993120	993887	2e-11	73.2
NCVOG0012-consensus	NODE_23_length_345656_cov_15.214171	54.03	124	43	14	300	412	336432	336073	3.5e-26	120.4
NCVOG0012-consensus	NODE_5_length_958716_cov_15.904518	32.85	347	180	53	85	409	571945	571007	5.3e-26	121.5
NCVOG0012-consensus	NODE_1_length_1869972_cov_16.027777	47.32	112	49	10	305	408	410778	411104	4.8e-24	115.0
NCVOG0012-consensus	NODE_25_length_315491_cov_15.729600	42.76	152	52	35	297	415	3555	4001	5.8e-24	114.7
NCVOG0012-consensus	NODE_10_length_606720_cov_15.156248	42.86	140	70	10	305	439	428363	427964	2.9e-21	105.8
NCVOG0012-consensus	NODE_10_length_606720_cov_15.156248	46.55	116	48	14	318	420	312807	312466	4.8e-16	88.4
NCVOG0012-consensus	NODE_38_length_136462_cov_14.617989	34.82	224	119	27	209	415	105705	106343	1.2e-20	103.6
NCVOG0012-consensus	NODE_16_length_450817_cov_16.521134	54.02	87	34	6	310	391	320374	320628	8.5e-20	100.9
NCVOG0012-consensus	NODE_1_length_1869972_cov_16.027777	41.45	152	76	13	287	432	1805224	1805655	1.3e-18	96.0
NCVOG0012-consensus	NODE_17_length_427721_cov_15.282443	43.48	115	59	6	293	405	223086	222757	3e-18	95.7
NCVOG0012-consensus	NODE_5_length_958716_cov_15.904518	28.65	342	203	41	58	387	536110	537029	2.9e-17	92.5
NCVOG0012-consensus	NODE_20_length_415508_cov_15.242777	48.24	85	39	5	328	412	406836	407072	3.3e-17	91.9
NCVOG0012-consensus	NODE_19_length_416294_cov_15.530771	41.82	220	101	27	264	459	78342	78977	4.2e-17	91.9
NCVOG0012-consensus	NODE_19_length_416294_cov_15.530771	37.50	160	83	17	290	443	88467	88906	9.8e-15	84.1
NCVOG0012-consensus	NODE_28_length_254316_cov_15.488135	28.42	373	224	43	88	426	169683	168607	4.3e-17	91.4
NCVOG0012-consensus	NODE_23_length_345656_cov_15.214171	39.05	169	93	10	230	393	192836	192350	8.9e-17	90.9
NCVOG0012-consensus	NODE_23_length_345656_cov_15.214171	30.00	260	161	21	189	435	249249	248499	5.3e-14	81.6
NCVOG0012-consensus	NODE_29_length_248845_cov_14.946786	29.44	411	216	74	86	427	49890	51092	1.3e-16	90.3
NCVOG0012-consensus	NODE_13_length_561745_cov_15.444955	35.57	194	104	21	260	432	358803	359381	2.3e-16	89.5
NCVOG0012-consensus	NODE_39_length_129811_cov_15.239791	35.05	194	103	23	287	469	20595	20061	2.9e-16	89.0
NCVOG0012-consensus	NODE_15_length_512759_cov_15.568696	42.31	130	67	8	288	414	217812	218173	7.1e-16	87.9
NCVOG0012-consensus	NODE_31_length_190642_cov_15.711516	27.47	375	214	58	85	422	146953	145907	8.5e-16	87.6
NCVOG0012-consensus	NODE_5_length_958716_cov_15.904518	45.00	120	57	9	309	419	68438	68088	1.8e-15	86.5
NCVOG0012-consensus	NODE_4_length_1027564_cov_15.664503	29.74	380	197	70	95	432	255164	256208	1.8e-15	86.5
NCVOG0012-consensus	NODE_46_length_68043_cov_32.974428	36.82	239	105	46	247	441	2112	2795	2.6e-15	84.9
NCVOG0012-consensus	NODE_37_length_143347_cov_15.695291	30.07	429	239	61	84	476	120118	121294	3e-15	85.7
NCVOG0012-consensus	NODE_29_length_248845_cov_14.946786	33.89	239	130	28	200	420	50691	50016	5.6e-15	84.9
NCVOG0012-consensus	NODE_9_length_728160_cov_16.093817	34.65	127	75	8	285	403	662264	661887	7.1e-15	84.3
NCVOG0012-consensus	NODE_18_length_419655_cov_15.729935	31.67	180	109	14	306	474	156656	156129	9.8e-15	84.1
NCVOG0012-consensus	NODE_10_length_606720_cov_15.156248	34.78	207	123	12	302	499	193949	193343	1.4e-14	83.5
NCVOG0012-consensus	NODE_3_length_1048457_cov_16.008489	26.71	337	228	19	94	414	804679	805659	1.4e-14	83.5
NCVOG0012-consensus	NODE_8_length_756968_cov_15.931627	31.94	216	123	24	217	422	126319	125725	2.1e-14	83.0
NCVOG0012-consensus	NODE_6_length_802021_cov_15.519641	45.76	118	57	7	292	404	718420	718758	2.5e-14	82.7
NCVOG0012-consensus	NODE_9_length_728160_cov_16.093817	39.55	134	70	11	301	430	534784	535161	3e-14	82.5
NCVOG0012-consensus	NODE_4_length_1027564_cov_15.664503	34.16	161	84	22	262	409	966487	966933	4.6e-14	81.6
NCVOG0012-consensus	NODE_36_length_152292_cov_15.288822	39.84	123	57	17	308	413	93772	93407	1.4e-13	80.3
NCVOG0012-consensus	NODE_1_length_1869972_cov_16.027777	52.05	73	29	6	305	375	849063	849264	2e-13	79.7
NCVOG0012-consensus	NODE_35_length_162929_cov_14.581571	37.87	169	91	14	263	417	117834	118325	4.2e-13	78.7
NCVOG0012-consensus	NODE_14_length_557804_cov_15.796300	28.38	303	144	73	104	391	117234	117957	6.1e-13	78.1
NCVOG0012-consensus	NODE_34_length_167334_cov_13.761660	41.86	129	61	14	307	430	92844	93194	6.1e-13	78.1
NCVOG0012-consensus	NODE_8_length_756968_cov_15.931627	37.71	175	71	38	291	434	486047	486545	8.9e-13	77.6
NCVOG0012-consensus	NODE_8_length_756968_cov_15.931627	38.60	114	56	14	270	371	550760	551090	1.6e-13	80.0
NCVOG0012-consensus	NODE_1_length_1869972_cov_16.027777	30.39	181	119	7	302	477	1656462	1656995	1.9e-12	76.5
NCVOG0012-consensus	NODE_33_length_179261_cov_14.728888	41.57	89	40	12	342	426	152722	152961	2.1e-12	74.0
NCVOG0012-consensus	NODE_14_length_557804_cov_15.796300	29.28	222	122	35	298	492	266798	266162	2.8e-12	75.9
NCVOG0012-consensus	NODE_27_length_267594_cov_14.873010	52.04	98	36	11	315	407	237582	237322	3.8e-12	75.1
NCVOG0012-consensus	NODE_27_length_267594_cov_14.873010	44.86	107	53	6	298	399	173666	173356	2.8e-13	78.9
NCVOG0012-consensus	NODE_7_length_784547_cov_16.104383	31.58	114	75	3	311	424	358966	358637	5.9e-12	74.9
NCVOG0012-consensus	NODE_6_length_802021_cov_15.519641	32.79	244	127	37	291	500	82190	81487	7.1e-12	74.6
NCVOG0012-consensus	NODE_50_length_42302_cov_13.452931	45.90	122	49	17	309	414	29016	28671	9.1e-12	72.4
NCVOG0012-consensus	NODE_22_length_361192_cov_15.127763	48.04	102	44	9	325	418	284912	284613	1e-11	74.0
NCVOG0012-consensus	NODE_6_length_802021_cov_15.519641	38.10	126	65	13	305	417	768504	768130	1.4e-11	72.1
NCVOG0012-consensus	NODE_3_length_1048457_cov_16.008489	33.16	187	109	16	265	435	63697	64250	1.5e-11	73.5
NCVOG0012-consensus	NODE_3_length_1048457_cov_16.008489	33.54	158	94	11	309	455	900	1364	5.9e-12	74.9
NCVOG0012-consensus	NODE_2_length_1054681_cov_16.125990	37.96	137	72	13	287	419	608912	608538	1.8e-11	73.2
NCVOG0012-consensus	NODE_20_length_415508_cov_15.242777	24.69	478	279	81	8	428	374684	373356	3e-11	72.1
NCVOG0012-consensus	NODE_34_length_167334_cov_13.761660	27.68	289	177	32	200	467	158110	157292	3.1e-11	69.4
NCVOG0012-consensus	NODE_13_length_561745_cov_15.444955	39.20	125	67	9	303	421	27835	27473	3.2e-11	72.4
NCVOG0012-consensus	NODE_6_length_802021_cov_15.519641	30.77	143	92	7	289	424	89786	90211	3.2e-11	72.4
NCVOG0012-consensus	NODE_39_length_129811_cov_15.239791	39.60	101	50	11	274	367	37066	37353	4e-11	71.9
NCVOG0012-consensus	NODE_23_length_345656_cov_15.214171	29.73	148	101	3	261	405	82471	82031	4.6e-11	71.9
NCVOG0012-consensus	NODE_30_length_203561_cov_15.464400	30.83	266	158	26	229	481	106109	105372	6.7e-11	71.3
NCVOG0012-consensus	NODE_9_length_728160_cov_16.093817	38.83	103	53	10	328	429	226820	226542	8.1e-11	71.1
NCVOG0012-consensus	NODE_22_length_361192_cov_15.127763	32.60	181	107	15	243	409	275287	275819	8.1e-11	71.1
NCVOG0012-consensus	NODE_41_length_110732_cov_15.024129	35.47	172	89	22	272	423	14399	13901	8.8e-11	70.5
NCVOG0012-consensus	NODE_6_length_802021_cov_15.519641	51.18	127	48	14	315	427	266698	266339	9.8e-11	70.8
NCVOG0012-consensus	NODE_8_length_756968_cov_15.931627	29.95	197	126	12	302	492	743560	744121	9.8e-11	70.8
NCVOG0012-consensus	NODE_8_length_756968_cov_15.931627	43.48	115	53	12	310	415	689305	689633	9.8e-11	70.8
NCVOG0012-consensus	NODE_4_length_1027564_cov_15.664503	39.57	139	62	22	301	419	792847	793246	9.8e-11	70.8
NCVOG0603-consensus	NODE_7_length_784547_cov_16.104383	32.59	451	248	56	15	425	478299	477002	5e-28	128.1
NCVOG1127-consensus	NODE_8_length_756968_cov_15.931627	28.12	224	152	9	53	267	284333	283669	7.4e-17	91.4
NCVOG0868-consensus	NODE_8_length_756968_cov_15.931627	61.29	62	24	0	161	222	755797	755615	5e-18	90.6
NCVOG0868-consensus	NODE_1_length_1869972_cov_16.027777	45.36	97	47	6	162	253	74248	73964	1.6e-15	86.3
NCVOG0868-consensus	NODE_43_length_94454_cov_15.585015	60.38	53	21	0	158	210	57366	57521	4.2e-14	80.9
NCVOG0868-consensus	NODE_2_length_1054681_cov_16.125990	50.00	74	31	6	164	236	905211	905410	1.6e-12	76.3
NCVOG0985-consensus	NODE_2_length_1054681_cov_16.125990	31.47	375	170	87	44	344	177334	176260	1.5e-23	113.4
NCVOG1188-consensus	NODE_5_length_958716_cov_15.904518	36.42	173	96	14	46	209	803909	804409	2.6e-15	85.1
NCVOG1188-consensus	NODE_5_length_958716_cov_15.904518	35.16	182	98	20	54	219	804414	804940	1.6e-12	75.9
NCVOG1188-consensus	NODE_8_length_756968_cov_15.931627	41.61	149	78	9	65	209	755997	755575	1.5e-12	72.0
NCVOG2900-consensus	NODE_16_length_450817_cov_16.521134	34.22	187	123	0	7	193	279156	279713	1.3e-20	102.4
NCVOG2900-consensus	NODE_16_length_450817_cov_16.521134	32.74	168	113	0	7	174	278436	278936	4.6e-15	84.0
NCVOG2900-consensus	NODE_34_length_167334_cov_13.761660	33.14	175	117	0	7	181	104010	103489	1.2e-18	95.9
NCVOG2900-consensus	NODE_1_length_1869972_cov_16.027777	31.94	191	127	3	3	193	5994	6554	4.3e-18	94.0
NCVOG2900-consensus	NODE_28_length_254316_cov_15.488135	33.33	174	116	0	7	180	153606	154124	9.5e-18	92.3
NCVOG2900-consensus	NODE_28_length_254316_cov_15.488135	28.41	176	126	0	4	179	153057	153581	4.9e-12	73.4
NCVOG2900-consensus	NODE_38_length_136462_cov_14.617989	33.71	178	114	4	36	209	30904	30374	1.5e-17	92.1
NCVOG2900-consensus	NODE_38_length_136462_cov_14.617989	29.84	191	134	0	2	192	30316	29747	1.4e-16	88.8
NCVOG2900-consensus	NODE_38_length_136462_cov_14.617989	29.47	190	134	0	1	190	26858	26292	1.7e-16	88.6
NCVOG2900-consensus	NODE_38_length_136462_cov_14.617989	32.35	170	115	0	7	176	34393	33887	3e-16	87.7
NCVOG2900-consensus	NODE_38_length_136462_cov_14.617989	31.18	170	117	0	10	179	25766	25260	6.1e-15	83.4
NCVOG2900-consensus	NODE_38_length_136462_cov_14.617989	32.10	162	106	4	47	208	29314	28844	1.8e-13	78.5
NCVOG2900-consensus	NODE_38_length_136462_cov_14.617989	34.78	138	90	0	10	147	27272	26862	4.4e-12	73.9
NCVOG2900-consensus	NODE_38_length_136462_cov_14.617989	27.31	227	137	28	2	208	25160	24511	5.3e-12	73.6
NCVOG2900-consensus	NODE_354_length_493_cov_13.334135	29.45	163	115	0	14	176	492	7	1.7e-13	70.5
NCVOG0190-consensus	NODE_10_length_606720_cov_15.156248	31.55	187	106	22	163	339	428438	427925	1.4e-13	80.3
NCVOG0190-consensus	NODE_8_length_756968_cov_15.931627	30.65	248	133	39	184	427	755791	755158	5.4e-12	71.0
NCVOG0190-consensus	NODE_5_length_958716_cov_15.904518	35.34	116	64	11	187	291	571345	571001	7e-11	71.3
NCVOG0190-consensus	NODE_38_length_136462_cov_14.617989	29.12	285	175	27	29	289	105432	106262	9.3e-11	70.8
NCVOG0025-consensus	NODE_7_length_784547_cov_16.104383	28.64	447	249	70	119	500	47240	45928	9.4e-21	104.1
NCVOG0025-consensus	NODE_24_length_330677_cov_15.077187	29.49	434	228	78	113	521	4632	5769	1.6e-19	100.1
NCVOG0025-consensus	NODE_6_length_802021_cov_15.519641	25.96	389	252	36	112	491	485199	484117	5.6e-18	94.9
NCVOG0025-consensus	NODE_9_length_728160_cov_16.093817	23.80	479	310	55	39	486	224657	226014	2.5e-17	92.7
NCVOG0025-consensus	NODE_4_length_1027564_cov_15.664503	29.27	427	227	75	110	515	299322	300435	3.7e-17	92.2
NCVOG0025-consensus	NODE_13_length_561745_cov_15.444955	27.48	444	255	67	91	521	18063	16897	1.6e-15	86.8
NCVOG0025-consensus	NODE_18_length_419655_cov_15.729935	27.33	450	263	64	104	501	310199	308895	3.2e-15	85.4
NCVOG0025-consensus	NODE_3_length_1048457_cov_16.008489	24.50	404	266	39	112	508	555257	554145	5.9e-15	84.9
NCVOG0025-consensus	NODE_33_length_179261_cov_14.728888	26.50	449	257	73	103	517	69198	70420	3e-13	79.2
NCVOG0025-consensus	NODE_1_length_1869972_cov_16.027777	25.38	390	234	57	104	487	964074	965087	1.1e-12	77.3
NCVOG0025-consensus	NODE_20_length_415508_cov_15.242777	27.75	400	232	57	112	505	16337	17374	2e-12	76.5
NCVOG0025-consensus	NODE_14_length_557804_cov_15.796300	25.29	431	278	44	74	491	463518	464708	3.1e-12	75.4
NCVOG0025-consensus	NODE_6_length_802021_cov_15.519641	24.19	463	292	59	44	501	174277	173054	3.5e-12	75.7
NCVOG0025-consensus	NODE_10_length_606720_cov_15.156248	23.91	414	270	45	102	491	145585	144410	7.4e-12	74.6
NCVOG0025-consensus	NODE_10_length_606720_cov_15.156248	25.42	421	244	70	113	518	148864	147770	3.7e-13	78.9
NCVOG0025-consensus	NODE_22_length_361192_cov_15.127763	23.59	407	257	54	105	486	26627	27755	1.9e-11	73.2
NCVOG0271-consensus	NODE_25_length_315491_cov_15.729600	43.75	1200	527	148	96	1156	239227	235670	6.7e-75	285.2
NCVOG0271-consensus	NODE_7_length_784547_cov_16.104383	36.41	1225	644	135	28	1157	350465	346918	5.1e-73	278.9
NCVOG0271-consensus	NODE_5_length_958716_cov_15.904518	28.80	1198	687	166	84	1153	99495	102957	1.3e-23	114.8
NCVOG0271-consensus	NODE_42_length_105589_cov_14.549909	28.51	933	558	109	277	1153	36210	33574	8.9e-20	101.6
NCVOG0078-consensus	NODE_31_length_190642_cov_15.711516	50.85	118	49	9	60	177	23972	23649	4e-15	84.4
NCVOG0078-consensus	NODE_1_length_1869972_cov_16.027777	55.32	94	40	2	105	196	293144	292866	1.4e-13	79.2
NCVOG4568-consensus	NODE_34_length_167334_cov_13.761660	55.17	174	71	7	313	482	150554	151063	6.3e-23	108.2
NCVOG4568-consensus	NODE_4_length_1027564_cov_15.664503	37.46	283	152	25	202	470	266678	267484	2.3e-21	106.1
NCVOG4568-consensus	NODE_4_length_1027564_cov_15.664503	45.03	191	86	19	305	477	199351	199903	1.5e-12	76.8
NCVOG4568-consensus	NODE_169_length_1503_cov_3.061711	46.54	159	82	3	322	479	779	1246	9.4e-20	94.1
NCVOG4568-consensus	NODE_69_length_8305_cov_17.846760	33.45	293	178	17	193	481	6178	7010	1.2e-19	96.2
NCVOG4568-consensus	NODE_34_length_167334_cov_13.761660	29.89	378	217	48	145	484	158451	157351	1.7e-19	96.8
NCVOG4568-consensus	NODE_34_length_167334_cov_13.761660	24.60	443	286	48	73	490	153142	151904	7.6e-15	81.3
NCVOG4568-consensus	NODE_6_length_802021_cov_15.519641	38.49	239	129	18	222	456	788779	788108	1.6e-18	95.2
NCVOG4568-consensus	NODE_20_length_415508_cov_15.242777	43.28	201	97	17	293	476	70182	70777	1.6e-17	93.3
NCVOG4568-consensus	NODE_26_length_289887_cov_15.563628	41.06	207	99	23	307	490	258541	259150	4e-14	81.9
NCVOG4568-consensus	NODE_8_length_756968_cov_15.931627	40.38	208	106	18	294	485	411890	411278	1.1e-12	77.3
NCVOG4568-consensus	NODE_21_length_400952_cov_15.469595	41.78	213	88	36	307	490	218884	219492	1e-11	74.1
NCVOG4568-consensus	NODE_3_length_1048457_cov_16.008489	41.14	158	82	11	306	456	301291	300839	1e-11	74.1
NCVOG4568-consensus	NODE_23_length_345656_cov_15.214171	40.61	165	86	12	323	476	194332	193852	3.7e-11	72.2
NCVOG4568-consensus	NODE_1_length_1869972_cov_16.027777	41.97	193	98	14	300	485	475385	475933	4.5e-11	71.9
NCVOG4568-consensus	NODE_7_length_784547_cov_16.104383	32.88	292	172	24	217	486	195839	196695	5.5e-11	71.6
NCVOG4568-consensus	NODE_27_length_267594_cov_14.873010	37.02	235	113	35	277	479	126375	127067	5.5e-11	71.6
NCVOG4568-consensus	NODE_25_length_315491_cov_15.729600	36.68	199	107	19	305	485	228352	228938	6.6e-11	71.3
NCVOG4568-consensus	NODE_25_length_315491_cov_15.729600	47.73	132	68	1	351	482	227326	227715	6.6e-11	71.3
NCVOG0451-consensus	NODE_28_length_254316_cov_15.488135	43.63	259	143	3	129	387	153291	154055	6.2e-54	213.5
NCVOG0451-consensus	NODE_28_length_254316_cov_15.488135	34.39	285	148	39	152	402	154080	154914	3.1e-23	111.5
NCVOG0451-consensus	NODE_16_length_450817_cov_16.521134	39.31	290	170	6	124	413	279096	279944	2.7e-45	185.3
NCVOG0451-consensus	NODE_16_length_450817_cov_16.521134	43.30	224	124	3	141	364	278427	279086	3.8e-44	181.5
NCVOG0451-consensus	NODE_38_length_136462_cov_14.617989	37.06	286	176	4	113	397	25867	25026	1.1e-44	183.1
NCVOG0451-consensus	NODE_38_length_136462_cov_14.617989	37.13	307	167	26	127	413	30862	29963	1.1e-44	183.1
NCVOG0451-consensus	NODE_38_length_136462_cov_14.617989	37.82	275	165	6	124	398	27251	26448	1.2e-41	173.1
NCVOG0451-consensus	NODE_38_length_136462_cov_14.617989	38.24	272	163	5	128	397	34351	33548	9.3e-41	170.1
NCVOG0451-consensus	NODE_38_length_136462_cov_14.617989	35.91	298	169	22	124	402	29731	28850	2.6e-34	148.7
NCVOG0451-consensus	NODE_38_length_136462_cov_14.617989	37.79	217	124	11	151	365	24977	24357	5.6e-26	121.0
NCVOG0451-consensus	NODE_38_length_136462_cov_14.617989	37.99	179	102	9	156	333	33541	33036	3.3e-23	111.8
NCVOG0451-consensus	NODE_38_length_136462_cov_14.617989	33.83	201	121	12	186	384	26444	25875	1.6e-16	89.6
NCVOG0451-consensus	NODE_1_length_1869972_cov_16.027777	39.35	277	158	10	129	402	5964	6766	7.7e-43	177.2
NCVOG0451-consensus	NODE_1_length_1869972_cov_16.027777	52.69	93	43	1	164	255	6782	7055	6.7e-16	87.7
NCVOG0451-consensus	NODE_34_length_167334_cov_13.761660	39.84	251	147	4	136	384	104124	103387	1.2e-39	166.6
NCVOG0451-consensus	NODE_354_length_493_cov_13.334135	39.63	164	99	0	151	314	492	4	9.3e-29	122.1
NCVOG0451-consensus	NODE_485_length_366_cov_17.816609	44.54	119	66	0	133	251	357	4	2.3e-22	100.5
NCVOG0451-consensus	NODE_2_length_1054681_cov_16.125990	33.85	192	114	13	141	319	167724	167162	1.2e-16	90.1
NCVOG0451-consensus	NODE_12_length_562689_cov_15.492755	30.53	190	122	10	52	240	2933	2398	4.6e-16	88.2
NCVOG0541-consensus	NODE_3_length_1048457_cov_16.008489	29.84	258	162	19	2	245	551066	551821	1.4e-12	76.2
NCVOG4421-consensus	NODE_354_length_493_cov_13.334135	40.70	86	51	0	81	166	258	4	3e-15	76.0
NCVOG4421-consensus	NODE_28_length_254316_cov_15.488135	50.00	84	42	0	83	166	153597	153845	5.7e-15	82.8
NCVOG4421-consensus	NODE_28_length_254316_cov_15.488135	50.00	82	41	0	85	166	153333	153575	9.6e-14	78.7
NCVOG4421-consensus	NODE_28_length_254316_cov_15.488135	45.65	92	48	2	75	166	153849	154115	6.3e-13	76.0
NCVOG4421-consensus	NODE_485_length_366_cov_17.816609	44.19	86	48	0	81	166	339	85	3e-14	72.2
NCVOG4421-consensus	NODE_1_length_1869972_cov_16.027777	44.44	99	53	2	68	166	6674	6961	1.6e-13	78.5
NCVOG4421-consensus	NODE_16_length_450817_cov_16.521134	46.43	84	45	0	83	166	279597	279845	2e-13	78.2
NCVOG4421-consensus	NODE_16_length_450817_cov_16.521134	39.53	86	52	0	81	166	278781	279035	8.4e-12	72.8
NCVOG4421-consensus	NODE_38_length_136462_cov_14.617989	40.62	96	57	0	76	171	26600	26316	1.6e-11	71.7
NCVOG4421-consensus	NODE_38_length_136462_cov_14.617989	43.02	86	49	0	81	166	29179	28925	1.1e-11	72.2
NCVOG4421-consensus	NODE_38_length_136462_cov_14.617989	43.37	83	47	0	84	166	25781	25536	1.6e-11	71.7
NCVOG4421-consensus	NODE_2_length_1054681_cov_16.125990	42.67	75	43	0	80	154	167432	167211	1.8e-11	71.7
NCVOG4421-consensus	NODE_34_length_167334_cov_13.761660	44.71	85	47	0	82	166	104112	103861	3.8e-11	70.6
NCVOG1351-consensus	NODE_2_length_1054681_cov_16.125990	31.36	338	181	51	137	428	145238	146227	3.6e-20	102.2
NCVOG4111-consensus	NODE_28_length_254316_cov_15.488135	29.32	191	130	5	117	304	153369	153932	3.2e-15	84.5
NCVOG4111-consensus	NODE_1_length_1869972_cov_16.027777	25.67	187	136	3	117	301	6039	6593	3.2e-11	71.8
NCVOG0031-consensus	NODE_42_length_105589_cov_14.549909	28.81	604	347	83	224	784	20570	22240	7.6e-17	91.8
NCVOG0301-consensus	NODE_30_length_203561_cov_15.464400	27.24	323	180	55	264	535	58094	59043	1.4e-15	87.0
NCVOG0301-consensus	NODE_2_length_1054681_cov_16.125990	27.85	316	192	36	252	537	32910	31984	2.1e-12	76.5
NCVOG0301-consensus	NODE_12_length_562689_cov_15.492755	29.94	167	108	9	326	486	410360	410848	6.5e-12	74.8
NCVOG0301-consensus	NODE_9_length_728160_cov_16.093817	31.29	147	92	9	261	404	609359	608940	2.6e-11	72.7
NCVOG0301-consensus	NODE_6_length_802021_cov_15.519641	31.40	242	146	20	257	480	104560	105276	4.3e-11	72.1
NCVOG0301-consensus	NODE_4_length_1027564_cov_15.664503	28.88	322	194	35	246	539	247201	246260	5.2e-11	71.9
NCVOG0301-consensus	NODE_39_length_129811_cov_15.239791	31.14	167	101	14	317	477	5722	6195	7.9e-11	71.0
NCVOG2860-consensus	NODE_28_length_254316_cov_15.488135	34.67	274	176	3	93	363	153282	154100	4.2e-28	127.6
NCVOG2860-consensus	NODE_28_length_254316_cov_15.488135	29.48	251	171	6	94	338	154179	154926	8.9e-12	73.3
NCVOG2860-consensus	NODE_1_length_1869972_cov_16.027777	33.94	277	174	9	93	363	6132	6946	5.4e-26	121.1
NCVOG2860-consensus	NODE_38_length_136462_cov_14.617989	30.96	281	185	9	86	365	30886	30071	1.3e-21	106.4
NCVOG2860-consensus	NODE_38_length_136462_cov_14.617989	29.73	259	179	3	80	335	25867	25098	1.6e-22	109.4
NCVOG2860-consensus	NODE_38_length_136462_cov_14.617989	30.43	299	190	18	73	359	27326	26453	5.9e-22	107.5
NCVOG2860-consensus	NODE_38_length_136462_cov_14.617989	30.60	232	155	6	108	335	33862	33176	1.3e-21	106.4
NCVOG2860-consensus	NODE_38_length_136462_cov_14.617989	28.00	250	178	2	100	347	30064	29318	3.9e-17	91.5
NCVOG2860-consensus	NODE_38_length_136462_cov_14.617989	29.48	173	120	2	170	340	34396	33881	3.9e-13	78.2
NCVOG2860-consensus	NODE_34_length_167334_cov_13.761660	29.11	237	165	3	93	326	104064	103357	7.2e-20	100.7
NCVOG2860-consensus	NODE_354_length_493_cov_13.334135	36.97	165	100	4	118	279	492	4	2.1e-16	80.9
NCVOG2860-consensus	NODE_16_length_450817_cov_16.521134	29.66	236	164	2	93	326	278472	279176	1.3e-11	73.3
NCVOG2860-consensus	NODE_16_length_450817_cov_16.521134	28.74	247	173	3	122	365	279189	279926	1.3e-11	73.3
NCVOG2860-consensus	NODE_485_length_366_cov_17.816609	32.79	122	80	2	187	306	366	4	1.8e-11	64.2
NCVOG0001-consensus	NODE_11_length_587177_cov_15.544386	44.06	286	139	21	320	600	223144	222338	1.5e-45	186.8
NCVOG0001-consensus	NODE_2_length_1054681_cov_16.125990	44.40	232	117	12	333	554	269398	268712	1e-42	177.3
NCVOG0001-consensus	NODE_10_length_606720_cov_15.156248	42.40	250	125	19	320	562	296526	297236	3.9e-38	162.1
NCVOG0001-consensus	NODE_10_length_606720_cov_15.156248	36.24	287	163	20	308	588	297389	298204	3.9e-38	162.1
NCVOG0001-consensus	NODE_2_length_1054681_cov_16.125990	40.85	235	121	18	328	555	640126	639458	1.2e-36	157.3
NCVOG0001-consensus	NODE_1_length_1869972_cov_16.027777	41.63	221	112	17	333	547	1339424	1340050	2.2e-34	149.7
NCVOG0001-consensus	NODE_1_length_1869972_cov_16.027777	39.21	227	126	12	333	555	1315339	1314686	2.6e-33	146.1
NCVOG0001-consensus	NODE_1_length_1869972_cov_16.027777	40.42	240	118	25	328	555	1314568	1313891	5.2e-32	141.8
NCVOG0001-consensus	NODE_50_length_42302_cov_13.452931	42.00	250	126	19	320	562	20424	21134	1.4e-30	135.3
NCVOG0001-consensus	NODE_50_length_42302_cov_13.452931	37.45	267	150	17	306	566	21273	22037	9.3e-39	162.4
NCVOG0001-consensus	NODE_261_length_745_cov_3.059880	35.90	234	142	8	319	552	680	6	5.9e-28	120.7
NCVOG0001-consensus	NODE_16_length_450817_cov_16.521134	38.34	253	135	21	333	581	190449	191153	1.2e-24	117.4
NCVOG0001-consensus	NODE_16_length_450817_cov_16.521134	34.52	252	134	31	324	555	189579	190298	2.5e-24	116.3
NCVOG0001-consensus	NODE_7_length_784547_cov_16.104383	37.42	302	147	42	329	612	373477	372647	2.7e-22	109.5
NCVOG0001-consensus	NODE_2_length_1054681_cov_16.125990	38.10	273	151	18	288	556	684592	685365	4.8e-18	95.4
NCVOG0001-consensus	NODE_2_length_1054681_cov_16.125990	38.55	262	139	22	313	563	685621	686370	1.2e-33	147.2
NCVOG0001-consensus	NODE_2_length_1054681_cov_16.125990	32.12	274	151	35	305	553	938717	939501	1.2e-17	94.1
NCVOG0001-consensus	NODE_2_length_1054681_cov_16.125990	31.74	230	138	19	353	574	863288	863941	1.2e-17	94.1
NCVOG0001-consensus	NODE_8_length_756968_cov_15.931627	37.77	233	127	18	337	565	61197	60544	9.7e-17	91.1
NCVOG0001-consensus	NODE_10_length_606720_cov_15.156248	33.44	302	154	47	333	606	47083	47924	1.2e-16	90.8
NCVOG0001-consensus	NODE_35_length_162929_cov_14.581571	41.33	271	110	49	363	603	84556	85304	2e-15	86.7
NCVOG0001-consensus	NODE_11_length_587177_cov_15.544386	35.83	240	127	27	331	557	338778	338104	4.2e-11	72.4
NCVOG0001-consensus	NODE_33_length_179261_cov_14.728888	29.70	404	197	87	263	597	159539	158393	6.6e-11	69.4
NCVOG0001-consensus	NODE_1380_length_235_cov_3.234177	44.87	78	41	2	440	515	234	4	8.4e-11	62.0
NCVOG2058-consensus	NODE_28_length_254316_cov_15.488135	45.31	309	169	0	91	399	153093	154016	1.1e-66	255.8
NCVOG2058-consensus	NODE_28_length_254316_cov_15.488135	38.83	273	163	4	94	362	154176	154989	1.6e-22	109.1
NCVOG2058-consensus	NODE_16_length_450817_cov_16.521134	42.71	295	169	0	92	386	279096	279977	3.4e-59	231.4
NCVOG2058-consensus	NODE_16_length_450817_cov_16.521134	43.20	206	117	0	94	299	278472	279086	4.4e-40	168.0
NCVOG2058-consensus	NODE_1_length_1869972_cov_16.027777	41.94	310	173	7	92	398	5949	6859	1.5e-53	212.7
NCVOG2058-consensus	NODE_38_length_136462_cov_14.617989	34.97	326	207	5	78	398	25967	24993	2e-49	198.9
NCVOG2058-consensus	NODE_38_length_136462_cov_14.617989	35.41	305	197	0	92	396	30271	29360	5.8e-48	194.0
NCVOG2058-consensus	NODE_38_length_136462_cov_14.617989	38.39	310	187	4	92	399	34363	33443	1.2e-42	176.4
NCVOG2058-consensus	NODE_38_length_136462_cov_14.617989	35.22	335	208	9	51	385	27266	26292	2.5e-42	175.3
NCVOG2058-consensus	NODE_38_length_136462_cov_14.617989	38.46	221	116	20	160	360	30937	30278	2.3e-28	128.9
NCVOG2058-consensus	NODE_38_length_136462_cov_14.617989	40.34	176	103	2	137	312	29353	28835	5.8e-28	127.5
NCVOG2058-consensus	NODE_38_length_136462_cov_14.617989	36.32	190	110	11	179	358	24977	24414	1.2e-19	99.9
NCVOG2058-consensus	NODE_38_length_136462_cov_14.617989	38.81	134	72	10	191	314	33436	33038	2.1e-14	82.5
NCVOG2058-consensus	NODE_34_length_167334_cov_13.761660	39.26	242	145	2	92	331	104070	103352	4.6e-37	157.9
NCVOG2058-consensus	NODE_354_length_493_cov_13.334135	42.07	164	95	0	119	282	492	4	1.3e-32	134.9
NCVOG2058-consensus	NODE_485_length_366_cov_17.816609	46.72	122	65	0	188	309	366	4	1.3e-22	101.3
NCVOG2058-consensus	NODE_2_length_1054681_cov_16.125990	36.36	187	106	13	171	345	167718	167168	3e-12	75.5
NCVOG2058-consensus	NODE_12_length_562689_cov_15.492755	37.76	98	61	0	171	268	2688	2398	2.4e-11	72.5
NCVOG0066-consensus	NODE_21_length_400952_cov_15.469595	29.94	481	277	60	37	466	56708	58118	1.6e-12	77.0
NCVOG0038-consensus	NODE_1_length_1869972_cov_16.027777	37.82	899	495	64	92	970	1605840	1608401	1.2e-63	247.8
NCVOG0038-consensus	NODE_24_length_330677_cov_15.077187	27.26	730	452	79	242	922	318360	320448	1.3e-35	152.3
NCVOG0038-consensus	NODE_544_length_341_cov_3.041667	47.71	109	50	7	654	755	1	324	1.1e-18	89.6
NCVOG0038-consensus	NODE_42_length_105589_cov_14.549909	26.57	922	576	101	75	965	102296	99744	1.8e-16	90.4
NCVOG0038-consensus	NODE_2_length_1054681_cov_16.125990	25.58	993	556	183	103	973	556421	559203	4.2e-14	83.1
NCVOG0228-consensus	NODE_2_length_1054681_cov_16.125990	29.07	664	403	68	288	921	16365	18239	3.8e-44	182.7
NCVOG0228-consensus	NODE_19_length_416294_cov_15.530771	33.50	615	357	52	309	893	159724	161499	1.9e-21	107.3
NCVOG0280-consensus	NODE_35_length_162929_cov_14.581571	20.91	1296	919	106	424	1677	98872	102560	3.3e-18	97.4
NCVOG0218-consensus	NODE_5_length_958716_cov_15.904518	42.26	310	158	21	606	901	804005	804910	2e-46	190.5
NCVOG0218-consensus	NODE_20_length_415508_cov_15.242777	32.77	534	300	59	387	892	374671	373188	2.7e-46	189.7
NCVOG0218-consensus	NODE_5_length_958716_cov_15.904518	34.88	430	238	42	433	836	572216	571004	2.9e-46	190.0
NCVOG0218-consensus	NODE_23_length_345656_cov_15.214171	44.17	283	139	19	627	900	336888	336073	7.9e-44	180.2
NCVOG0218-consensus	NODE_25_length_315491_cov_15.729600	32.03	409	246	32	407	808	3003	4139	1.7e-43	180.8
NCVOG0218-consensus	NODE_25_length_315491_cov_15.729600	30.81	185	120	8	611	788	102747	103289	3.4e-13	80.1
NCVOG0218-consensus	NODE_25_length_315491_cov_15.729600	29.96	247	157	16	532	764	64410	65135	4.9e-13	79.6
NCVOG0218-consensus	NODE_19_length_416294_cov_15.530771	40.80	326	151	42	728	1026	78343	79268	1.4e-42	177.8
NCVOG0218-consensus	NODE_19_length_416294_cov_15.530771	31.72	268	156	27	516	769	88070	88825	1.4e-19	101.3
NCVOG0218-consensus	NODE_38_length_136462_cov_14.617989	32.42	438	257	39	478	886	105415	106685	4.6e-42	175.9
NCVOG0218-consensus	NODE_38_length_136462_cov_14.617989	29.96	544	315	66	392	891	14770	16308	1.9e-31	140.6
NCVOG0218-consensus	NODE_38_length_136462_cov_14.617989	34.41	247	145	17	618	850	22741	23441	3.4e-15	86.6
NCVOG0218-consensus	NODE_38_length_136462_cov_14.617989	26.56	610	363	85	376	912	19101	20851	6.2e-12	75.8
NCVOG0218-consensus	NODE_10_length_606720_cov_15.156248	37.59	266	154	12	643	901	428363	427590	2.8e-37	160.1
NCVOG0218-consensus	NODE_10_length_606720_cov_15.156248	38.83	309	153	36	641	918	312999	312125	2e-22	110.8
NCVOG0218-consensus	NODE_28_length_254316_cov_15.488135	31.47	518	312	43	360	861	169942	168481	3.1e-35	152.8
NCVOG0218-consensus	NODE_12_length_562689_cov_15.492755	34.02	388	195	61	519	849	282060	283186	3.7e-35	153.1
NCVOG0218-consensus	NODE_9_length_728160_cov_16.093817	36.58	257	146	17	701	942	534772	535533	2.7e-32	143.6
NCVOG0218-consensus	NODE_17_length_427721_cov_15.282443	28.55	655	392	76	387	987	44793	46656	3.7e-31	139.8
NCVOG0218-consensus	NODE_4_length_1027564_cov_15.664503	31.75	463	248	68	470	877	255155	256487	2e-30	137.4
NCVOG0218-consensus	NODE_30_length_203561_cov_15.464400	30.54	609	326	97	346	875	25786	27533	3.4e-29	133.3
NCVOG0218-consensus	NODE_1_length_1869972_cov_16.027777	47.66	128	64	3	643	767	410778	411158	8.6e-29	131.9
NCVOG0218-consensus	NODE_13_length_561745_cov_15.444955	25.27	653	420	68	306	901	393956	395868	1.5e-28	131.1
NCVOG0218-consensus	NODE_13_length_561745_cov_15.444955	34.66	277	166	15	616	883	358683	359476	2e-22	110.8
NCVOG0218-consensus	NODE_1_length_1869972_cov_16.027777	31.78	365	206	43	570	893	1828555	1827478	5e-28	128.4
NCVOG0218-consensus	NODE_26_length_289887_cov_15.563628	27.59	511	327	43	348	819	177682	176187	7.3e-27	125.4
NCVOG0218-consensus	NODE_29_length_248845_cov_14.946786	37.66	231	129	15	626	846	50685	50025	1.1e-26	124.9
NCVOG0218-consensus	NODE_23_length_345656_cov_15.214171	32.48	314	197	15	601	903	249293	248373	2.4e-26	123.8
NCVOG0218-consensus	NODE_23_length_345656_cov_15.214171	27.86	603	356	79	404	953	195188	193495	1.7e-26	124.3
NCVOG0218-consensus	NODE_23_length_345656_cov_15.214171	39.38	193	110	7	645	832	192853	192290	2.4e-26	123.8
NCVOG0218-consensus	NODE_25_length_315491_cov_15.729600	30.89	246	152	18	566	801	269812	269102	8.6e-25	118.6
NCVOG0218-consensus	NODE_25_length_315491_cov_15.729600	33.51	188	98	27	520	691	278203	277678	4.9e-17	92.9
NCVOG0218-consensus	NODE_5_length_958716_cov_15.904518	30.93	388	229	39	390	761	536083	537152	5.4e-23	112.7
NCVOG0218-consensus	NODE_15_length_512759_cov_15.568696	34.85	241	141	16	634	861	203261	202551	6.5e-23	112.4
NCVOG0218-consensus	NODE_1_length_1869972_cov_16.027777	42.95	149	76	9	621	768	1805269	1805688	1e-22	110.8
NCVOG0218-consensus	NODE_31_length_190642_cov_15.711516	30.67	225	145	11	664	880	177399	176737	1.4e-22	109.4
NCVOG0218-consensus	NODE_6_length_802021_cov_15.519641	30.52	439	259	46	486	895	82547	81299	2e-22	110.8
NCVOG0218-consensus	NODE_6_length_802021_cov_15.519641	27.59	319	201	30	731	1024	55116	54202	7.2e-13	79.0
NCVOG0218-consensus	NODE_3_length_1048457_cov_16.008489	26.90	435	289	29	472	886	515761	514493	1.3e-21	108.1
NCVOG0218-consensus	NODE_3_length_1048457_cov_16.008489	32.26	341	171	60	362	650	493246	492259	9.5e-19	98.6
NCVOG0218-consensus	NODE_16_length_450817_cov_16.521134	45.93	135	63	10	708	833	320230	320628	3.4e-21	106.7
NCVOG0218-consensus	NODE_3_length_1048457_cov_16.008489	37.40	246	142	12	638	873	804958	805662	4.9e-21	106.2
NCVOG0218-consensus	NODE_17_length_427721_cov_15.282443	48.00	100	52	0	722	821	223050	222754	8.6e-21	105.4
NCVOG0218-consensus	NODE_34_length_167334_cov_13.761660	36.18	246	140	17	713	946	92834	93531	1.8e-20	104.3
NCVOG0218-consensus	NODE_11_length_587177_cov_15.544386	30.30	528	305	63	372	868	139970	141432	3.9e-20	103.2
NCVOG0218-consensus	NODE_44_length_76945_cov_16.087696	24.29	490	330	41	353	813	70589	72019	4.2e-20	102.1
NCVOG0218-consensus	NODE_26_length_289887_cov_15.563628	34.76	210	118	19	667	857	5386	4760	5.7e-20	102.6
NCVOG0218-consensus	NODE_14_length_557804_cov_15.796300	46.30	108	50	8	750	853	117649	117957	6.8e-20	102.4
NCVOG0218-consensus	NODE_46_length_68043_cov_32.974428	44.44	171	82	13	651	809	2242	2726	8e-20	101.0
NCVOG0218-consensus	NODE_19_length_416294_cov_15.530771	27.80	536	319	68	355	836	260276	258730	8.2e-20	102.1
NCVOG0218-consensus	NODE_8_length_756968_cov_15.931627	33.44	299	156	43	492	778	126435	125651	2.1e-19	100.7
NCVOG0218-consensus	NODE_31_length_190642_cov_15.711516	26.64	563	362	51	358	892	146959	145361	2.5e-19	100.5
NCVOG0218-consensus	NODE_31_length_190642_cov_15.711516	29.29	280	176	22	594	852	43581	42754	3.2e-12	76.9
NCVOG0218-consensus	NODE_27_length_267594_cov_14.873010	42.68	157	71	19	663	803	76893	77345	2.5e-19	100.5
NCVOG0218-consensus	NODE_23_length_345656_cov_15.214171	42.27	194	94	18	642	817	293003	293567	7.9e-19	98.8
NCVOG0218-consensus	NODE_10_length_606720_cov_15.156248	27.56	566	334	76	321	814	259421	257757	1.1e-18	98.3
NCVOG0218-consensus	NODE_10_length_606720_cov_15.156248	26.49	755	457	98	83	774	235430	233286	1.1e-22	111.6
NCVOG0218-consensus	NODE_10_length_606720_cov_15.156248	39.66	179	94	14	660	829	194145	193635	1.1e-18	98.3
NCVOG0218-consensus	NODE_10_length_606720_cov_15.156248	36.46	181	99	16	573	737	211568	211059	6.8e-12	75.8
NCVOG0218-consensus	NODE_32_length_180587_cov_15.075209	29.42	486	288	55	385	825	130119	131519	1.4e-18	98.0
NCVOG0218-consensus	NODE_20_length_415508_cov_15.242777	54.32	81	34	3	700	778	406836	407072	1.9e-18	97.2
NCVOG0218-consensus	NODE_27_length_267594_cov_14.873010	28.75	313	196	27	599	886	47498	46585	2.9e-18	96.9
NCVOG0218-consensus	NODE_5_length_958716_cov_15.904518	35.84	173	106	5	743	911	68438	67932	3.5e-18	96.7
NCVOG0218-consensus	NODE_35_length_162929_cov_14.581571	28.54	473	279	59	403	832	117035	118378	5.1e-18	96.1
NCVOG0218-consensus	NODE_36_length_152292_cov_15.288822	34.81	158	96	7	642	793	93832	93365	6.2e-18	95.9
NCVOG0218-consensus	NODE_20_length_415508_cov_15.242777	32.50	280	168	21	646	907	298927	298120	6.2e-18	95.9
NCVOG0218-consensus	NODE_18_length_419655_cov_15.729935	31.85	336	207	22	561	883	156715	155760	9e-18	95.3
NCVOG0218-consensus	NODE_4_length_1027564_cov_15.664503	31.76	381	209	51	478	817	966157	967232	9.5e-18	95.0
NCVOG0218-consensus	NODE_43_length_94454_cov_15.585015	26.94	527	329	56	414	891	67567	69101	3.1e-17	92.9
NCVOG0218-consensus	NODE_34_length_167334_cov_13.761660	27.89	459	295	36	391	819	158751	157416	1.4e-16	88.3
NCVOG0218-consensus	NODE_50_length_42302_cov_13.452931	23.99	717	467	78	359	1001	30331	28250	1.9e-16	89.1
NCVOG0218-consensus	NODE_6_length_802021_cov_15.519641	32.49	277	156	31	573	830	768649	767878	2.1e-16	89.3
NCVOG0218-consensus	NODE_8_length_756968_cov_15.931627	42.86	133	72	4	667	796	486089	486479	3.2e-16	90.2
NCVOG0218-consensus	NODE_8_length_756968_cov_15.931627	48.89	90	44	2	821	909	550860	551123	3.2e-16	90.2
NCVOG0218-consensus	NODE_6_length_802021_cov_15.519641	47.06	136	57	15	677	804	266697	266336	3.2e-16	90.2
NCVOG0218-consensus	NODE_41_length_110732_cov_15.024129	35.81	215	123	15	706	905	14522	13907	3.5e-16	89.6
NCVOG0218-consensus	NODE_8_length_756968_cov_15.931627	38.97	136	70	13	760	885	743506	743901	3.9e-16	89.9
NCVOG0218-consensus	NODE_8_length_756968_cov_15.931627	34.22	225	120	28	800	1007	689260	689888	7.2e-13	79.0
NCVOG0218-consensus	NODE_34_length_167334_cov_13.761660	32.37	278	157	31	598	850	152226	153032	7.8e-16	85.8
NCVOG0218-consensus	NODE_10_length_606720_cov_15.156248	27.96	583	338	82	350	857	426061	427745	1.4e-15	88.0
NCVOG0218-consensus	NODE_22_length_361192_cov_15.127763	32.46	268	152	29	714	969	275452	276185	1.4e-15	88.0
NCVOG0218-consensus	NODE_11_length_587177_cov_15.544386	27.11	546	344	54	350	847	424549	426141	1.4e-15	88.0
NCVOG0218-consensus	NODE_26_length_289887_cov_15.563628	25.36	552	349	63	365	861	46242	47858	1.7e-15	87.7
NCVOG0218-consensus	NODE_2_length_1054681_cov_16.125990	34.97	163	98	8	773	931	608895	608422	2.1e-15	87.5
NCVOG0218-consensus	NODE_7_length_784547_cov_16.104383	33.52	176	101	16	763	923	690499	689982	3.1e-15	86.9
NCVOG0218-consensus	NODE_15_length_512759_cov_15.568696	45.13	113	56	6	673	781	217850	218173	3.7e-15	86.6
NCVOG0218-consensus	NODE_15_length_512759_cov_15.568696	33.18	223	137	12	649	859	271860	272503	2.3e-13	80.7
NCVOG0218-consensus	NODE_1_length_1869972_cov_16.027777	33.10	145	88	9	669	807	1656415	1656833	4.5e-15	86.4
NCVOG0218-consensus	NODE_1_length_1869972_cov_16.027777	27.18	515	329	46	360	849	154772	156236	4.5e-15	86.4
NCVOG0218-consensus	NODE_9_length_728160_cov_16.093817	36.59	164	79	25	718	863	437642	438101	9.5e-15	85.3
NCVOG0218-consensus	NODE_9_length_728160_cov_16.093817	32.99	197	115	17	639	823	306154	306722	9.5e-15	85.3
NCVOG0218-consensus	NODE_1_length_1869972_cov_16.027777	34.43	244	141	19	623	850	849051	849764	1.4e-14	84.7
NCVOG0218-consensus	NODE_9_length_728160_cov_16.093817	38.41	138	80	5	682	816	662287	661887	1.4e-14	84.5
NCVOG0218-consensus	NODE_32_length_180587_cov_15.075209	24.80	496	289	84	419	834	166842	165380	1.6e-14	82.3
NCVOG0218-consensus	NODE_59_length_12196_cov_15.407294	27.64	691	396	104	319	926	11953	9993	1.6e-14	80.9
NCVOG0218-consensus	NODE_9_length_728160_cov_16.093817	27.13	328	201	38	436	749	285819	284923	2e-14	84.2
NCVOG0218-consensus	NODE_9_length_728160_cov_16.093817	39.84	128	61	16	740	851	226820	226442	8.7e-13	78.8
NCVOG0218-consensus	NODE_39_length_129811_cov_15.239791	40.17	117	65	5	794	907	20510	20181	2.1e-14	83.9
NCVOG0218-consensus	NODE_14_length_557804_cov_15.796300	40.18	112	61	6	612	721	266761	266441	2.9e-14	83.7
NCVOG0218-consensus	NODE_13_length_561745_cov_15.444955	45.38	119	56	9	760	870	27862	27512	5.2e-14	82.8
NCVOG0218-consensus	NODE_23_length_345656_cov_15.214171	25.16	632	422	51	319	927	86120	84314	5.2e-14	82.8
NCVOG0218-consensus	NODE_23_length_345656_cov_15.214171	29.96	247	163	10	571	807	82756	82025	5.2e-14	82.8
NCVOG0218-consensus	NODE_29_length_248845_cov_14.946786	39.42	137	77	6	677	808	50712	51102	7.5e-14	82.3
NCVOG0218-consensus	NODE_29_length_248845_cov_14.946786	24.61	382	259	29	344	704	54063	55165	4.3e-14	83.1
NCVOG0218-consensus	NODE_1_length_1869972_cov_16.027777	31.29	294	163	39	677	952	525557	526358	7.5e-14	82.3
NCVOG0218-consensus	NODE_1_length_1869972_cov_16.027777	32.58	221	131	18	533	740	518107	518735	7.5e-14	82.3
NCVOG0218-consensus	NODE_21_length_400952_cov_15.469595	26.46	291	205	9	566	849	236230	237075	9.1e-14	82.0
NCVOG0218-consensus	NODE_128_length_3080_cov_18.192141	34.82	112	73	0	729	840	1061	729	9.6e-14	76.3
NCVOG0218-consensus	NODE_11_length_587177_cov_15.544386	32.43	185	105	20	675	840	180769	180225	1.9e-13	80.9
NCVOG0218-consensus	NODE_6_length_802021_cov_15.519641	23.65	613	394	74	346	902	123831	125592	1.9e-13	80.9
NCVOG0218-consensus	NODE_10_length_606720_cov_15.156248	32.67	150	95	6	671	819	2159	1728	4.1e-13	79.9
NCVOG0218-consensus	NODE_123_length_3234_cov_181.254039	26.37	474	296	53	359	789	384	1740	4.6e-13	74.2
NCVOG0218-consensus	NODE_33_length_179261_cov_14.728888	29.64	307	200	16	568	861	166322	167212	7.8e-13	76.6
NCVOG0218-consensus	NODE_33_length_179261_cov_14.728888	50.00	74	33	4	804	877	152722	152928	7.8e-13	76.6
NCVOG0218-consensus	NODE_6_length_802021_cov_15.519641	45.19	104	47	10	597	690	718456	718758	1e-12	78.5
NCVOG0218-consensus	NODE_7_length_784547_cov_16.104383	30.48	315	194	25	489	780	370015	369106	1e-12	78.5
NCVOG0218-consensus	NODE_7_length_784547_cov_16.104383	37.93	145	68	22	629	755	358969	358556	1.3e-13	81.5
NCVOG0218-consensus	NODE_7_length_784547_cov_16.104383	25.42	535	319	80	423	901	368636	367135	5.7e-12	76.1
NCVOG0218-consensus	NODE_39_length_129811_cov_15.239791	27.40	697	436	70	340	983	487	2487	1.6e-12	77.7
NCVOG0218-consensus	NODE_39_length_129811_cov_15.239791	54.84	62	21	7	616	677	37192	37353	1.6e-12	77.7
NCVOG0218-consensus	NODE_10_length_606720_cov_15.156248	33.33	204	104	32	752	943	211578	212112	1.8e-12	77.7
NCVOG0218-consensus	NODE_27_length_267594_cov_14.873010	27.46	346	231	20	574	903	245079	244069	2.5e-12	76.9
NCVOG0218-consensus	NODE_27_length_267594_cov_14.873010	33.47	239	145	14	660	891	238013	237347	2.7e-17	93.4
NCVOG0218-consensus	NODE_27_length_267594_cov_14.873010	31.19	218	141	9	562	771	210175	209528	2.5e-12	76.9
NCVOG0218-consensus	NODE_3_length_1048457_cov_16.008489	33.66	202	115	19	781	964	63812	64401	1.2e-11	75.0
NCVOG0218-consensus	NODE_3_length_1048457_cov_16.008489	30.49	364	229	24	555	898	145869	144841	1.5e-11	74.7
NCVOG0218-consensus	NODE_3_length_1048457_cov_16.008489	40.34	119	60	11	599	713	67100	66772	1.5e-11	74.7
NCVOG0218-consensus	NODE_15_length_512759_cov_15.568696	42.06	107	58	4	689	793	409122	408811	1.8e-11	74.4
NCVOG0218-consensus	NODE_11_length_587177_cov_15.544386	36.72	177	99	13	725	888	145269	144742	1.8e-11	74.4
NCVOG0218-consensus	NODE_11_length_587177_cov_15.544386	38.78	98	50	10	756	843	38087	37797	1.8e-11	74.4
NCVOG0218-consensus	NODE_18_length_419655_cov_15.729935	30.34	356	212	36	631	959	328725	329740	2.1e-11	73.9
NCVOG0218-consensus	NODE_4_length_1027564_cov_15.664503	29.20	363	227	30	575	915	792546	793587	2.6e-11	73.9
NCVOG0218-consensus	NODE_4_length_1027564_cov_15.664503	39.50	119	64	8	689	801	209960	209615	2.6e-11	73.9
NCVOG0218-consensus	NODE_22_length_361192_cov_15.127763	28.10	274	177	20	692	946	99455	100254	5.4e-11	72.8
NCVOG0218-consensus	NODE_8_length_756968_cov_15.931627	37.04	162	97	5	716	873	573068	572589	5.4e-11	72.8
NCVOG0218-consensus	NODE_30_length_203561_cov_15.464400	38.46	117	68	4	684	796	105916	105573	5.4e-11	72.8
NCVOG0218-consensus	NODE_22_length_361192_cov_15.127763	30.77	260	158	22	686	924	279479	278722	6.5e-11	72.5
NCVOG0218-consensus	NODE_22_length_361192_cov_15.127763	24.18	517	341	51	381	858	286101	284610	4.5e-11	73.1
NCVOG0218-consensus	NODE_2558_length_78_cov_32.000000	80.77	26	5	0	611	636	78	4	6.6e-11	61.6
NCVOG0218-consensus	NODE_34_length_167334_cov_13.761660	30.13	614	347	82	338	902	123556	121841	9.5e-11	72.0
NCVOG0218-consensus	NODE_34_length_167334_cov_13.761660	27.03	592	344	88	356	870	121252	119555	1.7e-14	84.5
NCVOG0218-consensus	NODE_34_length_167334_cov_13.761660	29.06	468	270	62	487	900	125206	123850	2.2e-12	77.4
NCVOG0308-consensus	NODE_18_length_419655_cov_15.729935	22.14	637	431	65	266	865	52020	50201	1.2e-12	78.2
NCVOG4344-consensus	NODE_6_length_802021_cov_15.519641	32.56	301	186	17	39	337	685138	685992	3.8e-11	72.1
NCVOG4116-consensus	NODE_16_length_450817_cov_16.521134	27.68	354	232	24	101	433	278784	279827	1.7e-24	116.4
NCVOG4116-consensus	NODE_28_length_254316_cov_15.488135	32.24	335	197	30	110	436	153171	154106	1.5e-21	106.1
NCVOG4116-consensus	NODE_38_length_136462_cov_14.617989	26.07	349	250	8	110	450	30886	29849	2.7e-20	102.3
NCVOG4116-consensus	NODE_38_length_136462_cov_14.617989	29.13	357	228	25	96	431	34237	33188	2.1e-23	112.6
NCVOG4116-consensus	NODE_38_length_136462_cov_14.617989	26.82	425	275	36	29	424	27523	26277	2.8e-21	105.5
NCVOG4116-consensus	NODE_38_length_136462_cov_14.617989	27.30	304	212	9	115	411	29731	28829	2.1e-15	86.0
NCVOG4116-consensus	NODE_38_length_136462_cov_14.617989	28.43	306	200	19	115	413	26210	25332	3.4e-13	78.7
NCVOG4116-consensus	NODE_34_length_167334_cov_13.761660	34.12	170	106	6	271	436	104100	103600	1.1e-16	90.4
NCVOG4116-consensus	NODE_1_length_1869972_cov_16.027777	32.83	198	128	5	238	433	5826	6407	1.4e-16	90.1
NCVOG4116-consensus	NODE_354_length_493_cov_13.334135	31.06	161	109	2	278	436	492	13	1.7e-14	74.9
NCVOG0226-consensus	NODE_8_length_756968_cov_15.931627	51.56	64	30	1	32	95	755761	755576	1.5e-11	69.4
NCVOG0226-consensus	NODE_1_length_1869972_cov_16.027777	54.55	55	25	0	27	81	74230	74069	9.1e-11	70.8
NCVOG4170-consensus	NODE_13_length_561745_cov_15.444955	31.16	215	140	8	129	336	162308	161670	1.3e-18	96.4
NCVOG0006-consensus	NODE_134_length_2586_cov_3.790753	54.19	310	112	30	125	418	2473	1595	5.6e-45	178.7
NCVOG0006-consensus	NODE_429_length_393_cov_3.003165	46.28	121	60	5	153	268	365	6	6.2e-21	96.1
NCVOG0006-consensus	NODE_163_length_1557_cov_3.127285	36.86	236	116	33	114	339	639	4	3.1e-19	92.5
NCVOG0006-consensus	NODE_223_length_906_cov_3.094089	50.00	128	57	7	171	293	906	532	1.4e-18	89.5
NCVOG0006-consensus	NODE_1344_length_237_cov_3.193750	65.38	78	24	3	174	248	3	233	2.7e-16	79.9
NCVOG0006-consensus	NODE_1120_length_253_cov_3.318182	51.81	83	34	6	180	256	4	249	1.3e-14	74.5
NCVOG0006-consensus	NODE_552_length_337_cov_3.403846	43.56	101	52	5	353	449	328	32	6.3e-13	69.3
NCVOG0006-consensus	NODE_692_length_306_cov_3.187773	57.58	99	37	5	142	235	10	303	5.4e-12	66.0
NCVOG0006-consensus	NODE_1056_length_259_cov_3.252747	50.00	68	32	2	237	302	205	5	7.5e-11	62.0
NCVOG0720-consensus	NODE_6_length_802021_cov_15.519641	36.64	131	76	7	41	165	77991	77605	1.9e-13	78.2
