NCVOG1069-consensus	NODE_278_length_31389_cov_9.845235	29.06	382	208	63	95	425	27235	26129	1.1e-17	93.8
NCVOG0669-consensus	NODE_30_length_206178_cov_11.928962	26.00	473	296	54	37	463	128144	126753	2.2e-14	85.2
NCVOG0233-consensus	NODE_258_length_36040_cov_9.399928	36.17	915	486	98	41	863	20655	23378	4.8e-62	242.3
NCVOG0233-consensus	NODE_146_length_72275_cov_12.328430	31.09	698	267	214	274	759	32382	30302	4.1e-52	210.3
NCVOG0233-consensus	NODE_146_length_72275_cov_12.328430	29.24	814	325	251	197	759	27561	25127	7e-39	166.4
NCVOG0233-consensus	NODE_146_length_72275_cov_12.328430	39.05	169	80	23	83	228	33193	32690	2.9e-12	78.0
NCVOG0233-consensus	NODE_289_length_29689_cov_11.038529	31.56	903	398	220	31	715	20489	17798	6.7e-41	171.8
NCVOG0233-consensus	NODE_289_length_29689_cov_11.038529	31.10	164	98	15	719	867	17785	17297	3.2e-13	79.9
NCVOG0233-consensus	NODE_81_length_111970_cov_23.380935	28.07	830	442	155	120	798	50240	52710	1.4e-36	159.4
NCVOG0233-consensus	NODE_32_length_198695_cov_9.249490	25.62	769	468	104	21	727	154555	156724	1.3e-32	145.0
NCVOG0233-consensus	NODE_20_length_252154_cov_9.263888	24.79	815	498	115	21	774	204007	206286	2.3e-32	145.3
NCVOG0233-consensus	NODE_1_length_429590_cov_9.408551	26.04	818	390	215	143	762	64651	67046	9.5e-26	123.8
NCVOG0233-consensus	NODE_95_length_102824_cov_18.686940	27.74	721	363	158	123	687	44566	46711	2.3e-16	92.1
NCVOG0233-consensus	NODE_669_length_2110_cov_19.438760	28.65	698	383	115	136	729	12	2069	8.8e-15	81.3
NCVOG0233-consensus	NODE_259_length_35715_cov_9.550311	25.63	675	396	106	92	680	29000	30941	2.3e-14	84.0
NCVOG0233-consensus	NODE_167_length_65316_cov_11.300633	27.01	670	328	161	137	658	28797	26836	3.1e-12	77.7
NCVOG0233-consensus	NODE_110_length_93551_cov_9.266063	26.30	886	495	158	27	761	29388	32005	4.5e-12	77.7
NCVOG1013-consensus	NODE_39_length_178434_cov_9.197385	36.60	429	207	65	201	594	65724	64531	8.9e-33	146.8
NCVOG1013-consensus	NODE_644_length_2337_cov_9.930531	39.56	407	181	65	201	569	1506	370	9.9e-31	134.0
NCVOG1013-consensus	NODE_379_length_18651_cov_19.816464	36.56	413	207	55	186	569	17567	16410	5e-25	118.1
NCVOG1013-consensus	NODE_379_length_18651_cov_19.816464	36.88	404	194	61	200	569	12570	11443	5.6e-32	141.2
NCVOG1013-consensus	NODE_379_length_18651_cov_19.816464	34.27	429	221	61	173	569	10166	8972	5e-25	118.1
NCVOG1013-consensus	NODE_482_length_7641_cov_18.074828	35.41	449	229	61	201	605	4226	5514	5.6e-25	116.6
NCVOG1013-consensus	NODE_275_length_32047_cov_18.430216	38.72	421	188	70	186	569	8335	7175	5.9e-25	118.7
NCVOG1013-consensus	NODE_292_length_29390_cov_19.852659	33.33	384	209	47	187	543	21818	22906	1.5e-23	113.9
NCVOG1013-consensus	NODE_292_length_29390_cov_19.852659	39.03	310	141	48	252	536	28527	29384	1.5e-23	113.9
NCVOG1013-consensus	NODE_250_length_38475_cov_9.428772	38.32	441	215	57	159	565	12396	13638	5.2e-22	109.1
NCVOG1013-consensus	NODE_605_length_3001_cov_14.006840	36.68	319	166	36	245	543	1884	979	5.5e-22	105.4
NCVOG1013-consensus	NODE_43_length_171829_cov_11.684330	40.06	342	152	53	232	543	90070	89117	6.6e-22	110.7
NCVOG1013-consensus	NODE_166_length_65326_cov_20.181137	36.03	458	203	90	186	578	44724	43429	1.1e-21	108.8
NCVOG1013-consensus	NODE_54_length_161146_cov_18.317181	36.49	370	196	39	198	545	82806	83861	1.4e-20	106.3
NCVOG1013-consensus	NODE_270_length_33118_cov_12.564783	32.33	433	229	64	205	590	25113	23885	2e-18	97.0
NCVOG1013-consensus	NODE_364_length_20132_cov_8.707056	32.48	431	222	69	228	608	14200	12978	6e-17	91.4
NCVOG1013-consensus	NODE_383_length_17968_cov_17.063887	32.71	425	235	51	195	588	17968	16757	1.6e-16	89.8
NCVOG1013-consensus	NODE_344_length_21875_cov_12.921782	34.11	343	188	38	248	566	2451	1468	2.5e-16	89.5
NCVOG1013-consensus	NODE_178_length_59394_cov_9.377935	34.07	405	219	48	193	569	13363	12212	5.3e-16	89.8
NCVOG1013-consensus	NODE_23_length_234825_cov_9.217870	35.38	390	198	54	189	548	222972	224060	1e-15	89.4
NCVOG1013-consensus	NODE_902_length_1046_cov_15.486068	37.12	361	162	65	201	518	5	1018	2.5e-15	81.7
NCVOG1013-consensus	NODE_443_length_10840_cov_19.953080	31.81	415	224	59	188	569	5763	6924	4.2e-15	84.3
NCVOG1013-consensus	NODE_34_length_190324_cov_9.480786	32.65	294	166	32	285	560	7634	6798	4.5e-15	88.1
NCVOG1013-consensus	NODE_62_length_142882_cov_9.531270	34.49	374	192	53	205	543	104629	103565	7.5e-15	87.2
NCVOG1013-consensus	NODE_1209_length_707_cov_22.400000	34.96	226	124	23	221	433	37	681	2.3e-14	78.0
NCVOG1013-consensus	NODE_620_length_2715_cov_17.419257	37.11	353	177	45	214	543	21	1010	2.2e-13	76.6
NCVOG1013-consensus	NODE_188_length_54822_cov_17.689615	34.39	314	162	44	271	563	51729	52590	2.9e-13	80.6
NCVOG1013-consensus	NODE_1572_length_472_cov_7.556962	44.65	159	66	22	233	380	470	30	3.3e-13	73.5
NCVOG1013-consensus	NODE_984_length_959_cov_12.802721	31.46	302	175	32	242	524	942	79	5.5e-13	73.8
NCVOG1013-consensus	NODE_353_length_20977_cov_19.589617	35.26	380	207	39	192	546	10821	11915	1.9e-12	76.5
NCVOG1013-consensus	NODE_353_length_20977_cov_19.589617	32.92	404	226	45	192	569	12557	13698	1.9e-12	76.5
NCVOG1013-consensus	NODE_308_length_26832_cov_12.310372	31.14	334	189	41	245	552	7372	8325	5.6e-12	75.3
NCVOG1013-consensus	NODE_316_length_25575_cov_9.318652	30.30	396	234	42	198	565	20100	21242	6.1e-12	75.1
NCVOG1013-consensus	NODE_276_length_31890_cov_19.870808	35.62	306	174	23	250	543	10134	11015	9.4e-12	74.8
NCVOG1013-consensus	NODE_67_length_129723_cov_9.041374	33.16	386	207	51	186	543	66695	65610	9.5e-12	76.8
NCVOG1013-consensus	NODE_188_length_54822_cov_17.689615	31.72	435	243	54	186	583	2940	1702	2.3e-11	74.3
NCVOG1013-consensus	NODE_609_length_2894_cov_37.891019	30.18	328	184	45	208	508	922	4	2.5e-11	69.9
NCVOG1013-consensus	NODE_46_length_169281_cov_10.724825	30.36	448	247	65	186	589	17695	16422	3.2e-11	75.2
NCVOG1013-consensus	NODE_351_length_21185_cov_18.195471	31.58	266	159	23	295	543	13504	12744	3.6e-11	72.2
NCVOG1013-consensus	NODE_1024_length_914_cov_19.600956	33.02	215	119	25	312	510	175	789	4.1e-11	67.5
NCVOG1013-consensus	NODE_467_length_8811_cov_17.485230	37.62	210	105	26	171	364	2023	1429	4.1e-11	70.8
NCVOG1013-consensus	NODE_660_length_2171_cov_10.517192	30.43	437	240	64	144	543	254	1472	5.5e-11	68.4
NCVOG1013-consensus	NODE_370_length_19470_cov_23.705048	36.65	412	205	56	192	569	16857	15697	5.8e-11	71.5
NCVOG1013-consensus	NODE_370_length_19470_cov_23.705048	40.49	205	95	27	339	528	18050	17479	5.8e-11	71.5
NCVOG1013-consensus	NODE_197_length_51988_cov_9.255957	35.64	362	188	45	217	552	1098	2123	6.8e-11	72.6
NCVOG0013-consensus	NODE_4_length_360695_cov_9.530148	31.53	222	148	4	116	333	239051	238393	5.2e-15	87.6
NCVOG0073-consensus	NODE_107_length_96356_cov_18.439130	37.09	693	343	93	20	640	81849	79841	1.2e-86	325.6
NCVOG0073-consensus	NODE_81_length_111970_cov_23.380935	36.47	691	355	84	28	656	27511	25520	6.9e-76	290.1
NCVOG0073-consensus	NODE_303_length_27448_cov_18.480107	36.73	746	366	106	29	699	12	2143	6.7e-53	211.7
NCVOG0073-consensus	NODE_118_length_87431_cov_9.229778	29.32	498	334	18	35	522	29663	31125	6.3e-43	180.2
NCVOG0073-consensus	NODE_349_length_21365_cov_17.347708	30.83	707	332	157	75	643	2772	722	8.8e-36	154.5
NCVOG0679-consensus	NODE_1_length_429590_cov_9.408551	38.07	176	98	11	12	181	296209	296718	8.6e-13	79.2
NCVOG1068-consensus	NODE_54_length_161146_cov_18.317181	39.52	210	72	55	82	236	126450	127068	1.4e-11	74.9
NCVOG4523-consensus	NODE_31_length_204659_cov_9.391115	32.54	928	416	210	51	823	173527	176120	9.5e-30	136.0
NCVOG1353-consensus	NODE_263_length_34788_cov_9.322549	53.15	856	271	130	73	800	1104	3652	1.8e-72	276.8
NCVOG4445-consensus	NODE_574_length_3817_cov_13.369786	31.56	244	146	21	91	320	1383	2090	2.2e-12	73.0
NCVOG4445-consensus	NODE_902_length_1046_cov_15.486068	34.71	170	97	14	183	349	116	589	6.8e-12	69.5
NCVOG0243-consensus	NODE_42_length_172378_cov_9.247375	33.42	407	224	47	18	388	13117	14301	1.1e-27	129.2
NCVOG0055-consensus	NODE_31_length_204659_cov_9.391115	31.46	267	136	47	190	417	155728	156495	1.1e-11	74.7
NCVOG4105-consensus	NODE_51_length_164411_cov_9.179585	36.73	1100	548	148	14	989	102578	99368	1.7e-20	106.7
NCVOG0235-consensus	NODE_12_length_299842_cov_9.403443	31.70	672	342	117	7	567	228239	226253	5e-24	117.7
NCVOG0235-consensus	NODE_107_length_96356_cov_18.439130	31.01	603	319	97	58	567	43471	45262	1.7e-23	115.2
NCVOG0305-consensus	NODE_53_length_162347_cov_18.290343	34.69	196	122	6	1334	1527	59134	59706	9.3e-20	104.8
NCVOG0305-consensus	NODE_154_length_69845_cov_12.261997	30.10	299	156	53	1309	1557	4930	4048	1.1e-15	90.1
NCVOG0305-consensus	NODE_146_length_72275_cov_12.328430	24.56	1022	520	251	776	1550	41634	38606	2.7e-13	82.3
NCVOG0305-consensus	NODE_233_length_43866_cov_9.714974	28.28	297	155	58	1328	1568	10802	11683	4.8e-12	77.4
NCVOG0305-consensus	NODE_146_length_72275_cov_12.328430	24.93	1027	521	250	776	1559	35422	38462	7.9e-12	77.4
NCVOG0305-consensus	NODE_586_length_3359_cov_9.181292	28.99	276	145	51	802	1032	1250	2056	5.8e-11	70.1
NCVOG0305-consensus	NODE_176_length_60509_cov_9.034402	32.24	152	82	21	1068	1202	37442	37882	6.3e-11	74.1
NCVOG0305-consensus	NODE_779_length_1465_cov_15.352305	39.29	112	64	4	1431	1538	1376	1044	6.4e-11	68.7
NCVOG0305-consensus	NODE_144_length_72717_cov_9.040584	31.43	280	145	47	1328	1562	10927	11751	7.6e-11	74.1
NCVOG0305-consensus	NODE_144_length_72717_cov_9.040584	30.00	280	149	47	1328	1562	13978	14802	1.2e-11	76.8
NCVOG0248-consensus	NODE_77_length_116472_cov_9.371047	28.60	479	271	71	88	506	109389	107995	8.5e-18	96.3
NCVOG4844-consensus	NODE_482_length_7641_cov_18.074828	27.78	306	194	27	16	307	4399	5266	8.3e-14	78.4
NCVOG4844-consensus	NODE_660_length_2171_cov_10.517192	32.35	136	80	12	132	265	693	1067	2e-11	68.7
NCVOG4844-consensus	NODE_41_length_173560_cov_9.216227	34.18	158	91	13	155	309	105074	104636	2.5e-11	74.5
NCVOG4844-consensus	NODE_713_length_1782_cov_10.988270	32.41	108	68	5	129	232	1229	1546	2.6e-11	68.0
NCVOG4844-consensus	NODE_644_length_2337_cov_9.930531	30.16	126	84	4	134	259	1404	1042	5.7e-11	67.3
NCVOG4844-consensus	NODE_644_length_2337_cov_9.930531	27.63	152	97	13	129	272	912	475	1.2e-11	69.5
NCVOG4804-consensus	NODE_2_length_398015_cov_9.249396	54.62	119	49	5	67	180	173348	173701	4.9e-24	116.0
NCVOG4804-consensus	NODE_2_length_398015_cov_9.249396	60.91	110	42	1	72	180	156595	156269	7.2e-24	115.5
NCVOG0282-consensus	NODE_53_length_162347_cov_18.290343	31.51	292	164	36	315	581	59020	59855	7.5e-13	81.0
NCVOG0282-consensus	NODE_235_length_42747_cov_9.187884	26.86	376	234	41	230	570	13468	14564	1.2e-11	75.2
NCVOG0844-consensus	NODE_88_length_105272_cov_9.355150	25.90	251	162	24	4	238	70307	71032	3e-11	73.5
NCVOG2963-consensus	NODE_1_length_429590_cov_9.408551	32.18	202	123	14	111	302	296200	296790	1e-16	92.4
NCVOG2963-consensus	NODE_83_length_111150_cov_9.281698	27.64	246	157	21	78	303	41641	40910	5e-12	76.4
NCVOG2963-consensus	NODE_224_length_45623_cov_9.546964	25.65	230	155	16	92	306	26893	26210	2e-11	73.1
NCVOG2963-consensus	NODE_195_length_52545_cov_9.610410	29.57	257	161	20	69	322	26760	26048	2.8e-11	72.8
NCVOG2963-consensus	NODE_133_length_78910_cov_9.472759	32.93	246	138	27	99	322	34626	35345	5e-11	72.6
NCVOG4883-consensus	NODE_85_length_110005_cov_9.391893	28.78	490	252	97	48	462	3058	1664	2.8e-14	84.4
NCVOG0360-consensus	NODE_2_length_398015_cov_9.249396	41.43	321	160	28	24	318	23166	24117	1.3e-41	175.1
NCVOG0979-consensus	NODE_136_length_76255_cov_9.396834	41.42	367	144	71	33	328	68754	69849	2.7e-43	179.9
NCVOG2734-consensus	NODE_404_length_15484_cov_9.055689	23.88	381	247	43	24	367	13129	12008	1.8e-15	86.1
NCVOG0274-consensus	NODE_34_length_190324_cov_9.480786	37.85	1498	713	218	65	1359	116386	120823	5.4e-59	235.0
NCVOG0274-consensus	NODE_34_length_190324_cov_9.480786	30.51	1442	725	277	84	1265	167124	171363	3.8e-31	140.6
NCVOG0074-consensus	NODE_107_length_96356_cov_18.439130	64.71	612	192	24	25	612	81660	79832	8.2e-161	571.4
NCVOG0074-consensus	NODE_81_length_111970_cov_23.380935	53.71	661	244	62	13	615	27514	25559	1.4e-92	344.9
NCVOG0074-consensus	NODE_303_length_27448_cov_18.480107	51.87	696	232	103	20	613	27	2100	1.4e-81	306.4
NCVOG0074-consensus	NODE_349_length_21365_cov_17.347708	38.70	677	257	158	87	616	2694	710	1.1e-62	243.2
NCVOG0074-consensus	NODE_118_length_87431_cov_9.229778	30.74	540	301	73	29	497	29532	31134	2.4e-52	210.9
NCVOG0074-consensus	NODE_9_length_313995_cov_9.297766	32.72	434	216	76	35	394	10875	9591	3.8e-22	111.4
NCVOG0074-consensus	NODE_140_length_74326_cov_9.311156	32.64	435	211	82	39	394	17077	15795	4.6e-21	106.8
NCVOG1299-consensus	NODE_30_length_206178_cov_11.928962	40.84	191	61	52	3	142	198142	197582	1.1e-11	73.1
NCVOG1196-consensus	NODE_224_length_45623_cov_9.546964	23.37	569	394	42	306	863	27004	25400	3.2e-14	84.2
NCVOG1196-consensus	NODE_28_length_206709_cov_9.993486	21.37	992	686	94	183	1118	183371	180519	4.8e-14	83.9
NCVOG1196-consensus	NODE_220_length_47382_cov_9.324941	23.21	672	461	55	310	961	10389	8498	5e-11	73.6
NCVOG0064-consensus	NODE_220_length_47382_cov_9.324941	23.52	455	301	47	23	450	8462	7161	1.3e-14	84.3
NCVOG4324-consensus	NODE_56_length_157982_cov_9.291542	30.00	570	313	86	91	587	102103	103762	3.3e-11	75.1
NCVOG0244-consensus	NODE_404_length_15484_cov_9.055689	26.73	404	255	41	16	399	12523	11378	2.8e-18	95.1
NCVOG0214-consensus	NODE_112_length_91943_cov_9.832461	30.29	274	175	16	268	525	5886	5068	3.7e-19	101.1
NCVOG0214-consensus	NODE_122_length_83754_cov_9.572666	36.29	237	138	13	262	487	64380	63679	3.2e-18	97.8
NCVOG0214-consensus	NODE_2155_length_311_cov_16.051282	57.01	107	40	6	379	483	311	6	4.7e-16	82.5
NCVOG0214-consensus	NODE_89_length_105253_cov_9.443856	39.92	243	125	21	285	516	98705	98018	6.5e-16	90.5
NCVOG0214-consensus	NODE_130_length_79477_cov_18.418967	26.38	307	216	10	243	546	59280	58388	2.6e-14	84.8
NCVOG0214-consensus	NODE_714_length_1776_cov_15.432607	35.60	250	145	16	284	527	731	25	1.3e-13	76.9
NCVOG0214-consensus	NODE_199_length_51589_cov_9.110343	24.67	523	354	40	6	521	30259	31707	3.9e-12	76.9
NCVOG0214-consensus	NODE_59_length_151641_cov_12.876950	27.50	320	212	20	228	534	118303	117368	6.4e-12	77.7
NCVOG0214-consensus	NODE_74_length_121507_cov_9.394845	27.87	506	303	62	75	542	33286	31852	2.8e-11	75.3
NCVOG0276-consensus	NODE_7_length_329312_cov_9.481985	54.52	398	90	91	51	357	260784	259596	1.6e-31	141.7
NCVOG0689-consensus	NODE_68_length_128822_cov_9.396761	21.01	476	320	56	19	452	1624	252	5.7e-12	77.0
NCVOG0689-consensus	NODE_1_length_429590_cov_9.408551	22.12	425	311	20	40	447	98960	97704	6.6e-12	77.0
NCVOG4882-consensus	NODE_42_length_172378_cov_9.247375	33.05	351	210	25	400	730	74137	75171	9.8e-24	117.3
NCVOG2204-consensus	NODE_20_length_252154_cov_9.263888	32.95	264	115	62	203	405	172617	171834	1.7e-14	84.9
NCVOG4665-consensus	NODE_360_length_20509_cov_13.245106	37.58	149	75	18	378	510	11899	11462	4.4e-12	74.8
NCVOG4966-consensus	NODE_224_length_45623_cov_9.546964	25.82	364	236	34	132	485	26859	25847	2.3e-19	100.1
NCVOG4966-consensus	NODE_133_length_78910_cov_9.472759	31.27	307	196	15	180	483	34548	35429	4.3e-17	93.3
NCVOG4966-consensus	NODE_1_length_429590_cov_9.408551	28.24	347	205	44	157	483	296150	297109	6.2e-15	87.1
NCVOG4966-consensus	NODE_42_length_172378_cov_9.247375	24.12	481	328	37	27	485	3622	2228	6.8e-13	80.3
NCVOG4966-consensus	NODE_83_length_111150_cov_9.281698	25.84	298	189	32	195	485	102391	103206	2.7e-12	77.8
NCVOG4966-consensus	NODE_195_length_52545_cov_9.610410	25.98	281	199	9	178	454	26841	26021	9.9e-11	71.6
NCVOG0310-consensus	NODE_36_length_182923_cov_9.384477	27.25	367	231	36	12	348	79694	78615	4.5e-25	120.3
NCVOG0310-consensus	NODE_19_length_255827_cov_9.662780	28.91	377	221	47	12	348	88913	87807	1.3e-11	75.5
NCVOG0030-consensus	NODE_54_length_161146_cov_18.317181	35.39	503	248	77	26	472	68104	66666	2.6e-26	125.5
NCVOG0020-consensus	NODE_99_length_100755_cov_9.380252	49.00	249	91	36	117	330	6932	6194	2.6e-27	127.1
NCVOG4494-consensus	NODE_51_length_164411_cov_9.179585	30.45	243	149	20	26	259	139366	140046	5.5e-11	74.0
NCVOG0077-consensus	NODE_68_length_128822_cov_9.396761	37.70	122	68	8	586	706	88797	88456	8.3e-11	73.7
NCVOG0267-consensus	NODE_5_length_346953_cov_9.436719	26.67	555	331	76	291	796	122418	120846	4.5e-12	78.8
NCVOG4357-consensus	NODE_421_length_13497_cov_10.272876	31.53	555	259	121	6	449	43	1674	5.3e-30	133.7
NCVOG4357-consensus	NODE_38_length_180106_cov_18.312800	33.53	519	253	92	25	465	173906	175417	9.9e-30	134.0
NCVOG4357-consensus	NODE_38_length_180106_cov_18.312800	45.22	157	80	6	25	181	179652	180101	3.1e-25	119.0
NCVOG4357-consensus	NODE_1945_length_349_cov_28.209559	43.56	101	56	1	382	481	1	300	3.7e-14	75.8
NCVOG4357-consensus	NODE_1006_length_935_cov_36.980186	30.79	315	141	77	157	398	1	930	1.1e-13	75.7
NCVOG4357-consensus	NODE_194_length_53094_cov_9.735858	36.70	218	110	28	305	498	19	649	6.1e-12	75.7
NCVOG4357-consensus	NODE_613_length_2865_cov_15.958393	43.68	87	49	0	25	111	2603	2860	7.8e-11	67.8
NCVOG0517-consensus	NODE_1_length_429590_cov_9.408551	37.50	216	105	30	129	319	296161	296790	4.7e-12	77.0
NCVOG0046-consensus	NODE_221_length_47363_cov_18.283340	49.47	95	45	3	3	96	33825	34100	5e-14	81.8
NCVOG0037-consensus	NODE_50_length_165830_cov_18.281582	45.13	1099	436	167	63	995	132828	129552	9.5e-37	160.7
NCVOG1115-consensus	NODE_155_length_69793_cov_9.243531	35.21	267	111	62	210	415	45759	46553	9.3e-24	115.0
NCVOG4814-consensus	NODE_1_length_429590_cov_9.408551	21.48	284	188	35	158	422	296161	296959	3.3e-12	78.0
NCVOG0486-consensus	NODE_28_length_206709_cov_9.993486	29.10	354	196	55	63	371	192452	191428	4.1e-25	119.1
NCVOG0836-consensus	NODE_206_length_50002_cov_9.006530	25.79	698	353	165	18	562	14597	16633	2.9e-11	73.7
NCVOG0284-consensus	NODE_292_length_29390_cov_19.852659	45.24	126	61	8	157	274	8834	8460	6.6e-17	90.7
NCVOG0284-consensus	NODE_292_length_29390_cov_19.852659	38.97	136	76	7	146	274	6019	5615	1.7e-16	89.3
NCVOG0806-consensus	NODE_15_length_284867_cov_11.877641	37.41	441	154	122	123	441	154860	153541	1.1e-35	155.7
NCVOG0806-consensus	NODE_10_length_311094_cov_9.361392	35.03	394	195	61	108	447	51313	50160	1.1e-20	106.1
NCVOG0329-consensus	NODE_29_length_206662_cov_9.531249	28.25	361	235	24	348	696	173064	174105	6.1e-11	73.9
NCVOG0329-consensus	NODE_46_length_169281_cov_10.724825	35.71	112	65	7	1152	1263	27756	27445	6.2e-11	75.2
NCVOG1195-consensus	NODE_289_length_29689_cov_11.038529	26.75	243	162	16	58	290	10427	9726	4.4e-11	71.2
NCVOG4154-consensus	NODE_224_length_45623_cov_9.546964	44.91	167	79	13	108	262	26797	26303	2.6e-18	95.9
NCVOG4154-consensus	NODE_42_length_172378_cov_9.247375	42.31	156	74	16	94	235	2665	2207	6.9e-14	82.9
NCVOG4154-consensus	NODE_195_length_52545_cov_9.610410	36.25	240	128	25	57	275	26673	25971	9.2e-14	81.0
NCVOG4154-consensus	NODE_1_length_429590_cov_9.408551	36.75	166	96	9	126	288	101921	102393	1.4e-12	78.6
NCVOG1154-consensus	NODE_223_length_46880_cov_23.866568	27.31	238	160	13	120	350	23071	23763	2.8e-11	72.8
NCVOG1326-consensus	NODE_239_length_41977_cov_9.082076	36.42	151	81	15	6	147	33427	33000	3.1e-14	81.2
NCVOG0036-consensus	NODE_152_length_70826_cov_9.195338	35.32	252	134	29	104	331	9855	10586	4.2e-16	89.4
NCVOG0222-consensus	NODE_252_length_38386_cov_9.350753	25.69	436	311	13	86	518	37973	36699	5.9e-21	105.2
NCVOG0222-consensus	NODE_144_length_72717_cov_9.040584	25.54	415	288	21	105	518	29787	28608	2.6e-14	84.1
NCVOG0014-consensus	NODE_8_length_317398_cov_9.276483	27.11	225	155	9	124	339	116654	115983	5.5e-14	84.1
NCVOG0014-consensus	NODE_4_length_360695_cov_9.530148	29.41	221	153	3	131	348	239333	238674	2e-12	78.9
NCVOG0002-consensus	NODE_41_length_173560_cov_9.216227	31.24	541	300	72	332	834	30525	32034	1.3e-17	96.7
NCVOG1194-consensus	NODE_289_length_29689_cov_11.038529	30.38	237	148	17	131	352	10421	9720	1.6e-16	89.6
NCVOG1194-consensus	NODE_439_length_11382_cov_18.284564	48.53	68	34	1	52	118	9570	9770	1.7e-14	81.4
NCVOG1194-consensus	NODE_291_length_29522_cov_9.213177	55.77	52	23	0	63	114	9332	9180	2.5e-14	82.3
NCVOG1194-consensus	NODE_105_length_97405_cov_13.464239	57.14	49	21	0	63	111	56166	56023	2.6e-14	83.9
NCVOG1194-consensus	NODE_3115_length_219_cov_5.288732	55.10	49	20	2	65	111	218	79	3.6e-13	71.3
NCVOG1194-consensus	NODE_2981_length_226_cov_6.275168	50.88	57	26	2	62	116	222	63	1.9e-11	65.6
NCVOG1194-consensus	NODE_17_length_266547_cov_9.484554	50.00	54	26	1	62	114	143015	142857	4.2e-11	73.9
NCVOG1194-consensus	NODE_467_length_8811_cov_17.485230	52.73	55	23	3	61	114	6190	6345	7.7e-11	68.9
NCVOG4845-consensus	NODE_226_length_44807_cov_9.312072	28.72	477	277	63	159	629	1412	2660	1e-15	88.3
NCVOG2775-consensus	NODE_28_length_206709_cov_9.993486	34.16	363	222	17	53	413	70408	69368	1.1e-37	163.0
NCVOG2775-consensus	NODE_28_length_206709_cov_9.993486	36.01	336	196	19	53	388	73965	73018	3.9e-37	161.1
NCVOG2775-consensus	NODE_28_length_206709_cov_9.993486	33.91	230	151	1	183	412	71238	70555	2.5e-27	128.5
NCVOG2775-consensus	NODE_28_length_206709_cov_9.993486	35.29	323	170	39	111	395	72957	71995	6e-26	123.9
NCVOG2775-consensus	NODE_28_length_206709_cov_9.993486	33.69	377	216	34	65	413	94682	93579	8.4e-21	106.8
NCVOG2775-consensus	NODE_28_length_206709_cov_9.993486	33.33	360	233	7	96	453	87313	88374	1.6e-30	139.1
NCVOG2775-consensus	NODE_404_length_15484_cov_9.055689	32.22	360	223	21	69	410	12521	11456	8.4e-29	130.1
NCVOG2775-consensus	NODE_404_length_15484_cov_9.055689	34.36	326	200	14	92	406	9920	8955	2e-30	135.5
NCVOG2775-consensus	NODE_404_length_15484_cov_9.055689	27.09	358	238	23	55	391	8774	7714	3.3e-29	131.5
NCVOG2775-consensus	NODE_404_length_15484_cov_9.055689	28.86	343	216	28	67	383	11452	10433	1.4e-18	96.2
NCVOG2775-consensus	NODE_404_length_15484_cov_9.055689	30.27	294	194	11	98	388	13426	12572	2.9e-14	81.8
NCVOG2775-consensus	NODE_360_length_20509_cov_13.245106	32.11	355	211	30	77	402	9722	8664	3.3e-27	125.2
NCVOG2775-consensus	NODE_360_length_20509_cov_13.245106	28.92	370	232	31	77	419	3990	2898	3.3e-27	125.2
NCVOG2775-consensus	NODE_360_length_20509_cov_13.245106	30.77	338	188	46	116	407	2486	1476	1e-14	83.7
NCVOG2775-consensus	NODE_38_length_180106_cov_18.312800	30.75	387	233	35	66	420	37505	36357	8.8e-26	123.4
NCVOG2775-consensus	NODE_137_length_75551_cov_18.226674	32.36	275	168	18	145	403	5299	4484	2.8e-24	117.4
NCVOG2775-consensus	NODE_106_length_97217_cov_9.485557	34.85	241	133	24	179	396	52793	53509	4.3e-24	117.1
NCVOG2775-consensus	NODE_323_length_24896_cov_10.562593	32.34	337	219	9	96	425	18883	19884	6.1e-24	114.7
NCVOG2775-consensus	NODE_323_length_24896_cov_10.562593	31.22	221	145	7	140	353	13375	14032	6.7e-14	81.3
NCVOG2775-consensus	NODE_64_length_135627_cov_18.257676	35.56	284	171	12	99	371	127354	126509	1.7e-21	109.0
NCVOG2775-consensus	NODE_65_length_133804_cov_9.517749	30.66	349	236	6	62	406	116987	118024	1.2e-18	99.5
NCVOG2775-consensus	NODE_183_length_56461_cov_9.408378	30.36	359	218	32	37	381	31433	32452	3.9e-17	93.2
NCVOG2775-consensus	NODE_343_length_22249_cov_20.560256	32.28	285	165	28	151	407	14221	15072	8e-16	87.5
NCVOG2775-consensus	NODE_229_length_44474_cov_9.809176	35.42	192	106	18	216	393	27059	26499	4.7e-14	82.7
NCVOG2775-consensus	NODE_250_length_38475_cov_9.428772	30.57	229	149	10	169	387	18443	19126	4.9e-14	82.4
NCVOG2775-consensus	NODE_145_length_72629_cov_13.102232	38.22	225	118	21	181	388	51532	50873	3.3e-12	77.2
NCVOG2775-consensus	NODE_111_length_92532_cov_9.831832	30.61	330	189	40	114	412	81521	80562	2.7e-11	74.5
NCVOG2775-consensus	NODE_111_length_92532_cov_9.831832	26.87	454	287	45	7	431	78171	76861	5.5e-14	83.5
NCVOG2775-consensus	NODE_126_length_81343_cov_18.603549	25.00	224	162	6	164	382	80537	81198	7.4e-11	72.9
NCVOG4944-consensus	NODE_60_length_148119_cov_9.218870	41.82	55	30	2	55	109	147844	147999	9e-12	74.4
NCVOG0893-consensus	NODE_75_length_119073_cov_9.540363	29.19	483	255	87	42	448	62560	63964	2.6e-17	95.4
NCVOG0275-consensus	NODE_349_length_21365_cov_17.347708	49.43	87	44	0	7	93	9268	9011	2.3e-12	74.4
NCVOG0729-consensus	NODE_95_length_102824_cov_18.686940	33.66	615	272	136	2	497	84311	86089	1e-14	85.9
NCVOG5103-consensus	NODE_439_length_11382_cov_18.284564	55.07	69	30	1	446	514	9591	9791	3.3e-14	82.0
NCVOG5103-consensus	NODE_224_length_45623_cov_9.546964	41.21	182	105	2	311	491	26500	25961	3.6e-14	83.9
NCVOG5103-consensus	NODE_323_length_24896_cov_10.562593	37.21	215	117	18	307	503	22232	22869	3.3e-13	79.9
NCVOG5103-consensus	NODE_186_length_55707_cov_8.849578	26.39	269	173	25	255	502	38509	39298	3.1e-11	74.4
NCVOG5103-consensus	NODE_54_length_161146_cov_18.317181	25.19	266	181	18	307	565	160985	160236	3.6e-11	72.0
NCVOG5103-consensus	NODE_2388_length_279_cov_5.831683	41.10	73	39	4	436	504	269	54	5.4e-11	66.0
NCVOG4874-consensus	NODE_211_length_49202_cov_9.115257	39.32	384	160	73	16	331	44732	45859	1.5e-11	73.8
NCVOG4423-consensus	NODE_454_length_9843_cov_12.064305	28.12	224	145	16	10	221	4191	4845	1.1e-11	71.3
NCVOG5245-consensus	NODE_13641_length_78_cov_11.000000	92.00	25	2	0	127	151	1	72	5.3e-13	68.2
NCVOG5245-consensus	NODE_144_length_72717_cov_9.040584	72.09	43	12	0	123	165	43803	43678	3.4e-11	72.1
NCVOG4001-consensus	NODE_404_length_15484_cov_9.055689	27.49	451	263	64	21	435	10031	8766	2.1e-16	88.9
NCVOG4001-consensus	NODE_404_length_15484_cov_9.055689	32.48	311	180	30	83	386	12811	11951	8.3e-21	103.5
NCVOG4001-consensus	NODE_404_length_15484_cov_9.055689	26.69	281	179	27	64	341	8501	7738	5.2e-15	84.3
NCVOG4001-consensus	NODE_323_length_24896_cov_10.562593	29.32	307	187	30	44	344	19018	19863	6e-12	74.8
NCVOG4001-consensus	NODE_28_length_206709_cov_9.993486	30.77	390	234	36	45	428	73653	72577	2.4e-11	75.4
NCVOG4001-consensus	NODE_28_length_206709_cov_9.993486	33.73	335	168	54	53	359	94436	93513	7.5e-19	100.3
NCVOG4001-consensus	NODE_28_length_206709_cov_9.993486	30.79	302	183	26	45	344	70180	69350	3.1e-12	78.3
NCVOG4001-consensus	NODE_28_length_206709_cov_9.993486	32.35	204	122	16	60	263	72516	71956	1.7e-11	75.9
NCVOG0605-consensus	NODE_252_length_38386_cov_9.350753	28.30	371	219	47	153	488	37382	36319	1.9e-18	96.8
NCVOG0605-consensus	NODE_98_length_101212_cov_12.781668	23.68	456	319	29	54	490	3088	4420	3.5e-15	87.3
NCVOG1136-consensus	NODE_253_length_38350_cov_9.357589	38.85	417	130	125	186	479	27977	29216	5.1e-16	88.7
NCVOG0191-consensus	NODE_61_length_148008_cov_9.569761	41.18	136	67	13	96	229	120305	120672	3.1e-11	73.7
NCVOG2980-consensus	NODE_163_length_66746_cov_18.470324	33.93	501	275	56	22	474	28536	27069	2.2e-47	193.7
NCVOG2980-consensus	NODE_210_length_49511_cov_9.024659	26.02	392	223	67	116	472	43706	42640	8.6e-14	81.6
NCVOG5262-consensus	NODE_13641_length_78_cov_11.000000	87.50	24	3	0	152	175	77	9	1.1e-11	64.2
NCVOG0450-consensus	NODE_270_length_33118_cov_12.564783	33.45	281	168	19	120	391	24963	24154	2.1e-22	109.6
NCVOG0450-consensus	NODE_353_length_20977_cov_19.589617	32.11	299	184	19	114	402	11007	11871	7.2e-22	107.1
NCVOG0450-consensus	NODE_353_length_20977_cov_19.589617	30.00	220	137	17	148	360	12988	13614	1.4e-15	86.2
NCVOG0450-consensus	NODE_129_length_80255_cov_19.135149	31.89	254	160	13	119	367	274	1008	1.5e-21	108.0
NCVOG0450-consensus	NODE_275_length_32047_cov_18.430216	31.46	267	168	15	100	360	7777	7007	5.7e-20	101.4
NCVOG0450-consensus	NODE_286_length_29999_cov_22.587394	33.07	254	155	15	116	363	20483	21214	3.5e-15	85.4
NCVOG0450-consensus	NODE_286_length_29999_cov_22.587394	28.77	292	181	27	115	395	21404	22228	1.5e-13	80.0
NCVOG0450-consensus	NODE_215_length_48232_cov_17.852746	29.19	298	180	31	108	395	7908	8735	3.8e-15	86.0
NCVOG0450-consensus	NODE_379_length_18651_cov_19.816464	29.76	252	162	15	115	360	17303	16578	9.8e-15	83.3
NCVOG0450-consensus	NODE_379_length_18651_cov_19.816464	30.39	306	195	18	97	392	14384	13494	9.3e-18	93.3
NCVOG0450-consensus	NODE_379_length_18651_cov_19.816464	29.88	251	161	15	116	360	12417	11695	9.8e-15	83.3
NCVOG0450-consensus	NODE_250_length_38475_cov_9.428772	31.62	253	154	19	118	360	12418	13146	3.4e-13	79.2
NCVOG0450-consensus	NODE_351_length_21185_cov_18.195471	29.80	245	157	15	126	364	314	1018	4.8e-13	77.8
NCVOG0450-consensus	NODE_250_length_38475_cov_9.428772	28.57	273	180	15	122	388	15752	14964	8.6e-13	77.8
NCVOG0450-consensus	NODE_902_length_1046_cov_15.486068	32.04	284	178	15	100	377	152	973	1e-12	72.4
NCVOG0450-consensus	NODE_370_length_19470_cov_23.705048	29.49	312	194	26	100	402	16641	15760	1.6e-12	75.9
NCVOG0450-consensus	NODE_370_length_19470_cov_23.705048	30.42	263	143	40	122	379	18050	17370	6.4e-13	77.3
NCVOG0450-consensus	NODE_276_length_31890_cov_19.870808	28.53	319	205	23	102	413	10176	11077	2.7e-12	75.9
NCVOG0450-consensus	NODE_818_length_1280_cov_15.823774	31.05	248	149	22	173	407	25	738	8.1e-12	69.7
NCVOG0450-consensus	NODE_166_length_65326_cov_20.181137	30.11	279	180	15	119	391	44865	44059	2.4e-11	73.8
NCVOG0450-consensus	NODE_609_length_2894_cov_37.891019	27.92	283	182	22	118	389	868	62	3.3e-11	68.9
NCVOG0450-consensus	NODE_41_length_173560_cov_9.216227	29.22	243	162	10	122	358	105242	104529	3.8e-11	74.4
NCVOG0450-consensus	NODE_29_length_206662_cov_9.531249	30.21	235	153	11	104	331	178779	179464	4.5e-11	72.7
NCVOG0450-consensus	NODE_344_length_21875_cov_12.921782	27.47	324	209	26	120	436	2340	1429	5.4e-11	71.1
NCVOG0450-consensus	NODE_984_length_959_cov_12.802721	30.61	245	155	15	122	360	822	118	5.8e-11	66.5
NCVOG0835-consensus	NODE_25_length_224170_cov_9.304071	42.25	142	67	15	131	261	164818	164408	1.9e-17	93.5
NCVOG4522-consensus	NODE_102_length_99135_cov_18.147218	31.75	252	97	75	226	402	32288	33032	2.4e-18	97.7
NCVOG4422-consensus	NODE_107_length_96356_cov_18.439130	24.77	327	227	19	5	319	48589	49535	7.9e-17	92.3
NCVOG4422-consensus	NODE_67_length_129723_cov_9.041374	28.67	279	175	24	49	319	66650	65865	6.3e-14	83.1
NCVOG4422-consensus	NODE_215_length_48232_cov_17.852746	29.14	302	187	27	40	331	10149	10992	1.3e-13	80.6
NCVOG4422-consensus	NODE_902_length_1046_cov_15.486068	24.46	278	186	24	51	322	74	850	1.5e-13	74.9
NCVOG4422-consensus	NODE_38_length_180106_cov_18.312800	23.78	286	197	21	71	349	176922	177734	1.1e-12	76.8
NCVOG4422-consensus	NODE_292_length_29390_cov_19.852659	27.52	298	181	35	48	333	21947	22766	2.3e-12	75.7
NCVOG4422-consensus	NODE_39_length_178434_cov_9.197385	25.99	277	185	20	49	319	65205	64420	3.8e-12	77.4
NCVOG4422-consensus	NODE_4_length_360695_cov_9.530148	24.48	286	183	33	49	322	355571	354780	2.2e-11	73.6
NCVOG4422-consensus	NODE_97_length_101369_cov_18.456423	25.00	316	212	25	58	363	61958	62853	3.6e-11	73.6
NCVOG4422-consensus	NODE_250_length_38475_cov_9.428772	21.50	307	219	22	50	350	15740	14871	7.5e-11	71.1
NCVOG0522-consensus	NODE_218_length_47530_cov_9.665985	38.18	165	87	15	79	241	33364	32912	2.6e-12	76.1
NCVOG5117-consensus	NODE_186_length_55707_cov_8.849578	36.03	272	142	32	742	998	39225	38464	9.2e-23	113.4
NCVOG5117-consensus	NODE_144_length_72717_cov_9.040584	36.96	230	121	24	741	965	28864	29493	3.1e-22	112.1
NCVOG5117-consensus	NODE_323_length_24896_cov_10.562593	23.15	596	420	38	415	995	23099	21388	2e-20	104.5
NCVOG5117-consensus	NODE_352_length_21169_cov_9.310307	24.49	682	442	73	741	1373	2715	4681	1.4e-19	101.5
NCVOG5117-consensus	NODE_69_length_127600_cov_9.449465	29.01	324	211	19	677	987	125945	124995	1.5e-19	104.0
NCVOG5117-consensus	NODE_226_length_44807_cov_9.312072	33.09	278	150	36	687	955	12771	13514	4.2e-19	101.0
NCVOG5117-consensus	NODE_425_length_12562_cov_17.602323	34.88	215	121	19	742	943	8970	8347	1.6e-17	93.9
NCVOG5117-consensus	NODE_85_length_110005_cov_9.391893	24.32	514	336	53	558	1040	99111	97639	3e-17	96.1
NCVOG5117-consensus	NODE_95_length_102824_cov_18.686940	26.84	570	358	59	465	1023	39720	38166	6.9e-16	91.5
NCVOG5117-consensus	NODE_14_length_290592_cov_9.461653	28.36	335	219	21	683	1004	119660	118693	1.1e-13	84.7
NCVOG5117-consensus	NODE_224_length_45623_cov_9.546964	29.44	231	147	16	741	963	26807	26142	8.3e-13	80.1
NCVOG5117-consensus	NODE_224_length_45623_cov_9.546964	26.12	689	420	89	416	1057	41029	39100	5.4e-12	77.4
NCVOG5117-consensus	NODE_157_length_69685_cov_9.215521	29.34	392	247	30	589	965	46709	47818	6.9e-12	77.6
NCVOG5117-consensus	NODE_146_length_72275_cov_12.328430	34.08	179	96	22	808	971	10242	10752	7.1e-12	77.6
NCVOG5117-consensus	NODE_246_length_40045_cov_20.460794	29.21	315	177	46	686	964	37469	38380	8.4e-12	76.6
NCVOG5117-consensus	NODE_407_length_15425_cov_17.661324	35.11	188	108	14	776	954	9486	8941	1.2e-11	74.7
NCVOG5117-consensus	NODE_73_length_123752_cov_9.431017	37.89	161	81	19	801	961	120635	121057	3.8e-11	76.0
NCVOG5117-consensus	NODE_407_length_15425_cov_17.661324	36.33	245	120	36	810	1046	5995	6642	4.5e-11	72.8
NCVOG5117-consensus	NODE_78_length_115072_cov_9.310080	28.09	267	166	26	814	1061	25575	24807	5.1e-11	75.5
NCVOG0052-consensus	NODE_71_length_125038_cov_9.318980	34.59	133	83	4	1	132	4721	5103	1.6e-11	74.4
NCVOG4122-consensus	NODE_383_length_17968_cov_17.063887	31.63	392	237	31	79	460	17842	16733	2.5e-25	118.5
NCVOG4122-consensus	NODE_215_length_48232_cov_17.852746	31.87	342	195	38	48	378	10155	11094	1.3e-23	114.2
NCVOG4122-consensus	NODE_297_length_28971_cov_12.092441	29.17	384	245	27	91	462	11221	12324	3.6e-23	112.0
NCVOG4122-consensus	NODE_86_length_107601_cov_9.518210	27.29	469	296	45	15	460	75777	77114	4.3e-23	113.7
NCVOG4122-consensus	NODE_150_length_71387_cov_9.283354	31.19	388	234	33	53	432	59737	60822	3.1e-21	106.9
NCVOG4122-consensus	NODE_28_length_206709_cov_9.993486	30.79	354	216	29	126	450	74136	73078	2.9e-20	104.7
NCVOG4122-consensus	NODE_28_length_206709_cov_9.993486	27.25	422	256	51	91	467	95096	93852	3.1e-13	81.4
NCVOG4122-consensus	NODE_286_length_29999_cov_22.587394	30.48	397	240	36	49	431	13240	14361	4.7e-20	101.7
NCVOG4122-consensus	NODE_38_length_180106_cov_18.312800	28.57	434	267	43	40	464	176547	177743	7e-20	101.2
NCVOG4122-consensus	NODE_97_length_101369_cov_18.456423	28.35	381	247	26	90	460	61299	62390	1.6e-19	101.7
NCVOG4122-consensus	NODE_250_length_38475_cov_9.428772	30.40	375	221	40	96	460	12538	13569	5.5e-18	95.2
NCVOG4122-consensus	NODE_29_length_206662_cov_9.531249	30.48	292	188	15	148	433	178295	179140	3e-17	93.3
NCVOG4122-consensus	NODE_134_length_78884_cov_9.368812	31.78	365	222	27	43	400	10883	9852	3.5e-17	93.6
NCVOG4122-consensus	NODE_217_length_47604_cov_9.422981	30.83	386	234	33	20	400	13658	14728	9.4e-17	91.4
NCVOG4122-consensus	NODE_178_length_59394_cov_9.377935	29.62	368	230	29	95	457	13330	12302	1.4e-16	91.1
NCVOG4122-consensus	NODE_197_length_51988_cov_9.255957	30.40	398	240	37	72	460	1059	2161	8.1e-16	88.4
NCVOG4122-consensus	NODE_316_length_25575_cov_9.318652	31.08	370	226	29	56	414	20008	21056	1.5e-15	86.5
NCVOG4122-consensus	NODE_107_length_96356_cov_18.439130	29.44	377	234	32	98	462	48729	49796	3.2e-15	87.3
NCVOG4122-consensus	NODE_81_length_111970_cov_23.380935	28.95	487	279	67	23	460	45862	44465	3.7e-15	87.3
NCVOG4122-consensus	NODE_54_length_161146_cov_18.317181	28.73	463	290	40	3	460	82325	83597	2.2e-14	85.2
NCVOG4122-consensus	NODE_291_length_29522_cov_9.213177	35.58	163	99	6	89	245	27958	27477	2.4e-14	82.7
NCVOG4122-consensus	NODE_39_length_178434_cov_9.197385	31.12	392	238	32	85	469	65745	64648	4.7e-14	84.1
NCVOG4122-consensus	NODE_644_length_2337_cov_9.930531	28.53	354	209	44	55	397	1680	721	8.3e-14	77.3
NCVOG4122-consensus	NODE_2_length_398015_cov_9.249396	31.36	287	178	19	117	400	339910	339103	9.6e-14	82.5
NCVOG4122-consensus	NODE_862_length_1129_cov_13.561787	27.24	301	194	25	122	416	999	157	1e-13	75.9
NCVOG4122-consensus	NODE_984_length_959_cov_12.802721	27.86	323	206	27	152	468	906	4	1e-13	75.7
NCVOG4122-consensus	NODE_112_length_91943_cov_9.832461	29.82	389	229	44	99	460	16830	15726	1.9e-13	81.4
NCVOG4122-consensus	NODE_69_length_127600_cov_9.449465	25.27	467	297	52	28	466	4452	3131	2.6e-13	81.4
NCVOG4122-consensus	NODE_818_length_1280_cov_15.823774	33.48	224	135	14	178	400	34	663	3e-13	74.6
NCVOG4122-consensus	NODE_582_length_3402_cov_13.391579	30.90	356	208	38	152	470	749	1810	3.1e-13	75.9
NCVOG4122-consensus	NODE_378_length_18664_cov_18.772422	30.43	253	160	16	184	432	2650	3369	3.1e-13	78.4
NCVOG4122-consensus	NODE_1289_length_639_cov_15.681495	34.68	222	126	19	118	335	621	4	6.4e-13	72.4
NCVOG4122-consensus	NODE_4_length_360695_cov_9.530148	28.10	420	263	39	23	436	355778	354621	6.9e-13	78.9
NCVOG4122-consensus	NODE_276_length_31890_cov_19.870808	30.29	416	251	39	61	458	9841	11018	2.9e-12	75.9
NCVOG4122-consensus	NODE_46_length_169281_cov_10.724825	29.77	383	214	55	91	444	17830	16767	3.5e-12	77.9
NCVOG4122-consensus	NODE_351_length_21185_cov_18.195471	28.37	349	224	26	118	462	38	1015	4.1e-12	74.8
NCVOG4122-consensus	NODE_308_length_26832_cov_12.310372	29.49	356	217	34	122	466	7402	8391	4.2e-12	75.1
NCVOG4122-consensus	NODE_19_length_255827_cov_9.662780	26.98	430	264	50	53	463	187785	188978	4.4e-12	77.0
NCVOG4122-consensus	NODE_65_length_133804_cov_9.517749	34.69	196	112	16	286	465	116978	117562	4.6e-12	77.3
NCVOG4122-consensus	NODE_443_length_10840_cov_19.953080	29.75	353	211	37	119	458	5512	6495	6.5e-12	73.2
NCVOG4122-consensus	NODE_188_length_54822_cov_17.689615	28.57	294	185	25	85	356	16999	17864	7.1e-12	75.4
NCVOG4122-consensus	NODE_1410_length_560_cov_14.542443	33.12	160	99	8	181	339	100	555	7.7e-12	68.7
NCVOG4122-consensus	NODE_188_length_54822_cov_17.689615	32.58	221	135	14	152	370	3408	2785	8.6e-12	75.1
NCVOG4122-consensus	NODE_91_length_105047_cov_9.180918	29.95	217	141	11	155	370	102009	102626	1.6e-11	75.1
NCVOG4122-consensus	NODE_50_length_165830_cov_18.281582	27.25	378	245	30	88	460	49278	48223	1.9e-11	75.4
NCVOG4122-consensus	NODE_50_length_165830_cov_18.281582	27.75	364	236	27	96	454	38187	37171	1.9e-11	75.4
NCVOG4122-consensus	NODE_129_length_80255_cov_19.135149	29.43	401	249	34	48	437	133	1263	2.7e-11	74.1
NCVOG4122-consensus	NODE_129_length_80255_cov_19.135149	30.67	326	199	27	146	466	2670	3578	1.7e-17	94.7
NCVOG4122-consensus	NODE_129_length_80255_cov_19.135149	32.20	264	151	28	116	370	4730	5461	1.8e-15	87.9
NCVOG4122-consensus	NODE_605_length_3001_cov_14.006840	30.13	385	233	36	96	468	1842	763	6.4e-11	68.0
NCVOG4122-consensus	NODE_1621_length_449_cov_19.403226	35.40	161	85	19	212	366	6	446	7e-11	65.2
NCVOG0032-consensus	NODE_64_length_135627_cov_18.257676	29.17	672	343	133	289	836	32369	34332	9.6e-16	90.5
NCVOG0032-consensus	NODE_153_length_70718_cov_9.503072	27.79	619	315	132	253	814	48535	46917	3.8e-14	84.2
NCVOG0032-consensus	NODE_182_length_56996_cov_17.686028	30.65	248	154	18	626	860	37250	37975	1.4e-13	82.1
NCVOG0032-consensus	NODE_139_length_74365_cov_9.228058	29.40	670	342	131	243	820	39146	37283	2.6e-13	81.5
NCVOG0302-consensus	NODE_15_length_284867_cov_11.877641	33.14	169	111	2	2	170	263401	263898	5.3e-15	87.3
NCVOG0302-consensus	NODE_269_length_33526_cov_9.123621	27.19	331	174	67	270	535	6821	7800	3.7e-13	79.2
NCVOG0302-consensus	NODE_160_length_69349_cov_8.760538	25.84	178	130	2	3	180	23374	22850	1.6e-11	74.8
NCVOG1127-consensus	NODE_42_length_172378_cov_9.247375	26.59	267	173	23	76	323	10282	11063	1.9e-17	95.7
NCVOG1127-consensus	NODE_42_length_172378_cov_9.247375	26.61	218	149	11	69	276	11756	12399	2.9e-14	85.1
NCVOG0985-consensus	NODE_46_length_169281_cov_10.724825	29.46	241	108	62	64	250	122872	123565	9.5e-11	73.2
NCVOG0996-consensus	NODE_423_length_13015_cov_18.449838	22.01	368	277	10	131	491	4268	5359	3.3e-12	74.5
NCVOG0996-consensus	NODE_252_length_38386_cov_9.350753	21.34	492	357	30	3	492	38270	36888	4.5e-12	75.6
NCVOG0996-consensus	NODE_365_length_19962_cov_18.970732	29.60	348	210	35	152	475	8793	7786	5e-12	74.6
NCVOG0025-consensus	NODE_197_length_51988_cov_9.255957	26.02	442	296	31	65	494	36423	37680	5e-19	99.2
NCVOG0025-consensus	NODE_6_length_332806_cov_9.664883	29.10	402	213	72	113	491	238150	239201	9.8e-15	86.5
NCVOG0025-consensus	NODE_100_length_100567_cov_9.276047	26.01	446	277	53	91	521	4602	3386	6.3e-14	83.2
NCVOG0025-consensus	NODE_440_length_11352_cov_9.348559	25.06	435	263	63	92	491	2895	4106	6.9e-14	80.0
NCVOG0025-consensus	NODE_120_length_85893_cov_23.836021	25.78	419	250	61	104	514	21964	20870	1.1e-13	82.2
NCVOG0025-consensus	NODE_478_length_8089_cov_18.820894	25.38	398	251	46	112	487	3153	4259	6.9e-13	76.2
NCVOG0025-consensus	NODE_42_length_172378_cov_9.247375	23.97	509	297	90	57	486	92639	94123	4e-12	77.8
NCVOG0025-consensus	NODE_25_length_224170_cov_9.304071	26.74	389	251	34	111	491	136254	137333	4.8e-12	77.6
NCVOG0271-consensus	NODE_219_length_47440_cov_18.282077	40.54	1184	496	208	177	1155	16885	20412	1.3e-74	284.9
NCVOG0271-consensus	NODE_123_length_82988_cov_18.100976	34.07	1274	640	200	43	1144	77651	73937	1.6e-22	112.7
NCVOG0271-consensus	NODE_430_length_12270_cov_18.634134	26.89	1138	669	163	68	1107	4628	1433	3.9e-17	92.0
NCVOG4568-consensus	NODE_224_length_45623_cov_9.546964	60.54	185	64	9	307	482	26157	26708	2.1e-13	80.2
NCVOG4568-consensus	NODE_365_length_19962_cov_18.970732	27.02	496	319	43	3	485	9146	7756	8.9e-11	70.4
NCVOG0061-consensus	NODE_353_length_20977_cov_19.589617	28.47	590	287	135	76	541	1361	3084	9e-21	103.8
NCVOG5301-consensus	NODE_383_length_17968_cov_17.063887	25.12	422	281	35	213	623	17953	16763	6.2e-13	78.0
NCVOG5301-consensus	NODE_150_length_71387_cov_9.283354	23.43	508	329	60	98	572	60058	61491	1.3e-11	75.6
NCVOG5301-consensus	NODE_250_length_38475_cov_9.428772	25.10	494	312	58	110	586	12517	13868	1.5e-11	74.5
NCVOG5301-consensus	NODE_862_length_1129_cov_13.561787	29.18	257	161	21	348	601	989	280	5.8e-11	67.5
NCVOG0451-consensus	NODE_28_length_206709_cov_9.993486	35.09	322	186	23	103	405	74085	73135	1.7e-20	105.3
NCVOG0451-consensus	NODE_28_length_206709_cov_9.993486	29.35	293	173	34	129	387	94970	94095	8.5e-14	83.1
NCVOG0451-consensus	NODE_208_length_49812_cov_13.893719	32.98	188	121	5	163	346	10356	9799	6.1e-18	95.2
NCVOG0451-consensus	NODE_215_length_48232_cov_17.852746	31.49	289	175	23	94	376	10280	11082	7.1e-18	95.0
NCVOG0451-consensus	NODE_5_length_346953_cov_9.436719	30.04	243	155	15	137	374	167172	167863	3.1e-17	94.4
NCVOG0451-consensus	NODE_165_length_65442_cov_9.040878	30.38	237	150	15	163	386	9498	8797	3.6e-17	93.1
NCVOG0451-consensus	NODE_188_length_54822_cov_17.689615	30.47	256	160	18	141	378	17002	17766	4e-15	86.0
NCVOG0451-consensus	NODE_383_length_17968_cov_17.063887	33.62	229	137	15	147	375	17446	16808	2.1e-13	78.7
NCVOG0451-consensus	NODE_454_length_9843_cov_12.064305	31.62	253	159	14	135	376	4288	5034	3e-13	77.3
NCVOG0451-consensus	NODE_574_length_3817_cov_13.369786	30.04	253	163	14	135	376	1539	2285	3.6e-13	75.7
NCVOG0451-consensus	NODE_297_length_28971_cov_12.092441	28.33	233	149	18	147	372	11140	11802	1.8e-12	76.2
NCVOG0451-consensus	NODE_112_length_91943_cov_9.832461	28.10	363	228	33	25	372	36732	37761	1.5e-11	74.9
NCVOG0451-consensus	NODE_370_length_19470_cov_23.705048	29.50	261	168	16	147	407	16323	15592	2.5e-11	71.9
NCVOG0451-consensus	NODE_291_length_29522_cov_9.213177	38.36	146	84	6	233	375	27961	27536	3.2e-11	72.2
NCVOG0451-consensus	NODE_29_length_206662_cov_9.531249	28.40	257	169	15	121	375	178235	178963	3.4e-11	73.0
NCVOG0451-consensus	NODE_86_length_107601_cov_9.518210	30.77	234	149	13	144	374	76035	76703	3.6e-11	73.8
NCVOG0451-consensus	NODE_99_length_100755_cov_9.380252	30.68	251	151	23	136	376	71478	70778	7.2e-11	72.7
NCVOG0541-consensus	NODE_47_length_167527_cov_9.438832	33.76	237	137	20	14	236	121050	121739	1.7e-14	84.8
NCVOG1351-consensus	NODE_191_length_53508_cov_9.337476	39.55	177	81	26	167	317	9902	9377	7.8e-11	72.1
NCVOG0531-consensus	NODE_288_length_29700_cov_18.148466	26.47	238	150	25	8	220	19128	19834	1.1e-11	73.8
NCVOG4907-consensus	NODE_323_length_24896_cov_10.562593	23.92	485	286	83	228	704	21814	23030	1.4e-11	73.9
NCVOG0301-consensus	NODE_269_length_33526_cov_9.123621	25.30	332	179	69	270	535	6821	7800	2.4e-11	73.2
NCVOG0301-consensus	NODE_24_length_229046_cov_9.285729	28.99	276	142	54	266	490	161237	162044	3.8e-11	73.7
NCVOG0021-consensus	NODE_15_length_284867_cov_11.877641	31.11	495	311	30	61	537	60651	62096	1.5e-40	173.2
NCVOG0021-consensus	NODE_352_length_21169_cov_9.310307	25.21	718	475	62	80	768	1959	4006	1.4e-24	117.3
NCVOG0021-consensus	NODE_133_length_78910_cov_9.472759	29.25	400	265	18	170	556	34359	35532	4.7e-21	107.5
NCVOG0021-consensus	NODE_88_length_105272_cov_9.355150	25.78	640	424	51	7	626	27943	29766	2.3e-20	105.6
NCVOG0021-consensus	NODE_144_length_72717_cov_9.040584	29.47	570	337	65	287	822	28858	30471	5e-20	104.0
NCVOG0021-consensus	NODE_323_length_24896_cov_10.562593	25.54	689	451	62	174	850	23267	21358	1.3e-19	101.0
NCVOG0021-consensus	NODE_285_length_30097_cov_17.136271	28.34	628	387	63	1	582	1425	3218	1e-17	95.1
NCVOG0021-consensus	NODE_252_length_38386_cov_9.350753	24.65	430	302	22	580	1007	38363	37141	2.2e-16	91.0
NCVOG0021-consensus	NODE_78_length_115072_cov_9.310080	32.26	310	188	22	228	531	25712	24844	4.5e-16	91.5
NCVOG0021-consensus	NODE_186_length_55707_cov_8.849578	26.26	438	303	20	182	611	39753	38479	3.6e-15	87.5
NCVOG0021-consensus	NODE_61_length_148008_cov_9.569761	21.90	525	369	41	166	675	121440	119957	3e-14	85.8
NCVOG0021-consensus	NODE_141_length_73046_cov_9.379750	42.06	126	71	2	187	311	37206	36835	2.4e-12	78.5
NCVOG0021-consensus	NODE_424_length_12969_cov_18.512023	26.73	520	324	57	89	571	5013	6509	1.2e-11	73.6
NCVOG0021-consensus	NODE_224_length_45623_cov_9.546964	27.53	494	304	54	420	869	40880	39432	1.4e-11	75.3
NCVOG0021-consensus	NODE_89_length_105253_cov_9.443856	24.69	490	330	39	70	555	31412	30051	1.5e-11	76.3
NCVOG0021-consensus	NODE_89_length_105253_cov_9.443856	33.19	235	141	16	283	511	32866	32195	1.5e-11	76.3
NCVOG0021-consensus	NODE_425_length_12562_cov_17.602323	24.94	409	277	30	534	928	9303	8132	9.5e-11	70.6
NCVOG2860-consensus	NODE_454_length_9843_cov_12.064305	34.03	238	143	14	108	334	4414	5115	1.5e-17	91.4
NCVOG0001-consensus	NODE_57_length_156658_cov_9.910359	42.86	287	145	19	313	591	49307	50131	7.2e-44	183.6
NCVOG0001-consensus	NODE_59_length_151641_cov_12.876950	38.18	275	138	32	300	548	124470	125271	2.7e-35	155.1
NCVOG0001-consensus	NODE_3_length_381007_cov_9.278618	40.08	237	122	20	328	555	58048	57374	1.5e-34	152.6
NCVOG0001-consensus	NODE_13_length_297104_cov_9.329505	42.52	301	122	51	294	555	107089	106230	1.1e-23	116.6
NCVOG0001-consensus	NODE_151_length_70919_cov_8.945513	44.87	156	61	25	358	497	23613	23184	6.7e-18	96.2
NCVOG0001-consensus	NODE_243_length_40957_cov_20.628376	32.70	370	203	46	261	609	14815	15842	1.2e-17	94.6
NCVOG0001-consensus	NODE_67_length_129723_cov_9.041374	44.77	172	83	12	363	534	78544	79020	2.4e-16	91.9
NCVOG0001-consensus	NODE_67_length_129723_cov_9.041374	35.34	283	128	55	331	566	79389	80204	4.1e-23	114.4
NCVOG0001-consensus	NODE_12_length_299842_cov_9.403443	37.02	289	133	49	347	602	16771	15960	3.4e-12	78.3
NCVOG0001-consensus	NODE_12_length_299842_cov_9.403443	35.61	264	126	44	324	555	15776	15032	1.8e-22	112.5
NCVOG0001-consensus	NODE_11_length_306775_cov_9.380635	33.84	331	153	66	333	610	90120	91064	6e-12	77.5
NCVOG2058-consensus	NODE_454_length_9843_cov_12.064305	35.17	290	173	15	91	367	4255	5115	2.7e-28	127.2
NCVOG2058-consensus	NODE_574_length_3817_cov_13.369786	32.99	291	177	18	91	365	1506	2369	6.7e-27	121.2
NCVOG2058-consensus	NODE_215_length_48232_cov_17.852746	34.65	329	176	39	53	370	10266	11163	1e-26	124.3
NCVOG2058-consensus	NODE_28_length_206709_cov_9.993486	35.52	335	187	29	92	399	74028	73033	1.8e-26	125.1
NCVOG2058-consensus	NODE_28_length_206709_cov_9.993486	28.47	295	186	25	112	381	70402	69521	4.6e-14	83.9
NCVOG2058-consensus	NODE_29_length_206662_cov_9.531249	31.67	281	177	15	91	367	178409	179215	2.6e-22	109.9
NCVOG2058-consensus	NODE_208_length_49812_cov_13.893719	36.76	185	112	5	161	341	10356	9808	3.6e-20	102.6
NCVOG2058-consensus	NODE_165_length_65442_cov_9.040878	36.76	185	112	5	161	341	9498	8950	1.2e-19	101.2
NCVOG2058-consensus	NODE_297_length_28971_cov_12.092441	28.90	263	165	22	120	373	11074	11820	1.1e-17	93.6
NCVOG2058-consensus	NODE_54_length_161146_cov_18.317181	29.60	348	198	47	45	367	82455	83429	1.7e-17	95.3
NCVOG2058-consensus	NODE_5_length_346953_cov_9.436719	32.08	240	149	14	135	368	167172	167860	1.1e-16	92.6
NCVOG2058-consensus	NODE_38_length_180106_cov_18.312800	33.22	301	175	26	83	377	176931	177770	4e-16	88.5
NCVOG2058-consensus	NODE_315_length_25593_cov_18.533391	33.71	267	143	34	111	367	13910	14635	2.2e-15	85.7
NCVOG2058-consensus	NODE_186_length_55707_cov_8.849578	36.63	202	112	16	141	337	16300	15737	8.2e-15	84.9
NCVOG2058-consensus	NODE_482_length_7641_cov_18.074828	32.72	272	162	21	73	337	4190	4960	4.1e-14	79.7
NCVOG2058-consensus	NODE_28_length_206709_cov_9.993486	34.26	251	145	20	112	344	87046	87789	3e-13	81.2
NCVOG2058-consensus	NODE_65_length_133804_cov_9.517749	34.09	264	150	24	142	381	117005	117793	3.3e-13	80.9
NCVOG2058-consensus	NODE_605_length_3001_cov_14.006840	28.57	308	196	24	69	373	1986	1129	8.4e-13	74.0
NCVOG2058-consensus	NODE_851_length_1154_cov_18.342618	35.27	207	116	18	108	308	520	1097	2.5e-12	71.1
NCVOG2058-consensus	NODE_292_length_29390_cov_19.852659	33.33	270	150	30	80	338	23830	24575	3.8e-12	75.2
NCVOG2058-consensus	NODE_292_length_29390_cov_19.852659	30.39	283	180	17	91	373	25544	26338	9.7e-16	87.1
NCVOG2058-consensus	NODE_292_length_29390_cov_19.852659	30.63	284	170	27	111	390	28608	29383	1.3e-13	80.0
NCVOG2058-consensus	NODE_292_length_29390_cov_19.852659	33.19	232	139	16	111	341	21758	22405	2.7e-13	79.0
NCVOG2058-consensus	NODE_155_length_69793_cov_9.243531	35.71	224	123	21	89	307	19072	19688	4.2e-12	76.3
NCVOG2058-consensus	NODE_43_length_171829_cov_11.684330	29.58	311	194	25	91	397	89896	89034	5.1e-12	77.1
NCVOG2058-consensus	NODE_125_length_81734_cov_17.913369	34.38	288	146	43	123	367	3740	4600	5.9e-12	76.0
NCVOG2058-consensus	NODE_984_length_959_cov_12.802721	31.56	263	158	22	112	371	831	103	6.5e-12	69.5
NCVOG2058-consensus	NODE_713_length_1782_cov_10.988270	30.97	226	137	19	91	309	992	1630	6.9e-12	70.3
NCVOG2058-consensus	NODE_1410_length_560_cov_14.542443	33.13	163	99	10	144	306	100	555	9.4e-12	68.1
NCVOG2058-consensus	NODE_188_length_54822_cov_17.689615	33.87	248	143	21	91	317	17038	17778	1e-11	74.6
NCVOG2058-consensus	NODE_188_length_54822_cov_17.689615	28.61	381	215	57	1	365	51620	52622	2.3e-12	76.8
NCVOG2058-consensus	NODE_351_length_21185_cov_18.195471	30.42	286	163	36	91	367	68	841	1.5e-11	72.7
NCVOG2058-consensus	NODE_443_length_10840_cov_19.953080	31.41	312	161	53	91	367	5539	6417	2.4e-11	71.1
NCVOG2058-consensus	NODE_2_length_398015_cov_9.249396	32.08	265	156	24	111	371	339907	339178	3.9e-11	73.6
NCVOG2058-consensus	NODE_99_length_100755_cov_9.380252	31.23	269	158	27	115	371	71613	70865	6.9e-11	72.8
NCVOG2058-consensus	NODE_370_length_19470_cov_23.705048	29.15	295	186	23	77	367	16854	16030	7.5e-11	70.3
NCVOG2058-consensus	NODE_370_length_19470_cov_23.705048	29.84	258	161	20	113	367	18056	17337	5.6e-13	77.3
NCVOG2058-consensus	NODE_111_length_92532_cov_9.831832	31.47	251	140	32	124	353	81521	80805	7.7e-11	72.5
NCVOG2058-consensus	NODE_467_length_8811_cov_17.485230	30.77	221	128	25	141	349	2052	1432	8.8e-11	68.9
NCVOG0066-consensus	NODE_31_length_204659_cov_9.391115	34.43	334	186	33	108	411	155000	154015	8.6e-26	122.0
NCVOG0038-consensus	NODE_6_length_332806_cov_9.664883	25.42	767	377	195	346	962	209209	211361	7.7e-12	78.0
NCVOG0228-consensus	NODE_145_length_72629_cov_13.102232	29.81	577	303	102	403	893	23533	25206	1.3e-13	82.6
NCVOG0280-consensus	NODE_28_length_206709_cov_9.993486	23.73	1454	940	169	406	1777	183682	179589	2.9e-25	121.9
NCVOG0280-consensus	NODE_9_length_313995_cov_9.297766	21.31	1272	873	128	546	1770	102495	106060	1.6e-20	107.5
NCVOG0280-consensus	NODE_34_length_190324_cov_9.480786	22.48	1090	749	96	354	1393	57905	61009	4.4e-17	96.1
NCVOG0280-consensus	NODE_56_length_157982_cov_9.291542	20.70	1565	1048	193	260	1697	137930	133459	7.7e-13	82.0
NCVOG0280-consensus	NODE_69_length_127600_cov_9.449465	22.03	1448	985	144	334	1668	87946	83715	3.4e-11	76.3
NCVOG0218-consensus	NODE_144_length_72717_cov_9.040584	41.75	630	274	93	352	900	30689	28839	1.5e-33	149.0
NCVOG0218-consensus	NODE_95_length_102824_cov_18.686940	38.29	632	295	95	350	898	37795	39649	4.5e-33	148.0
NCVOG0218-consensus	NODE_352_length_21169_cov_9.310307	38.70	664	277	130	359	901	4236	2279	2.7e-31	139.8
NCVOG0218-consensus	NODE_186_length_55707_cov_8.849578	43.86	472	154	111	502	891	38462	39779	1.3e-29	135.6
NCVOG0218-consensus	NODE_15_length_284867_cov_11.877641	36.83	600	311	68	423	995	62011	60348	2e-25	123.1
NCVOG0218-consensus	NODE_224_length_45623_cov_9.546964	36.74	626	279	117	363	899	39223	41009	1e-22	112.4
NCVOG0218-consensus	NODE_425_length_12562_cov_17.602323	43.82	356	142	58	600	905	8354	9392	3.1e-22	108.9
NCVOG0218-consensus	NODE_54_length_161146_cov_18.317181	38.03	376	203	30	522	887	59195	58131	4.1e-22	112.1
NCVOG0218-consensus	NODE_125_length_81734_cov_17.913369	32.90	611	357	53	355	925	57525	55773	1.1e-21	109.8
NCVOG0218-consensus	NODE_125_length_81734_cov_17.913369	35.65	460	262	34	353	783	54525	53196	5.9e-17	94.1
NCVOG0218-consensus	NODE_62_length_142882_cov_9.531270	32.06	708	349	132	306	901	109799	107765	2.6e-19	102.7
NCVOG0218-consensus	NODE_85_length_110005_cov_9.391893	35.88	549	293	59	385	900	97532	99097	4.3e-19	101.6
NCVOG0218-consensus	NODE_26_length_209790_cov_9.182812	33.17	621	329	86	348	895	89942	91748	1.5e-18	100.3
NCVOG0218-consensus	NODE_409_length_15140_cov_18.235079	30.56	576	337	63	363	885	4861	6549	1.7e-18	96.8
NCVOG0218-consensus	NODE_337_length_22905_cov_10.566147	40.29	350	181	28	568	892	20073	19042	1.8e-18	97.3
NCVOG0218-consensus	NODE_424_length_12969_cov_18.512023	33.93	507	264	71	436	887	6448	4979	4.8e-18	95.1
NCVOG0218-consensus	NODE_115_length_90017_cov_17.452602	35.24	471	247	58	506	954	52413	53686	5.4e-18	97.7
NCVOG0218-consensus	NODE_2_length_398015_cov_9.249396	29.97	724	399	108	324	959	377961	380055	9.7e-18	97.0
NCVOG0218-consensus	NODE_2_length_398015_cov_9.249396	30.47	617	357	72	357	923	376053	377816	1e-13	83.6
NCVOG0218-consensus	NODE_241_length_41178_cov_11.507920	31.32	613	342	79	364	900	31972	30170	1.8e-17	94.8
NCVOG0218-consensus	NODE_37_length_181806_cov_9.670955	31.18	587	351	53	385	952	175366	173735	1.9e-17	94.4
NCVOG0218-consensus	NODE_306_length_27123_cov_25.308179	33.77	533	273	80	523	993	23424	21913	6.9e-17	92.3
NCVOG0218-consensus	NODE_295_length_29144_cov_8.839818	44.92	236	115	15	662	889	6466	5785	3.8e-16	89.9
NCVOG0218-consensus	NODE_82_length_111961_cov_9.133564	33.52	549	302	63	355	870	81309	79776	9.5e-16	90.5
NCVOG0218-consensus	NODE_105_length_97405_cov_13.464239	34.87	628	327	82	378	947	53722	51960	1.3e-15	89.9
NCVOG0218-consensus	NODE_105_length_97405_cov_13.464239	33.10	583	310	80	353	886	25456	23830	1.9e-14	86.0
NCVOG0218-consensus	NODE_359_length_20512_cov_9.636995	30.79	656	380	74	349	939	16383	18286	1.5e-15	87.5
NCVOG0218-consensus	NODE_93_length_103695_cov_9.562972	41.78	292	133	37	608	894	22844	23618	2.5e-15	89.1
NCVOG0218-consensus	NODE_629_length_2461_cov_23.963926	32.45	604	337	71	354	903	2455	752	9e-15	81.8
NCVOG0218-consensus	NODE_323_length_24896_cov_10.562593	32.71	587	325	70	356	884	21395	23112	1.2e-14	84.8
NCVOG0218-consensus	NODE_209_length_49692_cov_9.097350	32.53	704	378	97	361	995	17714	15740	1.2e-14	85.7
NCVOG0218-consensus	NODE_209_length_49692_cov_9.097350	31.56	602	354	58	353	917	19745	18022	1.8e-15	88.5
NCVOG0218-consensus	NODE_128_length_80440_cov_9.482324	32.06	630	331	97	354	898	16461	14633	1.6e-14	86.0
NCVOG0218-consensus	NODE_226_length_44807_cov_9.312072	32.94	504	292	46	348	825	14389	12947	2.1e-14	84.8
NCVOG0218-consensus	NODE_276_length_31890_cov_19.870808	31.66	537	293	74	454	935	5616	7154	3.3e-14	83.6
NCVOG0218-consensus	NODE_239_length_41977_cov_9.082076	34.71	461	239	62	481	905	13664	14935	4.7e-14	83.5
NCVOG0218-consensus	NODE_4_length_360695_cov_9.530148	32.18	578	310	82	388	905	358423	360029	9.3e-14	83.1
NCVOG0218-consensus	NODE_35_length_184903_cov_9.268368	29.03	503	317	40	353	846	170105	168699	1.7e-13	81.4
NCVOG0218-consensus	NODE_33_length_196708_cov_10.416994	38.98	354	182	34	637	964	41661	42679	2.7e-13	82.8
NCVOG0218-consensus	NODE_55_length_161137_cov_9.814336	34.51	455	253	45	474	890	4947	3643	3.1e-13	82.6
NCVOG0218-consensus	NODE_3_length_381007_cov_9.278618	31.66	616	376	45	321	901	267627	265867	3.4e-13	82.5
NCVOG0218-consensus	NODE_132_length_78952_cov_9.346891	36.45	299	173	17	586	869	15653	14772	4.1e-13	81.3
NCVOG0218-consensus	NODE_512_length_6010_cov_20.117984	30.57	651	372	80	332	909	2042	136	6.9e-13	76.8
NCVOG0218-consensus	NODE_51_length_164411_cov_9.179585	33.73	670	305	139	347	901	158585	160477	7e-13	78.1
NCVOG0218-consensus	NODE_376_length_18724_cov_9.420979	30.10	691	426	57	308	958	16314	14352	8.2e-13	78.2
NCVOG0218-consensus	NODE_19_length_255827_cov_9.662780	32.08	614	325	92	357	891	47302	49089	8.4e-13	81.2
NCVOG0218-consensus	NODE_407_length_15425_cov_17.661324	46.53	202	95	13	623	813	8888	9484	2e-12	76.7
NCVOG0218-consensus	NODE_35_length_184903_cov_9.268368	30.21	662	360	102	352	921	104991	106925	2.1e-12	79.9
NCVOG0218-consensus	NODE_131_length_79009_cov_9.300398	29.99	667	358	109	356	935	37400	39279	2.5e-12	78.7
NCVOG0218-consensus	NODE_658_length_2195_cov_15.949953	47.78	203	88	18	676	870	1052	1613	2.7e-12	73.4
NCVOG0218-consensus	NODE_422_length_13416_cov_9.304820	38.01	342	179	33	565	892	6728	7667	3e-12	75.9
NCVOG0218-consensus	NODE_62_length_142882_cov_9.531270	30.18	497	313	34	445	925	78654	80073	4.5e-12	78.7
NCVOG0218-consensus	NODE_62_length_142882_cov_9.531270	33.16	591	295	100	385	899	76952	78629	2.9e-12	79.3
NCVOG0218-consensus	NODE_124_length_82291_cov_9.265977	31.20	532	317	49	404	905	32430	33951	4.6e-12	77.9
NCVOG0218-consensus	NODE_53_length_162347_cov_18.290343	28.66	670	381	97	339	919	86252	88218	5.2e-12	78.5
NCVOG0218-consensus	NODE_64_length_135627_cov_18.257676	38.86	350	181	33	573	889	51955	50945	6.2e-12	78.2
NCVOG0218-consensus	NODE_109_length_94057_cov_9.221217	30.74	540	317	57	355	855	49959	48401	6.4e-12	77.6
NCVOG0218-consensus	NODE_168_length_65309_cov_9.379507	33.48	675	333	116	356	927	39770	37844	9e-12	76.6
NCVOG0218-consensus	NODE_168_length_65309_cov_9.379507	29.37	521	324	44	350	847	30762	29266	2e-12	78.8
NCVOG0218-consensus	NODE_175_length_60942_cov_17.907122	33.12	459	258	49	388	813	151	1448	9.5e-12	76.4
NCVOG0218-consensus	NODE_98_length_101212_cov_12.781668	33.20	488	262	64	456	891	51606	52988	1.2e-11	76.8
NCVOG0218-consensus	NODE_223_length_46880_cov_23.866568	29.92	665	348	118	353	912	40440	42370	1.7e-11	75.2
NCVOG0218-consensus	NODE_291_length_29522_cov_9.213177	30.23	612	361	66	362	922	12406	14151	1.9e-11	74.4
NCVOG0218-consensus	NODE_114_length_90959_cov_9.764873	30.51	603	347	72	360	918	54488	52771	1.9e-11	76.0
NCVOG0218-consensus	NODE_212_length_49179_cov_17.277809	31.85	383	240	21	532	902	6380	5268	2.8e-11	74.5
NCVOG0218-consensus	NODE_379_length_18651_cov_19.816464	31.78	645	330	110	331	896	182	2010	3.7e-11	72.7
NCVOG0218-consensus	NODE_296_length_29136_cov_9.769572	35.35	430	233	45	495	903	12159	10981	4.3e-11	73.2
NCVOG0218-consensus	NODE_147_length_72086_cov_9.237456	34.63	335	195	24	587	898	40870	41862	5.5e-11	74.1
NCVOG0218-consensus	NODE_355_length_20946_cov_17.981504	29.57	558	355	38	337	867	2099	3724	5.8e-11	72.2
NCVOG0218-consensus	NODE_268_length_33646_cov_18.122315	34.19	389	224	32	590	953	24098	25214	6.5e-11	72.7
NCVOG0218-consensus	NODE_80_length_113465_cov_9.484905	29.61	645	342	112	354	896	3301	1408	6.9e-11	74.4
NCVOG0218-consensus	NODE_134_length_78884_cov_9.368812	35.20	429	217	61	498	881	66423	67634	7.8e-11	73.7
NCVOG0218-consensus	NODE_100_length_100567_cov_9.276047	29.02	765	439	104	265	945	65606	63397	8e-11	74.0
NCVOG0218-consensus	NODE_100_length_100567_cov_9.276047	30.16	630	351	89	354	898	67815	65951	5.8e-14	84.5
NCVOG0218-consensus	NODE_100_length_100567_cov_9.276047	33.70	276	164	19	682	946	43987	43191	8e-11	74.0
NCVOG0218-consensus	NODE_339_length_22528_cov_9.121776	29.75	558	330	62	345	860	16878	15274	8.1e-11	71.9
NCVOG0218-consensus	NODE_407_length_15425_cov_17.661324	34.01	394	189	71	371	748	7029	6024	9.6e-11	71.1
NCVOG0820-consensus	NODE_9_length_313995_cov_9.297766	41.33	150	73	15	98	247	205444	205845	2.2e-15	88.5
NCVOG4344-consensus	NODE_404_length_15484_cov_9.055689	31.17	308	195	17	22	323	12811	11930	3e-23	111.4
NCVOG4344-consensus	NODE_404_length_15484_cov_9.055689	29.63	324	213	15	23	341	9662	8724	7.4e-22	106.8
NCVOG4344-consensus	NODE_404_length_15484_cov_9.055689	29.61	331	215	18	14	341	8678	7738	3.9e-12	74.5
NCVOG4344-consensus	NODE_360_length_20509_cov_13.245106	30.00	390	237	36	19	395	6503	5406	2.8e-15	85.4
NCVOG4344-consensus	NODE_360_length_20509_cov_13.245106	28.05	353	221	33	15	341	9128	8094	5.4e-13	77.8
NCVOG4344-consensus	NODE_65_length_133804_cov_9.517749	31.17	324	205	18	14	332	117305	118234	2.5e-13	81.6
NCVOG4344-consensus	NODE_38_length_180106_cov_18.312800	31.00	300	182	25	20	316	37280	36450	2.2e-12	78.7
NCVOG2246-consensus	NODE_54_length_161146_cov_18.317181	32.45	453	247	59	47	453	144432	145740	2e-24	118.5
