NCVOG1069-consensus	NODE_738_length_8833_cov_5.433417	28.15	405	202	89	92	423	4305	5468	6.3e-16	87.9
NCVOG0321-consensus	NODE_311_length_27477_cov_4.866825	31.80	327	198	25	190	503	4544	3603	6.7e-33	146.1
NCVOG0321-consensus	NODE_345_length_24030_cov_5.478604	33.62	232	141	13	274	503	22963	23622	1.3e-20	105.0
NCVOG0669-consensus	NODE_3944_length_716_cov_6.195618	27.19	217	152	6	230	443	679	45	1e-14	80.3
NCVOG0669-consensus	NODE_1042_length_5805_cov_5.124476	22.69	379	246	47	108	443	4554	3437	4.6e-13	77.8
NCVOG0669-consensus	NODE_904_length_6916_cov_5.232198	24.77	444	268	66	81	464	2216	3518	1.2e-12	76.7
NCVOG0669-consensus	NODE_46_length_105221_cov_4.878507	28.36	201	131	13	272	462	25330	24740	5.3e-11	75.1
NCVOG2223-consensus	NODE_242_length_34646_cov_4.951778	43.43	175	93	6	697	870	34527	34021	1.5e-27	129.5
NCVOG2223-consensus	NODE_394_length_21094_cov_7.446115	35.38	212	111	26	724	912	2143	1520	3.5e-24	117.6
NCVOG0233-consensus	NODE_182_length_45037_cov_5.144462	36.22	878	468	92	36	827	29988	32600	3.5e-57	228.2
NCVOG0233-consensus	NODE_71_length_84693_cov_4.992448	36.59	880	466	92	36	829	38014	40632	1.1e-56	227.4
NCVOG0233-consensus	NODE_4_length_254588_cov_4.959821	34.00	894	424	166	31	760	137681	140351	3.9e-42	180.0
NCVOG0233-consensus	NODE_68_length_88082_cov_5.094438	32.93	908	429	180	27	757	46941	44234	7.8e-40	171.6
NCVOG0233-consensus	NODE_335_length_24853_cov_5.087020	35.29	357	167	64	499	791	9117	8054	2.4e-38	164.8
NCVOG0233-consensus	NODE_335_length_24853_cov_5.087020	26.56	576	241	182	74	467	11428	9712	6.9e-12	76.9
NCVOG0233-consensus	NODE_907_length_6899_cov_5.723835	29.18	850	342	260	206	795	2116	4660	1.1e-37	160.7
NCVOG0233-consensus	NODE_76_length_79872_cov_5.125171	28.38	740	392	138	135	738	47683	45475	2.9e-37	162.9
NCVOG0233-consensus	NODE_72_length_84670_cov_4.832498	28.90	744	387	142	135	738	61393	63601	5.4e-37	162.1
NCVOG0233-consensus	NODE_591_length_12055_cov_5.182084	26.42	723	292	240	277	759	658	2823	7.1e-36	155.5
NCVOG0233-consensus	NODE_253_length_33294_cov_4.815336	23.77	892	572	108	29	864	25978	23466	3.1e-33	148.2
NCVOG0233-consensus	NODE_70_length_85084_cov_5.045749	23.57	891	571	110	28	861	29883	27377	7.6e-32	145.0
NCVOG0233-consensus	NODE_1381_length_3879_cov_4.603630	25.48	471	283	68	427	867	3831	2544	3.2e-23	111.9
NCVOG0233-consensus	NODE_699_length_9458_cov_5.009914	27.69	372	244	25	505	867	9455	8399	4.4e-23	112.7
NCVOG0233-consensus	NODE_112_length_62893_cov_4.630460	27.33	761	384	169	135	729	37974	35728	6.2e-18	98.3
NCVOG0233-consensus	NODE_14_length_180626_cov_4.931382	26.34	710	327	196	143	666	164803	166895	1.8e-15	89.1
NCVOG0233-consensus	NODE_146_length_55885_cov_4.880716	27.64	691	377	123	136	714	41431	39399	8.4e-15	87.8
NCVOG0233-consensus	NODE_983_length_6236_cov_11.267089	25.00	844	416	217	148	784	3687	6177	1.1e-14	84.2
NCVOG0023-consensus	NODE_297_length_28364_cov_4.995758	34.42	337	202	19	480	812	5371	4413	1e-37	162.9
NCVOG0023-consensus	NODE_1799_length_2614_cov_4.671265	26.09	276	184	20	326	587	1602	2408	9.4e-11	69.9
NCVOG0013-consensus	NODE_179_length_45408_cov_4.845007	30.40	227	149	9	122	345	42382	43041	5.2e-15	87.5
NCVOG0013-consensus	NODE_1_length_319668_cov_5.091774	30.67	225	149	7	73	294	150576	149919	1.1e-13	84.9
NCVOG0013-consensus	NODE_228_length_36406_cov_4.329847	29.28	222	146	11	127	345	164	802	6.4e-12	77.0
NCVOG0013-consensus	NODE_179_length_45408_cov_4.845007	28.37	215	145	9	134	345	31221	30598	1.7e-11	75.9
NCVOG0663-consensus	NODE_2065_length_2054_cov_9.494183	28.44	429	249	58	220	607	238	1470	1.8e-12	74.8
NCVOG0073-consensus	NODE_89_length_71198_cov_6.357307	37.24	682	355	73	11	640	10397	12370	4.6e-100	371.4
NCVOG0073-consensus	NODE_15_length_176716_cov_5.124915	34.63	670	380	58	33	676	78650	76742	6.4e-55	222.5
NCVOG0073-consensus	NODE_456_length_17545_cov_4.774960	39.60	553	294	40	132	655	52	1674	1.5e-54	218.2
NCVOG0073-consensus	NODE_113_length_62703_cov_5.127216	38.21	636	350	43	30	640	18017	16167	3e-53	215.8
NCVOG0073-consensus	NODE_33_length_118146_cov_4.820681	39.00	400	209	35	30	408	85554	86706	2.2e-41	177.3
NCVOG0073-consensus	NODE_612_length_11354_cov_4.968963	25.00	548	379	32	89	617	6108	4509	1.7e-37	161.0
NCVOG0073-consensus	NODE_11_length_193490_cov_5.207566	31.82	396	230	40	24	392	63446	64579	3.6e-18	100.5
NCVOG0073-consensus	NODE_95_length_68053_cov_5.072570	24.76	412	249	61	53	408	41509	42724	2.4e-14	86.7
NCVOG0073-consensus	NODE_11_length_193490_cov_5.207566	26.24	404	248	50	53	408	163506	164704	1.2e-13	83.7
NCVOG0073-consensus	NODE_4973_length_539_cov_5.870130	30.73	179	113	11	287	456	1	528	3.2e-13	75.9
NCVOG2643-consensus	NODE_3653_length_791_cov_5.589636	27.53	178	115	14	85	259	89	582	5.9e-11	67.1
NCVOG0613-consensus	NODE_916_length_6821_cov_4.936091	32.67	150	72	29	8	128	6254	5812	2.3e-21	103.7
NCVOG0613-consensus	NODE_492_length_15753_cov_4.695522	31.37	153	75	30	6	128	2358	2811	3.6e-21	104.3
NCVOG0613-consensus	NODE_1_length_319668_cov_5.091774	30.72	153	76	30	6	128	184702	185155	9e-18	96.3
NCVOG4533-consensus	NODE_607_length_11419_cov_4.766355	35.87	184	106	12	96	273	7374	7900	5.7e-16	88.4
NCVOG4533-consensus	NODE_603_length_11623_cov_4.663866	31.54	260	140	38	143	379	11489	10758	2.3e-14	83.1
NCVOG4523-consensus	NODE_39_length_111592_cov_5.021827	29.55	988	489	207	10	843	18408	15615	9.4e-21	108.8
NCVOG1353-consensus	NODE_1799_length_2614_cov_4.671265	53.04	477	206	18	3	462	1426	6	6.7e-86	319.4
NCVOG1353-consensus	NODE_1374_length_3899_cov_7.660911	56.99	286	118	5	283	566	811	1650	4.8e-78	293.9
NCVOG1353-consensus	NODE_525_length_14562_cov_5.071798	56.01	441	148	46	396	793	14559	13249	1.1e-71	274.6
NCVOG1353-consensus	NODE_2645_length_1324_cov_4.216520	58.40	262	98	11	153	403	772	4	4.1e-66	252.7
NCVOG1353-consensus	NODE_4324_length_643_cov_3.583039	55.61	214	91	4	449	658	643	5	1.3e-57	223.5
NCVOG1353-consensus	NODE_1217_length_4628_cov_4.640958	38.92	424	140	119	379	799	4	912	4.8e-54	214.4
NCVOG1353-consensus	NODE_321_length_25848_cov_5.333243	46.71	167	82	7	634	799	25847	25372	1.7e-32	145.3
NCVOG1353-consensus	NODE_5068_length_526_cov_6.180401	65.90	173	37	22	269	419	519	6	2.2e-29	129.4
NCVOG1353-consensus	NODE_7649_length_344_cov_7.820225	61.74	115	43	1	542	656	1	339	2.4e-29	128.6
NCVOG1353-consensus	NODE_2947_length_1102_cov_4.690732	54.55	132	55	5	663	790	1102	715	2.1e-28	127.1
NCVOG1353-consensus	NODE_1950_length_2275_cov_4.627389	53.80	158	50	23	658	793	1	468	3.3e-17	91.0
NCVOG1353-consensus	NODE_1344_length_4008_cov_4.972017	41.10	309	94	88	70	290	3086	4001	1.7e-15	86.1
NCVOG1353-consensus	NODE_6472_length_407_cov_6.696970	50.37	135	42	25	434	544	4	402	1.8e-11	69.5
NCVOG4445-consensus	NODE_163_length_50472_cov_4.812223	29.68	219	146	8	169	382	10911	10267	6e-14	83.6
NCVOG4445-consensus	NODE_66_length_88257_cov_4.890270	29.12	285	182	20	110	384	49775	48954	1.5e-12	79.8
NCVOG0243-consensus	NODE_14_length_180626_cov_4.931382	30.85	389	231	38	32	394	138579	139706	5.1e-23	115.3
NCVOG0055-consensus	NODE_145_length_55951_cov_4.989333	32.33	232	147	10	193	415	42818	43503	1.5e-25	122.4
NCVOG0055-consensus	NODE_394_length_21094_cov_7.446115	30.45	220	145	8	177	393	9054	8419	9e-21	105.2
NCVOG0055-consensus	NODE_967_length_6395_cov_5.144349	31.73	208	113	29	171	354	1008	1611	4.4e-20	101.1
NCVOG4105-consensus	NODE_282_length_30211_cov_4.814860	35.15	1135	544	192	7	972	9467	12771	3e-21	108.6
NCVOG0225-consensus	NODE_330_length_24953_cov_4.903361	31.16	138	86	9	105	233	3337	3747	1e-15	88.1
NCVOG0225-consensus	NODE_305_length_27771_cov_5.066476	29.71	138	88	9	105	233	26103	25693	5.2e-14	82.6
NCVOG0305-consensus	NODE_246_length_33911_cov_5.382485	37.70	244	130	22	1303	1527	6517	7236	1.9e-19	103.3
NCVOG0305-consensus	NODE_67_length_88216_cov_4.832980	34.67	199	122	8	1332	1527	38018	38596	6.3e-18	99.6
NCVOG0305-consensus	NODE_23_length_132750_cov_5.050756	34.48	203	125	8	1328	1527	118531	119121	1.2e-17	99.3
NCVOG0305-consensus	NODE_151_length_54181_cov_10.310883	32.96	179	118	2	820	998	23101	22574	1.7e-17	97.5
NCVOG0305-consensus	NODE_138_length_56893_cov_4.911697	29.64	253	162	16	1314	1556	46447	47184	2.8e-15	90.2
NCVOG0305-consensus	NODE_1667_length_2941_cov_6.765712	29.18	329	155	78	784	1039	1927	2891	7.7e-13	77.8
NCVOG0305-consensus	NODE_108_length_63276_cov_5.043941	27.12	354	204	54	770	1071	18291	19339	1.1e-11	78.5
NCVOG0305-consensus	NODE_629_length_11051_cov_5.025788	26.93	557	343	64	966	1478	1864	275	1.3e-11	75.6
NCVOG0305-consensus	NODE_5778_length_457_cov_5.828947	34.67	150	82	16	1334	1470	446	13	5e-11	69.1
NCVOG0305-consensus	NODE_186_length_44541_cov_4.940154	26.84	354	193	66	770	1062	3430	2389	5.2e-11	75.7
NCVOG4804-consensus	NODE_1492_length_3498_cov_5.559778	56.64	143	54	8	44	186	1010	1411	5.5e-37	155.3
NCVOG4804-consensus	NODE_15_length_176716_cov_5.124915	58.70	138	49	8	43	180	150258	150644	6.3e-36	154.8
NCVOG4804-consensus	NODE_5815_length_454_cov_5.087533	70.24	84	25	0	103	186	1	249	1.7e-29	127.5
NCVOG4804-consensus	NODE_3001_length_1073_cov_4.291165	47.86	140	63	10	41	180	75	461	7.6e-25	113.3
NCVOG4804-consensus	NODE_318_length_26329_cov_4.990248	48.80	166	54	31	44	186	15924	16392	5.5e-16	88.5
NCVOG4804-consensus	NODE_8248_length_318_cov_3.506224	37.36	91	57	0	45	135	45	314	4e-13	72.6
NCVOG4804-consensus	NODE_403_length_20529_cov_5.392089	72.55	51	14	0	130	180	1	150	3.1e-12	75.7
NCVOG0282-consensus	NODE_138_length_56893_cov_4.911697	32.30	257	154	20	325	572	46435	47169	7.7e-14	84.6
NCVOG0282-consensus	NODE_67_length_88216_cov_4.832980	31.29	294	173	29	338	609	37991	38842	9.7e-12	78.2
NCVOG0282-consensus	NODE_23_length_132750_cov_5.050756	31.29	294	169	33	343	609	118531	119379	1.2e-11	78.6
NCVOG0844-consensus	NODE_558_length_13270_cov_5.854696	31.97	122	74	9	4	122	2295	2639	6e-16	87.8
NCVOG0844-consensus	NODE_8607_length_304_cov_8.167401	38.46	65	40	0	4	68	27	218	9.4e-14	75.1
NCVOG0249-consensus	NODE_1226_length_4578_cov_5.361253	36.26	91	57	1	173	263	4008	4274	6.6e-11	70.1
NCVOG4883-consensus	NODE_3137_length_992_cov_7.256831	30.21	341	196	42	3	312	991	9	3.4e-28	125.5
NCVOG0360-consensus	NODE_131_length_58640_cov_4.918259	45.85	301	156	7	24	319	50681	49788	1.6e-56	225.0
NCVOG0979-consensus	NODE_328_length_24970_cov_4.985699	45.38	346	144	45	28	328	18845	19879	9.5e-44	181.5
NCVOG4274-consensus	NODE_499_length_15532_cov_4.788224	22.83	530	361	48	305	810	12718	11204	5.7e-11	73.1
NCVOG0274-consensus	NODE_26_length_129203_cov_4.869013	36.55	1472	713	221	93	1357	44716	49078	3.7e-57	230.4
NCVOG0274-consensus	NODE_85_length_74819_cov_5.057250	30.93	1487	690	337	182	1351	66757	71120	5.1e-47	195.9
NCVOG0274-consensus	NODE_242_length_34646_cov_4.951778	30.62	1081	498	252	198	1040	11015	14204	2.1e-16	93.1
NCVOG0074-consensus	NODE_89_length_71198_cov_6.357307	62.38	638	215	25	25	637	10560	12466	5.6e-182	643.0
NCVOG0074-consensus	NODE_113_length_62703_cov_5.127216	58.06	620	234	26	16	610	18017	16164	4.2e-94	350.9
NCVOG0074-consensus	NODE_456_length_17545_cov_4.774960	56.48	540	211	24	94	610	1	1614	1.1e-93	347.6
NCVOG0074-consensus	NODE_15_length_176716_cov_5.124915	46.50	615	291	38	27	616	78626	76826	4.5e-77	295.6
NCVOG0074-consensus	NODE_33_length_118146_cov_4.820681	59.49	390	135	23	16	383	85554	86715	1.6e-72	280.1
NCVOG0074-consensus	NODE_612_length_11354_cov_4.968963	33.46	523	291	57	40	506	6293	4735	4.1e-45	185.7
NCVOG0074-consensus	NODE_11_length_193490_cov_5.207566	47.16	405	164	50	10	376	63446	64599	1.5e-41	177.6
NCVOG0074-consensus	NODE_11_length_193490_cov_5.207566	33.02	424	220	64	39	400	163506	164764	1.6e-24	119.3
NCVOG0074-consensus	NODE_95_length_68053_cov_5.072570	32.19	407	211	65	39	380	41509	42724	6.2e-24	117.9
NCVOG0074-consensus	NODE_6566_length_401_cov_4.163580	58.10	105	23	21	6	89	320	9	1.8e-21	102.3
NCVOG0074-consensus	NODE_4973_length_539_cov_5.870130	38.89	180	98	12	262	430	1	534	7.2e-19	94.1
NCVOG0074-consensus	NODE_1251_length_4409_cov_5.679363	31.88	229	109	47	34	215	3721	4404	2.6e-11	72.1
NCVOG1299-consensus	NODE_351_length_23639_cov_4.684152	48.59	142	44	29	34	146	11337	11759	1.3e-18	96.6
NCVOG1299-consensus	NODE_351_length_23639_cov_4.684152	47.86	117	48	13	46	150	12446	12790	2.1e-16	89.3
NCVOG1196-consensus	NODE_50_length_102673_cov_5.042653	27.39	398	257	32	135	532	44704	43610	8.7e-13	82.3
NCVOG1196-consensus	NODE_721_length_9058_cov_5.464982	22.59	881	589	93	162	991	6384	3887	7e-12	75.8
NCVOG1164-consensus	NODE_345_length_24030_cov_5.478604	32.79	122	73	9	98	210	18119	17761	2.4e-11	73.7
NCVOG4324-consensus	NODE_90_length_70996_cov_5.081191	28.26	605	316	118	121	624	65535	67281	8.6e-14	84.3
NCVOG0034-consensus	NODE_19_length_147583_cov_4.872128	33.02	324	171	46	116	417	1809	2703	2.6e-15	89.8
NCVOG0304-consensus	NODE_629_length_11051_cov_5.025788	29.50	200	128	13	15	206	910	329	4.9e-11	72.1
NCVOG0004-consensus	NODE_10_length_198017_cov_7.500000	35.14	148	86	10	153	300	70492	70902	2.1e-13	84.0
NCVOG2972-consensus	NODE_236_length_34961_cov_4.874728	26.39	341	214	37	33	344	9884	8889	1.3e-13	82.0
NCVOG0276-consensus	NODE_408_length_20134_cov_5.056888	58.17	349	84	62	57	343	2631	1592	2.1e-57	226.5
NCVOG0276-consensus	NODE_979_length_6266_cov_5.234287	43.00	200	111	3	42	239	2946	2355	1.1e-35	152.7
NCVOG2204-consensus	NODE_208_length_39022_cov_4.865169	30.00	450	226	89	68	437	13548	14867	1.9e-57	228.0
NCVOG2204-consensus	NODE_194_length_42031_cov_5.298606	33.89	239	141	17	205	427	20509	19799	9e-40	169.3
NCVOG2204-consensus	NODE_314_length_26684_cov_4.577931	28.42	285	138	66	218	437	16260	15412	4.7e-24	116.5
NCVOG5350-consensus	NODE_1067_length_5594_cov_4.943991	22.06	204	150	9	51	250	2168	2761	2.8e-11	71.6
NCVOG5350-consensus	NODE_1684_length_2883_cov_8.884890	25.44	169	121	5	80	243	2	505	3.6e-11	70.3
NCVOG0777-consensus	NODE_2005_length_2163_cov_4.433365	31.04	364	205	46	151	477	1910	849	1.9e-17	92.6
NCVOG0777-consensus	NODE_808_length_7865_cov_3.514638	29.79	376	208	56	91	450	6865	7861	3.5e-14	83.6
NCVOG0777-consensus	NODE_1688_length_2852_cov_4.643604	31.69	243	139	27	82	311	733	52	3.3e-11	72.3
NCVOG1060-consensus	NODE_36_length_114848_cov_4.923840	29.21	356	179	73	47	334	110660	109619	2.6e-20	106.0
NCVOG1060-consensus	NODE_98_length_67325_cov_5.050648	32.56	86	58	0	202	287	41212	40958	2.2e-11	75.6
NCVOG4966-consensus	NODE_811_length_7828_cov_3.957167	26.73	318	224	9	133	445	2050	2984	1.2e-11	73.6
NCVOG4966-consensus	NODE_670_length_10082_cov_6.942029	29.97	337	204	32	65	391	1477	542	4.9e-11	71.9
NCVOG0040-consensus	NODE_6514_length_404_cov_7.669725	42.86	56	32	0	112	167	1	165	2.8e-13	74.8
NCVOG0040-consensus	NODE_5182_length_512_cov_5.820690	42.86	56	32	0	112	167	1	165	6.5e-13	73.9
NCVOG0040-consensus	NODE_3495_length_842_cov_4.522876	43.08	65	34	3	105	166	175	364	1.3e-11	70.4
NCVOG0030-consensus	NODE_29_length_124390_cov_5.058007	33.14	525	241	110	36	472	85736	87233	7.4e-27	128.7
NCVOG0030-consensus	NODE_7_length_207464_cov_4.956984	34.10	566	200	173	26	432	177270	178916	8.6e-14	84.2
NCVOG4494-consensus	NODE_1130_length_5066_cov_11.112648	36.45	299	164	26	30	313	3202	4062	8.8e-18	93.4
NCVOG4494-consensus	NODE_970_length_6341_cov_10.864783	37.07	294	159	26	21	291	1262	393	2e-16	89.2
NCVOG4494-consensus	NODE_1336_length_4031_cov_4.791856	34.73	334	183	35	24	339	2845	1898	2.9e-16	88.1
NCVOG4494-consensus	NODE_1304_length_4168_cov_5.783671	44.44	180	93	7	47	219	3364	3900	1.8e-15	85.4
NCVOG4494-consensus	NODE_2508_length_1450_cov_7.017480	36.57	216	129	8	11	218	679	35	3.1e-15	83.2
NCVOG4494-consensus	NODE_3435_length_866_cov_5.112801	38.35	206	112	15	37	228	856	245	4.8e-15	81.8
NCVOG4494-consensus	NODE_1807_length_2589_cov_7.895303	42.37	177	95	7	47	216	1290	1817	1.6e-14	81.7
NCVOG4494-consensus	NODE_757_length_8464_cov_4.513891	34.64	332	178	39	14	313	1713	2682	1.4e-13	80.2
NCVOG4494-consensus	NODE_1595_length_3171_cov_5.344538	39.02	205	118	7	21	218	944	1555	4.1e-13	77.3
NCVOG4494-consensus	NODE_1595_length_3171_cov_5.344538	36.17	188	114	6	37	218	110	670	4.1e-13	77.3
NCVOG4494-consensus	NODE_1682_length_2885_cov_2.404915	34.65	228	134	15	11	229	1744	1082	6.6e-13	76.4
NCVOG4494-consensus	NODE_1067_length_5594_cov_4.943991	38.35	206	120	7	20	218	2009	2623	7e-13	77.3
NCVOG4494-consensus	NODE_1000_length_6122_cov_6.216212	36.10	277	154	23	50	313	757	1554	2.2e-12	75.8
NCVOG4494-consensus	NODE_2552_length_1400_cov_6.399849	34.83	290	159	30	58	317	34	890	2.3e-12	73.6
NCVOG4494-consensus	NODE_1364_length_3944_cov_7.200414	34.21	190	118	7	37	219	2197	2763	2.4e-12	75.0
NCVOG4494-consensus	NODE_1566_length_3261_cov_5.643530	36.23	207	123	9	20	218	1616	1002	3e-12	74.4
NCVOG4494-consensus	NODE_1223_length_4598_cov_6.200619	34.15	328	174	42	25	313	1365	2336	3.4e-12	74.8
NCVOG4494-consensus	NODE_704_length_9350_cov_7.647471	44.07	177	92	7	47	216	5857	6384	3.7e-12	75.6
NCVOG4494-consensus	NODE_2145_length_1947_cov_10.194118	43.68	190	99	8	50	231	1113	1679	4e-12	73.3
NCVOG4494-consensus	NODE_5_length_223162_cov_5.051895	32.71	214	138	6	18	227	187262	186632	4e-12	78.5
NCVOG4494-consensus	NODE_98_length_67325_cov_5.050648	32.61	322	187	30	15	316	48107	47175	4.2e-12	78.3
NCVOG4494-consensus	NODE_1092_length_5313_cov_6.234530	30.43	299	190	18	37	319	4195	3308	4.6e-12	74.5
NCVOG4494-consensus	NODE_1092_length_5313_cov_6.234530	36.18	199	119	8	27	218	3259	2669	8.8e-13	76.9
NCVOG4494-consensus	NODE_4730_length_570_cov_4.462475	39.89	183	103	7	20	195	549	4	4.7e-12	71.3
NCVOG4494-consensus	NODE_333_length_24895_cov_5.201547	35.60	250	140	21	82	316	5530	4804	6.6e-12	76.2
NCVOG4494-consensus	NODE_2908_length_1126_cov_10.568160	33.88	307	172	31	23	313	155	1027	9.3e-12	71.3
NCVOG4494-consensus	NODE_3153_length_986_cov_4.738174	36.07	183	111	6	39	216	4	542	1.1e-11	70.9
NCVOG4494-consensus	NODE_105_length_63979_cov_4.840602	33.56	298	193	5	37	332	56872	55991	1.3e-11	76.6
NCVOG4494-consensus	NODE_72_length_84670_cov_4.832498	34.23	260	159	12	37	286	16585	15817	1.9e-11	76.5
NCVOG4494-consensus	NODE_1962_length_2261_cov_6.420788	32.61	184	120	4	37	216	262	810	2.1e-11	71.1
NCVOG4494-consensus	NODE_414_length_19746_cov_4.410138	33.33	300	177	23	37	313	13473	14369	2.3e-11	74.1
NCVOG4494-consensus	NODE_1684_length_2883_cov_8.884890	39.53	215	121	9	44	250	2360	1722	2.9e-11	71.0
NCVOG4494-consensus	NODE_1783_length_2636_cov_5.689332	31.37	306	174	36	44	313	1650	2564	3e-11	70.8
NCVOG4494-consensus	NODE_3847_length_736_cov_6.122914	37.50	184	107	8	21	196	727	183	5.3e-11	68.1
NCVOG4494-consensus	NODE_517_length_14904_cov_5.096041	33.33	213	134	8	27	232	13010	12378	5.4e-11	72.4
NCVOG4494-consensus	NODE_1306_length_4149_cov_9.845530	33.77	302	170	30	40	313	373	1269	6.1e-11	70.4
NCVOG4494-consensus	NODE_1306_length_4149_cov_9.845530	34.69	294	158	34	41	313	2570	3405	6.1e-11	70.4
NCVOG4494-consensus	NODE_1743_length_2736_cov_9.989846	38.94	208	119	8	30	229	961	341	6.7e-11	69.7
NCVOG4494-consensus	NODE_261_length_32468_cov_4.711040	32.41	216	140	6	23	232	29653	29009	7.6e-11	73.1
NCVOG0267-consensus	NODE_847_length_7536_cov_5.609197	26.79	545	294	105	327	793	7353	5809	4.5e-14	82.8
NCVOG0267-consensus	NODE_2390_length_1607_cov_8.418301	27.79	349	197	55	411	718	1542	543	1.2e-12	75.8
NCVOG0267-consensus	NODE_171_length_47706_cov_4.725608	27.57	497	259	101	307	718	5635	4208	5.5e-11	75.2
NCVOG4357-consensus	NODE_384_length_21833_cov_4.683995	31.33	517	273	82	24	469	1922	3436	1.8e-28	131.0
NCVOG4357-consensus	NODE_202_length_39747_cov_7.873258	31.53	517	270	84	25	468	22662	24176	1.9e-28	131.8
NCVOG0157-consensus	NODE_1277_length_4292_cov_8.062396	25.34	221	140	25	205	403	2776	3424	4e-12	74.4
NCVOG0157-consensus	NODE_1672_length_2925_cov_4.208216	25.77	357	210	55	75	394	674	1671	3.3e-11	70.9
NCVOG0046-consensus	NODE_650_length_10549_cov_5.181150	60.32	63	23	2	10	72	4810	4989	5.6e-19	97.8
NCVOG0046-consensus	NODE_2596_length_1365_cov_6.432453	48.21	56	29	0	2	57	8	172	2.1e-12	73.0
NCVOG0046-consensus	NODE_1121_length_5121_cov_4.923275	46.03	63	30	4	3	61	786	601	2.8e-12	74.4
NCVOG0046-consensus	NODE_1181_length_4793_cov_5.635708	44.44	63	31	4	3	61	72	257	5.7e-12	73.3
NCVOG0046-consensus	NODE_90_length_70996_cov_5.081191	46.38	69	36	1	5	72	37865	38068	8.7e-12	76.6
NCVOG1337-consensus	NODE_9492_length_272_cov_8.666667	43.04	79	45	0	125	203	239	6	1.5e-23	107.4
NCVOG1337-consensus	NODE_933_length_6675_cov_6.394513	35.21	142	74	18	122	247	4	420	7.6e-22	106.4
NCVOG1337-consensus	NODE_5387_length_492_cov_4.575904	41.27	63	37	0	121	183	189	4	3.4e-14	77.2
NCVOG1337-consensus	NODE_15856_length_164_cov_5.666667	43.14	51	29	0	128	178	158	9	1.5e-12	70.1
NCVOG0037-consensus	NODE_23_length_132750_cov_5.050756	39.97	1156	410	284	128	1000	129002	125571	1.9e-44	187.8
NCVOG0778-consensus	NODE_328_length_24970_cov_4.985699	34.42	523	299	44	7	518	7673	9139	4.5e-53	213.1
NCVOG0017-consensus	NODE_68_length_88082_cov_5.094438	36.31	179	80	34	106	251	68071	68599	8e-15	87.2
NCVOG0017-consensus	NODE_13718_length_189_cov_5.419643	35.00	60	39	0	94	153	181	5	2.7e-12	69.9
NCVOG1115-consensus	NODE_423_length_19246_cov_5.152277	51.35	185	86	4	233	414	6314	6862	6.9e-47	191.7
NCVOG0897-consensus	NODE_238_length_34887_cov_4.888251	32.89	301	145	57	20	265	2145	3030	2.2e-22	110.6
NCVOG0284-consensus	NODE_1892_length_2391_cov_4.420916	32.04	206	104	36	134	306	1	606	3.7e-12	73.0
NCVOG0806-consensus	NODE_1541_length_3332_cov_8.366513	47.44	352	150	35	124	441	2671	1624	3.4e-56	220.2
NCVOG0806-consensus	NODE_442_length_18516_cov_5.202017	33.33	393	214	48	99	447	2648	3807	2.2e-41	173.5
NCVOG0806-consensus	NODE_11042_length_233_cov_7.365385	63.64	77	25	3	202	276	4	228	1.6e-29	127.8
NCVOG0806-consensus	NODE_8340_length_314_cov_6.223629	53.12	64	30	0	285	348	103	291	3.4e-19	93.9
NCVOG0806-consensus	NODE_17203_length_155_cov_9.910256	58.82	51	21	0	356	406	155	6	5.7e-19	92.2
NCVOG0806-consensus	NODE_13647_length_190_cov_5.371681	41.51	53	31	0	146	198	30	185	2.2e-12	70.6
NCVOG4676-consensus	NODE_1335_length_4034_cov_8.677533	43.06	72	41	0	188	259	1111	1323	3.6e-11	70.4
NCVOG0329-consensus	NODE_242_length_34646_cov_4.951778	45.40	174	85	10	1132	1298	34530	34021	7.5e-29	134.4
NCVOG0329-consensus	NODE_394_length_21094_cov_7.446115	33.20	247	128	37	1122	1336	2252	1532	9.8e-21	106.7
NCVOG0029-consensus	NODE_2118_length_1983_cov_5.567681	28.36	342	217	28	19	346	994	1968	3.3e-21	103.6
NCVOG0029-consensus	NODE_14_length_180626_cov_4.931382	32.64	337	119	108	149	378	18592	17598	3.6e-19	103.0
NCVOG0029-consensus	NODE_924_length_6765_cov_5.323565	31.23	381	188	74	44	350	3087	1950	1.4e-17	93.2
NCVOG0029-consensus	NODE_12034_length_215_cov_3.007246	57.58	66	28	0	271	336	203	9	1.2e-14	78.6
NCVOG0029-consensus	NODE_221_length_37169_cov_5.438612	27.53	534	237	150	42	425	15507	13919	1.3e-11	75.9
NCVOG1064-consensus	NODE_518_length_14874_cov_5.555991	30.06	163	77	37	3	128	6837	6354	1.6e-14	82.6
NCVOG1064-consensus	NODE_432_length_18797_cov_5.210577	30.57	157	91	18	6	147	8072	8528	6.2e-14	81.0
NCVOG4154-consensus	NODE_128_length_59690_cov_4.943435	40.86	186	86	24	103	288	55484	55966	1.4e-14	85.6
NCVOG4154-consensus	NODE_1194_length_4736_cov_5.213994	37.50	144	81	9	94	233	3209	2796	1.8e-12	74.9
NCVOG0242-consensus	NODE_1440_length_3714_cov_5.222436	43.90	82	40	6	532	609	124	360	9.1e-14	80.1
NCVOG0326-consensus	NODE_311_length_27477_cov_4.866825	26.13	463	312	30	31	475	4916	3569	2.8e-38	163.8
NCVOG0036-consensus	NODE_22_length_134520_cov_5.842528	34.31	239	121	36	104	311	124242	123546	4.5e-15	88.6
NCVOG0314-consensus	NODE_495_length_15671_cov_4.792997	42.50	80	45	1	26	104	9487	9251	2.9e-16	87.7
NCVOG0314-consensus	NODE_24_length_131575_cov_5.045993	40.20	102	58	3	6	104	105127	104833	8.5e-14	82.6
NCVOG0222-consensus	NODE_1203_length_4687_cov_4.885033	32.71	428	270	18	84	508	2063	3298	1.5e-31	139.1
NCVOG0222-consensus	NODE_1203_length_4687_cov_4.885033	26.58	380	263	16	88	464	3302	4399	5.8e-16	87.3
NCVOG0222-consensus	NODE_1252_length_4407_cov_4.022402	29.24	383	263	8	125	505	4	1131	1.2e-24	116.0
NCVOG0222-consensus	NODE_385_length_21692_cov_5.026089	28.54	417	287	11	72	488	20145	18931	4.9e-24	116.3
NCVOG0222-consensus	NODE_369_length_22368_cov_5.251895	30.19	424	274	22	77	497	8623	9834	2.3e-23	114.1
NCVOG0222-consensus	NODE_389_length_21492_cov_5.038384	31.52	349	231	8	156	504	1031	12	3.2e-23	113.6
NCVOG0222-consensus	NODE_2305_length_1701_cov_5.411330	24.43	438	320	11	72	502	1376	78	5.4e-20	99.2
NCVOG0222-consensus	NODE_249_length_33393_cov_7.654490	29.55	467	305	24	48	503	6953	8309	1.1e-19	102.5
NCVOG0222-consensus	NODE_431_length_18956_cov_5.260713	29.74	343	229	12	159	494	18947	17943	1.3e-19	101.4
NCVOG0222-consensus	NODE_322_length_25628_cov_4.813745	24.72	449	326	12	67	506	2330	3664	1.2e-18	98.7
NCVOG0222-consensus	NODE_322_length_25628_cov_4.813745	20.20	490	373	18	15	494	7501	8941	5.8e-20	103.0
NCVOG0222-consensus	NODE_223_length_37003_cov_4.514705	24.90	490	342	26	38	514	24754	23327	1.3e-17	95.7
NCVOG0222-consensus	NODE_231_length_35415_cov_5.204963	27.74	328	219	18	106	431	20881	21813	3.3e-17	94.4
NCVOG0222-consensus	NODE_9_length_200239_cov_5.036680	26.32	475	306	44	78	518	27900	26509	3.5e-16	93.0
NCVOG0222-consensus	NODE_740_length_8791_cov_4.766123	20.76	342	264	7	160	499	8789	7782	3.9e-14	82.1
NCVOG0222-consensus	NODE_2040_length_2092_cov_5.974194	20.74	405	318	3	102	505	867	2072	4.8e-13	76.4
NCVOG0222-consensus	NODE_128_length_59690_cov_4.943435	24.84	479	339	21	38	501	56772	55357	5.5e-13	81.1
NCVOG0222-consensus	NODE_841_length_7583_cov_4.999201	23.85	436	303	29	106	518	3590	4876	3.7e-12	75.3
NCVOG0222-consensus	NODE_841_length_7583_cov_4.999201	23.29	438	317	19	72	504	2048	3316	3.7e-12	75.3
NCVOG0222-consensus	NODE_4284_length_648_cov_3.826620	30.66	212	136	11	197	407	641	43	1.1e-11	70.3
NCVOG0222-consensus	NODE_4164_length_671_cov_5.961279	24.22	223	164	5	150	369	668	9	2.8e-11	68.9
NCVOG0222-consensus	NODE_1896_length_2384_cov_5.148678	22.80	329	247	7	99	425	1	969	3.4e-11	70.5
NCVOG0014-consensus	NODE_115_length_62545_cov_5.057149	26.18	340	221	30	131	463	21277	20336	2.4e-13	82.4
NCVOG0014-consensus	NODE_1_length_319668_cov_5.091774	30.74	270	153	34	105	341	150514	149719	3.7e-12	79.7
NCVOG0002-consensus	NODE_275_length_30924_cov_4.958213	27.15	792	489	88	90	840	8183	10410	2.7e-32	145.0
NCVOG1194-consensus	NODE_10405_length_248_cov_2.730994	41.67	84	41	8	62	137	5	245	8.4e-14	75.3
NCVOG1194-consensus	NODE_532_length_14191_cov_4.988876	44.12	68	33	5	56	118	3982	4182	2.4e-13	79.6
NCVOG1194-consensus	NODE_10905_length_237_cov_2.662500	49.09	55	28	0	62	116	7	168	3.5e-13	73.2
NCVOG1194-consensus	NODE_2005_length_2163_cov_4.433365	50.85	59	21	8	61	111	2048	1875	6.2e-12	72.3
NCVOG1194-consensus	NODE_808_length_7865_cov_3.514638	35.24	105	66	2	62	164	7520	7827	6.9e-11	70.6
NCVOG2775-consensus	NODE_1335_length_4034_cov_8.677533	32.03	359	208	36	134	458	964	2029	8.3e-24	113.3
NCVOG2775-consensus	NODE_7532_length_350_cov_4.941392	37.07	116	73	0	223	338	1	345	4e-11	67.6
NCVOG0924-consensus	NODE_632_length_11022_cov_5.090270	30.43	184	105	23	14	181	4658	5183	5.5e-12	73.8
NCVOG0924-consensus	NODE_721_length_9058_cov_5.464982	32.11	190	98	31	14	174	3526	2968	1.1e-11	72.5
NCVOG0893-consensus	NODE_1393_length_3854_cov_5.240402	30.79	484	256	79	37	448	3234	1823	1.2e-21	106.5
NCVOG0893-consensus	NODE_620_length_11203_cov_4.622236	29.30	355	202	49	143	448	11203	10144	4.7e-21	106.1
NCVOG0893-consensus	NODE_111_length_62944_cov_4.936374	29.12	522	243	127	91	489	18098	16562	1.2e-11	77.3
NCVOG1175-consensus	NODE_345_length_24030_cov_5.478604	36.73	226	112	31	3	215	21398	22018	4e-27	125.5
NCVOG1175-consensus	NODE_311_length_27477_cov_4.866825	38.39	211	118	12	3	212	5376	4780	5e-26	122.1
NCVOG0729-consensus	NODE_3570_length_817_cov_4.694595	41.29	201	81	37	212	385	245	812	4.5e-32	138.4
NCVOG0729-consensus	NODE_2163_length_1917_cov_6.029348	31.83	619	234	188	11	459	2	1789	3.2e-24	113.5
NCVOG0729-consensus	NODE_8498_length_308_cov_7.233766	42.31	104	32	28	11	87	2	303	8.7e-18	89.5
NCVOG5103-consensus	NODE_142_length_56561_cov_4.902627	36.48	244	133	22	306	529	4201	3491	2e-28	133.3
NCVOG5103-consensus	NODE_754_length_8595_cov_5.368631	40.45	220	116	15	309	524	2162	2775	9e-24	115.1
NCVOG5103-consensus	NODE_532_length_14191_cov_4.988876	69.51	82	24	1	422	502	3919	4161	2.5e-18	97.8
NCVOG5103-consensus	NODE_3104_length_1010_cov_4.666667	27.85	219	148	10	280	498	707	84	1.1e-17	91.8
NCVOG5103-consensus	NODE_3_length_255536_cov_5.079637	54.02	87	39	1	427	513	58947	58693	2.6e-17	97.8
NCVOG5103-consensus	NODE_8402_length_312_cov_2.174468	52.70	74	32	3	427	500	232	23	4.9e-13	74.7
NCVOG5103-consensus	NODE_1688_length_2852_cov_4.643604	34.76	187	112	10	317	498	546	4	1.7e-12	76.1
NCVOG4874-consensus	NODE_328_length_24970_cov_4.985699	41.49	376	181	39	13	368	14827	13764	4.5e-58	229.1
NCVOG4874-consensus	NODE_178_length_45566_cov_4.826639	35.76	425	188	85	12	361	9784	8557	6.3e-30	136.5
NCVOG4874-consensus	NODE_328_length_24970_cov_4.985699	34.02	391	142	116	8	287	9416	10560	2.7e-12	77.0
NCVOG4874-consensus	NODE_86_length_73970_cov_4.977630	32.48	428	162	127	9	314	43150	41897	1.1e-11	76.6
NCVOG0605-consensus	NODE_150_length_54459_cov_5.126126	34.22	301	182	16	194	488	47659	46792	2.8e-24	118.4
NCVOG0605-consensus	NODE_65_length_89256_cov_5.399881	26.87	361	236	28	154	490	70032	68965	2e-14	86.4
NCVOG0605-consensus	NODE_2305_length_1701_cov_5.411330	26.05	357	222	42	154	493	1076	88	1.5e-11	71.1
NCVOG1136-consensus	NODE_103_length_64703_cov_7.134543	40.75	346	90	115	215	447	36851	37873	2.8e-20	105.3
NCVOG0219-consensus	NODE_242_length_34646_cov_4.951778	44.00	175	92	6	516	689	34527	34021	3.1e-28	131.4
NCVOG0219-consensus	NODE_394_length_21094_cov_7.446115	37.38	206	101	28	543	722	2143	1535	7.4e-25	119.5
NCVOG0901-consensus	NODE_2068_length_2048_cov_5.762557	39.23	181	57	53	32	159	536	5	4.4e-17	88.3
NCVOG0901-consensus	NODE_19_length_147583_cov_4.872128	38.67	225	70	68	8	164	144892	144223	8.2e-13	80.3
NCVOG2980-consensus	NODE_29_length_124390_cov_5.058007	33.54	483	242	79	67	474	94696	93265	2.9e-31	142.7
NCVOG2980-consensus	NODE_841_length_7583_cov_4.999201	23.27	391	252	48	122	466	7463	6306	1.4e-11	73.3
NCVOG1298-consensus	NODE_1044_length_5783_cov_6.759026	23.65	389	274	23	204	575	3474	2331	7.7e-11	70.8
NCVOG1272-consensus	NODE_148_length_55718_cov_5.059650	22.19	1591	1062	176	549	2081	27716	23325	1.3e-11	78.4
NCVOG0450-consensus	NODE_9_length_200239_cov_5.036680	30.77	273	140	49	159	413	42141	41423	1.6e-11	77.3
NCVOG0652-consensus	NODE_2393_length_1604_cov_7.323510	35.08	248	135	26	198	420	63	796	1.5e-18	94.1
NCVOG0652-consensus	NODE_15087_length_172_cov_8.536842	49.09	55	27	1	106	159	170	9	2.7e-18	90.0
NCVOG0652-consensus	NODE_1751_length_2711_cov_5.268793	40.59	101	59	1	74	173	2404	2703	4.1e-18	93.4
NCVOG0652-consensus	NODE_1751_length_2711_cov_5.268793	33.33	390	216	44	74	420	764	1923	4.1e-18	93.4
NCVOG0652-consensus	NODE_1396_length_3845_cov_5.757431	33.84	393	214	46	71	420	1186	2348	1.3e-17	92.2
NCVOG0652-consensus	NODE_550_length_13587_cov_4.779645	33.54	161	105	2	262	421	7023	7499	3.1e-16	89.4
NCVOG0652-consensus	NODE_550_length_13587_cov_4.779645	34.86	218	112	30	74	261	6095	6745	3.1e-16	89.4
NCVOG0652-consensus	NODE_3913_length_721_cov_4.074534	41.54	65	37	1	75	138	199	8	4.5e-15	81.3
NCVOG0652-consensus	NODE_257_length_32755_cov_4.955231	34.10	393	221	38	65	420	10547	9383	6.7e-15	86.3
NCVOG2642-consensus	NODE_2719_length_1254_cov_4.118097	35.88	131	79	5	32	160	1139	759	1.1e-17	89.7
NCVOG0835-consensus	NODE_49_length_103515_cov_4.934299	39.07	151	72	20	2	133	67348	67792	7.9e-18	97.0
NCVOG0835-consensus	NODE_49_length_103515_cov_4.934299	38.66	119	67	6	153	270	68679	69017	7.1e-14	83.9
NCVOG1062-consensus	NODE_1309_length_4143_cov_4.863256	28.76	233	156	10	184	412	3955	3278	2.6e-15	84.8
NCVOG1062-consensus	NODE_1607_length_3133_cov_5.061518	27.52	298	204	12	105	394	2383	1513	1.3e-14	82.1
NCVOG4522-consensus	NODE_1846_length_2519_cov_6.255938	43.78	217	84	38	262	440	1868	2511	4.3e-34	146.4
NCVOG4522-consensus	NODE_6606_length_398_cov_4.688474	48.05	77	40	0	262	338	233	6	3.2e-22	104.3
NCVOG0522-consensus	NODE_336_length_24819_cov_4.667529	27.38	252	166	17	76	311	1112	1861	4e-13	79.6
NCVOG0522-consensus	NODE_566_length_12971_cov_4.904766	29.89	174	113	9	76	241	5156	4641	4.8e-12	75.0
NCVOG5117-consensus	NODE_2754_length_1234_cov_3.269663	46.30	162	82	5	806	965	461	934	4.3e-16	87.5
NCVOG5117-consensus	NODE_1688_length_2852_cov_4.643604	37.97	237	117	30	741	975	17	640	1.9e-15	86.6
NCVOG5117-consensus	NODE_841_length_7583_cov_4.999201	22.70	1000	712	61	723	1690	1787	4696	4.1e-15	86.9
NCVOG5117-consensus	NODE_53_length_99287_cov_4.900374	34.58	295	152	41	705	965	28688	27828	3.2e-12	81.0
NCVOG4122-consensus	NODE_66_length_88257_cov_4.890270	32.57	307	186	21	110	400	49775	48873	8.3e-16	90.9
NCVOG4122-consensus	NODE_185_length_44567_cov_4.749269	29.07	227	147	14	140	357	521	1183	2.6e-14	84.9
NCVOG4122-consensus	NODE_396_length_21044_cov_4.681833	29.19	209	140	8	71	274	20103	19491	8.7e-11	72.1
NCVOG0032-consensus	NODE_81_length_76704_cov_4.976040	26.96	727	344	187	252	823	9543	7470	4.6e-26	125.7
NCVOG0032-consensus	NODE_41_length_109080_cov_5.105263	27.42	660	360	119	222	814	97864	96048	2.1e-24	120.7
NCVOG0032-consensus	NODE_13_length_190280_cov_4.993765	26.90	710	359	160	308	868	10583	8500	2.4e-18	101.0
NCVOG0032-consensus	NODE_120_length_60995_cov_5.215142	26.18	676	378	121	286	877	39203	37320	1e-16	94.2
NCVOG0032-consensus	NODE_290_length_29463_cov_4.532498	25.29	858	519	122	82	843	1460	3918	3.3e-16	91.5
NCVOG0032-consensus	NODE_152_length_53922_cov_4.865429	26.29	875	374	271	252	869	47261	49826	4.1e-16	92.1
NCVOG0032-consensus	NODE_140_length_56731_cov_5.087831	27.74	411	253	44	384	772	19269	20420	2.1e-14	86.5
NCVOG0032-consensus	NODE_82_length_76388_cov_4.800757	25.78	516	313	70	409	885	43551	44984	1.1e-13	84.5
NCVOG0302-consensus	NODE_10_length_198017_cov_7.500000	31.91	282	159	33	285	535	113207	112375	3.9e-21	109.6
NCVOG0302-consensus	NODE_59_length_95886_cov_6.309094	32.34	167	111	2	2	168	46980	46489	4.8e-15	88.7
NCVOG0302-consensus	NODE_43_length_106726_cov_4.820758	31.40	172	116	2	2	173	66027	66533	9.4e-15	87.8
NCVOG0302-consensus	NODE_301_length_28109_cov_4.955194	28.82	170	120	1	3	172	19102	19605	4.4e-11	73.7
NCVOG0012-consensus	NODE_2754_length_1234_cov_3.269663	55.88	136	53	7	302	433	801	406	2.7e-13	76.4
NCVOG0012-consensus	NODE_97_length_68037_cov_4.919408	55.74	122	49	5	297	416	63497	63850	2.5e-11	75.7
NCVOG0012-consensus	NODE_1688_length_2852_cov_4.643604	32.33	430	211	80	89	450	1241	5	6.7e-11	69.7
NCVOG0012-consensus	NODE_8402_length_312_cov_2.174468	56.31	103	42	3	314	414	307	5	8.1e-11	66.2
NCVOG0215-consensus	NODE_7211_length_365_cov_5.027778	51.72	58	25	3	4	61	64	225	1.1e-11	66.5
NCVOG0025-consensus	NODE_18_length_154375_cov_4.990181	25.88	456	293	45	91	521	19626	18334	5.1e-20	105.8
NCVOG0025-consensus	NODE_1121_length_5121_cov_4.923275	25.00	436	291	36	100	521	4070	2838	7.7e-20	100.3
NCVOG0025-consensus	NODE_1070_length_5549_cov_5.196089	26.35	425	277	36	112	521	3031	4225	2.6e-19	98.7
NCVOG0025-consensus	NODE_129_length_59619_cov_4.983810	26.77	269	169	28	236	486	17713	18486	7.7e-16	90.6
NCVOG0025-consensus	NODE_264_length_32379_cov_5.314067	28.40	419	230	70	138	522	2836	3977	3.2e-14	84.3
NCVOG0025-consensus	NODE_1_length_319668_cov_5.091774	24.18	397	278	23	129	522	99727	100850	9.4e-13	81.6
NCVOG0025-consensus	NODE_188_length_44007_cov_4.975051	25.27	467	302	47	26	462	2479	3815	1.8e-12	78.9
NCVOG0025-consensus	NODE_123_length_60288_cov_4.820036	27.82	435	236	78	132	522	42313	41120	2.5e-12	78.9
NCVOG0025-consensus	NODE_123_length_60288_cov_4.820036	25.34	296	186	35	220	485	21594	20725	4.4e-12	78.1
NCVOG0025-consensus	NODE_108_length_63276_cov_5.043941	24.24	429	296	29	112	522	23067	24315	4.6e-12	78.1
NCVOG0025-consensus	NODE_77_length_79015_cov_4.947161	25.45	444	286	45	105	522	4361	5628	5.8e-12	78.1
NCVOG0025-consensus	NODE_62_length_91865_cov_4.882109	28.64	419	219	80	136	501	56361	57527	1.2e-11	77.3
NCVOG0025-consensus	NODE_81_length_76704_cov_4.976040	23.89	452	313	31	91	522	68746	67431	9.4e-11	74.0
NCVOG0271-consensus	NODE_31_length_120690_cov_4.760755	34.83	1117	573	155	179	1157	98496	95200	3.3e-64	253.4
NCVOG0271-consensus	NODE_459_length_17337_cov_7.426419	41.23	1203	480	227	149	1136	6484	10037	2.8e-50	204.3
NCVOG0271-consensus	NODE_487_length_15887_cov_5.282290	42.31	1158	467	201	179	1144	11937	15362	9.7e-50	202.4
NCVOG0271-consensus	NODE_6730_length_391_cov_4.745223	50.39	127	63	0	470	596	389	12	1.8e-24	113.1
NCVOG0271-consensus	NODE_377_length_22063_cov_4.787456	27.67	1189	667	193	147	1153	17184	13672	7.1e-16	90.4
NCVOG0078-consensus	NODE_1492_length_3498_cov_5.559778	44.00	150	82	2	67	214	790	344	2.2e-20	100.5
NCVOG0078-consensus	NODE_15_length_176716_cov_5.124915	45.21	146	75	5	76	219	176710	176285	6e-18	95.4
NCVOG0078-consensus	NODE_15_length_176716_cov_5.124915	49.61	127	61	3	74	197	150043	149666	6e-18	95.4
NCVOG0078-consensus	NODE_15_length_176716_cov_5.124915	53.33	105	47	2	95	197	149977	149666	2.2e-15	89.3
NCVOG4568-consensus	NODE_1203_length_4687_cov_4.885033	41.99	181	105	0	305	485	2204	2743	7.1e-13	76.9
NCVOG4568-consensus	NODE_4284_length_648_cov_3.826620	35.36	181	117	0	305	485	647	108	6.7e-11	67.5
NCVOG4568-consensus	NODE_128_length_59690_cov_4.943435	49.17	240	107	15	257	482	56229	55522	8.9e-11	73.7
NCVOG1451-consensus	NODE_345_length_24030_cov_5.478604	25.00	464	257	91	160	590	11386	10172	1.7e-14	85.6
NCVOG0451-consensus	NODE_66_length_88257_cov_4.890270	32.53	249	160	8	134	376	49685	48948	8.5e-24	117.2
NCVOG0451-consensus	NODE_163_length_50472_cov_4.812223	35.64	202	121	9	144	339	10860	10267	1.7e-17	95.5
NCVOG0451-consensus	NODE_396_length_21044_cov_4.681833	27.83	212	148	5	136	342	20082	19450	1.6e-14	84.4
NCVOG0451-consensus	NODE_908_length_6898_cov_5.634071	24.29	247	180	7	99	338	6006	5271	9.6e-12	73.5
NCVOG0967-consensus	NODE_1203_length_4687_cov_4.885033	21.00	600	434	40	210	799	2081	3787	5e-14	81.8
NCVOG0301-consensus	NODE_10_length_198017_cov_7.500000	35.65	216	130	9	285	494	113207	112576	1.2e-19	104.7
NCVOG0021-consensus	NODE_1044_length_5783_cov_6.759026	33.83	399	237	27	182	569	3306	2161	2.7e-25	119.5
NCVOG0021-consensus	NODE_670_length_10082_cov_6.942029	31.30	345	227	10	236	576	1492	479	3.2e-18	96.8
NCVOG0021-consensus	NODE_3245_length_940_cov_2.290846	32.59	270	165	17	299	566	918	157	5.5e-13	76.0
NCVOG0021-consensus	NODE_2754_length_1234_cov_3.269663	31.49	289	153	45	570	855	479	1216	1.9e-12	74.7
NCVOG0021-consensus	NODE_811_length_7828_cov_3.957167	30.25	433	271	31	149	569	4296	5534	1.4e-11	74.4
NCVOG0021-consensus	NODE_811_length_7828_cov_3.957167	32.94	428	257	30	145	564	1884	3098	1.3e-12	77.9
NCVOG0021-consensus	NODE_1688_length_2852_cov_4.643604	34.43	244	123	37	568	809	47	670	5.8e-11	70.9
NCVOG0001-consensus	NODE_15_length_176716_cov_5.124915	41.30	276	119	43	313	556	20939	20148	1.2e-33	151.3
NCVOG0001-consensus	NODE_270_length_31538_cov_5.100060	40.49	247	106	41	369	580	21082	20363	2.6e-30	138.0
NCVOG0001-consensus	NODE_115_length_62545_cov_5.057149	36.68	259	133	31	331	566	61408	60663	8.2e-24	117.4
NCVOG0001-consensus	NODE_115_length_62545_cov_5.057149	38.77	227	105	34	331	534	62396	61756	2.3e-25	122.5
NCVOG0001-consensus	NODE_275_length_30924_cov_4.958213	38.36	292	133	47	351	606	14462	13635	3e-13	81.3
NCVOG0001-consensus	NODE_102_length_65067_cov_5.177689	38.22	191	89	29	385	556	35380	34843	2.3e-12	79.4
NCVOG0001-consensus	NODE_157_length_52511_cov_4.792463	35.50	231	110	39	332	536	21218	20568	4e-12	78.3
NCVOG0001-consensus	NODE_445_length_18216_cov_4.852693	31.89	301	129	76	328	555	3379	4263	2.8e-11	74.0
NCVOG0001-consensus	NODE_455_length_17733_cov_5.495639	47.66	214	79	33	363	555	12280	11680	4.8e-11	73.1
NCVOG1197-consensus	NODE_748_length_8647_cov_5.042707	24.29	317	217	23	187	492	4585	3674	4.9e-14	81.8
NCVOG2058-consensus	NODE_66_length_88257_cov_4.890270	34.38	288	174	15	91	367	49721	48873	4.4e-19	101.5
NCVOG2058-consensus	NODE_396_length_21044_cov_4.681833	33.82	207	131	6	48	248	20166	19549	3e-17	93.3
NCVOG2058-consensus	NODE_163_length_50472_cov_4.812223	33.33	216	135	9	158	367	10902	10267	1.2e-14	86.0
NCVOG2058-consensus	NODE_614_length_11297_cov_5.135294	34.36	163	99	8	115	269	5389	4904	4.4e-14	81.9
NCVOG2058-consensus	NODE_31_length_120690_cov_4.760755	27.67	253	169	14	126	368	2302	1563	6.3e-12	78.2
NCVOG2058-consensus	NODE_939_length_6646_cov_4.458061	27.87	305	193	27	91	378	3234	4115	2.3e-11	72.2
NCVOG2058-consensus	NODE_859_length_7427_cov_5.469116	33.68	190	111	15	107	282	4665	4106	4.5e-11	71.3
NCVOG0066-consensus	NODE_464_length_17084_cov_4.417652	29.34	351	214	34	120	457	14004	14990	3.7e-31	139.8
NCVOG0066-consensus	NODE_31_length_120690_cov_4.760755	32.72	327	151	69	125	386	27993	27032	2.4e-17	96.8
NCVOG0038-consensus	NODE_14_length_180626_cov_4.931382	31.12	964	393	271	252	954	48113	45285	8.5e-21	109.4
NCVOG0228-consensus	NODE_153_length_53685_cov_7.359958	25.75	831	493	124	164	906	42187	44550	4e-39	168.6
NCVOG0228-consensus	NODE_602_length_11697_cov_4.949656	27.29	645	372	97	355	921	6746	4888	2.4e-36	157.2
NCVOG0228-consensus	NODE_2078_length_2035_cov_9.153218	33.64	220	137	9	493	707	103	739	6e-17	90.2
NCVOG0228-consensus	NODE_1362_length_3951_cov_5.318276	36.41	206	123	8	493	695	360	951	2.5e-16	89.1
NCVOG0228-consensus	NODE_5254_length_505_cov_6.168224	36.15	130	81	2	565	694	389	9	5.4e-14	78.4
NCVOG0228-consensus	NODE_1419_length_3768_cov_5.809537	27.88	556	282	119	452	891	3729	2088	3e-13	78.8
NCVOG0280-consensus	NODE_216_length_38014_cov_5.183515	20.72	1800	1241	186	30	1705	27740	22556	8.1e-26	124.8
NCVOG0280-consensus	NODE_721_length_9058_cov_5.464982	22.97	1049	686	122	322	1301	6819	3845	7.9e-16	89.6
NCVOG0280-consensus	NODE_148_length_55718_cov_5.059650	23.23	1455	973	144	284	1682	27213	23124	3.9e-14	86.6
NCVOG0280-consensus	NODE_264_length_32379_cov_5.314067	20.40	1186	847	97	385	1533	29743	26369	3.9e-14	85.8
NCVOG0280-consensus	NODE_632_length_11022_cov_5.090270	22.15	1043	696	116	324	1301	1373	4339	6e-14	83.6
NCVOG0280-consensus	NODE_580_length_12435_cov_5.768733	20.50	1727	1182	191	53	1714	7704	2923	8.6e-11	73.3
NCVOG0218-consensus	NODE_1688_length_2852_cov_4.643604	58.88	197	72	9	689	884	567	4	8e-24	113.8
NCVOG0218-consensus	NODE_2754_length_1234_cov_3.269663	50.00	264	115	17	676	935	999	250	2.9e-23	110.7
NCVOG0218-consensus	NODE_2005_length_2163_cov_4.433365	44.74	304	149	19	591	889	2156	1290	1.3e-21	106.1
NCVOG0218-consensus	NODE_53_length_99287_cov_4.900374	34.30	484	291	27	448	907	27173	28602	1.3e-21	111.5
NCVOG0218-consensus	NODE_808_length_7865_cov_3.514638	36.02	472	262	40	448	893	6499	7861	5.6e-21	105.8
NCVOG0218-consensus	NODE_5_length_223162_cov_5.051895	28.35	857	516	98	254	1050	106450	104035	6.9e-20	106.4
NCVOG0218-consensus	NODE_150_length_54459_cov_5.126126	37.22	540	284	55	402	923	46292	47797	4.1e-17	95.8
NCVOG0218-consensus	NODE_1044_length_5783_cov_6.759026	39.45	398	196	45	548	901	2136	3313	7.9e-17	91.6
NCVOG0218-consensus	NODE_811_length_7828_cov_3.957167	35.50	462	264	34	508	946	5457	4120	8.7e-16	88.5
NCVOG0218-consensus	NODE_811_length_7828_cov_3.957167	36.27	375	221	18	538	901	3012	1922	8.3e-15	85.3
NCVOG0218-consensus	NODE_2040_length_2092_cov_5.974194	30.92	579	307	93	341	840	397	2088	7.1e-15	83.6
NCVOG0218-consensus	NODE_2254_length_1757_cov_2.951786	30.73	537	306	66	389	866	1581	5	1.6e-14	82.2
NCVOG0218-consensus	NODE_2923_length_1120_cov_3.125599	32.76	406	236	37	413	812	5	1116	4.3e-14	80.1
NCVOG0218-consensus	NODE_1252_length_4407_cov_4.022402	31.02	374	235	23	590	943	5	1110	5.3e-14	81.8
NCVOG0218-consensus	NODE_97_length_68037_cov_4.919408	42.29	279	136	25	619	889	63359	64133	1e-13	84.8
NCVOG0218-consensus	NODE_3104_length_1010_cov_4.666667	43.30	194	99	11	613	803	626	72	1.2e-13	78.5
NCVOG0218-consensus	NODE_2285_length_1720_cov_3.727937	37.27	271	142	28	624	879	767	5	2e-13	78.5
NCVOG0218-consensus	NODE_71_length_84693_cov_4.992448	28.57	756	405	135	319	962	57917	55756	2.2e-12	80.7
NCVOG0218-consensus	NODE_9_length_200239_cov_5.036680	30.17	633	335	107	356	905	28366	26553	3e-12	81.0
NCVOG0218-consensus	NODE_8402_length_312_cov_2.174468	59.81	107	37	6	700	805	307	5	5.8e-12	71.2
NCVOG0218-consensus	NODE_351_length_23639_cov_4.684152	29.13	635	363	87	350	897	19952	18063	8.7e-12	76.9
NCVOG0218-consensus	NODE_342_length_24294_cov_7.393525	39.17	314	163	28	574	874	23452	22579	8.9e-12	76.9
NCVOG0218-consensus	NODE_780_length_8215_cov_5.077292	29.52	620	365	72	350	897	4913	3075	1.3e-11	74.8
NCVOG0218-consensus	NODE_171_length_47706_cov_4.725608	28.45	471	307	30	433	885	32871	31498	1.6e-11	77.0
NCVOG0218-consensus	NODE_670_length_10082_cov_6.942029	40.06	317	171	19	607	904	574	1499	1.7e-11	74.7
NCVOG0218-consensus	NODE_4190_length_665_cov_3.212585	40.38	156	91	2	657	812	651	193	3.5e-11	69.7
NCVOG0218-consensus	NODE_1670_length_2934_cov_6.453623	45.73	199	96	12	626	819	2618	2052	3.9e-11	71.7
NCVOG0018-consensus	NODE_841_length_7583_cov_4.999201	23.63	859	598	58	343	1191	1865	4294	8.7e-27	125.1
NCVOG0018-consensus	NODE_24_length_131575_cov_5.045993	24.18	790	529	70	338	1090	4403	6664	3e-24	120.8
NCVOG0018-consensus	NODE_499_length_15532_cov_4.788224	23.34	1011	680	95	205	1193	13297	10487	1.1e-23	115.9
NCVOG0018-consensus	NODE_499_length_15532_cov_4.788224	20.74	892	633	74	138	1002	5903	3380	1.5e-14	85.5
NCVOG0018-consensus	NODE_249_length_33393_cov_7.654490	21.82	811	583	51	190	979	6249	8580	6.2e-16	91.2
NCVOG0018-consensus	NODE_385_length_21692_cov_5.026089	22.26	557	407	26	587	1135	20312	18703	2.4e-13	82.0
NCVOG0018-consensus	NODE_2305_length_1701_cov_5.411330	23.09	498	351	32	562	1055	1426	24	2.9e-12	74.7
NCVOG0018-consensus	NODE_2040_length_2092_cov_5.974194	21.60	648	457	51	298	944	12	1802	7.7e-12	73.6
NCVOG0018-consensus	NODE_1203_length_4687_cov_4.885033	24.16	389	285	10	687	1073	2111	3250	1.7e-11	73.6
NCVOG0018-consensus	NODE_1896_length_2384_cov_5.148678	22.55	377	280	12	818	1193	40	1134	4e-11	71.5
NCVOG0018-consensus	NODE_1252_length_4407_cov_4.022402	20.57	384	296	9	710	1092	64	1188	6.1e-11	71.7
NCVOG4344-consensus	NODE_1335_length_4034_cov_8.677533	28.39	310	183	39	61	349	1003	1875	3.8e-11	71.0
NCVOG0246-consensus	NODE_345_length_24030_cov_5.478604	29.47	285	173	28	13	285	12520	13323	3.5e-28	129.4
NCVOG4170-consensus	NODE_980_length_6264_cov_4.760142	38.52	366	153	72	45	340	835	1917	9.2e-30	133.0
NCVOG4170-consensus	NODE_400_length_20691_cov_5.757834	37.17	417	157	105	19	332	2586	1353	1.8e-28	130.4
NCVOG4170-consensus	NODE_112_length_62893_cov_4.630460	31.58	228	127	29	129	333	41381	40723	1.3e-12	79.4
NCVOG4170-consensus	NODE_6_length_222806_cov_4.960818	30.04	233	129	34	129	333	92781	93458	9e-12	77.8
NCVOG4587-consensus	NODE_607_length_11419_cov_4.766355	48.72	78	37	3	57	131	7661	7891	6.8e-12	74.2
NCVOG1044-consensus	NODE_822_length_7757_cov_4.807457	20.18	218	159	15	171	378	6237	6872	2.7e-11	72.4
NCVOG0720-consensus	NODE_446_length_18211_cov_5.029778	34.38	128	81	3	42	166	3562	3942	6.2e-16	87.5
NCVOG0720-consensus	NODE_488_length_15885_cov_5.039157	31.25	128	85	3	42	166	4886	4506	1e-13	80.0
