NCVOG0719-consensus	NODE_847_length_4202_cov_36.822061	29.86	288	160	42	21	266	224	1076	1.3e-17	91.2
NCVOG0719-consensus	NODE_3471_length_942_cov_22.358382	26.97	241	151	25	47	262	768	51	2.2e-16	85.0
NCVOG0719-consensus	NODE_330_length_9031_cov_22.721019	35.82	134	86	0	130	263	2642	2244	2.7e-16	88.0
NCVOG1069-consensus	NODE_840_length_4226_cov_24.511690	29.20	387	207	67	95	426	2043	922	3.7e-19	97.1
NCVOG0669-consensus	NODE_1404_length_2302_cov_23.347416	24.52	310	214	20	161	458	2254	1352	2.2e-12	73.7
NCVOG0669-consensus	NODE_3661_length_904_cov_24.801693	29.84	191	123	11	278	458	113	675	1.2e-11	70.0
NCVOG0333-consensus	NODE_708_length_5048_cov_30.884933	42.86	112	48	16	605	709	4414	4719	1.7e-11	72.6
NCVOG0333-consensus	NODE_79_length_19362_cov_23.241379	44.12	102	52	5	605	704	14987	15280	6.4e-11	72.6
NCVOG0333-consensus	NODE_14_length_42342_cov_38.778427	47.78	90	44	3	605	694	40385	40642	9.6e-11	73.1
NCVOG0233-consensus	NODE_43_length_27333_cov_27.845465	32.17	942	507	132	19	861	6335	9050	2.7e-37	161.0
NCVOG0233-consensus	NODE_364_length_8402_cov_24.332012	25.93	883	405	249	31	856	13	2070	1.7e-36	156.6
NCVOG0233-consensus	NODE_3159_length_1011_cov_22.533191	40.20	306	129	54	385	638	98	1006	2.9e-25	116.3
NCVOG0233-consensus	NODE_2658_length_1136_cov_98.705382	27.63	304	186	34	427	713	28	885	1.2e-23	111.1
NCVOG0233-consensus	NODE_838_length_4233_cov_26.966554	33.01	915	488	125	64	855	3549	832	2.1e-23	112.2
NCVOG0233-consensus	NODE_923_length_3806_cov_38.170555	27.39	628	347	109	12	554	1976	3774	2.4e-20	101.9
NCVOG0233-consensus	NODE_17_length_37876_cov_25.174317	25.21	702	360	165	201	738	26196	28293	6.1e-19	100.5
NCVOG0233-consensus	NODE_171_length_12985_cov_26.012783	26.19	928	546	139	38	845	3591	6290	3e-15	86.7
NCVOG0233-consensus	NODE_61_length_22429_cov_25.490068	28.82	628	345	102	136	673	15751	13909	9.2e-15	85.8
NCVOG0233-consensus	NODE_318_length_9174_cov_26.527097	24.04	445	269	69	399	776	9090	7765	8.4e-12	74.7
NCVOG0233-consensus	NODE_4355_length_781_cov_29.936080	35.04	117	72	4	516	628	419	766	1.1e-11	70.7
NCVOG0233-consensus	NODE_1153_length_2925_cov_38.444874	28.15	270	172	22	17	270	788	6	2.5e-11	71.5
NCVOG0233-consensus	NODE_1754_length_1731_cov_25.047158	27.78	378	216	57	22	363	254	1315	9.8e-11	68.8
NCVOG0013-consensus	NODE_686_length_5162_cov_193.559489	32.29	223	143	8	122	342	4444	3797	7e-22	106.8
NCVOG0013-consensus	NODE_1819_length_1670_cov_24.174513	32.89	225	143	8	122	344	1478	825	1e-21	104.6
NCVOG0013-consensus	NODE_321_length_9153_cov_17.323931	30.52	213	140	8	122	332	6489	7106	2.6e-21	105.7
NCVOG0013-consensus	NODE_1165_length_2884_cov_41.469897	30.47	233	150	12	116	342	856	1533	1.3e-18	95.1
NCVOG0013-consensus	NODE_3449_length_946_cov_27.551208	30.22	225	149	8	122	344	750	97	2.7e-18	92.5
NCVOG0013-consensus	NODE_1186_length_2835_cov_15.061639	29.55	264	142	44	119	344	1792	1022	2.5e-17	90.8
NCVOG0013-consensus	NODE_1186_length_2835_cov_15.061639	28.64	199	140	2	126	322	1015	422	5.9e-15	82.9
NCVOG0013-consensus	NODE_5425_length_582_cov_23.792079	30.10	196	128	9	144	336	578	12	1.7e-16	85.7
NCVOG0013-consensus	NODE_2441_length_1243_cov_19.821612	28.70	223	151	8	122	342	806	159	9.5e-15	81.0
NCVOG0013-consensus	NODE_218_length_11539_cov_12.367824	31.82	242	149	16	105	342	7170	7854	1.6e-14	83.5
NCVOG0013-consensus	NODE_5264_length_614_cov_18.914339	35.88	131	82	2	151	279	614	225	3.7e-11	68.1
NCVOG0297-consensus	NODE_1665_length_1830_cov_26.049059	31.37	204	113	27	301	482	1762	1177	2.2e-13	77.0
NCVOG0663-consensus	NODE_749_length_4743_cov_23.361552	25.74	641	408	68	16	599	4181	2297	1.2e-12	76.1
NCVOG0073-consensus	NODE_344_length_8805_cov_25.724908	41.04	636	339	36	20	640	4978	3141	4.4e-98	361.4
NCVOG0073-consensus	NODE_571_length_5992_cov_23.352832	35.29	683	385	57	19	673	1327	3277	1.1e-80	303.1
NCVOG0073-consensus	NODE_868_length_4121_cov_25.811325	39.16	664	349	55	19	652	3874	1967	9.8e-71	269.5
NCVOG0073-consensus	NODE_82_length_18978_cov_13.001323	26.57	606	383	62	19	566	15512	13722	1.9e-31	141.2
NCVOG0073-consensus	NODE_2367_length_1285_cov_25.159768	29.01	355	238	14	193	541	1270	243	4.4e-27	122.8
NCVOG0073-consensus	NODE_1710_length_1777_cov_28.028235	24.16	447	295	44	16	435	435	1721	4.7e-13	76.6
NCVOG2643-consensus	NODE_91_length_17817_cov_39.135626	35.58	267	152	20	2	262	3336	2581	9.2e-26	120.3
NCVOG2643-consensus	NODE_93_length_17642_cov_23.885112	34.64	280	151	32	4	260	2297	3102	3.9e-16	88.3
NCVOG0613-consensus	NODE_912_length_3886_cov_23.965083	34.07	135	71	18	10	128	2624	3019	1.1e-21	103.6
NCVOG0613-consensus	NODE_1405_length_2300_cov_23.909582	33.91	115	61	15	3	102	1957	2294	2.1e-12	72.0
NCVOG4523-consensus	NODE_3695_length_897_cov_26.464634	48.24	255	104	28	589	819	881	136	1.5e-47	190.4
NCVOG4523-consensus	NODE_762_length_4664_cov_22.764770	31.19	452	266	45	366	800	1263	9	6.3e-32	140.9
NCVOG4523-consensus	NODE_206_length_11816_cov_23.265355	41.98	131	41	35	11	122	11469	11806	2.4e-11	73.9
NCVOG1353-consensus	NODE_2811_length_1082_cov_20.836816	66.06	327	100	11	262	577	983	6	2.6e-88	325.7
NCVOG1353-consensus	NODE_751_length_4728_cov_25.786068	59.92	257	91	12	554	800	4725	3968	1.1e-69	266.0
NCVOG1353-consensus	NODE_8804_length_200_cov_14.024390	74.19	62	16	0	412	473	1	183	3.3e-17	87.0
NCVOG1353-consensus	NODE_3406_length_956_cov_26.541524	44.44	288	108	52	31	266	921	61	2.7e-15	82.9
NCVOG1353-consensus	NODE_19263_length_155_cov_13.717949	70.00	50	7	8	333	374	6	152	1.2e-11	68.2
NCVOG0353-consensus	NODE_146_length_14174_cov_25.997021	30.47	256	152	26	130	379	5846	5142	1.7e-23	113.0
NCVOG4445-consensus	NODE_89_length_17977_cov_38.284637	30.84	214	137	11	146	356	8329	7715	1.8e-12	76.8
NCVOG0055-consensus	NODE_48_length_25860_cov_27.985843	41.32	242	117	25	182	398	12085	11367	4e-31	139.4
NCVOG0055-consensus	NODE_408_length_7793_cov_23.625713	35.63	174	95	17	179	349	5330	5800	1e-15	86.5
NCVOG4105-consensus	NODE_2570_length_1178_cov_30.526794	45.08	366	186	15	422	778	7	1081	1.2e-79	297.4
NCVOG4105-consensus	NODE_1282_length_2585_cov_25.740032	41.00	461	240	32	7	444	1242	2580	1.4e-64	248.6
NCVOG4105-consensus	NODE_25820_length_155_cov_9.320513	58.82	51	21	0	151	201	155	6	7.6e-11	66.0
NCVOG0305-consensus	NODE_3911_length_862_cov_23.482803	28.92	249	168	9	1314	1559	827	102	3.5e-17	90.0
NCVOG0305-consensus	NODE_120_length_15849_cov_25.588321	29.13	254	167	13	1316	1559	11833	11084	1.3e-16	92.3
NCVOG0305-consensus	NODE_2495_length_1210_cov_25.014122	33.80	213	131	10	1351	1555	1190	561	4.5e-15	83.5
NCVOG0305-consensus	NODE_1054_length_3241_cov_23.365676	26.90	710	414	105	784	1443	1968	21	7.6e-14	80.9
NCVOG0305-consensus	NODE_19_length_36548_cov_25.713142	26.54	324	215	23	781	1081	12566	13522	2.4e-12	79.4
NCVOG0305-consensus	NODE_44_length_27194_cov_37.166316	29.84	258	163	18	1314	1557	18424	19178	2.3e-11	75.7
NCVOG0305-consensus	NODE_44_length_27194_cov_37.166316	33.08	260	152	22	1314	1557	20981	21737	8.2e-12	77.2
NCVOG0248-consensus	NODE_620_length_5666_cov_25.428699	31.25	512	260	92	8	489	775	2115	6.1e-20	100.3
NCVOG0248-consensus	NODE_1396_length_2317_cov_24.385268	28.49	502	290	69	49	490	2009	536	2.7e-14	80.2
NCVOG0105-consensus	NODE_2954_length_1052_cov_25.202051	42.05	176	94	8	630	801	521	9	6.6e-22	105.4
NCVOG0105-consensus	NODE_163_length_13292_cov_24.149981	31.72	227	143	12	679	894	6472	7146	4.7e-16	89.6
NCVOG0105-consensus	NODE_776_length_4586_cov_24.593036	27.53	316	211	18	603	907	4289	3366	2.2e-15	85.8
NCVOG4804-consensus	NODE_6481_length_323_cov_110.463415	59.81	107	43	0	73	179	323	6	7.5e-37	151.0
NCVOG4804-consensus	NODE_29925_length_98_cov_63.190476	67.74	31	10	0	95	125	95	6	2.6e-11	64.4
NCVOG0282-consensus	NODE_44_length_27194_cov_37.166316	29.34	484	291	51	122	585	17860	19199	4.3e-19	100.5
NCVOG0282-consensus	NODE_44_length_27194_cov_37.166316	25.67	557	362	52	57	585	20165	21758	5.9e-19	100.1
NCVOG0282-consensus	NODE_44_length_27194_cov_37.166316	29.56	406	237	49	198	572	24886	23738	9.6e-13	79.4
NCVOG0282-consensus	NODE_1878_length_1618_cov_38.670344	38.41	164	87	14	424	583	1545	1087	3.2e-12	73.6
NCVOG0282-consensus	NODE_877_length_4088_cov_24.697083	27.38	420	255	50	173	575	112	1259	4.4e-12	74.5
NCVOG0282-consensus	NODE_1389_length_2327_cov_23.197246	27.70	296	188	26	327	606	1046	194	5.3e-12	73.4
NCVOG4883-consensus	NODE_181_length_12725_cov_29.196790	32.35	473	291	29	2	462	5511	6863	5.4e-56	221.1
NCVOG0360-consensus	NODE_296_length_9637_cov_26.028135	42.62	298	155	16	24	307	8544	9426	6.5e-46	186.7
NCVOG0979-consensus	NODE_192_length_12314_cov_26.285037	38.46	416	174	82	2	338	6273	5042	1.7e-37	159.2
NCVOG0274-consensus	NODE_128_length_14956_cov_37.779689	37.69	1491	724	205	60	1373	4940	9315	6.1e-60	236.1
NCVOG0274-consensus	NODE_75_length_19630_cov_36.748325	29.46	1324	696	238	204	1308	2790	6697	2.6e-52	211.1
NCVOG0274-consensus	NODE_93_length_17642_cov_23.885112	33.42	1173	636	145	304	1364	17619	14233	1e-30	139.2
NCVOG0074-consensus	NODE_344_length_8805_cov_25.724908	63.62	646	222	13	5	637	4981	3051	2.5e-200	700.5
NCVOG0074-consensus	NODE_868_length_4121_cov_25.811325	58.16	643	242	27	6	625	3871	1964	3.8e-177	622.4
NCVOG0074-consensus	NODE_571_length_5992_cov_23.352832	46.95	639	298	41	6	616	1330	3200	3.4e-106	387.2
NCVOG0074-consensus	NODE_2367_length_1285_cov_25.159768	31.42	331	217	10	172	496	1270	293	6.4e-40	164.8
NCVOG0074-consensus	NODE_82_length_18978_cov_13.001323	29.81	701	407	85	6	625	15509	13428	9.2e-26	121.7
NCVOG0074-consensus	NODE_1710_length_1777_cov_28.028235	31.95	410	248	31	1	383	432	1646	1.1e-16	88.1
NCVOG0199-consensus	NODE_2932_length_1056_cov_23.041879	27.42	248	163	17	121	363	857	159	6.4e-13	75.5
NCVOG0064-consensus	NODE_2_length_74724_cov_13.028842	26.17	363	234	34	23	362	51499	50447	3.7e-12	78.1
NCVOG2254-consensus	NODE_51_length_25108_cov_39.492330	25.52	384	251	35	5	366	10448	9339	9.6e-25	119.5
NCVOG4134-consensus	NODE_193_length_12272_cov_25.583190	37.99	487	234	68	6	456	3030	1677	1.2e-32	143.5
NCVOG0214-consensus	NODE_264_length_10193_cov_23.755635	35.57	194	116	9	319	505	4260	4820	9.3e-14	81.2
NCVOG0214-consensus	NODE_2188_length_1393_cov_20.016717	27.41	270	170	26	304	553	1257	471	3.4e-11	69.8
NCVOG0276-consensus	NODE_224_length_11397_cov_25.414841	52.85	386	89	93	39	331	11028	9876	4.3e-35	151.1
NCVOG0689-consensus	NODE_4879_length_686_cov_25.528736	32.26	93	58	5	57	149	686	426	4.7e-13	74.3
NCVOG4882-consensus	NODE_1388_length_2330_cov_25.702619	33.51	367	214	30	371	718	1586	530	4.4e-25	117.0
NCVOG2204-consensus	NODE_1954_length_1551_cov_32.669607	36.45	417	207	58	29	388	1250	6	1.9e-19	96.5
NCVOG4665-consensus	NODE_4879_length_686_cov_25.528736	45.92	98	42	11	416	512	686	426	6.5e-14	77.2
NCVOG3000-consensus	NODE_4967_length_671_cov_18.153199	39.22	102	46	16	112	201	630	340	1.2e-11	68.6
NCVOG0030-consensus	NODE_845_length_4204_cov_25.527744	33.78	518	227	116	51	472	1809	3299	2.8e-29	131.4
NCVOG0030-consensus	NODE_3011_length_1040_cov_25.125649	43.90	205	89	26	23	214	878	308	3.2e-18	92.7
NCVOG0030-consensus	NODE_3865_length_871_cov_16.114610	38.96	249	129	23	267	501	844	132	1.8e-17	90.0
NCVOG4494-consensus	NODE_24_length_33743_cov_36.720787	35.74	319	183	22	21	319	4	951	1.3e-26	125.0
NCVOG4494-consensus	NODE_3140_length_1013_cov_38.222222	33.55	307	187	17	21	320	920	33	1.1e-24	113.6
NCVOG4494-consensus	NODE_414_length_7737_cov_25.724413	35.13	279	166	15	20	293	1276	473	2.9e-21	105.2
NCVOG4494-consensus	NODE_576_length_5968_cov_14.119335	35.24	349	196	30	22	352	2196	1193	3.5e-19	97.9
NCVOG4494-consensus	NODE_473_length_6898_cov_27.032107	38.10	168	101	3	21	188	1917	2408	4.9e-19	97.6
NCVOG4494-consensus	NODE_2106_length_1444_cov_23.523775	36.45	203	121	8	20	216	832	1431	1.6e-17	90.3
NCVOG4494-consensus	NODE_918_length_3819_cov_11.700962	34.85	264	149	23	19	275	798	58	1.3e-16	88.6
NCVOG4494-consensus	NODE_5536_length_558_cov_35.675676	33.77	151	97	3	62	211	465	22	2.8e-14	78.1
NCVOG4494-consensus	NODE_1590_length_1938_cov_36.694250	37.04	162	99	3	37	195	1375	1857	4.9e-14	79.2
NCVOG4494-consensus	NODE_2958_length_1050_cov_45.176773	29.91	321	198	27	10	313	24	949	8.1e-14	77.5
NCVOG4494-consensus	NODE_748_length_4744_cov_24.992501	36.84	171	102	6	10	176	3265	2762	1e-13	79.4
NCVOG4494-consensus	NODE_2443_length_1241_cov_21.840206	38.74	111	67	1	60	170	332	6	2.3e-12	72.9
NCVOG4494-consensus	NODE_4821_length_699_cov_38.827974	41.46	123	68	4	60	179	11	373	4.8e-12	71.1
NCVOG4494-consensus	NODE_3057_length_1031_cov_38.516771	28.96	297	190	21	84	366	1029	169	5e-12	71.6
NCVOG4494-consensus	NODE_4957_length_672_cov_23.652101	41.30	138	77	4	32	165	256	666	4.4e-11	67.8
NCVOG4494-consensus	NODE_6210_length_379_cov_29.894040	35.77	123	76	3	27	147	4	366	6e-11	66.5
NCVOG4477-consensus	NODE_4879_length_686_cov_25.528736	42.31	78	45	0	713	790	656	426	5.5e-13	76.1
NCVOG0267-consensus	NODE_1_length_119664_cov_26.534097	26.04	503	289	83	282	729	65462	66877	3.7e-22	113.2
NCVOG0267-consensus	NODE_1145_length_2954_cov_27.448731	29.93	441	250	59	326	733	1448	2681	1.5e-13	79.3
NCVOG0267-consensus	NODE_503_length_6647_cov_25.344749	24.84	459	277	68	337	748	1961	653	2.3e-13	79.8
NCVOG0267-consensus	NODE_1040_length_3329_cov_25.076261	26.93	479	282	68	326	765	9	1351	2.9e-13	78.5
NCVOG0267-consensus	NODE_357_length_8495_cov_38.767760	30.12	342	196	43	440	760	8493	7545	1.5e-11	74.2
NCVOG4357-consensus	NODE_6_length_57648_cov_24.716646	30.47	548	234	147	5	419	53961	55557	2e-16	91.9
NCVOG0517-consensus	NODE_1120_length_3033_cov_22.178620	28.14	231	149	17	114	334	2824	2158	9e-12	71.7
NCVOG0046-consensus	NODE_895_length_4005_cov_29.974033	50.67	75	34	3	1	72	1158	1379	4.1e-11	69.8
NCVOG0037-consensus	NODE_203_length_11847_cov_25.998301	43.10	1065	459	147	97	1016	2497	5664	4e-127	458.5
NCVOG0778-consensus	NODE_570_length_5993_cov_26.398749	30.50	482	277	58	38	504	2878	1565	3.6e-25	117.9
NCVOG0007-consensus	NODE_1363_length_2391_cov_24.088159	30.87	298	155	51	108	354	2391	1507	3.1e-12	73.0
NCVOG1115-consensus	NODE_5226_length_621_cov_29.937500	40.16	122	68	5	187	306	362	9	1.4e-20	99.0
NCVOG1115-consensus	NODE_4937_length_675_cov_27.384615	46.15	130	42	28	305	406	659	275	1.2e-19	96.0
NCVOG0015-consensus	NODE_686_length_5162_cov_193.559489	38.46	182	101	11	99	269	4333	3791	5e-23	110.3
NCVOG0015-consensus	NODE_1819_length_1670_cov_24.174513	29.03	248	162	14	102	335	1358	618	2e-20	100.1
NCVOG0015-consensus	NODE_1186_length_2835_cov_15.061639	31.11	180	113	11	99	267	1132	596	4e-15	83.2
NCVOG0015-consensus	NODE_321_length_9153_cov_17.323931	36.45	203	116	13	59	252	6494	7079	1.1e-14	83.5
NCVOG0015-consensus	NODE_5854_length_473_cov_26.979798	34.75	141	85	7	106	239	43	462	1.6e-11	68.7
NCVOG0005-consensus	NODE_4218_length_809_cov_23.867486	31.07	177	111	11	105	275	752	240	2.8e-12	71.9
NCVOG0486-consensus	NODE_9_length_50876_cov_12.138487	30.65	310	183	32	77	362	36496	37398	9.7e-19	99.1
NCVOG0744-consensus	NODE_1_length_119664_cov_26.534097	24.63	540	275	132	128	540	117716	116117	1e-20	107.4
NCVOG0806-consensus	NODE_34_length_30788_cov_22.906190	36.99	392	212	35	74	447	6363	7484	3.8e-85	319.1
NCVOG0806-consensus	NODE_261_length_10249_cov_23.482599	41.21	478	238	43	9	447	4586	6000	1e-49	199.9
NCVOG0029-consensus	NODE_6080_length_413_cov_26.630952	45.80	131	70	1	220	349	413	24	5.3e-25	113.4
NCVOG0029-consensus	NODE_5496_length_568_cov_27.751527	32.74	113	76	0	245	357	426	91	1e-15	83.0
NCVOG0029-consensus	NODE_6068_length_416_cov_22.430678	34.06	138	85	6	51	182	416	6	3.4e-15	80.9
NCVOG0029-consensus	NODE_3542_length_928_cov_26.790834	33.44	302	138	63	158	398	928	36	1.5e-12	73.2
NCVOG0029-consensus	NODE_10855_length_167_cov_34.433333	63.27	49	18	0	301	349	1	144	8.8e-11	64.9
NCVOG1326-consensus	NODE_2567_length_1180_cov_13.029012	46.83	126	64	3	24	146	7	381	3.2e-31	133.8
NCVOG1326-consensus	NODE_2368_length_1285_cov_23.989238	48.03	127	62	4	24	146	7	384	6.7e-30	129.5
NCVOG1326-consensus	NODE_2312_length_1316_cov_28.422115	45.83	96	52	0	56	151	1	285	5.5e-23	106.6
NCVOG1326-consensus	NODE_1166_length_2876_cov_33.123973	44.36	133	60	14	28	146	2466	2859	3.5e-17	88.4
NCVOG0036-consensus	NODE_32_length_31594_cov_42.858204	36.97	238	131	19	79	302	21871	21178	2.8e-18	96.6
NCVOG4561-consensus	NODE_422_length_7633_cov_34.371758	36.89	206	109	21	104	297	4693	5280	2.3e-11	72.1
NCVOG5283-consensus	NODE_4879_length_686_cov_25.528736	42.67	75	42	1	230	303	650	429	5.7e-11	68.5
NCVOG0014-consensus	NODE_1165_length_2884_cov_41.469897	28.76	233	165	1	117	349	760	1452	1.1e-21	105.2
NCVOG0014-consensus	NODE_686_length_5162_cov_193.559489	26.24	221	163	0	124	344	4333	3674	3.5e-21	104.4
NCVOG0014-consensus	NODE_1819_length_1670_cov_24.174513	28.71	209	149	0	131	339	1454	831	5.1e-21	102.2
NCVOG0014-consensus	NODE_1186_length_2835_cov_15.061639	25.48	365	249	23	6	351	1743	668	8.7e-21	102.2
NCVOG0014-consensus	NODE_3453_length_945_cov_27.729263	26.32	228	168	0	114	341	731	51	3.9e-20	98.4
NCVOG0014-consensus	NODE_2441_length_1243_cov_19.821612	25.47	322	225	15	43	351	1077	123	5e-19	95.2
NCVOG0014-consensus	NODE_321_length_9153_cov_17.323931	24.52	465	330	21	18	472	6181	7531	1.5e-18	96.5
NCVOG0014-consensus	NODE_3449_length_946_cov_27.551208	26.13	222	163	1	124	344	747	89	1.6e-17	89.8
NCVOG0014-consensus	NODE_218_length_11539_cov_12.367824	26.01	223	158	7	132	351	7237	7890	1.4e-12	77.0
NCVOG0014-consensus	NODE_5894_length_462_cov_12.387013	27.81	151	109	0	188	338	8	457	2.2e-12	71.7
NCVOG0014-consensus	NODE_2325_length_1308_cov_28.082859	29.38	177	121	4	171	345	774	1295	7.7e-11	68.0
NCVOG0014-consensus	NODE_3491_length_938_cov_41.616725	28.77	146	104	0	134	279	319	753	9.5e-11	67.2
NCVOG0002-consensus	NODE_1265_length_2629_cov_32.807602	32.49	511	312	33	332	832	1157	2615	4.8e-44	180.0
NCVOG1194-consensus	NODE_27916_length_134_cov_9.596491	54.76	42	19	0	66	107	132	10	7.1e-12	67.6
NCVOG4845-consensus	NODE_13_length_43563_cov_25.495872	28.06	531	290	92	119	631	11110	12469	2.8e-28	131.3
NCVOG4845-consensus	NODE_1094_length_3131_cov_22.879175	26.07	491	256	107	163	627	966	2190	2.8e-21	104.2
NCVOG4845-consensus	NODE_1905_length_1591_cov_36.389036	51.14	88	41	2	227	314	52	306	1.3e-18	94.3
NCVOG4845-consensus	NODE_5473_length_573_cov_21.560484	37.33	150	80	14	233	370	495	63	6.2e-13	74.0
NCVOG2775-consensus	NODE_47_length_26900_cov_27.849979	30.15	325	216	11	90	407	18943	17988	8.1e-26	122.3
NCVOG2775-consensus	NODE_1687_length_1799_cov_29.090012	31.63	294	195	6	107	397	887	18	3.4e-25	116.3
NCVOG2775-consensus	NODE_602_length_5796_cov_22.767267	31.31	214	134	13	203	405	466	1098	1.4e-17	92.7
NCVOG2775-consensus	NODE_598_length_5838_cov_24.483770	34.07	273	135	45	182	413	5011	4218	1.1e-15	86.4
NCVOG2775-consensus	NODE_105_length_16961_cov_24.913291	38.17	131	75	6	223	349	4228	3849	1.2e-11	74.5
NCVOG2775-consensus	NODE_451_length_7132_cov_22.570659	34.39	157	100	3	233	387	4683	5147	1.6e-11	72.9
NCVOG0924-consensus	NODE_132_length_14803_cov_24.894133	36.43	140	74	15	5	134	14331	14726	1.6e-12	75.6
NCVOG0893-consensus	NODE_1996_length_1522_cov_42.699654	30.85	402	245	33	78	453	1171	4	5.1e-34	145.8
NCVOG0275-consensus	NODE_1780_length_1704_cov_27.806392	26.86	175	115	13	2	163	898	1419	4.5e-12	71.0
NCVOG0729-consensus	NODE_7339_length_232_cov_12.774194	62.34	77	29	0	15	91	231	4	1.1e-21	101.6
NCVOG0729-consensus	NODE_7341_length_232_cov_12.535484	62.34	77	29	0	15	91	231	4	2.7e-21	100.3
NCVOG0729-consensus	NODE_2699_length_1119_cov_30.272553	30.74	270	159	28	297	542	1116	330	1.2e-19	97.1
NCVOG0729-consensus	NODE_8282_length_211_cov_10.850746	58.62	58	18	6	219	276	48	200	1.8e-11	67.5
NCVOG5103-consensus	NODE_6303_length_359_cov_18.095745	63.93	61	22	0	442	502	191	12	4.9e-16	84.4
NCVOG5103-consensus	NODE_422_length_7633_cov_34.371758	34.17	199	121	10	312	501	5402	4812	3.8e-15	85.8
NCVOG4874-consensus	NODE_384_length_8101_cov_24.559586	41.46	398	169	64	16	365	1846	714	1.3e-37	159.1
NCVOG4874-consensus	NODE_2_length_74724_cov_13.028842	42.08	404	167	67	12	365	61816	62961	2.3e-24	118.2
NCVOG4423-consensus	NODE_89_length_17977_cov_38.284637	34.25	146	96	0	80	225	8329	7895	6.6e-15	84.1
NCVOG1136-consensus	NODE_19443_length_155_cov_13.615385	62.50	48	18	0	294	341	10	150	2e-12	70.1
NCVOG1136-consensus	NODE_4941_length_675_cov_19.635452	43.31	157	56	33	218	341	205	670	1.1e-11	69.7
NCVOG0080-consensus	NODE_385_length_8094_cov_24.248846	33.49	421	244	36	15	402	212	1460	4.3e-29	131.2
NCVOG1049-consensus	NODE_21_length_36028_cov_17.241328	37.00	327	192	14	4	326	29841	28894	3.5e-37	159.6
NCVOG0901-consensus	NODE_1807_length_1680_cov_25.530880	44.79	163	64	26	2	140	481	6	2.9e-22	104.8
NCVOG2980-consensus	NODE_1686_length_1800_cov_26.196750	40.16	381	196	32	106	474	8	1085	2.1e-44	179.8
NCVOG2980-consensus	NODE_13061_length_155_cov_20.653846	58.33	48	20	0	427	474	4	144	8.3e-11	64.7
NCVOG1298-consensus	NODE_1297_length_2548_cov_29.150546	25.74	303	197	28	314	594	1389	2272	3.9e-14	80.1
NCVOG0657-consensus	NODE_4879_length_686_cov_25.528736	40.58	69	41	0	266	334	635	432	6.2e-11	66.8
NCVOG0652-consensus	NODE_6_length_57648_cov_24.716646	31.07	383	226	38	66	413	56195	57325	1.1e-12	79.2
NCVOG0652-consensus	NODE_5812_length_487_cov_28.387805	40.40	99	58	1	322	419	484	191	1.8e-12	71.7
NCVOG0835-consensus	NODE_2758_length_1101_cov_23.931641	27.42	299	144	73	41	267	126	1016	2.1e-17	88.6
NCVOG4522-consensus	NODE_549_length_6203_cov_35.675971	42.34	222	86	42	265	444	4737	4079	2.1e-28	128.3
NCVOG1352-consensus	NODE_1722_length_1761_cov_25.011876	37.58	157	87	11	61	210	1753	1302	7.9e-18	90.5
NCVOG0522-consensus	NODE_4879_length_686_cov_25.528736	37.89	95	52	7	25	119	686	426	2e-12	71.6
NCVOG5117-consensus	NODE_422_length_7633_cov_34.371758	31.97	269	154	29	740	983	4687	5478	1.2e-13	81.6
NCVOG5117-consensus	NODE_311_length_9312_cov_25.584732	23.23	353	255	16	618	965	2256	1234	1.6e-12	78.1
NCVOG0052-consensus	NODE_306_length_9374_cov_24.399914	36.63	101	61	3	31	131	8707	8997	1.5e-15	85.3
NCVOG4122-consensus	NODE_89_length_17977_cov_38.284637	30.00	230	156	5	65	290	8391	7712	2.1e-23	113.4
NCVOG4122-consensus	NODE_403_length_7873_cov_26.017445	32.18	202	123	14	103	290	654	1256	3.5e-11	71.6
NCVOG0032-consensus	NODE_2566_length_1180_cov_24.932910	39.32	234	119	23	625	837	178	870	1.4e-39	164.0
NCVOG0032-consensus	NODE_745_length_4784_cov_27.124920	28.76	459	245	82	436	822	80	1417	9.8e-29	130.1
NCVOG0032-consensus	NODE_3605_length_915_cov_28.743437	35.47	203	112	19	676	863	765	176	4e-26	119.0
NCVOG0032-consensus	NODE_3595_length_917_cov_23.351190	41.86	129	73	2	688	814	908	525	2.8e-24	112.9
NCVOG0032-consensus	NODE_251_length_10588_cov_25.728094	28.57	749	368	167	221	824	2821	4980	7.3e-24	115.0
NCVOG0032-consensus	NODE_152_length_13930_cov_24.004620	27.45	623	352	100	286	882	2754	4393	6.7e-21	105.6
NCVOG0032-consensus	NODE_17_length_37876_cov_25.174317	24.41	848	521	120	56	836	13667	16008	4.9e-18	97.5
NCVOG0032-consensus	NODE_113_length_16221_cov_38.198216	25.82	701	408	112	202	857	9093	10979	6.3e-18	95.9
NCVOG0032-consensus	NODE_2702_length_1118_cov_26.682037	30.92	249	139	33	598	817	953	234	1.8e-17	90.6
NCVOG0032-consensus	NODE_338_length_8872_cov_23.742467	23.84	709	404	136	171	835	1631	3470	2.5e-17	93.1
NCVOG0032-consensus	NODE_416_length_7722_cov_26.714323	33.97	156	99	4	678	832	3373	3828	2.5e-17	92.9
NCVOG0032-consensus	NODE_1286_length_2576_cov_27.074430	28.19	259	166	20	639	880	2351	1599	5.5e-17	90.1
NCVOG0032-consensus	NODE_3930_length_858_cov_27.402049	35.08	191	111	13	407	586	96	659	1.5e-16	87.1
NCVOG0032-consensus	NODE_3199_length_1002_cov_32.993514	27.68	336	177	66	321	644	1002	170	1.1e-14	81.2
NCVOG0032-consensus	NODE_258_length_10271_cov_24.415833	25.24	638	341	136	257	854	6715	5117	3.5e-11	72.9
NCVOG0302-consensus	NODE_2526_length_1193_cov_25.094086	33.01	209	124	16	330	524	1191	574	5.8e-19	94.9
NCVOG0302-consensus	NODE_1665_length_1830_cov_26.049059	35.44	206	105	28	303	482	1762	1162	1.1e-14	81.3
NCVOG0302-consensus	NODE_265_length_10141_cov_29.429508	35.96	178	94	20	359	518	6564	6044	2.2e-12	76.2
NCVOG0302-consensus	NODE_263_length_10200_cov_25.207942	31.21	141	90	7	356	491	1724	1315	2.1e-11	72.9
NCVOG0302-consensus	NODE_31_length_31716_cov_28.650653	29.67	182	114	14	3	174	20764	21294	7.7e-11	72.6
NCVOG0603-consensus	NODE_74_length_19736_cov_25.011801	33.82	476	261	54	1	426	8516	9904	4.1e-21	105.8
NCVOG1127-consensus	NODE_25_length_32964_cov_26.478426	25.91	301	196	27	71	349	16096	16980	6e-19	99.7
NCVOG0868-consensus	NODE_6515_length_317_cov_11.229167	68.18	66	21	0	158	223	287	93	4e-15	79.7
NCVOG0868-consensus	NODE_6333_length_353_cov_21.659420	68.18	66	21	0	158	223	31	225	4.6e-15	79.7
NCVOG2900-consensus	NODE_89_length_17977_cov_38.284637	25.84	178	132	0	19	196	8284	7754	1.2e-14	83.1
NCVOG2977-consensus	NODE_4879_length_686_cov_25.528736	38.82	85	50	2	107	191	647	402	1.7e-12	71.3
NCVOG0025-consensus	NODE_934_length_3742_cov_23.756071	29.43	418	257	38	102	501	2317	3501	1.2e-22	108.7
NCVOG0025-consensus	NODE_610_length_5758_cov_24.038021	29.12	419	226	71	113	515	959	2045	7e-22	106.8
NCVOG0025-consensus	NODE_652_length_5456_cov_25.193159	30.89	437	240	62	109	522	2966	1792	2.7e-19	98.1
NCVOG0025-consensus	NODE_65_length_21188_cov_24.396618	27.93	444	271	49	83	501	3669	4915	2.2e-18	97.1
NCVOG0025-consensus	NODE_1437_length_2230_cov_26.134231	32.98	188	123	3	305	491	253	807	1.4e-16	87.8
NCVOG0025-consensus	NODE_393_length_8036_cov_25.883528	26.72	393	231	57	119	502	4	1035	2.7e-15	85.4
NCVOG0025-consensus	NODE_3777_length_885_cov_32.201733	32.14	196	118	15	313	502	686	129	5.7e-14	77.8
NCVOG0025-consensus	NODE_1055_length_3239_cov_24.477230	25.65	382	235	49	112	487	1683	674	7.6e-12	72.6
NCVOG0271-consensus	NODE_317_length_9178_cov_24.055598	42.04	1225	550	160	100	1177	1504	5126	6.3e-116	421.0
NCVOG0271-consensus	NODE_10_length_47978_cov_37.857393	32.65	1222	637	186	20	1153	33025	29667	6.9e-30	137.6
NCVOG0271-consensus	NODE_3365_length_967_cov_28.904494	35.21	284	170	14	682	952	847	6	3.4e-19	96.5
NCVOG0271-consensus	NODE_1058_length_3228_cov_25.137417	44.26	244	113	23	933	1153	3213	2487	3.5e-17	91.5
NCVOG5078-consensus	NODE_4120_length_826_cov_25.921228	27.04	196	127	16	187	379	228	773	3.3e-11	68.1
NCVOG0078-consensus	NODE_5400_length_586_cov_53.852652	58.43	89	37	0	89	177	300	563	8.3e-21	98.9
NCVOG0078-consensus	NODE_7036_length_249_cov_34.418605	56.00	75	33	0	89	163	225	4	1.3e-15	80.3
NCVOG0078-consensus	NODE_13256_length_155_cov_19.987179	64.00	50	18	0	108	157	155	9	2.2e-11	65.6
NCVOG0078-consensus	NODE_6809_length_269_cov_41.109375	51.52	66	30	2	139	202	267	73	5.8e-11	65.1
NCVOG0061-consensus	NODE_37_length_29566_cov_36.295093	31.90	580	321	74	10	529	16891	15209	3.5e-15	87.0
NCVOG0451-consensus	NODE_89_length_17977_cov_38.284637	35.78	218	139	1	137	354	8341	7694	2.3e-28	129.7
NCVOG0451-consensus	NODE_3550_length_926_cov_29.260306	38.03	142	84	4	170	307	879	457	2.1e-13	75.7
NCVOG0451-consensus	NODE_19_length_36548_cov_25.713142	29.76	252	166	11	134	377	31161	30418	4e-13	80.0
NCVOG0451-consensus	NODE_403_length_7873_cov_26.017445	33.17	208	128	11	158	354	654	1274	1.5e-12	75.9
NCVOG0451-consensus	NODE_1687_length_1799_cov_29.090012	29.27	246	157	17	179	408	887	156	3.9e-12	72.4
NCVOG1351-consensus	NODE_901_length_3963_cov_39.533968	32.30	291	126	71	135	360	993	152	1.5e-15	85.3
NCVOG1351-consensus	NODE_555_length_6127_cov_24.102149	28.85	312	177	45	55	322	5527	4618	7.4e-12	73.6
NCVOG0231-consensus	NODE_106_length_16947_cov_35.624659	30.88	204	122	19	203	389	15389	15987	4.2e-15	85.5
NCVOG0301-consensus	NODE_1665_length_1830_cov_26.049059	34.82	224	116	30	297	493	1780	1129	2e-15	83.8
NCVOG0301-consensus	NODE_265_length_10141_cov_29.429508	42.34	111	55	9	361	462	6561	6236	6.7e-12	74.5
NCVOG0301-consensus	NODE_629_length_5589_cov_23.961538	27.90	276	156	43	266	504	1999	2801	2e-11	72.1
NCVOG0021-consensus	NODE_422_length_7633_cov_34.371758	29.50	417	266	28	213	625	4284	5457	6.4e-33	144.8
NCVOG0001-consensus	NODE_238_length_11002_cov_24.410618	41.33	300	151	25	313	600	6494	5639	1.3e-40	170.2
NCVOG0001-consensus	NODE_341_length_8838_cov_24.375071	47.88	236	107	16	327	555	2600	1925	2.8e-33	145.6
NCVOG0001-consensus	NODE_12_length_44604_cov_27.419858	33.51	367	211	33	256	599	17395	18460	1.4e-32	145.6
NCVOG0001-consensus	NODE_12_length_44604_cov_27.419858	36.86	255	126	35	319	547	16614	17342	4.3e-24	117.4
NCVOG0001-consensus	NODE_29_length_31909_cov_26.428091	42.17	230	118	15	323	548	657	4	1.4e-31	141.8
NCVOG0001-consensus	NODE_29_length_31909_cov_26.428091	31.72	227	132	23	340	555	1403	766	1e-16	92.4
NCVOG0001-consensus	NODE_16_length_38608_cov_71.750019	34.75	305	155	44	311	591	36304	37151	3.2e-21	107.6
NCVOG0001-consensus	NODE_177_length_12821_cov_23.933537	36.48	307	141	54	328	599	641	1493	7.1e-21	104.9
NCVOG0001-consensus	NODE_3894_length_865_cov_24.456853	32.45	265	154	25	334	584	7	761	1.6e-20	99.8
NCVOG0001-consensus	NODE_1602_length_1910_cov_29.255319	33.90	295	177	18	307	595	1888	1043	3.1e-20	100.0
NCVOG0001-consensus	NODE_375_length_8207_cov_23.280074	33.21	265	153	24	323	566	4863	5639	1.6e-19	99.7
NCVOG0001-consensus	NODE_375_length_8207_cov_23.280074	41.28	172	85	16	358	522	5911	6392	4.8e-22	108.1
NCVOG0001-consensus	NODE_360_length_8432_cov_35.906643	34.36	259	139	31	319	555	5054	5796	3.4e-18	95.4
NCVOG0001-consensus	NODE_1296_length_2558_cov_29.023378	49.46	93	43	4	466	554	18	293	3.8e-18	93.5
NCVOG0001-consensus	NODE_5704_length_518_cov_24.131519	36.26	171	89	20	397	555	518	33	3.5e-16	84.6
NCVOG0001-consensus	NODE_178_length_12766_cov_24.408228	35.69	255	128	36	327	556	12687	11963	4.6e-16	88.9
NCVOG0001-consensus	NODE_166_length_13228_cov_38.708235	30.00	220	130	24	350	555	6182	6804	3.8e-15	85.9
NCVOG0001-consensus	NODE_4523_length_753_cov_29.686391	33.19	226	134	17	369	585	748	100	3.3e-14	78.6
NCVOG0001-consensus	NODE_636_length_5538_cov_40.902216	34.98	303	133	64	326	583	4010	3172	3.7e-13	78.0
NCVOG0001-consensus	NODE_354_length_8544_cov_25.571867	34.75	282	148	36	290	546	6201	5392	1.2e-12	76.9
NCVOG0001-consensus	NODE_354_length_8544_cov_25.571867	36.27	284	128	53	320	561	7200	6391	7.2e-26	120.9
NCVOG4518-consensus	NODE_2530_length_1192_cov_23.364126	40.58	138	69	13	16	144	790	1184	1.1e-19	97.4
NCVOG2058-consensus	NODE_89_length_17977_cov_38.284637	31.03	319	204	16	93	395	8500	7547	3.8e-32	142.1
NCVOG2058-consensus	NODE_19_length_36548_cov_25.713142	33.05	236	150	8	111	338	31041	30337	2.4e-19	100.7
NCVOG2058-consensus	NODE_949_length_3668_cov_28.914230	31.10	283	177	18	104	368	2252	1407	3.6e-16	86.8
NCVOG2058-consensus	NODE_403_length_7873_cov_26.017445	34.00	200	121	11	96	284	654	1250	3e-12	74.9
NCVOG2058-consensus	NODE_1687_length_1799_cov_29.090012	32.40	287	164	30	50	312	890	51	5.2e-11	68.6
NCVOG2058-consensus	NODE_2855_length_1070_cov_35.043303	31.32	265	170	12	81	333	224	1015	6.5e-11	67.6
NCVOG0580-consensus	NODE_4879_length_686_cov_25.528736	37.25	102	61	3	98	199	683	390	1.4e-12	73.7
NCVOG1264-consensus	NODE_2762_length_1100_cov_29.381232	29.87	231	147	15	159	374	1091	410	2.4e-14	79.0
NCVOG0066-consensus	NODE_80_length_19356_cov_31.457804	35.17	381	209	38	120	469	6542	5428	7.3e-60	234.9
NCVOG0066-consensus	NODE_80_length_19356_cov_31.457804	25.06	387	263	27	100	471	8642	7525	1.7e-35	154.0
NCVOG0066-consensus	NODE_77_length_19444_cov_24.382971	31.34	351	206	35	119	445	16362	15354	1.5e-30	137.6
NCVOG0066-consensus	NODE_77_length_19444_cov_24.382971	25.77	291	206	10	121	411	14551	13712	2.4e-32	143.5
NCVOG0066-consensus	NODE_1035_length_3351_cov_26.782224	33.77	305	185	17	120	409	602	1505	4.1e-30	133.6
NCVOG0066-consensus	NODE_33_length_30984_cov_25.798622	35.11	356	197	34	125	457	12101	13122	3.5e-26	123.7
NCVOG0066-consensus	NODE_5701_length_518_cov_30.315193	33.92	171	100	13	248	409	515	18	3.5e-18	91.2
NCVOG4896-consensus	NODE_4879_length_686_cov_25.528736	43.02	86	44	5	231	316	671	432	2.3e-11	68.2
NCVOG0038-consensus	NODE_431_length_7436_cov_26.706890	39.15	751	384	73	262	970	7	2149	5.4e-42	175.1
NCVOG0038-consensus	NODE_45_length_27148_cov_25.366001	26.84	734	477	60	269	966	1916	4038	7.7e-38	163.1
NCVOG0228-consensus	NODE_16_length_38608_cov_71.750019	31.83	622	381	43	327	921	25713	23907	2.1e-43	181.9
NCVOG1128-consensus	NODE_385_length_8094_cov_24.248846	32.52	163	100	10	136	294	4757	4290	3.1e-12	74.9
NCVOG0280-consensus	NODE_1108_length_3083_cov_29.618762	22.98	805	530	90	369	1135	2261	6	3e-17	92.3
NCVOG0280-consensus	NODE_22_length_35970_cov_12.514195	21.76	1397	948	145	462	1775	20325	24314	2.8e-15	89.3
NCVOG0280-consensus	NODE_88_length_18280_cov_24.513047	19.00	1421	1015	136	352	1673	3382	7516	8e-12	76.8
NCVOG0218-consensus	NODE_422_length_7633_cov_34.371758	36.20	395	220	32	526	897	5647	4497	1.7e-23	113.7
NCVOG0218-consensus	NODE_536_length_6279_cov_14.777330	50.00	162	73	8	702	856	6176	5697	1.6e-14	83.6
NCVOG0218-consensus	NODE_89_length_17977_cov_38.284637	34.44	302	175	23	586	880	10732	11582	1.9e-13	81.5
NCVOG0218-consensus	NODE_972_length_3581_cov_22.956906	30.08	615	339	91	413	944	2198	421	1.8e-12	75.9
NCVOG0218-consensus	NODE_128_length_14956_cov_37.779689	33.84	331	197	22	653	974	9541	10483	2.4e-12	77.6
NCVOG0218-consensus	NODE_57_length_23496_cov_37.526111	28.99	576	337	72	352	866	18614	20279	5.5e-12	77.0
NCVOG0218-consensus	NODE_1394_length_2319_cov_31.882248	28.28	647	374	90	347	918	2254	398	5.4e-11	70.4
NCVOG4344-consensus	NODE_47_length_26900_cov_27.849979	28.62	325	190	42	9	322	18895	18017	2.6e-13	80.5
NCVOG2246-consensus	NODE_5339_length_599_cov_23.714559	32.11	190	118	11	136	314	32	594	7e-14	76.8
NCVOG4116-consensus	NODE_89_length_17977_cov_38.284637	31.37	153	103	2	283	433	8284	7829	4.2e-11	72.4
NCVOG0720-consensus	NODE_3046_length_1033_cov_28.104603	36.22	127	81	0	40	166	947	570	2.1e-14	77.9
NCVOG4487-consensus	NODE_48_length_25860_cov_27.985843	32.06	287	143	52	262	525	12010	11246	9.7e-12	75.4
