NCVOG0669-consensus	NODE_176_length_47474_cov_6.195877	23.24	482	293	77	54	464	46011	44589	1.9e-20	106.4
NCVOG0333-consensus	NODE_997_length_4904_cov_6.563911	42.86	112	48	16	605	709	4558	4863	6.8e-16	88.6
NCVOG0333-consensus	NODE_22269_length_164_cov_7.011494	65.96	47	15	1	632	678	25	159	1.9e-14	78.9
NCVOG0333-consensus	NODE_237_length_38694_cov_6.209105	42.48	113	56	9	599	705	13	339	7.2e-14	84.9
NCVOG0333-consensus	NODE_247_length_36472_cov_5.655282	46.39	97	43	9	605	699	4494	4228	2.8e-13	82.8
NCVOG0333-consensus	NODE_44400_length_128_cov_8.882353	64.29	42	14	1	637	678	125	6	9.5e-12	69.6
NCVOG2223-consensus	NODE_214_length_41564_cov_5.632294	41.76	170	93	6	689	858	24226	23738	5.9e-33	148.7
NCVOG0233-consensus	NODE_298_length_29703_cov_12.107608	35.77	903	479	101	42	850	15101	12417	1e-82	313.5
NCVOG0233-consensus	NODE_298_length_29703_cov_12.107608	36.02	919	492	96	38	865	10929	8191	6.1e-83	314.2
NCVOG0233-consensus	NODE_157_length_50905_cov_5.767471	38.26	920	473	95	36	868	5659	2931	1.7e-81	310.2
NCVOG0233-consensus	NODE_62_length_84267_cov_6.118339	28.10	840	324	280	226	791	36209	38703	1.5e-50	208.2
NCVOG0233-consensus	NODE_62_length_84267_cov_6.118339	28.22	808	316	264	238	792	41945	44328	4e-48	200.1
NCVOG0233-consensus	NODE_62_length_84267_cov_6.118339	25.53	760	370	196	160	738	23568	25793	1.3e-32	148.6
NCVOG0233-consensus	NODE_62_length_84267_cov_6.118339	38.36	146	90	0	115	260	35763	36197	1.9e-23	118.1
NCVOG0233-consensus	NODE_62_length_84267_cov_6.118339	33.51	185	97	26	70	228	41226	41777	1.4e-14	88.7
NCVOG0233-consensus	NODE_577_length_11363_cov_10.452685	27.38	778	455	110	131	802	2250	4562	2.5e-38	164.6
NCVOG0233-consensus	NODE_171_length_48133_cov_11.425295	24.64	828	503	121	21	777	41930	44258	2.7e-38	166.6
NCVOG0233-consensus	NODE_2095_length_1744_cov_10.068386	27.59	395	227	59	392	729	1660	485	4.6e-27	124.5
NCVOG0233-consensus	NODE_530_length_12956_cov_4.908766	24.20	628	399	77	103	688	9033	10802	3.1e-25	121.3
NCVOG0233-consensus	NODE_199_length_43653_cov_5.753236	26.94	683	330	169	137	660	16541	18552	1.8e-17	97.3
NCVOG0233-consensus	NODE_327_length_26351_cov_5.889739	30.10	206	132	12	533	731	24810	25409	2e-17	96.4
NCVOG0233-consensus	NODE_93_length_68378_cov_5.751687	27.12	826	446	156	27	704	30780	33206	1.8e-14	88.0
NCVOG0233-consensus	NODE_637_length_9308_cov_6.927310	29.87	298	147	62	135	381	4236	5089	2.7e-12	77.9
NCVOG0013-consensus	NODE_668_length_8579_cov_4.248177	33.15	184	121	2	116	297	1625	1077	2.5e-15	87.3
NCVOG0013-consensus	NODE_104_length_64766_cov_5.583295	31.45	248	155	15	100	342	16746	16036	2.6e-13	83.5
NCVOG0297-consensus	NODE_34_length_102521_cov_5.861185	25.38	331	185	62	268	538	45311	44328	2.6e-13	84.1
NCVOG0297-consensus	NODE_119_length_60013_cov_6.766668	38.05	113	66	4	385	495	11568	11897	1.7e-11	77.2
NCVOG0297-consensus	NODE_204_length_43170_cov_5.907317	27.01	137	97	3	14	148	24831	25235	1.9e-11	76.6
NCVOG0073-consensus	NODE_155_length_51157_cov_6.079601	39.37	630	333	49	40	640	32342	34164	1.4e-77	297.3
NCVOG0073-consensus	NODE_1669_length_2292_cov_8.167494	40.31	516	253	55	6	477	784	2287	6.2e-73	277.4
NCVOG0073-consensus	NODE_11_length_147798_cov_6.063850	28.11	466	320	15	67	522	10691	9314	5.3e-52	213.9
NCVOG0073-consensus	NODE_1628_length_2377_cov_12.063913	40.38	312	149	37	286	566	43	953	1.6e-50	203.0
NCVOG0073-consensus	NODE_1398_length_2971_cov_14.854181	28.31	438	257	57	276	665	279	1560	1.6e-50	203.3
NCVOG0073-consensus	NODE_9253_length_296_cov_21.164384	66.25	80	20	7	162	240	58	276	1.9e-25	116.7
NCVOG0073-consensus	NODE_4518_length_653_cov_12.109375	37.50	208	90	40	29	203	51	648	3.4e-20	100.4
NCVOG0073-consensus	NODE_7630_length_353_cov_3.318841	50.00	84	41	1	217	300	85	330	1.6e-19	97.2
NCVOG0073-consensus	NODE_6585_length_408_cov_11.570997	42.34	137	57	22	180	296	4	403	6.3e-17	88.9
NCVOG0073-consensus	NODE_4582_length_640_cov_7.110124	37.27	110	67	2	6	113	267	589	6.7e-17	89.4
NCVOG0073-consensus	NODE_9864_length_282_cov_4.814634	78.05	41	9	0	163	203	158	277	1.5e-13	77.1
NCVOG0073-consensus	NODE_8695_length_314_cov_15.873418	33.93	112	63	11	41	151	314	12	4.2e-11	69.1
NCVOG0898-consensus	NODE_1916_length_1940_cov_21.675255	22.92	288	204	18	337	619	913	96	4e-18	94.9
NCVOG1068-consensus	NODE_4993_length_573_cov_11.568548	47.17	106	39	17	102	190	256	568	1.6e-15	82.7
NCVOG1068-consensus	NODE_26867_length_155_cov_8.653846	58.82	51	20	1	141	190	1	150	2.5e-12	70.2
NCVOG2643-consensus	NODE_4200_length_712_cov_71.277165	26.36	220	139	23	2	202	45	689	2.4e-12	72.6
NCVOG2643-consensus	NODE_532_length_12911_cov_6.055945	28.20	266	145	46	4	235	3603	2845	1.9e-11	73.8
NCVOG4523-consensus	NODE_19_length_126197_cov_5.915898	38.14	472	206	86	411	831	86381	87680	2e-34	155.5
NCVOG1353-consensus	NODE_71_length_77230_cov_6.315905	54.17	840	270	115	74	800	37451	39953	5.6e-102	378.7
NCVOG1353-consensus	NODE_102_length_65238_cov_5.724974	53.04	854	281	120	65	800	44568	42024	3e-99	369.4
NCVOG4445-consensus	NODE_3276_length_990_cov_7.037240	29.78	178	117	8	188	358	990	463	4.6e-15	82.7
NCVOG4445-consensus	NODE_2153_length_1692_cov_5.668111	35.66	143	85	7	214	350	1194	1616	5.2e-14	79.9
NCVOG4445-consensus	NODE_491_length_15337_cov_5.643381	27.76	317	215	14	79	383	1938	1005	1.9e-13	81.3
NCVOG4445-consensus	NODE_498_length_15104_cov_5.753311	30.16	252	163	13	109	353	13489	14223	3.7e-13	80.3
NCVOG4445-consensus	NODE_2831_length_1177_cov_16.071818	31.86	204	128	11	96	294	462	1052	8.1e-13	75.5
NCVOG4445-consensus	NODE_2775_length_1208_cov_7.995579	29.52	227	123	37	186	375	209	886	2.8e-12	73.7
NCVOG4445-consensus	NODE_5395_length_519_cov_9.264706	33.64	107	69	2	270	375	320	6	3.7e-11	68.8
NCVOG0055-consensus	NODE_292_length_30575_cov_11.989016	37.57	173	62	46	180	306	14540	14031	6e-19	100.7
NCVOG0055-consensus	NODE_34_length_102521_cov_5.861185	40.60	133	68	11	228	356	94049	93683	6.3e-15	89.1
NCVOG0055-consensus	NODE_41_length_98250_cov_5.782804	30.31	287	159	41	169	417	83429	84265	7.6e-13	82.1
NCVOG4115-consensus	NODE_3276_length_990_cov_7.037240	28.83	163	107	9	95	251	951	475	2.3e-16	86.6
NCVOG4105-consensus	NODE_29_length_107867_cov_5.814463	34.88	1164	540	218	9	977	67855	64462	8.1e-33	149.9
NCVOG1045-consensus	NODE_165_length_49370_cov_12.920029	27.85	219	137	21	353	551	17636	16986	5.8e-11	75.2
NCVOG1045-consensus	NODE_165_length_49370_cov_12.920029	34.63	361	170	66	30	337	19155	18115	2.5e-15	89.7
NCVOG0235-consensus	NODE_22_length_118377_cov_5.659704	41.38	174	96	6	174	345	58594	58088	3.9e-35	157.0
NCVOG0305-consensus	NODE_1891_length_1968_cov_19.774722	34.18	196	123	6	1334	1527	713	141	7.2e-13	78.4
NCVOG0248-consensus	NODE_188_length_45120_cov_5.698466	28.28	495	255	100	87	489	2631	4080	2.1e-20	106.3
NCVOG4804-consensus	NODE_298_length_29703_cov_12.107608	48.68	152	76	2	31	180	7098	6648	6.9e-21	106.0
NCVOG4804-consensus	NODE_100_length_66062_cov_5.965841	60.91	110	42	1	72	180	62204	62530	3.2e-20	104.9
NCVOG4804-consensus	NODE_72_length_77097_cov_6.000273	60.91	110	42	1	72	180	57394	57068	4.2e-20	104.8
NCVOG0282-consensus	NODE_1891_length_1968_cov_19.774722	35.38	195	115	11	340	533	734	183	3.8e-13	78.5
NCVOG0844-consensus	NODE_1529_length_2621_cov_11.227987	28.27	237	158	12	5	238	842	162	1.6e-20	101.7
NCVOG4883-consensus	NODE_1626_length_2379_cov_8.618593	31.14	350	172	69	152	460	539	1497	1.3e-20	102.7
NCVOG0360-consensus	NODE_21_length_119036_cov_6.047041	40.74	351	168	40	1	318	23170	24194	4.2e-56	225.6
NCVOG0979-consensus	NODE_44_length_92912_cov_5.632477	40.21	388	165	67	8	328	56040	54882	1.2e-60	240.5
NCVOG2734-consensus	NODE_652_length_8830_cov_15.689364	21.96	255	182	17	31	273	5235	5981	5.2e-12	76.6
NCVOG0274-consensus	NODE_21_length_119036_cov_6.047041	36.30	1496	695	258	88	1344	46451	42034	1.3e-65	259.4
NCVOG0274-consensus	NODE_121_length_59777_cov_5.551575	28.44	1083	473	302	247	1039	26707	23518	7.1e-26	126.4
NCVOG0274-consensus	NODE_1776_length_2130_cov_9.547004	28.79	535	281	100	918	1359	215	1777	3.9e-16	89.2
NCVOG0274-consensus	NODE_35781_length_152_cov_12.080000	75.56	45	11	0	774	818	1	132	4.3e-14	78.6
NCVOG0274-consensus	NODE_30040_length_155_cov_6.038462	64.00	50	18	0	455	504	4	150	7.1e-12	71.3
NCVOG0274-consensus	NODE_4790_length_602_cov_6.963810	43.79	169	64	31	399	540	578	87	1.1e-11	72.6
NCVOG0274-consensus	NODE_8420_length_323_cov_9.857724	49.51	103	38	14	308	397	323	21	5.4e-11	69.4
NCVOG0074-consensus	NODE_155_length_51157_cov_6.079601	64.22	612	193	26	25	610	32339	34167	8.3e-132	476.9
NCVOG0074-consensus	NODE_1669_length_2292_cov_8.167494	57.71	480	158	45	15	449	855	2287	2.8e-99	364.3
NCVOG0074-consensus	NODE_1398_length_2971_cov_14.854181	37.45	478	204	95	226	616	106	1506	6.5e-74	280.5
NCVOG0074-consensus	NODE_1628_length_2377_cov_12.063913	48.69	419	160	55	247	610	1	1250	1.4e-72	275.7
NCVOG0074-consensus	NODE_11_length_147798_cov_6.063850	36.50	400	239	15	119	504	10477	9284	3e-66	260.6
NCVOG0074-consensus	NODE_4518_length_653_cov_12.109375	58.13	203	52	33	13	182	45	648	8.9e-46	184.8
NCVOG0074-consensus	NODE_4582_length_640_cov_7.110124	61.00	100	39	0	15	114	338	634	7.5e-34	145.2
NCVOG0074-consensus	NODE_9253_length_296_cov_21.164384	74.70	83	19	2	139	221	52	291	3e-30	132.1
NCVOG0074-consensus	NODE_7630_length_353_cov_3.318841	54.55	99	45	0	183	281	55	348	6.3e-28	124.6
NCVOG0074-consensus	NODE_6585_length_408_cov_11.570997	55.47	137	37	24	158	271	1	403	5.1e-27	121.8
NCVOG0074-consensus	NODE_2802_length_1193_cov_7.837814	53.01	83	39	0	456	538	89	334	9.4e-22	105.9
NCVOG0074-consensus	NODE_8695_length_314_cov_15.873418	42.45	106	57	4	27	131	314	9	2.3e-18	92.7
NCVOG0074-consensus	NODE_2951_length_1117_cov_10.881731	29.80	198	98	41	242	400	1	585	2.6e-18	94.4
NCVOG0074-consensus	NODE_9864_length_282_cov_4.814634	87.80	41	5	0	142	182	158	277	9.3e-15	80.6
NCVOG0074-consensus	NODE_27279_length_155_cov_8.166667	91.18	34	3	0	150	183	155	57	5.1e-12	70.6
NCVOG1299-consensus	NODE_163_length_49766_cov_6.027290	39.59	197	59	60	5	142	44378	43794	1.5e-16	91.9
NCVOG1196-consensus	NODE_902_length_5577_cov_6.253636	24.12	568	384	47	377	933	645	2237	1.9e-13	81.3
NCVOG0064-consensus	NODE_699_length_8034_cov_10.774538	24.38	443	286	49	23	439	5313	6567	5.6e-24	115.6
NCVOG4414-consensus	NODE_2831_length_1177_cov_16.071818	32.34	167	101	12	55	218	393	863	5.7e-15	82.2
NCVOG4324-consensus	NODE_4_length_184249_cov_5.845107	28.96	549	268	122	145	587	134864	133287	2.1e-14	88.5
NCVOG0214-consensus	NODE_1394_length_2975_cov_8.283299	35.82	282	148	33	302	582	2080	2826	9.6e-18	94.2
NCVOG0214-consensus	NODE_380_length_22095_cov_11.529748	33.61	244	145	17	280	523	9963	10640	2e-13	82.7
NCVOG0214-consensus	NODE_2403_length_1472_cov_3.392832	26.88	439	276	45	123	545	1382	164	3e-11	71.6
NCVOG0214-consensus	NODE_34_length_102521_cov_5.861185	33.21	277	164	21	280	544	11446	10650	4e-11	77.3
NCVOG0276-consensus	NODE_96_length_66934_cov_12.422409	55.15	408	95	88	38	357	36457	35249	6e-40	171.3
NCVOG4882-consensus	NODE_25_length_114045_cov_5.720430	33.63	342	207	20	400	725	44882	43872	4.9e-38	167.2
NCVOG2204-consensus	NODE_2142_length_1701_cov_7.096675	37.96	137	63	22	290	405	1680	1280	8.5e-19	96.0
NCVOG2204-consensus	NODE_225_length_40905_cov_5.440090	33.47	245	109	54	247	438	21091	20365	6e-16	91.2
NCVOG4966-consensus	NODE_18_length_130184_cov_6.306440	31.94	360	214	31	140	485	65945	64920	5.7e-11	76.5
NCVOG0310-consensus	NODE_648_length_8894_cov_4.070999	25.27	368	241	34	12	350	6911	7996	2e-22	110.2
NCVOG0030-consensus	NODE_798_length_6646_cov_10.805145	40.87	208	114	9	266	472	6566	5970	2.3e-50	203.6
NCVOG0030-consensus	NODE_4248_length_702_cov_13.060800	37.82	193	73	47	55	213	1	535	8e-27	122.2
NCVOG0030-consensus	NODE_16_length_137296_cov_5.903257	27.98	579	225	192	103	503	43149	44824	4.6e-17	97.4
NCVOG0030-consensus	NODE_316_length_28242_cov_6.324871	27.55	421	249	56	68	475	8825	9955	1.8e-15	89.8
NCVOG0020-consensus	NODE_58_length_86318_cov_6.393908	45.24	347	144	46	30	330	83639	84672	2.4e-72	279.2
NCVOG4494-consensus	NODE_29_length_107867_cov_5.814463	42.98	121	68	1	78	197	103624	103265	1.3e-14	88.3
NCVOG0077-consensus	NODE_6670_length_402_cov_10.947692	43.75	128	59	13	554	672	29	397	2.8e-21	102.9
NCVOG0077-consensus	NODE_109_length_63820_cov_6.005428	29.22	308	192	26	307	588	2150	1236	6.9e-21	108.9
NCVOG0077-consensus	NODE_240_length_38507_cov_6.119776	39.20	125	67	9	583	706	29045	29392	3.4e-18	99.2
NCVOG0077-consensus	NODE_623_length_9574_cov_12.465515	45.24	126	60	9	581	701	5371	5733	8.5e-18	95.9
NCVOG0077-consensus	NODE_460_length_16707_cov_11.326458	38.93	131	71	9	579	707	15950	16314	1.8e-16	92.3
NCVOG0077-consensus	NODE_16_length_137296_cov_5.903257	29.95	217	114	38	487	677	117884	117273	1.1e-13	86.0
NCVOG0296-consensus	NODE_1891_length_1968_cov_19.774722	28.49	172	110	13	61	227	629	141	1.8e-12	75.8
NCVOG0267-consensus	NODE_32_length_104337_cov_5.460723	24.75	610	339	120	291	796	41978	40210	4.6e-16	94.3
NCVOG0267-consensus	NODE_33_length_103222_cov_6.248689	26.61	451	263	68	310	718	27892	29161	1.2e-12	82.9
NCVOG4357-consensus	NODE_4990_length_574_cov_5.494970	42.58	155	84	5	334	487	13	462	5.6e-32	138.4
NCVOG4357-consensus	NODE_4517_length_654_cov_5.934142	41.94	155	85	5	334	487	13	462	3.8e-31	135.9
NCVOG4357-consensus	NODE_259_length_35219_cov_5.659012	29.01	517	216	151	24	399	16629	15114	1.2e-27	130.0
NCVOG4357-consensus	NODE_1389_length_2994_cov_9.570106	34.63	257	134	34	265	492	2980	2230	2.5e-26	122.1
NCVOG4357-consensus	NODE_247_length_36472_cov_5.655282	30.87	515	270	86	43	489	31886	30403	8.8e-23	113.9
NCVOG4357-consensus	NODE_3825_length_817_cov_11.700000	36.48	159	89	12	39	197	817	380	3.9e-21	102.9
NCVOG0046-consensus	NODE_1914_length_1943_cov_6.895498	58.49	53	21	1	6	57	1596	1751	5.3e-11	69.8
NCVOG0037-consensus	NODE_1082_length_4332_cov_11.209871	42.02	940	318	227	71	786	356	3147	4.3e-46	189.4
NCVOG0037-consensus	NODE_3884_length_796_cov_10.791377	36.05	233	98	51	788	969	98	785	2e-12	75.1
NCVOG0017-consensus	NODE_371_length_23064_cov_6.051684	27.66	376	154	118	45	312	17936	19024	8.2e-11	72.9
NCVOG0007-consensus	NODE_11_length_147798_cov_6.063850	27.10	310	159	67	25	267	119063	118147	2.5e-13	84.0
NCVOG1115-consensus	NODE_180_length_46314_cov_6.236585	39.20	250	100	52	213	410	43566	42824	2e-18	99.5
NCVOG0015-consensus	NODE_668_length_8579_cov_4.248177	30.72	166	108	7	89	247	1634	1140	2.7e-19	100.1
NCVOG0015-consensus	NODE_3028_length_1079_cov_7.052894	37.06	143	84	6	108	247	766	358	1.8e-14	81.1
NCVOG0015-consensus	NODE_1676_length_2284_cov_10.330766	34.11	129	77	8	88	208	2019	1636	2.1e-12	75.3
NCVOG0005-consensus	NODE_132_length_55846_cov_5.470279	29.08	141	87	13	104	235	40593	40186	7.6e-13	81.4
NCVOG0486-consensus	NODE_181_length_45724_cov_6.390387	27.82	381	208	67	40	371	13278	12197	2.3e-29	135.7
NCVOG0744-consensus	NODE_93_length_68378_cov_5.751687	28.30	470	240	97	97	470	40988	42387	8.9e-12	78.3
NCVOG0836-consensus	NODE_61_length_84500_cov_5.599185	26.15	524	235	152	19	396	8836	10370	1.4e-12	81.6
NCVOG0897-consensus	NODE_4_length_184249_cov_5.845107	31.31	214	112	35	16	198	54688	54062	3e-11	76.8
NCVOG0806-consensus	NODE_151_length_51773_cov_12.158890	43.22	391	152	70	123	444	7286	6124	5.5e-47	194.6
NCVOG0806-consensus	NODE_86_length_71428_cov_6.057631	31.57	434	217	80	74	444	20301	21544	1.9e-29	136.9
NCVOG0329-consensus	NODE_214_length_41564_cov_5.632294	47.62	168	80	8	1124	1286	24229	23738	2.4e-36	160.5
NCVOG0329-consensus	NODE_2790_length_1201_cov_5.646797	32.35	306	178	29	305	591	139	1023	8.2e-21	103.8
NCVOG0329-consensus	NODE_302_length_29296_cov_6.148739	23.79	702	477	58	315	972	2811	4867	1.5e-13	84.3
NCVOG0329-consensus	NODE_1916_length_1940_cov_21.675255	30.53	321	196	27	271	585	955	63	4.4e-12	75.5
NCVOG0329-consensus	NODE_2840_length_1172_cov_4.613699	32.65	245	142	23	307	537	436	1140	2.9e-11	72.1
NCVOG0329-consensus	NODE_81_length_73355_cov_6.087038	40.00	90	47	7	1159	1248	5358	5113	5.3e-11	77.2
NCVOG0029-consensus	NODE_517_length_13550_cov_5.779040	29.80	151	73	33	245	362	7512	7959	3.3e-12	77.5
NCVOG4416-consensus	NODE_1813_length_2084_cov_16.588939	34.62	104	66	2	152	253	1010	1318	2.6e-11	70.8
NCVOG4416-consensus	NODE_1464_length_2743_cov_8.840960	31.29	147	95	6	121	261	2318	1881	9.4e-11	69.3
NCVOG1326-consensus	NODE_1270_length_3334_cov_5.030089	35.95	153	78	20	13	151	2239	1802	2.1e-13	77.5
NCVOG1326-consensus	NODE_2843_length_1171_cov_5.687386	33.33	123	69	13	13	122	434	799	2.6e-11	69.1
NCVOG1326-consensus	NODE_1712_length_2224_cov_9.535165	32.52	123	70	13	13	122	1707	2072	9.9e-11	68.1
NCVOG0036-consensus	NODE_653_length_8826_cov_5.639273	38.14	215	113	20	104	303	4783	4157	7.7e-23	111.5
NCVOG0222-consensus	NODE_537_length_12747_cov_5.564641	27.31	432	281	33	75	498	3883	5100	2.4e-13	81.0
NCVOG0014-consensus	NODE_668_length_8579_cov_4.248177	27.80	223	161	0	124	346	1820	1155	6.4e-26	122.3
NCVOG0014-consensus	NODE_104_length_64766_cov_5.583295	30.32	221	151	3	131	348	16659	16000	5.1e-25	122.3
NCVOG0014-consensus	NODE_465_length_16354_cov_6.219635	25.25	202	151	0	124	325	3390	3992	6.4e-14	83.4
NCVOG0014-consensus	NODE_1676_length_2284_cov_10.330766	26.76	213	139	17	128	323	1974	1341	3.4e-11	71.5
NCVOG0002-consensus	NODE_56_length_86787_cov_6.038323	31.57	567	310	78	305	829	45381	43798	2.5e-17	97.8
NCVOG2775-consensus	NODE_1032_length_4617_cov_6.302203	33.20	256	168	3	178	431	1692	931	1.4e-34	150.3
NCVOG2775-consensus	NODE_1023_length_4686_cov_10.745281	34.69	245	155	5	181	423	483	1205	2.3e-33	146.3
NCVOG2775-consensus	NODE_77_length_75118_cov_10.027503	28.70	338	206	35	99	402	17360	18367	1.1e-25	124.8
NCVOG2775-consensus	NODE_652_length_8830_cov_15.689364	31.30	345	201	36	99	412	5511	6527	2.4e-22	110.6
NCVOG2775-consensus	NODE_652_length_8830_cov_15.689364	32.88	146	93	5	183	323	6612	7046	4.1e-13	79.9
NCVOG2775-consensus	NODE_164_length_49506_cov_5.673957	36.79	193	120	2	166	358	42808	43377	4.1e-22	112.3
NCVOG2775-consensus	NODE_399_length_20748_cov_7.258333	29.63	351	210	37	98	412	12267	13313	9.4e-19	99.9
NCVOG2775-consensus	NODE_63_length_82348_cov_5.768848	34.77	348	221	6	62	405	63735	64769	5.2e-18	99.4
NCVOG2775-consensus	NODE_10_length_152466_cov_5.945969	28.57	322	219	11	99	413	7653	8603	2.1e-14	88.3
NCVOG2775-consensus	NODE_2902_length_1136_cov_11.794145	27.63	333	204	37	127	423	21	1013	7.3e-11	69.5
NCVOG2775-consensus	NODE_466_length_16339_cov_6.130550	29.66	381	237	31	52	412	10157	11259	9.2e-11	73.0
NCVOG4884-consensus	NODE_71_length_77230_cov_6.315905	29.78	272	167	24	210	473	1550	2314	3.1e-12	80.3
NCVOG0893-consensus	NODE_64_length_82287_cov_5.982301	26.86	510	264	109	105	509	18633	20139	5.9e-21	109.7
NCVOG0275-consensus	NODE_1989_length_1846_cov_7.754664	28.83	163	113	3	6	167	1314	1793	1.4e-17	91.0
NCVOG0275-consensus	NODE_721_length_7737_cov_17.014491	50.00	82	41	0	7	88	6256	6498	2.3e-16	89.0
NCVOG0729-consensus	NODE_123_length_58863_cov_11.799272	34.47	615	265	138	2	495	16197	17971	1.6e-18	100.6
NCVOG5103-consensus	NODE_4996_length_573_cov_8.516129	52.50	80	34	4	435	510	1	237	5.7e-11	69.7
NCVOG5103-consensus	NODE_279_length_31815_cov_11.019882	28.71	209	136	13	239	441	9312	8710	9.4e-11	74.8
NCVOG4874-consensus	NODE_214_length_41564_cov_5.632294	36.02	397	151	103	12	308	30294	29122	2.1e-19	102.4
NCVOG4874-consensus	NODE_136_length_55193_cov_12.460338	37.14	350	117	103	38	287	30591	31618	2.8e-17	95.8
NCVOG4423-consensus	NODE_3276_length_990_cov_7.037240	32.85	137	88	4	86	218	897	490	6.4e-16	84.8
NCVOG4423-consensus	NODE_2397_length_1474_cov_10.976378	31.47	143	93	5	79	217	427	5	2.4e-11	70.1
NCVOG4001-consensus	NODE_63_length_82348_cov_5.768848	31.08	325	192	32	44	360	64068	64967	1.2e-15	91.6
NCVOG4001-consensus	NODE_164_length_49506_cov_5.673957	29.33	208	130	17	194	400	42838	43410	1.7e-14	87.0
NCVOG4001-consensus	NODE_466_length_16339_cov_6.130550	25.79	380	241	41	59	423	10130	11188	8.7e-12	76.4
NCVOG0605-consensus	NODE_991_length_4927_cov_11.031753	37.59	133	76	7	358	490	1254	880	1e-12	77.6
NCVOG0772-consensus	NODE_60_length_84562_cov_5.733420	46.08	102	52	3	121	221	27061	26765	4.1e-18	98.5
NCVOG1136-consensus	NODE_7_length_160199_cov_6.087783	42.13	375	129	88	191	479	32468	33575	1.2e-27	132.0
NCVOG0822-consensus	NODE_164_length_49506_cov_5.673957	28.26	230	141	24	94	320	42751	43374	4.7e-11	75.4
NCVOG0059-consensus	NODE_718_length_7790_cov_11.884092	45.24	84	46	0	263	346	1870	1622	3.4e-19	99.6
NCVOG0219-consensus	NODE_214_length_41564_cov_5.632294	25.64	589	389	49	117	677	25436	23738	8.3e-36	157.9
NCVOG0901-consensus	NODE_27_length_112354_cov_5.949331	47.75	111	35	23	76	163	64292	63967	8.2e-12	77.6
NCVOG2980-consensus	NODE_353_length_24521_cov_11.653289	40.07	277	155	11	202	474	97	903	1.9e-49	201.8
NCVOG0652-consensus	NODE_218_length_41316_cov_11.593482	26.08	418	254	55	50	414	24870	23638	1.5e-25	123.0
NCVOG0652-consensus	NODE_1289_length_3260_cov_8.805844	37.21	129	74	7	197	320	1605	1980	4e-11	71.4
NCVOG0835-consensus	NODE_357_length_24010_cov_5.632516	40.94	149	73	15	131	265	15506	15946	4.6e-16	90.1
NCVOG4522-consensus	NODE_614_length_9931_cov_15.823625	48.91	92	46	1	251	341	278	6	1.6e-20	104.4
NCVOG4522-consensus	NODE_9739_length_284_cov_11.729469	46.03	63	32	2	346	408	284	105	1.5e-11	69.4
NCVOG0330-consensus	NODE_3282_length_985_cov_14.720264	33.33	93	59	3	437	527	664	392	3.9e-13	77.2
NCVOG0052-consensus	NODE_9_length_155217_cov_5.902901	35.11	131	80	5	3	131	151382	151008	1.3e-15	86.3
NCVOG4122-consensus	NODE_2831_length_1177_cov_16.071818	31.09	341	216	19	70	400	46	1034	2.5e-20	100.7
NCVOG4122-consensus	NODE_161_length_50603_cov_6.145628	31.80	283	178	15	99	371	14275	13445	4.4e-19	102.0
NCVOG4122-consensus	NODE_131_length_56338_cov_5.654272	28.87	426	273	30	53	458	47166	48410	8.8e-12	77.9
NCVOG4122-consensus	NODE_2775_length_1208_cov_7.995579	29.94	354	194	54	73	400	213	1183	1.3e-11	71.8
NCVOG4022-consensus	NODE_5_length_179429_cov_5.950533	28.97	252	139	40	111	328	131125	130391	1.5e-12	81.3
NCVOG0312-consensus	NODE_181_length_45724_cov_6.390387	22.06	689	506	31	91	765	28063	30075	4.8e-12	79.5
NCVOG0312-consensus	NODE_248_length_36381_cov_5.414142	21.57	626	434	57	173	769	32508	34298	2.8e-11	76.6
NCVOG0032-consensus	NODE_269_length_33360_cov_5.709028	27.08	720	349	176	287	836	17095	19225	1.6e-17	97.1
NCVOG0032-consensus	NODE_11_length_147798_cov_6.063850	28.55	620	317	126	245	814	99036	97422	1.1e-13	86.5
NCVOG0032-consensus	NODE_469_length_16265_cov_11.475167	37.60	125	73	5	696	820	5871	6227	3.6e-13	81.6
NCVOG0302-consensus	NODE_204_length_43170_cov_5.907317	31.36	169	114	2	2	170	24795	25292	1.1e-19	103.9
NCVOG0302-consensus	NODE_34_length_102521_cov_5.861185	28.36	335	168	72	269	535	45311	44328	4.9e-18	99.7
NCVOG0302-consensus	NODE_1891_length_1968_cov_19.774722	30.48	210	132	14	283	482	719	111	1.6e-17	92.3
NCVOG0302-consensus	NODE_125_length_57569_cov_5.993582	30.72	166	113	2	2	167	48898	49386	3.6e-16	92.7
NCVOG0302-consensus	NODE_931_length_5341_cov_12.592895	31.20	125	79	7	300	419	437	76	6.5e-11	71.8
NCVOG1127-consensus	NODE_9_length_155217_cov_5.902901	27.63	228	151	14	63	284	1872	1216	5.6e-26	126.8
NCVOG0985-consensus	NODE_81_length_73355_cov_6.087038	29.98	457	196	124	64	407	50775	52097	1.9e-15	90.5
NCVOG2900-consensus	NODE_3276_length_990_cov_7.037240	32.40	179	117	4	39	213	990	457	3.2e-17	89.0
NCVOG0996-consensus	NODE_2649_length_1279_cov_10.666389	25.23	325	223	20	172	493	1279	361	8.5e-11	69.2
NCVOG0025-consensus	NODE_25_length_114045_cov_5.720430	24.07	486	317	52	46	486	109138	110571	2.4e-17	97.5
NCVOG0025-consensus	NODE_535_length_12850_cov_4.855163	24.37	435	271	58	113	521	8230	9435	2.2e-16	91.2
NCVOG0025-consensus	NODE_713_length_7827_cov_11.291613	24.43	397	265	35	112	487	6560	7695	4.1e-16	89.6
NCVOG0025-consensus	NODE_103_length_65127_cov_5.708055	26.64	473	232	115	102	515	62320	61081	9.3e-16	91.5
NCVOG0025-consensus	NODE_3226_length_1007_cov_10.163441	33.70	92	61	0	416	507	1007	735	2.1e-14	80.9
NCVOG0025-consensus	NODE_581_length_11088_cov_4.457452	25.53	188	129	11	305	487	3280	3818	5.1e-12	76.5
NCVOG0025-consensus	NODE_224_length_41009_cov_6.165470	24.44	446	277	60	112	513	31712	30434	7e-12	77.9
NCVOG0025-consensus	NODE_273_length_33032_cov_6.127811	24.74	384	261	28	111	487	19688	20771	9.2e-12	77.2
NCVOG0025-consensus	NODE_282_length_31532_cov_6.053346	26.18	424	260	53	104	508	20411	19251	1.3e-11	76.6
NCVOG0271-consensus	NODE_3400_length_950_cov_10.584192	52.26	287	86	51	920	1155	72	925	2.5e-71	271.2
NCVOG0271-consensus	NODE_2925_length_1127_cov_8.609524	40.48	331	138	59	647	919	13	997	1.6e-58	228.8
NCVOG0271-consensus	NODE_233_length_40095_cov_10.959168	32.99	1246	616	219	78	1133	22862	19235	7.6e-27	128.8
NCVOG0271-consensus	NODE_2891_length_1143_cov_9.268293	34.72	265	99	74	425	615	347	1138	4.3e-24	114.5
NCVOG0271-consensus	NODE_331_length_25829_cov_5.570752	28.04	1134	622	194	156	1107	10948	14300	5.1e-23	115.4
NCVOG0271-consensus	NODE_2602_length_1320_cov_5.777152	29.21	267	114	75	175	367	818	24	1.4e-15	86.4
NCVOG3078-consensus	NODE_9_length_155217_cov_5.902901	26.11	203	137	13	39	238	1836	1261	3.3e-12	80.9
NCVOG4568-consensus	NODE_2649_length_1279_cov_10.666389	43.97	257	127	17	231	482	1239	512	2.2e-13	77.8
NCVOG0061-consensus	NODE_541_length_12530_cov_10.885650	30.18	570	299	99	59	541	8779	7115	7.8e-42	175.8
NCVOG0451-consensus	NODE_3276_length_990_cov_7.037240	38.10	168	97	7	124	284	966	466	3.9e-23	109.6
NCVOG0451-consensus	NODE_498_length_15104_cov_5.753311	35.00	240	151	5	140	374	13600	14316	4.6e-20	103.3
NCVOG0451-consensus	NODE_632_length_9443_cov_11.664994	30.77	299	192	15	112	402	4822	5692	2.8e-19	100.0
NCVOG0451-consensus	NODE_2397_length_1474_cov_10.976378	38.06	155	92	4	128	278	466	5	1.4e-16	88.4
NCVOG0451-consensus	NODE_1464_length_2743_cov_8.840960	44.29	140	75	3	147	283	2300	1884	6.4e-16	87.1
NCVOG0451-consensus	NODE_5395_length_519_cov_9.264706	37.16	148	91	2	123	269	464	27	2.2e-15	82.9
NCVOG0451-consensus	NODE_2775_length_1208_cov_7.995579	33.19	229	130	23	135	340	320	1003	2.3e-15	84.0
NCVOG0451-consensus	NODE_1813_length_2084_cov_16.588939	29.27	246	161	13	141	376	995	1720	2.5e-15	84.7
NCVOG0451-consensus	NODE_2153_length_1692_cov_5.668111	42.14	140	78	3	147	283	1209	1625	3.1e-15	84.1
NCVOG0451-consensus	NODE_161_length_50603_cov_6.145628	35.95	242	143	12	139	375	14233	13532	6.7e-14	84.6
NCVOG0451-consensus	NODE_131_length_56338_cov_5.654272	28.63	241	164	8	141	375	47244	47957	5.9e-13	81.6
NCVOG0451-consensus	NODE_148_length_51929_cov_5.543479	33.51	191	117	10	194	376	2223	2786	4.3e-12	78.6
NCVOG0451-consensus	NODE_2831_length_1177_cov_16.071818	32.00	250	160	10	131	376	141	869	7.9e-12	72.3
NCVOG0451-consensus	NODE_4357_length_684_cov_10.215815	34.54	194	111	16	194	374	644	75	1.1e-11	71.0
NCVOG0451-consensus	NODE_8815_length_311_cov_7.641026	40.38	104	60	2	143	245	309	4	2.9e-11	68.5
NCVOG0451-consensus	NODE_5259_length_539_cov_17.201299	30.98	184	117	10	148	327	539	9	5.9e-11	68.2
NCVOG0451-consensus	NODE_100_length_66062_cov_5.965841	30.20	255	146	32	147	375	51431	50692	9.5e-11	74.5
NCVOG4421-consensus	NODE_3276_length_990_cov_7.037240	41.18	85	46	4	86	166	816	565	8.9e-13	73.9
NCVOG4421-consensus	NODE_2397_length_1474_cov_10.976378	36.05	86	54	1	79	163	436	182	6.4e-12	71.6
NCVOG0531-consensus	NODE_3021_length_1081_cov_8.876494	23.33	240	147	37	21	223	13	725	1.8e-18	94.3
NCVOG0531-consensus	NODE_20_length_123828_cov_5.856696	28.64	213	138	14	8	206	90911	90276	3.1e-14	87.1
NCVOG0301-consensus	NODE_34_length_102521_cov_5.861185	26.95	334	174	70	269	535	45311	44328	2e-11	77.8
NCVOG0021-consensus	NODE_354_length_24485_cov_5.648927	27.02	581	384	40	101	655	21992	20295	3.3e-12	79.2
NCVOG0021-consensus	NODE_864_length_5983_cov_10.657298	26.40	428	295	20	82	501	3375	4615	1.8e-11	74.7
NCVOG2860-consensus	NODE_2831_length_1177_cov_16.071818	29.38	211	138	11	162	366	159	773	6.3e-16	85.7
NCVOG2860-consensus	NODE_498_length_15104_cov_5.753311	32.46	228	141	13	131	348	13489	14160	1.2e-15	88.5
NCVOG2860-consensus	NODE_632_length_9443_cov_11.664994	29.63	216	143	9	162	368	4784	5428	1.8e-13	80.6
NCVOG2860-consensus	NODE_2153_length_1692_cov_5.668111	36.17	141	85	5	174	309	1209	1628	3.4e-12	73.9
NCVOG2860-consensus	NODE_1464_length_2743_cov_8.840960	36.88	141	84	5	174	309	2300	1881	6.9e-12	73.5
NCVOG2860-consensus	NODE_2397_length_1474_cov_10.976378	27.53	178	123	6	132	303	535	5	2.4e-11	70.8
NCVOG2860-consensus	NODE_586_length_10875_cov_5.799593	28.42	278	175	24	72	335	1490	702	2.4e-11	73.7
NCVOG0001-consensus	NODE_76_length_75726_cov_17.501051	43.34	293	145	21	313	600	1145	318	4.5e-65	255.8
NCVOG0001-consensus	NODE_289_length_30680_cov_6.195046	41.46	246	115	29	333	551	30330	29606	4.5e-54	217.9
NCVOG0001-consensus	NODE_26_length_113882_cov_6.165353	40.25	236	122	19	328	555	52166	52837	1.2e-51	211.8
NCVOG0001-consensus	NODE_14_length_141884_cov_5.806763	40.75	319	141	48	274	560	66165	67068	8.3e-34	152.8
NCVOG0001-consensus	NODE_143_length_52583_cov_5.902068	43.48	161	69	22	354	500	33543	33996	6.9e-30	138.3
NCVOG0001-consensus	NODE_439_length_17422_cov_6.327184	42.50	200	102	13	335	534	12376	12933	4.5e-26	124.1
NCVOG0001-consensus	NODE_439_length_17422_cov_6.327184	35.34	283	128	55	331	566	13291	14108	3.6e-34	151.0
NCVOG0001-consensus	NODE_4_length_184249_cov_5.845107	35.28	309	142	58	320	583	55643	56523	6.4e-18	100.1
NCVOG0001-consensus	NODE_4_length_184249_cov_5.845107	30.97	352	153	90	280	555	56557	57561	6.4e-18	100.1
NCVOG0001-consensus	NODE_1474_length_2722_cov_13.910397	37.17	113	54	17	458	553	2648	2315	2.4e-15	85.7
NCVOG0001-consensus	NODE_12_length_147518_cov_5.931769	32.86	353	161	76	333	619	12503	13514	6e-14	86.9
NCVOG0001-consensus	NODE_122_length_58897_cov_5.505797	35.43	254	111	53	337	549	21951	21233	1e-13	84.8
NCVOG0001-consensus	NODE_16652_length_198_cov_14.694215	48.33	60	28	3	357	416	10	177	4.8e-13	74.3
NCVOG0001-consensus	NODE_226_length_40816_cov_5.697931	27.66	376	171	101	283	566	10729	9640	7.7e-13	81.4
NCVOG0001-consensus	NODE_561_length_11791_cov_11.324057	31.50	346	141	96	326	595	9724	8754	8.9e-13	79.3
NCVOG0001-consensus	NODE_28_length_111379_cov_5.670141	33.59	259	108	64	356	555	20057	20807	2.1e-12	81.3
NCVOG4518-consensus	NODE_412_length_19546_cov_17.429760	33.28	577	253	132	19	556	12660	14100	9.2e-15	86.5
NCVOG2058-consensus	NODE_131_length_56338_cov_5.654272	30.55	347	227	14	48	384	47160	48185	4.5e-28	131.8
NCVOG2058-consensus	NODE_161_length_50603_cov_6.145628	31.35	303	197	11	103	399	14332	13442	9.1e-27	127.3
NCVOG2058-consensus	NODE_498_length_15104_cov_5.753311	36.48	244	147	8	133	369	13492	14217	2.7e-25	120.6
NCVOG2058-consensus	NODE_2775_length_1208_cov_7.995579	32.48	314	184	28	49	338	77	1003	1.8e-23	111.0
NCVOG2058-consensus	NODE_2397_length_1474_cov_10.976378	37.29	177	107	4	163	335	535	8	3.5e-23	110.2
NCVOG2058-consensus	NODE_370_length_23169_cov_5.476226	33.95	271	143	36	96	342	19878	20651	9.4e-20	102.8
NCVOG2058-consensus	NODE_3276_length_990_cov_7.037240	36.67	180	107	7	114	286	990	454	1.4e-18	94.4
NCVOG2058-consensus	NODE_1464_length_2743_cov_8.840960	41.67	144	79	5	112	251	2309	1884	2.2e-18	95.2
NCVOG2058-consensus	NODE_2153_length_1692_cov_5.668111	39.58	144	82	5	112	251	1200	1625	3.9e-18	93.7
NCVOG2058-consensus	NODE_5259_length_539_cov_17.201299	35.12	168	98	11	146	309	539	60	1e-17	90.6
NCVOG2058-consensus	NODE_1813_length_2084_cov_16.588939	33.33	207	125	13	109	304	995	1606	3.7e-17	90.8
NCVOG2058-consensus	NODE_11_length_147798_cov_6.063850	30.53	285	186	12	94	371	76912	76076	2.2e-15	91.0
NCVOG2058-consensus	NODE_632_length_9443_cov_11.664994	31.40	258	169	8	90	339	5114	5884	1.5e-14	84.3
NCVOG2058-consensus	NODE_1032_length_4617_cov_6.302203	31.98	247	145	23	111	334	1728	991	9.5e-13	77.3
NCVOG2058-consensus	NODE_100_length_66062_cov_5.965841	36.96	184	105	11	100	278	51224	50698	4.6e-12	78.8
NCVOG2058-consensus	NODE_5361_length_524_cov_14.937360	32.76	174	101	16	165	325	4	513	6.7e-12	71.3
NCVOG2058-consensus	NODE_2831_length_1177_cov_16.071818	35.97	253	140	22	64	307	318	1034	1.3e-11	71.5
NCVOG2058-consensus	NODE_148_length_51929_cov_5.543479	32.28	189	119	9	102	281	2223	2786	1.8e-11	76.5
NCVOG0038-consensus	NODE_282_length_31532_cov_6.053346	30.32	1105	469	301	149	970	22572	25805	1e-12	81.4
NCVOG0228-consensus	NODE_946_length_5263_cov_2.562669	36.57	134	82	3	565	697	2762	3154	1e-14	85.2
NCVOG0228-consensus	NODE_946_length_5263_cov_2.562669	33.94	109	68	4	814	922	4462	4773	1e-14	85.2
NCVOG0280-consensus	NODE_181_length_45724_cov_6.390387	22.46	1634	1094	173	251	1777	25357	30045	3.4e-24	120.8
NCVOG0280-consensus	NODE_82_length_73328_cov_6.418465	20.92	1396	962	142	329	1655	27121	31080	1.7e-15	92.6
NCVOG0280-consensus	NODE_197_length_44114_cov_11.292618	22.65	1002	687	88	400	1367	39589	42409	3.7e-15	90.7
NCVOG0218-consensus	NODE_548_length_12226_cov_8.926167	35.53	622	326	75	359	944	7585	5846	3.9e-22	111.3
NCVOG0218-consensus	NODE_548_length_12226_cov_8.926167	32.98	573	334	50	354	894	9348	7703	7.9e-15	87.1
NCVOG0218-consensus	NODE_1783_length_2121_cov_6.988748	37.06	545	301	42	394	918	535	2084	5.5e-20	101.7
NCVOG0218-consensus	NODE_119_length_60013_cov_6.766668	38.15	561	291	56	411	937	58369	59940	1.1e-16	95.5
NCVOG0218-consensus	NODE_173_length_47954_cov_5.884934	37.02	497	266	47	434	904	33873	35293	5.8e-16	92.8
NCVOG0218-consensus	NODE_446_length_17305_cov_4.932610	31.88	828	454	110	192	938	2580	235	6.8e-15	87.8
NCVOG0218-consensus	NODE_356_length_24194_cov_5.388730	31.61	601	346	65	353	903	5116	6870	1.1e-14	87.5
NCVOG0218-consensus	NODE_8_length_156679_cov_11.620899	31.49	924	433	200	189	949	101671	104268	2.1e-14	89.2
NCVOG0218-consensus	NODE_397_length_20808_cov_5.785683	31.70	653	341	105	354	913	4132	2233	2.2e-14	86.4
NCVOG0218-consensus	NODE_3186_length_1025_cov_4.724684	43.66	339	143	48	611	901	1019	22	2.9e-14	81.6
NCVOG0218-consensus	NODE_2796_length_1196_cov_7.700626	47.93	217	97	16	676	881	1186	558	4.5e-14	81.2
NCVOG0218-consensus	NODE_40_length_98285_cov_5.934181	33.87	561	292	79	347	843	37736	39366	4.6e-14	87.5
NCVOG0218-consensus	NODE_99_length_66176_cov_5.938274	34.52	701	387	72	283	922	62164	60154	1.3e-13	85.4
NCVOG0218-consensus	NODE_1346_length_3104_cov_6.989098	34.74	685	309	138	354	905	2059	75	1.8e-13	80.5
NCVOG0218-consensus	NODE_429_length_17819_cov_5.129866	32.76	693	292	174	360	893	2543	563	3.1e-13	82.3
NCVOG0218-consensus	NODE_1029_length_4647_cov_9.901751	34.28	668	287	152	374	897	4644	2702	3.7e-13	80.1
NCVOG0218-consensus	NODE_1583_length_2478_cov_7.630154	35.59	503	273	51	423	898	1641	236	4.8e-13	78.8
NCVOG0218-consensus	NODE_741_length_7331_cov_7.235732	36.58	544	247	98	379	845	1572	21	8.8e-13	79.5
NCVOG0218-consensus	NODE_420_length_18649_cov_5.147426	31.12	723	351	147	354	934	10765	8639	1.3e-12	80.3
NCVOG0218-consensus	NODE_4326_length_688_cov_10.176759	48.28	232	104	16	612	835	688	26	1.4e-12	75.4
NCVOG0218-consensus	NODE_442_length_17392_cov_11.795553	34.04	617	283	124	382	898	15643	17386	2.2e-12	79.4
NCVOG0218-consensus	NODE_1916_length_1940_cov_21.675255	43.66	268	136	15	593	846	95	888	2.4e-12	76.1
NCVOG0218-consensus	NODE_748_length_7234_cov_3.656700	32.72	544	250	116	366	827	7232	5742	2.4e-12	78.0
NCVOG0218-consensus	NODE_941_length_5282_cov_7.608646	33.92	457	250	52	432	849	3713	5019	6e-12	76.3
NCVOG0218-consensus	NODE_312_length_28313_cov_5.735905	30.62	627	307	128	385	891	22625	24468	6.8e-12	78.5
NCVOG0218-consensus	NODE_1575_length_2496_cov_13.636627	34.95	412	224	44	436	826	581	1722	9.5e-12	74.5
NCVOG0218-consensus	NODE_141_length_53944_cov_5.893980	36.63	475	211	90	444	853	53697	52399	1.3e-11	78.5
NCVOG0218-consensus	NODE_2044_length_1786_cov_8.495026	31.47	626	338	91	358	912	1785	5	3.5e-11	72.1
NCVOG0218-consensus	NODE_1271_length_3333_cov_4.260749	38.50	387	200	38	591	944	3331	2209	4.7e-11	72.6
NCVOG0218-consensus	NODE_1636_length_2364_cov_12.139921	37.96	324	180	21	526	834	1362	2290	7e-11	71.6
NCVOG0218-consensus	NODE_148_length_51929_cov_5.543479	39.20	324	171	26	590	897	29185	30105	7e-11	76.0
NCVOG0308-consensus	NODE_150_length_51803_cov_11.343425	21.21	910	616	101	21	866	31911	29296	6.3e-14	86.0
NCVOG0018-consensus	NODE_153_length_51351_cov_10.602344	23.42	901	605	85	291	1125	37696	35068	6.3e-13	82.9
NCVOG0018-consensus	NODE_2790_length_1201_cov_5.646797	27.87	409	244	51	678	1058	1199	45	7.5e-13	77.2
NCVOG0820-consensus	NODE_208_length_42659_cov_11.022991	26.30	422	264	47	47	442	18550	17351	1e-26	127.1
NCVOG4344-consensus	NODE_63_length_82348_cov_5.768848	33.06	369	199	48	15	345	63753	64814	5.8e-21	109.0
NCVOG4344-consensus	NODE_10_length_152466_cov_5.945969	32.60	362	188	56	15	336	7563	8597	1.2e-14	89.0
NCVOG4344-consensus	NODE_1023_length_4686_cov_10.745281	26.60	312	213	16	21	326	459	1361	8e-14	81.2
NCVOG2246-consensus	NODE_101_length_65472_cov_5.671336	28.70	460	221	107	70	423	52119	53486	2.2e-22	113.3
NCVOG4116-consensus	NODE_498_length_15104_cov_5.753311	31.03	203	131	9	238	433	13609	14208	2.3e-12	77.8
NCVOG1044-consensus	NODE_398_length_20788_cov_5.527546	22.08	240	172	15	165	395	17101	16403	1.7e-18	98.8
