NCVOG0333-consensus	scaffold_8	47.47	99	41	11	599	695	137061	137327	1.6e-12	74.8
NCVOG0333-consensus	scaffold_7	49.45	91	37	9	605	695	529006	528764	1.8e-12	74.5
NCVOG2223-consensus	scaffold_31	36.19	257	134	30	682	911	147450	148204	1.3e-21	105.4
NCVOG0233-consensus	scaffold_43	37.11	900	488	78	36	866	100806	103475	2e-60	234.2
NCVOG0233-consensus	scaffold_27	27.10	668	390	97	110	729	55863	57714	3.5e-28	127.1
NCVOG0233-consensus	scaffold_31	32.47	887	420	179	93	803	225143	222505	3.2e-21	103.2
NCVOG0233-consensus	scaffold_128	31.07	927	384	255	180	853	31505	28740	1.2e-16	87.2
NCVOG0233-consensus	scaffold_34	23.44	866	395	268	203	801	174788	172213	1.4e-13	77.7
NCVOG0233-consensus	scaffold_50	24.53	750	346	220	204	745	163160	160962	6.3e-12	70.4
NCVOG0233-consensus	scaffold_2	23.21	741	355	214	169	703	505677	507854	5.9e-11	69.9
NCVOG1446-consensus	scaffold_128	23.22	590	397	56	31	590	35113	36801	2e-22	106.5
NCVOG0763-consensus	scaffold_96	41.83	153	80	9	162	312	35408	35842	2.4e-13	75.6
NCVOG0763-consensus	scaffold_148	29.54	325	201	28	11	308	8317	7353	4.9e-13	72.8
NCVOG0763-consensus	scaffold_111	29.54	325	201	28	11	308	5953	6917	1.3e-12	72.8
NCVOG0763-consensus	scaffold_29	27.53	316	207	22	2	305	171290	172192	8.4e-12	70.7
NCVOG0297-consensus	scaffold_3	30.24	291	174	29	264	537	147577	146744	3.6e-12	73.2
NCVOG0073-consensus	scaffold_5	37.52	637	307	91	39	602	502473	500628	5.3e-23	110.0
NCVOG0073-consensus	scaffold_4	25.75	365	236	35	80	414	353601	354675	6.4e-19	96.4
NCVOG0073-consensus	scaffold_10	32.48	662	300	147	141	669	248367	250291	4e-17	90.5
NCVOG0073-consensus	scaffold_107	33.88	729	296	186	78	637	60596	62712	2.8e-13	76.6
NCVOG0073-consensus	scaffold_10	31.69	729	354	144	47	649	353014	350895	8.5e-13	76.1
NCVOG0073-consensus	scaffold_91	34.17	720	352	122	40	646	26883	29000	4.1e-11	69.8
NCVOG0073-consensus	scaffold_91	34.22	713	347	122	47	646	65431	67527	2e-12	74.2
NCVOG2643-consensus	scaffold_21	44.44	90	47	3	175	264	312506	312249	9.3e-11	64.2
NCVOG4523-consensus	scaffold_12	29.65	897	413	218	112	825	222247	224811	3.9e-21	104.0
NCVOG1353-consensus	scaffold_25	56.23	859	274	102	41	800	88510	91066	1.8e-72	274.1
NCVOG4445-consensus	scaffold_84	28.83	333	205	32	78	382	98641	99624	3.4e-12	72.2
NCVOG0055-consensus	scaffold_10	31.17	247	123	47	193	392	51954	51221	2.3e-12	73.5
NCVOG4105-consensus	scaffold_96	37.56	1017	453	182	14	872	45574	48531	8.6e-41	168.6
NCVOG0225-consensus	scaffold_81	26.80	194	126	16	109	294	80736	80182	7.7e-11	67.4
NCVOG0305-consensus	scaffold_25	35.02	237	121	33	1352	1563	127446	128129	4.6e-16	87.7
NCVOG0305-consensus	scaffold_8	34.93	209	129	7	1334	1539	499393	500004	4.3e-15	84.2
NCVOG0305-consensus	scaffold_8	34.21	152	89	11	1422	1571	511612	512033	6.6e-12	73.6
NCVOG0305-consensus	scaffold_136	28.63	234	141	26	1328	1541	32377	31697	4e-13	76.0
NCVOG0305-consensus	scaffold_15	44.19	86	45	3	1421	1506	172950	173195	5.8e-13	77.4
NCVOG0305-consensus	scaffold_15	44.19	86	45	3	1421	1506	237122	237367	5.8e-13	77.4
NCVOG0305-consensus	scaffold_19	29.66	290	157	47	760	1005	188775	189630	4.6e-12	74.4
NCVOG0305-consensus	scaffold_13	26.87	227	127	39	1334	1522	387466	386792	1.9e-11	72.2
NCVOG0305-consensus	scaffold_46	26.82	302	160	61	782	1034	37053	37919	2.5e-11	72.0
NCVOG4804-consensus	scaffold_81	55.88	68	28	2	70	135	36020	36220	5.4e-12	70.7
NCVOG4804-consensus	scaffold_79	43.11	167	45	50	70	186	75373	75864	5.5e-12	70.7
NCVOG0282-consensus	scaffold_8	35.56	180	107	9	349	526	499387	499902	5.6e-14	79.6
NCVOG2963-consensus	scaffold_73	39.02	164	92	8	104	259	49360	48876	1.4e-15	83.4
NCVOG2963-consensus	scaffold_203	33.94	165	104	5	124	288	8573	9049	2.2e-14	75.7
NCVOG2963-consensus	scaffold_105	33.93	168	106	5	124	291	11531	11046	1.4e-13	76.1
NCVOG2963-consensus	scaffold_59	32.75	171	110	5	156	322	5849	5343	2.3e-12	73.1
NCVOG2963-consensus	scaffold_11	26.67	210	141	13	103	311	261369	261955	4.8e-12	72.0
NCVOG2963-consensus	scaffold_34	24.15	236	170	9	73	306	26157	25474	9.8e-11	67.7
NCVOG4883-consensus	scaffold_138	30.93	430	221	76	40	408	20058	21299	5.9e-21	100.1
NCVOG0360-consensus	scaffold_63	41.80	323	155	33	24	315	9437	10392	7.9e-44	177.5
NCVOG0979-consensus	scaffold_18	44.15	342	134	57	35	322	26521	27534	2.3e-37	156.3
NCVOG2734-consensus	scaffold_80	24.21	347	244	19	31	372	64909	65904	1.9e-11	70.7
NCVOG0274-consensus	scaffold_4	39.62	1489	730	169	34	1378	377636	382022	2.3e-64	248.0
NCVOG0274-consensus	scaffold_4	31.52	1066	483	247	214	1039	482648	479489	6.5e-26	120.2
NCVOG0274-consensus	scaffold_4	30.80	828	391	182	214	862	451109	448644	9.5e-26	119.7
NCVOG0274-consensus	scaffold_4	38.68	380	167	66	721	1039	449063	447950	4.3e-25	117.5
NCVOG0274-consensus	scaffold_11	31.78	1457	694	300	183	1366	395308	391042	2.2e-23	111.8
NCVOG0074-consensus	scaffold_5	57.65	680	196	92	25	612	502473	500447	1.4e-64	247.6
NCVOG0074-consensus	scaffold_91	48.83	684	225	125	20	584	26865	28883	2.1e-30	133.4
NCVOG0074-consensus	scaffold_91	48.90	681	223	125	20	581	65392	67401	2.1e-30	133.4
NCVOG0074-consensus	scaffold_10	49.21	699	172	183	6	524	247869	249943	1.6e-27	124.4
NCVOG0074-consensus	scaffold_107	52.08	672	155	167	39	543	60456	62448	2.3e-26	119.5
NCVOG0074-consensus	scaffold_62	25.52	525	305	86	108	552	23317	24864	2.6e-22	107.1
NCVOG0074-consensus	scaffold_10	40.14	690	269	144	57	612	352939	350913	8e-17	88.9
NCVOG0074-consensus	scaffold_4	25.26	487	298	66	110	539	353754	355182	5.5e-13	76.2
NCVOG1196-consensus	scaffold_59	23.58	564	388	43	332	878	6967	5361	1.7e-11	72.0
NCVOG0352-consensus	scaffold_1	31.96	219	140	9	10	221	128796	128149	7.5e-16	84.2
NCVOG4324-consensus	scaffold_13	30.00	550	288	97	143	630	259091	257552	5.7e-26	119.3
NCVOG0244-consensus	scaffold_51	24.41	553	374	44	16	547	123202	121620	2e-18	94.1
NCVOG0244-consensus	scaffold_143	26.91	379	232	45	26	398	3628	4640	1.6e-11	68.8
NCVOG0244-consensus	scaffold_22	26.91	379	232	45	26	398	14258	13246	7.8e-11	68.9
NCVOG0334-consensus	scaffold_5	35.56	284	141	42	45	299	9958	9153	4.3e-21	102.1
NCVOG0304-consensus	scaffold_3	33.71	178	104	14	53	219	147598	147077	1e-16	88.2
NCVOG0304-consensus	scaffold_22	37.50	168	94	11	40	201	99930	99445	3.6e-14	79.7
NCVOG0304-consensus	scaffold_33	28.28	198	128	14	15	205	210795	210226	4.6e-11	68.6
NCVOG0214-consensus	scaffold_12	32.63	236	151	8	280	512	322460	323149	4.3e-19	96.7
NCVOG0214-consensus	scaffold_25	29.71	239	151	17	305	541	265542	266210	2.8e-13	77.2
NCVOG0276-consensus	scaffold_19	66.56	326	83	26	58	357	102618	101644	4.5e-64	245.0
NCVOG4882-consensus	scaffold_18	29.19	394	221	58	385	730	6904	8052	1.1e-24	115.7
NCVOG2204-consensus	scaffold_112	29.95	444	222	89	50	405	26453	27774	4.8e-15	81.4
NCVOG0777-consensus	scaffold_65	30.91	495	269	73	153	595	70258	71664	3.2e-28	127.8
NCVOG0777-consensus	scaffold_65	35.56	225	124	21	193	398	74517	75182	7.2e-21	103.4
NCVOG0777-consensus	scaffold_127	28.07	513	312	57	104	571	48983	50472	1.3e-18	94.5
NCVOG0777-consensus	scaffold_88	23.13	670	424	91	17	672	78599	76830	1.5e-15	85.3
NCVOG0777-consensus	scaffold_28	42.31	182	93	12	273	453	186328	185819	9.6e-15	82.8
NCVOG0777-consensus	scaffold_65	32.51	243	131	33	196	420	75176	74504	1.5e-11	72.5
NCVOG0777-consensus	scaffold_65	29.09	275	165	30	196	455	71514	70740	4.1e-13	77.7
NCVOG0185-consensus	scaffold_28	42.31	104	54	6	10	112	55271	54982	2.4e-16	86.0
NCVOG0185-consensus	scaffold_13	31.06	132	86	5	16	147	193919	193542	5.1e-12	71.6
NCVOG0030-consensus	scaffold_129	32.95	528	273	81	26	490	27669	26151	2.5e-28	125.7
NCVOG0030-consensus	scaffold_26	35.87	513	214	115	68	484	37801	39263	1.8e-13	78.0
NCVOG4494-consensus	scaffold_13	32.54	169	108	6	27	190	329758	330254	1.2e-12	74.6
NCVOG4494-consensus	scaffold_111	36.97	165	95	9	72	227	21166	20675	5.8e-11	68.1
NCVOG0277-consensus	scaffold_19	28.21	319	197	32	60	362	102597	101692	1.3e-13	77.4
NCVOG2647-consensus	scaffold_43	39.87	158	86	9	32	180	113877	113407	1.8e-22	106.3
NCVOG0267-consensus	scaffold_95	27.60	529	340	43	271	785	81186	82682	1.1e-28	128.4
NCVOG0267-consensus	scaffold_11	26.97	445	253	72	341	735	479726	478467	1.6e-12	73.9
NCVOG0267-consensus	scaffold_15	25.64	511	302	78	269	718	414300	415770	4.4e-11	70.4
NCVOG4357-consensus	scaffold_29	29.94	471	203	127	79	435	46248	44888	3.3e-16	86.5
NCVOG0517-consensus	scaffold_11	25.49	255	167	23	108	344	261470	262216	6.1e-11	68.5
NCVOG0037-consensus	scaffold_2	42.82	1142	408	245	70	969	419283	415884	1.2e-37	158.8
NCVOG0007-consensus	scaffold_21	31.36	236	123	39	73	269	234793	235495	6.6e-11	68.5
NCVOG0015-consensus	scaffold_12	38.03	142	81	7	110	244	475209	474787	5.8e-11	67.3
NCVOG0486-consensus	scaffold_18	31.96	291	170	28	100	371	149942	150784	1.5e-18	93.9
NCVOG0806-consensus	scaffold_89	40.39	359	123	91	126	394	20960	19898	2.2e-36	152.7
NCVOG0987-consensus	scaffold_65	29.33	283	164	36	151	420	70786	71562	7.6e-11	70.1
NCVOG0329-consensus	scaffold_31	29.24	407	218	70	973	1333	147054	148195	5.6e-20	100.5
NCVOG0329-consensus	scaffold_307	24.34	604	391	66	159	721	1745	14	1.5e-14	76.1
NCVOG0029-consensus	scaffold_7	54.44	90	41	0	262	351	251968	251702	9.4e-20	98.4
NCVOG0029-consensus	scaffold_4	26.25	522	285	100	74	499	457890	459436	2.8e-14	80.3
NCVOG0029-consensus	scaffold_4	26.25	522	285	100	74	499	426351	427897	2.8e-14	80.3
NCVOG4154-consensus	scaffold_38	31.55	206	131	10	91	291	173091	172496	7.8e-14	76.6
NCVOG0785-consensus	scaffold_15	29.26	188	119	14	37	217	317626	318161	5.7e-11	67.6
NCVOG0036-consensus	scaffold_16	39.46	147	86	3	104	249	364448	364879	1.1e-17	90.5
NCVOG0014-consensus	scaffold_18	30.00	180	118	8	168	339	134448	134984	7.6e-12	72.1
NCVOG1194-consensus	scaffold_28	43.48	69	36	3	63	128	55214	55015	1.5e-12	73.9
NCVOG0780-consensus	scaffold_176	27.10	214	145	11	115	324	12187	12804	3.3e-11	66.2
NCVOG2775-consensus	scaffold_80	39.71	340	201	4	76	413	64708	65718	3.3e-56	219.1
NCVOG2775-consensus	scaffold_84	36.54	405	235	22	2	402	98633	99786	1.8e-36	153.5
NCVOG2775-consensus	scaffold_51	38.51	335	178	28	99	410	122719	121733	1.7e-34	147.5
NCVOG2775-consensus	scaffold_51	44.19	172	87	9	218	385	123250	122755	8.7e-25	115.2
NCVOG2775-consensus	scaffold_39	44.85	165	91	0	199	363	35	526	2.1e-27	123.9
NCVOG2775-consensus	scaffold_142	36.63	344	185	33	98	410	21843	22865	4.3e-27	120.6
NCVOG2775-consensus	scaffold_5	30.16	252	174	2	153	403	348818	349567	7.9e-27	122.0
NCVOG2775-consensus	scaffold_5	33.84	198	119	12	188	381	321922	322486	1.8e-15	84.3
NCVOG2775-consensus	scaffold_12	32.82	393	241	23	179	569	159456	158344	7.2e-25	115.5
NCVOG2775-consensus	scaffold_19	29.84	429	259	42	111	512	287609	286393	1.9e-20	100.9
NCVOG2775-consensus	scaffold_19	26.47	442	270	55	6	399	288998	287697	3.6e-18	93.3
NCVOG2775-consensus	scaffold_143	33.14	341	200	28	104	418	3502	4515	1.5e-17	88.9
NCVOG2775-consensus	scaffold_143	29.14	302	164	50	90	373	2590	3394	1e-17	89.4
NCVOG2775-consensus	scaffold_143	32.44	262	158	19	121	371	4590	5348	1e-14	79.4
NCVOG2775-consensus	scaffold_22	29.14	302	164	50	90	373	15296	14492	7.3e-17	88.9
NCVOG2775-consensus	scaffold_22	33.14	341	200	28	104	418	14384	13371	7.3e-17	88.9
NCVOG2775-consensus	scaffold_22	32.44	262	158	19	121	371	13296	12538	5.2e-14	79.4
NCVOG2775-consensus	scaffold_17	30.62	418	235	55	22	412	159878	161044	3.3e-16	86.8
NCVOG2775-consensus	scaffold_144	26.03	411	261	43	166	541	13435	12230	6.5e-13	73.4
NCVOG2775-consensus	scaffold_74	30.38	418	254	37	2	415	45230	46373	1.2e-12	74.5
NCVOG2775-consensus	scaffold_44	30.59	340	194	42	123	432	38758	39728	2.1e-11	70.8
NCVOG2775-consensus	scaffold_44	34.52	168	104	6	222	387	40264	40744	2.1e-11	70.8
NCVOG0924-consensus	scaffold_18	37.06	143	82	8	31	170	360874	360464	3.9e-13	74.3
NCVOG0729-consensus	scaffold_18	34.36	614	230	173	5	462	62175	63948	1.6e-14	81.1
NCVOG0729-consensus	scaffold_18	34.36	614	230	173	5	462	89606	91379	1.6e-14	81.1
NCVOG5103-consensus	scaffold_28	77.33	75	17	0	436	510	55226	55005	6e-27	123.3
NCVOG5103-consensus	scaffold_18	22.98	248	176	15	254	491	360080	359355	1.8e-11	71.2
NCVOG4874-consensus	scaffold_1	40.10	389	149	84	50	371	710276	709170	1.8e-19	96.9
NCVOG4874-consensus	scaffold_78	37.01	335	130	81	101	366	17166	18127	9.5e-17	87.4
NCVOG4423-consensus	scaffold_51	40.35	114	62	6	90	197	122692	122354	3.1e-13	75.5
NCVOG4423-consensus	scaffold_10	30.86	175	104	17	68	225	428558	428045	6e-11	67.9
NCVOG4001-consensus	scaffold_84	29.40	466	278	51	68	527	98575	99830	1.8e-20	100.3
NCVOG4001-consensus	scaffold_22	30.81	409	223	60	43	431	14174	13075	2.2e-16	87.3
NCVOG4001-consensus	scaffold_51	26.94	438	261	59	44	463	122887	121706	2.2e-16	87.3
NCVOG4001-consensus	scaffold_143	30.81	409	223	60	43	431	3712	4811	2.8e-15	81.3
NCVOG4001-consensus	scaffold_39	37.19	199	105	20	60	256	8	547	5.4e-15	82.7
NCVOG4001-consensus	scaffold_144	33.03	218	115	31	91	290	13272	12665	1.4e-12	72.4
NCVOG0605-consensus	scaffold_93	35.76	151	83	14	343	486	26229	25801	1.2e-13	77.3
NCVOG0605-consensus	scaffold_28	35.56	135	79	8	345	477	186190	185807	1.1e-11	71.1
NCVOG1136-consensus	scaffold_93	48.93	327	114	53	193	468	33415	32446	5.4e-46	184.7
NCVOG0822-consensus	scaffold_142	27.76	299	191	25	126	424	21876	22694	5.7e-13	73.5
NCVOG0822-consensus	scaffold_39	33.17	199	115	18	66	264	8	547	2.7e-12	73.5
NCVOG0059-consensus	scaffold_3	31.10	209	133	11	158	360	361643	361039	2.3e-15	83.6
NCVOG1049-consensus	scaffold_3	35.11	262	97	73	54	243	264490	265269	2.7e-11	69.6
NCVOG1049-consensus	scaffold_7	32.89	149	96	4	17	163	191131	191568	2.7e-11	69.6
NCVOG0219-consensus	scaffold_31	34.53	278	147	35	478	722	147369	148189	3.8e-22	106.8
NCVOG0901-consensus	scaffold_25	37.09	151	48	47	65	168	178198	178647	6.8e-12	70.5
NCVOG2980-consensus	scaffold_51	35.04	411	212	55	106	463	135020	136241	6.8e-21	102.0
NCVOG4462-consensus	scaffold_142	34.57	162	103	3	85	245	22365	22841	1.7e-13	74.9
NCVOG4462-consensus	scaffold_39	33.89	180	113	6	102	280	33	550	2.5e-13	76.6
NCVOG4462-consensus	scaffold_80	26.95	308	200	25	58	357	64849	65712	2.1e-12	73.0
NCVOG4522-consensus	scaffold_3	38.89	234	92	51	262	444	594507	593811	1.1e-19	97.9
NCVOG5117-consensus	scaffold_45	27.63	380	225	50	690	1050	88515	89554	1.3e-12	76.3
NCVOG5117-consensus	scaffold_74	26.27	609	371	78	414	989	48362	46686	3e-11	71.4
NCVOG5117-consensus	scaffold_105	35.12	168	94	15	800	965	73520	73065	6e-11	69.8
NCVOG0052-consensus	scaffold_58	36.63	101	61	3	31	131	105335	105045	5.2e-12	71.4
NCVOG4122-consensus	scaffold_80	34.22	412	231	40	89	460	64684	65916	6.1e-30	131.6
NCVOG4122-consensus	scaffold_51	38.75	400	211	34	96	466	122884	121703	3.5e-23	109.6
NCVOG4122-consensus	scaffold_143	31.94	382	210	50	95	441	3616	4709	6.8e-19	93.0
NCVOG4122-consensus	scaffold_22	31.94	382	210	50	95	441	14270	13177	3.3e-18	93.0
NCVOG4122-consensus	scaffold_84	36.63	415	219	44	69	439	98513	99750	6.9e-18	91.4
NCVOG4122-consensus	scaffold_10	27.20	250	159	23	78	315	428717	428006	3.5e-11	69.7
NCVOG0032-consensus	scaffold_88	24.74	881	439	224	112	811	61395	58901	1.8e-18	94.3
NCVOG0032-consensus	scaffold_21	25.19	643	360	121	292	877	284681	282958	1.2e-16	88.8
NCVOG0032-consensus	scaffold_163	25.38	457	238	103	411	856	14088	12997	1.3e-16	85.6
NCVOG0032-consensus	scaffold_4	25.04	579	358	76	290	814	264870	263215	9.2e-16	85.9
NCVOG0032-consensus	scaffold_30	25.38	457	238	103	411	856	21499	22590	1.1e-15	85.6
NCVOG0032-consensus	scaffold_187	25.11	713	321	213	306	822	5192	3120	2.2e-15	81.0
NCVOG0032-consensus	scaffold_3	24.42	651	346	146	257	880	205504	203918	7.3e-15	82.9
NCVOG0032-consensus	scaffold_5	26.65	454	257	76	405	816	486084	484836	7.3e-11	69.6
NCVOG0302-consensus	scaffold_3	31.02	303	192	17	245	534	147637	146744	2e-31	137.2
NCVOG0302-consensus	scaffold_95	35.10	151	96	2	2	152	56732	57175	2.9e-18	92.7
NCVOG0302-consensus	scaffold_33	30.77	182	124	2	2	183	30439	30975	9.7e-17	88.4
NCVOG0302-consensus	scaffold_47	28.50	214	124	29	353	544	75695	75078	1.4e-11	71.3
NCVOG0012-consensus	scaffold_39	50.34	145	55	17	288	416	190697	190273	1.5e-29	129.4
NCVOG0012-consensus	scaffold_1	42.00	150	74	13	274	415	196138	196569	8.4e-28	125.0
NCVOG0012-consensus	scaffold_1	42.76	145	71	12	292	426	194224	194649	5.7e-24	112.3
NCVOG0012-consensus	scaffold_88	30.31	386	217	52	63	418	78771	77703	3.2e-25	115.8
NCVOG0012-consensus	scaffold_88	40.25	159	64	31	302	429	77642	77169	7.9e-20	97.9
NCVOG0012-consensus	scaffold_95	40.39	203	102	19	282	466	87966	87376	3.6e-25	115.5
NCVOG0012-consensus	scaffold_186	59.04	83	25	9	313	395	9161	8943	2.1e-19	93.5
NCVOG0012-consensus	scaffold_66	38.02	121	70	5	306	421	17991	17632	2.7e-19	96.6
NCVOG0012-consensus	scaffold_66	34.45	238	105	51	222	411	84888	84195	2.2e-15	83.5
NCVOG0012-consensus	scaffold_13	41.46	123	65	7	303	421	193916	193564	4.6e-19	96.0
NCVOG0012-consensus	scaffold_2	40.79	152	59	31	290	411	59515	59066	1.7e-18	94.1
NCVOG0012-consensus	scaffold_64	48.81	84	40	3	305	387	81123	80881	4.9e-18	92.5
NCVOG0012-consensus	scaffold_64	48.81	84	40	3	305	387	77777	77535	4.9e-18	92.5
NCVOG0012-consensus	scaffold_64	36.36	165	71	34	283	415	22684	22199	1.8e-17	90.6
NCVOG0012-consensus	scaffold_5	41.32	121	65	6	306	424	191540	191887	1.1e-17	91.4
NCVOG0012-consensus	scaffold_74	33.79	219	114	31	243	433	27014	26380	1.8e-17	90.3
NCVOG0012-consensus	scaffold_8	41.67	108	52	11	320	426	350215	350505	4.1e-17	89.5
NCVOG0012-consensus	scaffold_23	39.68	126	71	5	303	425	144208	144570	5e-17	89.2
NCVOG0012-consensus	scaffold_23	47.71	109	48	9	308	409	29387	29694	1.3e-13	77.8
NCVOG0012-consensus	scaffold_23	34.88	129	76	8	304	428	107794	108165	2.7e-12	73.5
NCVOG0012-consensus	scaffold_43	40.62	160	66	29	292	425	42278	41815	6e-17	89.0
NCVOG0012-consensus	scaffold_14	28.29	251	153	27	217	444	25064	24329	7.3e-17	88.7
NCVOG0012-consensus	scaffold_14	28.29	251	153	27	217	444	13562	12827	2.4e-17	90.3
NCVOG0012-consensus	scaffold_96	37.96	137	76	9	311	445	34696	35078	9.2e-17	87.6
NCVOG0012-consensus	scaffold_25	42.95	156	72	17	306	451	164938	165367	9.2e-17	88.1
NCVOG0012-consensus	scaffold_176	49.55	111	41	15	326	434	14078	13788	1e-16	84.9
NCVOG0012-consensus	scaffold_11	28.28	396	229	55	85	435	411571	410429	1.3e-16	87.9
NCVOG0012-consensus	scaffold_11	52.05	73	31	4	314	384	328603	328394	1.3e-16	87.9
NCVOG0012-consensus	scaffold_191	34.93	146	90	5	284	424	3253	2819	2.8e-16	83.0
NCVOG0012-consensus	scaffold_74	41.78	146	58	27	296	415	46963	47394	3e-16	86.2
NCVOG0012-consensus	scaffold_48	43.93	107	50	10	303	402	35831	35523	7e-16	85.4
NCVOG0012-consensus	scaffold_51	39.66	179	80	28	252	414	151172	150683	1.3e-15	81.6
NCVOG0012-consensus	scaffold_91	40.50	121	59	13	302	416	24382	24720	1.6e-15	83.5
NCVOG0012-consensus	scaffold_91	40.50	121	59	13	302	416	62909	63247	1.6e-15	83.5
NCVOG0012-consensus	scaffold_46	40.52	116	50	19	282	397	57438	57725	1.8e-15	84.1
NCVOG0012-consensus	scaffold_7	36.64	131	77	6	298	426	445187	445560	1.8e-15	84.1
NCVOG0012-consensus	scaffold_60	25.62	324	214	27	79	385	7894	8828	2.6e-15	83.5
NCVOG0012-consensus	scaffold_232	33.53	173	92	23	260	413	3520	4019	2.7e-15	78.6
NCVOG0012-consensus	scaffold_104	41.84	141	64	18	302	426	46126	45713	2.8e-15	82.4
NCVOG0012-consensus	scaffold_20	34.93	146	90	5	284	424	266476	266910	3.8e-15	83.0
NCVOG0012-consensus	scaffold_23	35.07	134	85	2	271	402	149626	150020	3.8e-15	83.0
NCVOG0012-consensus	scaffold_71	33.20	256	138	33	178	413	32371	31664	5.3e-15	82.2
NCVOG0012-consensus	scaffold_78	43.00	100	55	2	310	408	21497	21790	5.9e-15	81.9
NCVOG0012-consensus	scaffold_72	34.87	238	104	51	222	411	112270	112963	6.2e-15	81.9
NCVOG0012-consensus	scaffold_16	33.73	249	122	43	211	416	6523	5788	8e-15	81.9
NCVOG0012-consensus	scaffold_19	42.31	130	69	6	260	383	354237	354613	8.5e-15	80.8
NCVOG0012-consensus	scaffold_108	36.36	154	82	16	302	441	45779	46231	1.2e-14	80.3
NCVOG0012-consensus	scaffold_108	29.69	192	110	25	275	441	47698	48270	8.2e-15	80.8
NCVOG0012-consensus	scaffold_10	35.16	128	77	6	294	415	110660	110280	1.4e-14	81.1
NCVOG0012-consensus	scaffold_4	36.53	167	95	11	261	417	382579	383073	1.4e-14	81.1
NCVOG0012-consensus	scaffold_100	44.09	93	49	3	282	372	78668	78398	2.9e-14	79.2
NCVOG0012-consensus	scaffold_105	36.65	161	58	44	304	422	73057	73530	3.2e-14	78.9
NCVOG0012-consensus	scaffold_42	48.57	70	34	2	320	387	83504	83710	4.4e-14	79.5
NCVOG0012-consensus	scaffold_12	39.46	147	46	43	304	410	23973	24401	6.3e-14	78.9
NCVOG0012-consensus	scaffold_336	34.38	128	75	9	309	429	574	200	8.4e-14	71.8
NCVOG0012-consensus	scaffold_67	44.86	107	42	17	320	414	53525	53225	1.2e-13	77.8
NCVOG0012-consensus	scaffold_1	45.36	97	41	12	301	391	415003	414736	1.6e-13	77.6
NCVOG0012-consensus	scaffold_23	31.05	219	123	28	223	414	171206	170568	2.9e-13	76.8
NCVOG0012-consensus	scaffold_69	31.53	203	123	16	219	406	92853	93453	5.1e-13	75.7
NCVOG0012-consensus	scaffold_97	54.22	83	27	11	310	384	74557	74783	5.2e-13	75.1
NCVOG0012-consensus	scaffold_97	28.75	160	105	9	288	438	75719	76195	2.8e-12	72.7
NCVOG0012-consensus	scaffold_18	45.65	92	45	5	305	394	243857	243594	6.1e-13	75.7
NCVOG0012-consensus	scaffold_117	49.45	91	39	7	303	387	51930	52192	6.6e-13	74.3
NCVOG0012-consensus	scaffold_117	51.28	78	35	3	303	378	62927	63154	3.9e-14	78.4
NCVOG0012-consensus	scaffold_247	34.97	183	103	16	247	420	583	59	8.5e-13	69.9
NCVOG0012-consensus	scaffold_41	54.22	83	27	11	310	384	85268	85494	8.8e-13	75.1
NCVOG0012-consensus	scaffold_41	28.75	160	105	9	288	438	86430	86906	4.8e-12	72.7
NCVOG0012-consensus	scaffold_127	27.82	284	165	40	183	428	48263	49099	2e-12	72.4
NCVOG0012-consensus	scaffold_28	38.76	129	69	10	296	414	230604	230987	2.1e-12	73.5
NCVOG0012-consensus	scaffold_28	38.76	129	69	10	296	414	249763	250146	4.6e-13	75.7
NCVOG0012-consensus	scaffold_28	29.30	157	108	3	258	411	197675	198142	2.1e-12	73.5
NCVOG0012-consensus	scaffold_92	41.22	131	56	21	305	414	44993	44604	3e-12	72.7
NCVOG0012-consensus	scaffold_16	37.19	121	66	10	304	420	194337	193996	4e-12	73.0
NCVOG0012-consensus	scaffold_7	32.54	126	80	5	302	426	566172	565810	5.4e-12	72.4
NCVOG0012-consensus	scaffold_69	35.58	163	89	16	293	447	8829	8368	5.9e-12	72.1
NCVOG0012-consensus	scaffold_16	27.72	202	137	9	284	481	318217	317634	7.9e-12	71.6
NCVOG0012-consensus	scaffold_30	34.31	137	65	25	301	413	251419	251823	8.5e-12	71.3
NCVOG0012-consensus	scaffold_22	38.89	108	63	3	302	409	182594	182905	1.2e-11	71.3
NCVOG0012-consensus	scaffold_43	42.40	125	62	10	296	413	185876	185522	1.4e-11	69.1
NCVOG0012-consensus	scaffold_6	36.29	124	73	6	301	422	67669	68025	1.5e-11	71.1
NCVOG0012-consensus	scaffold_6	37.01	154	72	25	305	434	75087	75542	1.5e-11	71.1
NCVOG0012-consensus	scaffold_94	37.41	139	76	11	302	429	15119	15526	1.6e-11	70.2
NCVOG0012-consensus	scaffold_4	37.41	139	76	11	302	429	46261	45854	2.6e-11	70.2
NCVOG0012-consensus	scaffold_106	35.65	115	67	7	302	416	1691	2011	2.7e-11	69.1
NCVOG0012-consensus	scaffold_89	32.93	167	89	23	282	426	3045	2559	3e-11	69.4
NCVOG0012-consensus	scaffold_42	50.00	58	26	3	320	375	145032	144865	3.1e-11	70.0
NCVOG0012-consensus	scaffold_16	30.66	137	82	13	274	407	31243	31620	3.1e-11	70.0
NCVOG0012-consensus	scaffold_20	32.24	245	129	37	279	492	101509	100802	3.8e-11	69.7
NCVOG0012-consensus	scaffold_27	45.00	80	39	5	307	384	202573	202346	4.3e-11	69.2
NCVOG0012-consensus	scaffold_98	47.17	106	43	13	314	407	28059	27766	4.7e-11	68.6
NCVOG0012-consensus	scaffold_81	56.25	64	23	5	328	389	40498	40319	8.3e-11	68.1
NCVOG0012-consensus	scaffold_12	37.39	115	64	8	282	389	476681	476349	8.8e-11	66.7
NCVOG1127-consensus	scaffold_304	28.24	262	169	19	55	302	87	844	4e-25	110.1
NCVOG1127-consensus	scaffold_69	27.31	260	160	29	115	345	107501	106729	2.3e-12	73.7
NCVOG0868-consensus	scaffold_106	43.21	81	43	3	152	231	1682	1915	4.2e-11	68.2
NCVOG0985-consensus	scaffold_20	35.71	350	163	62	21	322	142660	143660	5.3e-26	119.1
NCVOG1188-consensus	scaffold_336	31.15	183	103	23	41	206	723	200	5.6e-12	64.9
NCVOG2900-consensus	scaffold_51	31.31	214	113	34	1	180	122731	122093	2.7e-12	72.3
NCVOG0190-consensus	scaffold_88	31.72	145	94	5	168	310	78114	77698	1.7e-14	80.3
NCVOG0190-consensus	scaffold_22	38.21	123	68	8	183	300	182591	182947	1.1e-12	74.9
NCVOG0190-consensus	scaffold_232	32.37	139	87	7	176	309	3744	4151	4.1e-11	64.8
NCVOG0025-consensus	scaffold_3	29.48	424	259	40	104	501	113086	114300	5.5e-18	92.5
NCVOG0025-consensus	scaffold_34	25.31	490	271	95	119	522	178036	176607	7e-15	81.3
NCVOG0025-consensus	scaffold_12	25.26	388	260	30	130	493	478468	479602	3.4e-14	78.1
NCVOG0025-consensus	scaffold_116	30.00	150	101	4	338	487	35995	36429	2.4e-13	75.9
NCVOG0025-consensus	scaffold_85	30.00	150	101	4	338	487	79397	79831	3.5e-13	75.9
NCVOG0025-consensus	scaffold_79	25.59	426	268	49	131	517	88580	89818	1.7e-12	73.8
NCVOG0025-consensus	scaffold_28	25.55	407	245	58	131	505	161844	162967	1.8e-12	73.8
NCVOG0025-consensus	scaffold_81	25.59	426	268	49	131	517	13053	14291	2e-12	73.5
NCVOG0025-consensus	scaffold_91	22.15	465	301	61	64	502	89825	91099	4.6e-12	72.1
NCVOG0025-consensus	scaffold_91	22.15	465	301	61	64	502	51298	52572	2.6e-12	72.9
NCVOG0025-consensus	scaffold_6	26.64	458	234	102	109	518	287003	285799	4.8e-11	69.4
NCVOG0271-consensus	scaffold_31	43.36	1174	486	179	149	1158	51604	48137	2.6e-59	230.9
NCVOG0271-consensus	scaffold_61	31.30	1163	537	262	232	1149	32300	35726	3.8e-35	150.6
NCVOG0271-consensus	scaffold_43	27.77	1217	654	225	72	1100	172789	176311	3.9e-25	115.4
NCVOG3078-consensus	scaffold_304	24.63	268	177	25	16	271	87	844	1.3e-14	75.1
NCVOG0078-consensus	scaffold_80	53.64	110	47	4	94	200	7830	8153	2.6e-17	88.7
NCVOG0078-consensus	scaffold_81	57.61	92	39	0	96	187	35584	35312	3.6e-16	84.9
NCVOG0078-consensus	scaffold_79	57.61	92	39	0	96	187	74937	74665	3.7e-16	84.9
NCVOG4568-consensus	scaffold_188	26.73	318	215	18	174	482	8149	9064	2.2e-18	90.0
NCVOG4568-consensus	scaffold_3	50.29	173	71	15	328	488	341970	342476	2.9e-18	93.3
NCVOG4568-consensus	scaffold_88	31.09	357	217	29	161	491	78369	77323	1e-17	90.9
NCVOG4568-consensus	scaffold_38	46.59	176	90	4	308	482	172431	172946	7.6e-17	87.3
NCVOG4568-consensus	scaffold_127	35.71	196	111	15	306	488	8406	8984	4.2e-16	84.6
NCVOG4568-consensus	scaffold_149	36.18	199	123	4	296	491	4165	3579	6.2e-15	79.7
NCVOG4568-consensus	scaffold_149	31.84	223	146	6	275	491	1918	1265	7.2e-14	76.2
NCVOG4568-consensus	scaffold_307	32.46	191	120	9	305	488	1	564	4.1e-14	73.2
NCVOG4568-consensus	scaffold_307	29.47	190	127	7	305	488	745	1308	5.9e-14	72.7
NCVOG4568-consensus	scaffold_307	29.31	174	113	10	317	482	1339	1851	3.1e-12	67.0
NCVOG4568-consensus	scaffold_12	39.86	143	84	2	302	444	341542	341961	6.2e-14	78.9
NCVOG4568-consensus	scaffold_73	33.33	210	114	26	1	207	49417	48866	1.5e-13	77.3
NCVOG4568-consensus	scaffold_2	39.21	227	121	17	276	490	402523	401869	2.3e-13	77.0
NCVOG4568-consensus	scaffold_24	31.84	223	146	6	275	491	277206	276553	3.6e-13	76.2
NCVOG4568-consensus	scaffold_16	43.14	204	90	26	308	485	110894	110286	9.9e-12	71.6
NCVOG4568-consensus	scaffold_67	32.99	197	124	8	288	477	51035	50459	1.8e-11	70.5
NCVOG4568-consensus	scaffold_105	23.01	478	337	31	33	491	12267	10887	3.2e-11	68.9
NCVOG4568-consensus	scaffold_1	36.41	184	108	9	279	458	690638	691167	3.7e-11	69.7
NCVOG4568-consensus	scaffold_174	32.45	151	98	4	339	489	3687	4124	5.4e-11	65.9
NCVOG4568-consensus	scaffold_102	39.78	181	93	16	273	449	12351	11852	6e-11	68.1
NCVOG4568-consensus	scaffold_98	39.78	181	93	16	273	449	81637	81138	6.7e-11	68.1
NCVOG4568-consensus	scaffold_232	32.52	163	104	6	313	469	3537	4016	6.9e-11	64.0
NCVOG4568-consensus	scaffold_86	30.43	207	133	11	293	491	72334	72942	7.5e-11	68.1
NCVOG4568-consensus	scaffold_112	34.04	188	117	7	296	476	52012	52552	9.6e-11	67.3
NCVOG4511-consensus	scaffold_88	22.03	404	284	31	4	397	78602	77469	1.2e-12	74.5
NCVOG0451-consensus	scaffold_51	42.07	271	141	16	144	398	123202	122393	3e-27	122.9
NCVOG0451-consensus	scaffold_51	39.27	191	101	15	169	344	122275	121706	8e-20	98.2
NCVOG0451-consensus	scaffold_39	41.40	157	80	12	144	288	41	508	2.3e-17	90.1
NCVOG0451-consensus	scaffold_84	42.29	279	138	23	124	379	98614	99447	3.9e-13	75.5
NCVOG4421-consensus	scaffold_84	37.69	130	63	18	43	165	98584	98937	1e-12	72.8
NCVOG4421-consensus	scaffold_51	44.44	99	51	4	71	165	122662	122369	2.6e-11	68.7
NCVOG1351-consensus	scaffold_4	33.49	218	82	63	167	321	375205	374555	2.4e-11	70.5
NCVOG4121-consensus	scaffold_51	29.80	245	131	41	87	297	123178	122468	1.2e-11	70.7
NCVOG0301-consensus	scaffold_3	28.02	389	239	41	159	535	147829	146753	4.8e-30	132.6
NCVOG0301-consensus	scaffold_47	32.16	199	115	20	354	535	75695	75111	7.4e-15	82.2
NCVOG1121-consensus	scaffold_73	30.57	229	144	15	230	456	49521	48881	2.7e-12	73.2
NCVOG1121-consensus	scaffold_1	25.75	435	271	52	90	481	690701	691959	8.5e-11	68.6
NCVOG2860-consensus	scaffold_51	31.69	243	148	18	111	335	123103	122378	2.9e-13	76.3
NCVOG0001-consensus	scaffold_49	42.62	298	148	23	313	603	53259	52417	2.2e-34	147.2
NCVOG0001-consensus	scaffold_80	38.96	231	103	38	331	534	31945	31293	1.1e-27	124.4
NCVOG0001-consensus	scaffold_80	34.13	293	155	38	333	595	30910	30063	1.1e-27	124.4
NCVOG0001-consensus	scaffold_19	37.64	263	115	49	326	550	291915	292661	5.2e-16	86.2
NCVOG0001-consensus	scaffold_7	46.76	139	60	14	363	498	292688	292308	3.1e-13	77.0
NCVOG0001-consensus	scaffold_92	35.94	345	144	77	319	598	60622	59631	1.5e-11	70.7
NCVOG0001-consensus	scaffold_19	36.33	289	102	82	357	565	95197	96044	8.7e-11	68.8
NCVOG1197-consensus	scaffold_17	36.44	247	135	22	77	320	339261	338581	2.3e-13	76.7
NCVOG1197-consensus	scaffold_17	36.44	247	135	22	77	320	331855	331175	1.8e-16	87.0
NCVOG1197-consensus	scaffold_19	31.15	321	191	30	112	415	115490	116410	2.9e-12	73.5
NCVOG1197-consensus	scaffold_101	28.15	373	239	29	63	421	1346	2416	1.1e-11	70.8
NCVOG4518-consensus	scaffold_57	31.41	589	264	140	2	543	51094	52570	2.1e-15	84.0
NCVOG2058-consensus	scaffold_84	40.00	300	149	31	91	359	99205	100093	1.4e-24	113.4
NCVOG2058-consensus	scaffold_84	42.61	230	113	19	112	324	98488	99168	1.4e-24	113.4
NCVOG2058-consensus	scaffold_80	39.68	310	160	27	90	372	64906	65832	1.2e-20	100.4
NCVOG2058-consensus	scaffold_10	33.99	203	112	22	112	305	428594	428030	4e-18	92.6
NCVOG2058-consensus	scaffold_51	42.13	254	125	22	129	360	123250	122492	2.1e-16	86.9
NCVOG2058-consensus	scaffold_51	37.83	230	118	25	121	334	122488	121829	1.3e-14	80.9
NCVOG2058-consensus	scaffold_39	38.96	154	82	12	112	253	41	499	8.4e-14	78.2
NCVOG2058-consensus	scaffold_143	33.94	277	145	38	57	308	3427	4203	6.1e-13	73.0
NCVOG2058-consensus	scaffold_22	34.17	278	145	38	57	309	14459	13680	3.6e-12	72.8
NCVOG0038-consensus	scaffold_57	32.60	957	403	242	244	970	18092	20901	1.3e-13	79.0
NCVOG0228-consensus	scaffold_134	26.59	628	340	121	293	828	18741	20534	3.6e-33	142.0
NCVOG0228-consensus	scaffold_93	30.43	529	283	85	441	890	38090	36531	8.8e-20	98.6
NCVOG0280-consensus	scaffold_38	21.01	1390	975	123	301	1599	74891	70831	3.3e-30	134.9
NCVOG0280-consensus	scaffold_16	21.87	1253	869	110	286	1475	91845	88231	9.2e-20	100.2
NCVOG0280-consensus	scaffold_26	20.49	1347	945	126	483	1744	84989	81085	5e-19	97.7
NCVOG0280-consensus	scaffold_1	21.59	1107	757	111	625	1668	552171	549006	1.3e-11	73.0
NCVOG0218-consensus	scaffold_88	35.92	593	326	54	354	908	78899	77172	4e-91	335.9
NCVOG0218-consensus	scaffold_72	40.73	248	128	19	622	865	112489	113182	3.1e-41	170.4
NCVOG0218-consensus	scaffold_72	33.21	262	141	34	649	891	22912	23613	2.6e-13	77.7
NCVOG0218-consensus	scaffold_14	35.50	307	170	28	614	892	25165	24248	3.3e-41	170.7
NCVOG0218-consensus	scaffold_14	35.50	307	170	28	614	892	13663	12746	3.3e-41	170.7
NCVOG0218-consensus	scaffold_66	40.65	246	131	15	622	865	84669	83976	1.9e-40	168.0
NCVOG0218-consensus	scaffold_66	39.88	163	87	11	691	852	17991	17538	2.8e-25	117.6
NCVOG0218-consensus	scaffold_2	37.80	246	141	12	614	856	59575	58868	9.7e-40	165.8
NCVOG0218-consensus	scaffold_74	33.33	468	236	76	507	942	46663	47927	7.1e-39	162.6
NCVOG0218-consensus	scaffold_39	46.24	186	83	17	749	930	190689	190178	3.6e-37	155.8
NCVOG0218-consensus	scaffold_104	30.21	629	345	94	343	893	47572	45749	5.6e-35	149.0
NCVOG0218-consensus	scaffold_1	49.63	135	60	8	742	874	196201	196584	7e-33	143.1
NCVOG0218-consensus	scaffold_1	41.42	169	94	5	602	766	194215	194715	2.2e-32	141.4
NCVOG0218-consensus	scaffold_69	31.19	295	185	18	595	879	92596	93453	8.2e-32	139.3
NCVOG0218-consensus	scaffold_106	29.13	309	211	8	597	900	1691	2605	1.7e-30	134.1
NCVOG0218-consensus	scaffold_6	30.18	328	196	33	627	929	75072	76028	1.6e-29	131.9
NCVOG0218-consensus	scaffold_6	26.59	440	276	47	496	912	67295	68529	7.1e-17	89.9
NCVOG0218-consensus	scaffold_95	49.41	170	66	20	728	882	87915	87428	2e-29	130.8
NCVOG0218-consensus	scaffold_22	31.82	264	174	6	588	847	182123	182905	4.6e-28	127.1
NCVOG0218-consensus	scaffold_13	33.64	220	129	17	662	877	193913	193296	5.6e-28	126.8
NCVOG0218-consensus	scaffold_4	30.34	356	219	29	473	817	382062	383070	1.4e-27	125.4
NCVOG0218-consensus	scaffold_105	43.56	163	83	9	717	875	73045	73515	5.6e-27	122.4
NCVOG0218-consensus	scaffold_64	38.15	173	92	15	628	788	22651	22145	7.2e-27	123.0
NCVOG0218-consensus	scaffold_64	36.56	227	113	31	631	827	81551	80881	1.8e-26	121.6
NCVOG0218-consensus	scaffold_64	36.56	227	113	31	631	827	78205	77535	1.8e-26	121.6
NCVOG0218-consensus	scaffold_20	30.11	455	287	31	330	773	102334	101033	2.4e-26	121.4
NCVOG0218-consensus	scaffold_91	31.85	292	169	30	633	911	24193	25014	2.1e-25	117.6
NCVOG0218-consensus	scaffold_91	31.85	292	169	30	633	911	62720	63541	2.1e-25	117.6
NCVOG0218-consensus	scaffold_101	29.20	339	219	21	518	844	23895	24875	6.8e-25	115.7
NCVOG0218-consensus	scaffold_32	26.50	600	370	71	308	845	166489	168244	7.2e-25	115.7
NCVOG0218-consensus	scaffold_12	35.47	234	133	18	647	867	23919	24602	2.2e-24	114.8
NCVOG0218-consensus	scaffold_57	34.68	222	128	17	616	823	60106	59453	2.5e-23	111.3
NCVOG0218-consensus	scaffold_57	36.15	130	73	10	631	750	14517	14133	7.8e-15	83.1
NCVOG0218-consensus	scaffold_21	31.19	420	225	64	513	888	12857	11689	4.4e-23	110.5
NCVOG0218-consensus	scaffold_25	31.94	454	239	70	370	787	164920	166150	1.4e-22	108.6
NCVOG0218-consensus	scaffold_45	35.27	258	148	19	693	935	89305	88555	1.6e-22	108.6
NCVOG0218-consensus	scaffold_67	33.96	374	203	44	578	909	54263	55341	4.3e-22	107.0
NCVOG0218-consensus	scaffold_31	28.44	450	274	48	471	888	157136	155844	4.5e-22	106.4
NCVOG0218-consensus	scaffold_7	37.50	216	108	27	623	819	445246	445854	5.1e-22	107.0
NCVOG0218-consensus	scaffold_43	39.78	186	99	13	709	890	42248	41735	6.1e-22	106.7
NCVOG0218-consensus	scaffold_127	25.91	359	231	35	582	908	48647	49711	7.9e-22	104.8
NCVOG0218-consensus	scaffold_51	43.24	148	76	8	725	868	150998	150572	3.4e-21	101.3
NCVOG0218-consensus	scaffold_10	37.09	151	91	4	658	808	110666	110229	4.8e-21	103.7
NCVOG0218-consensus	scaffold_92	33.33	243	143	19	607	831	45107	44385	5.4e-21	102.9
NCVOG0218-consensus	scaffold_7	30.72	293	173	30	540	815	566371	565551	8e-21	102.9
NCVOG0218-consensus	scaffold_83	37.30	252	132	26	649	888	40529	39849	8.3e-21	102.4
NCVOG0218-consensus	scaffold_83	37.30	252	132	26	649	888	26718	26038	8.3e-21	102.4
NCVOG0218-consensus	scaffold_186	63.51	74	23	4	781	850	9158	8940	1e-20	99.1
NCVOG0218-consensus	scaffold_48	38.41	151	88	5	560	709	35960	35523	1e-20	102.6
NCVOG0218-consensus	scaffold_40	26.72	408	254	45	467	848	71176	72339	1.5e-20	102.1
NCVOG0218-consensus	scaffold_16	40.99	161	86	9	725	877	6239	5767	2.2e-20	101.6
NCVOG0218-consensus	scaffold_1	26.52	558	346	64	438	943	501515	503145	5.6e-20	100.2
NCVOG0218-consensus	scaffold_3	25.68	292	202	15	600	882	737750	738604	6.7e-20	99.9
NCVOG0218-consensus	scaffold_5	47.62	105	48	7	752	851	191537	191842	1.4e-19	98.8
NCVOG0218-consensus	scaffold_19	29.44	360	240	14	548	897	354054	355090	1.5e-19	97.8
NCVOG0218-consensus	scaffold_74	41.48	135	74	5	720	852	26793	26401	1.6e-19	98.3
NCVOG0218-consensus	scaffold_176	58.97	78	25	7	683	754	14078	13851	2e-19	95.0
NCVOG0218-consensus	scaffold_54	27.15	291	203	9	611	893	86118	86978	3.7e-19	97.5
NCVOG0218-consensus	scaffold_30	36.53	219	128	11	681	892	251316	251949	7.8e-19	95.9
NCVOG0218-consensus	scaffold_11	38.32	167	98	5	737	901	410974	410486	9.4e-19	96.1
NCVOG0218-consensus	scaffold_11	56.94	72	28	3	654	723	328606	328397	4.8e-17	90.4
NCVOG0218-consensus	scaffold_11	41.96	143	67	16	656	791	431953	431571	5.9e-13	76.9
NCVOG0218-consensus	scaffold_247	38.35	133	74	8	762	886	403	8	1.5e-18	90.2
NCVOG0218-consensus	scaffold_191	30.96	197	123	13	623	809	3337	2759	2.9e-18	90.7
NCVOG0218-consensus	scaffold_96	42.66	143	74	8	572	711	34603	35013	3.6e-18	93.4
NCVOG0218-consensus	scaffold_23	30.69	202	131	9	647	839	144115	144711	5.1e-18	93.7
NCVOG0218-consensus	scaffold_108	33.33	186	120	4	706	888	47776	48327	5.2e-18	92.6
NCVOG0218-consensus	scaffold_108	36.13	191	115	7	711	896	45761	46318	5.4e-19	95.9
NCVOG0218-consensus	scaffold_65	20.97	472	355	18	417	881	70144	71523	2.5e-17	91.3
NCVOG0218-consensus	scaffold_37	40.12	167	82	18	658	807	85989	85495	3.3e-17	91.0
NCVOG0218-consensus	scaffold_67	39.18	171	93	11	621	783	53519	53029	5e-17	90.2
NCVOG0218-consensus	scaffold_131	32.43	333	201	24	563	875	3390	2445	5.5e-17	88.5
NCVOG0218-consensus	scaffold_16	31.86	204	131	8	614	810	162428	163033	8.5e-17	89.6
NCVOG0218-consensus	scaffold_120	33.62	229	138	14	577	792	35554	34878	1.1e-16	88.0
NCVOG0218-consensus	scaffold_120	33.62	229	138	14	577	792	49442	48766	1.6e-16	87.4
NCVOG0218-consensus	scaffold_8	41.51	106	56	6	687	792	350215	350511	1.2e-16	89.1
NCVOG0218-consensus	scaffold_46	49.38	81	38	3	679	757	57507	57743	1.2e-16	89.1
NCVOG0218-consensus	scaffold_46	37.28	228	115	28	563	774	106069	106685	2.4e-14	81.5
NCVOG0218-consensus	scaffold_37	36.82	239	119	32	565	776	200727	200049	1.3e-16	88.0
NCVOG0218-consensus	scaffold_232	45.65	92	45	5	688	776	3753	4019	1.5e-16	83.9
NCVOG0218-consensus	scaffold_82	27.82	363	227	35	511	843	3462	2400	2.2e-16	87.7
NCVOG0218-consensus	scaffold_100	62.32	69	21	5	700	764	78598	78398	2.5e-16	87.2
NCVOG0218-consensus	scaffold_2	35.32	252	150	13	498	738	724443	725171	5.6e-16	86.9
NCVOG0218-consensus	scaffold_97	26.72	479	273	78	354	759	74572	75964	6.9e-16	85.8
NCVOG0218-consensus	scaffold_89	37.14	140	87	1	623	761	2986	2570	9.2e-16	85.6
NCVOG0218-consensus	scaffold_41	26.72	479	273	78	354	759	85283	86675	1.2e-15	85.8
NCVOG0218-consensus	scaffold_98	30.29	383	226	41	451	818	28632	27593	1.2e-15	85.0
NCVOG0218-consensus	scaffold_23	35.36	181	99	18	750	926	149811	150298	2.1e-15	85.0
NCVOG0218-consensus	scaffold_117	51.28	78	35	3	781	855	51939	52169	4e-15	82.8
NCVOG0218-consensus	scaffold_117	50.67	75	34	3	781	852	62936	63157	1.4e-13	77.7
NCVOG0218-consensus	scaffold_23	34.07	135	83	6	593	722	170938	170544	4.4e-15	83.9
NCVOG0218-consensus	scaffold_18	43.82	89	45	5	653	739	243857	243603	6.4e-15	83.4
NCVOG0218-consensus	scaffold_69	41.13	124	63	10	691	805	8781	8420	6.5e-15	83.1
NCVOG0218-consensus	scaffold_32	32.60	181	117	5	610	785	130675	130136	9.4e-15	82.8
NCVOG0218-consensus	scaffold_78	44.76	105	46	12	760	853	21488	21796	1e-14	82.3
NCVOG0218-consensus	scaffold_4	34.80	227	135	13	724	941	46419	45776	2e-14	81.8
NCVOG0218-consensus	scaffold_9	30.61	245	147	23	565	795	397438	396738	2.4e-14	81.5
NCVOG0218-consensus	scaffold_1	28.35	261	172	15	558	809	704606	705361	2.4e-14	81.5
NCVOG0218-consensus	scaffold_1	37.41	147	81	11	792	934	414997	414589	2.4e-14	81.5
NCVOG0218-consensus	scaffold_12	27.62	239	161	12	602	832	306253	305552	2.4e-14	81.5
NCVOG0218-consensus	scaffold_27	26.80	459	277	59	432	848	27744	29052	5.1e-14	80.4
NCVOG0218-consensus	scaffold_53	29.09	361	226	30	543	887	143970	144993	7.4e-14	79.9
NCVOG0218-consensus	scaffold_15	39.68	126	71	5	671	794	417295	417660	8.7e-14	79.3
NCVOG0218-consensus	scaffold_17	43.01	93	51	2	682	774	261214	260945	8.9e-14	79.6
NCVOG0218-consensus	scaffold_150	33.21	262	141	34	649	891	11258	11959	1.2e-13	76.6
NCVOG0218-consensus	scaffold_42	32.43	333	201	24	563	875	6044	6989	1.3e-13	79.0
NCVOG0218-consensus	scaffold_42	52.86	70	30	3	619	685	83504	83710	3.5e-14	80.9
NCVOG0218-consensus	scaffold_77	24.34	419	260	57	355	732	19192	20391	1.4e-13	78.5
NCVOG0218-consensus	scaffold_158	32.30	226	126	27	437	653	8673	9287	2.1e-13	75.5
NCVOG0218-consensus	scaffold_16	25.61	449	301	33	563	987	238084	236782	2.3e-13	78.2
NCVOG0218-consensus	scaffold_16	50.62	81	35	5	698	776	194337	194107	2.3e-13	78.2
NCVOG0218-consensus	scaffold_17	28.82	340	223	19	622	942	402080	401082	4.5e-13	76.9
NCVOG0218-consensus	scaffold_20	30.77	195	129	6	696	885	228330	228902	4.9e-13	77.1
NCVOG0218-consensus	scaffold_20	30.46	197	124	13	623	809	266392	266970	4.9e-13	77.1
NCVOG0218-consensus	scaffold_336	31.61	193	123	9	585	769	773	203	5.1e-13	70.4
NCVOG0218-consensus	scaffold_10	33.73	166	99	11	801	958	218952	219437	5.9e-13	76.9
NCVOG0218-consensus	scaffold_94	34.80	227	135	13	724	941	14961	15604	9.3e-13	75.5
NCVOG0218-consensus	scaffold_56	37.58	157	75	23	677	810	81291	81744	1e-12	76.1
NCVOG0218-consensus	scaffold_22	30.15	262	147	36	529	765	99092	98349	1.5e-12	75.5
NCVOG0218-consensus	scaffold_71	30.90	288	170	29	659	919	32014	31190	3e-12	74.2
NCVOG0218-consensus	scaffold_81	44.94	89	42	7	844	928	40498	40252	4e-12	73.6
NCVOG0218-consensus	scaffold_16	45.45	77	40	2	812	886	31402	31629	4.6e-12	73.9
NCVOG0218-consensus	scaffold_129	29.27	328	199	33	528	823	37347	38298	4.7e-12	72.3
NCVOG0218-consensus	scaffold_68	33.71	267	143	34	552	811	120131	120831	4.7e-12	73.6
NCVOG0218-consensus	scaffold_42	37.79	172	95	12	649	811	164930	165403	5.2e-12	71.7
NCVOG0218-consensus	scaffold_28	33.33	183	109	13	632	802	37845	38379	6.7e-12	73.4
NCVOG0218-consensus	scaffold_43	37.09	151	90	5	638	784	185956	185522	7.4e-12	71.2
NCVOG0218-consensus	scaffold_86	36.00	150	89	7	747	890	71897	72324	9.3e-12	72.3
NCVOG0218-consensus	scaffold_26	36.76	136	82	4	681	812	179484	179092	1e-11	72.5
NCVOG0218-consensus	scaffold_28	37.68	138	73	13	755	879	197813	198217	1.1e-11	72.3
NCVOG0218-consensus	scaffold_28	30.39	204	117	25	793	983	230649	231217	2.4e-12	74.4
NCVOG0218-consensus	scaffold_28	30.39	204	117	25	793	983	249808	250376	2.4e-12	74.4
NCVOG0218-consensus	scaffold_90	32.37	173	109	8	751	919	42907	43394	1.1e-11	72.0
NCVOG0218-consensus	scaffold_217	36.36	132	72	12	813	943	3686	4041	1.3e-11	67.9
NCVOG0218-consensus	scaffold_45	25.74	839	497	126	355	1096	98070	100462	1.4e-11	72.3
NCVOG0218-consensus	scaffold_16	42.86	105	53	7	646	744	318145	317841	1.6e-11	71.7
NCVOG0218-consensus	scaffold_33	35.93	167	95	12	752	909	73104	72620	1.7e-11	72.0
NCVOG0218-consensus	scaffold_19	37.07	116	67	6	723	833	263359	263018	2.1e-11	71.7
NCVOG0218-consensus	scaffold_35	27.14	269	182	14	604	859	95693	96485	2.1e-11	71.7
NCVOG0218-consensus	scaffold_12	32.28	189	118	10	652	833	242401	242945	2.5e-11	71.5
NCVOG0218-consensus	scaffold_85	35.34	133	72	14	720	839	20339	20727	3.5e-11	70.4
NCVOG0218-consensus	scaffold_84	26.27	590	376	59	304	851	97847	96170	3.6e-11	70.4
NCVOG0218-consensus	scaffold_44	35.77	137	73	15	696	820	162787	162393	3.8e-11	68.7
NCVOG0218-consensus	scaffold_27	36.53	167	84	22	633	777	242866	243359	4.2e-11	70.4
NCVOG0218-consensus	scaffold_27	31.34	134	87	5	775	903	162245	162643	2.4e-11	71.2
NCVOG0218-consensus	scaffold_60	26.91	457	280	54	453	867	7516	8831	4.4e-11	70.6
NCVOG0218-consensus	scaffold_87	27.13	328	221	18	623	932	20645	19685	5.1e-11	69.8
NCVOG0218-consensus	scaffold_79	31.60	307	188	22	552	848	64292	65167	6.8e-11	69.6
NCVOG0218-consensus	scaffold_79	35.59	177	103	11	716	883	22164	22665	6.8e-11	69.6
NCVOG0218-consensus	scaffold_61	27.13	328	221	18	623	932	8196	9156	7.8e-11	69.8
NCVOG0218-consensus	scaffold_55	35.59	177	103	11	716	883	22164	22665	9.4e-11	69.6
NCVOG0218-consensus	scaffold_112	46.43	84	41	4	809	888	22948	22700	9.5e-11	68.5
NCVOG4344-consensus	scaffold_51	31.48	359	206	40	14	350	122710	121691	6.1e-17	89.0
NCVOG4344-consensus	scaffold_80	31.39	360	229	18	23	380	64810	65838	6.3e-17	88.4
NCVOG4344-consensus	scaffold_84	32.81	320	201	14	14	332	98686	99603	2.3e-13	76.5
NCVOG4344-consensus	scaffold_39	35.80	162	98	6	173	334	2	466	4.2e-13	76.2
NCVOG2246-consensus	scaffold_10	31.07	457	258	57	36	453	325656	324347	3e-20	99.8
NCVOG2246-consensus	scaffold_10	29.46	465	263	65	44	461	271006	269673	5.1e-19	95.8
