pATPase-polinto-consensus	NODE_1647_length_2897_cov_11.111348	36.99	246	131	24	2	225	1782	2510	1.3e-13	78.0
pATPase-consensus	NODE_1647_length_2897_cov_11.111348	38.46	247	129	23	1	226	1779	2510	8.6e-13	75.3
capsid-polinto-consensus	NODE_3163_length_1461_cov_15.654624	44.53	247	120	17	138	370	1	729	2.2e-23	110.1
capsid-polinto-consensus	NODE_13546_length_296_cov_10.867580	47.96	98	51	0	138	235	296	6	3.4e-16	84.0
dnapol-consensus	NODE_2133_length_2258_cov_14.127006	34.60	607	348	49	7	565	1818	4	6.7e-50	200.0
capsid-consensus	NODE_3163_length_1461_cov_15.654624	43.67	245	128	10	159	397	1	720	2.2e-45	183.4
capsid-consensus	NODE_4309_length_993_cov_13.301310	46.84	190	93	8	1	183	569	6	1.2e-36	153.8
capsid-consensus	NODE_13546_length_296_cov_10.867580	45.92	98	53	0	159	256	296	6	1.4e-16	85.3
capsid-consensus	NODE_15619_length_263_cov_13.344086	42.53	87	49	1	32	118	263	9	8.5e-13	72.6
capsid-consensus	NODE_16732_length_248_cov_12.210526	48.72	78	39	1	289	366	4	231	2.4e-12	71.0
tf2s-consensus	NODE_6714_length_593_cov_17.961240	59.57	47	19	0	29	75	340	477	6.9e-17	85.0
rnapol1-consensus	NODE_3511_length_1273_cov_18.190635	41.76	352	165	40	607	918	10	1062	3e-38	161.0
rnapol1-consensus	NODE_1586_length_2993_cov_12.088134	37.45	916	328	245	253	923	2843	105	5.4e-36	154.7
rnapol1-consensus	NODE_19_length_204305_cov_8.338626	27.82	931	382	290	230	871	89450	86680	3e-32	147.9
rnapol1-consensus	NODE_8110_length_481_cov_21.710396	51.41	142	65	4	1010	1147	481	59	1.4e-28	127.5
rnapol1-consensus	NODE_3697_length_1184_cov_12.355014	47.20	161	81	4	997	1153	1007	528	4.2e-27	123.8
rnapol1-consensus	NODE_15249_length_269_cov_8.317708	73.26	86	23	0	638	723	263	9	4.2e-26	118.4
rnapol1-consensus	NODE_66_length_121917_cov_8.255909	30.77	1014	350	352	254	917	90676	93700	1.8e-22	115.1
rnapol1-consensus	NODE_3066_length_1522_cov_27.757785	42.76	442	183	70	41	412	195	1517	4.4e-22	107.5
rnapol1-consensus	NODE_13295_length_301_cov_12.098214	48.00	100	28	24	356	431	298	6	3.7e-12	72.2
rnapol1-consensus	NODE_33432_length_155_cov_11.064103	68.63	51	16	0	388	438	155	6	4.8e-12	70.9
primase-consensus	NODE_2171_length_2213_cov_9.112828	32.64	432	272	19	324	738	295	1581	6.4e-48	193.3
primase-consensus	NODE_513_length_7746_cov_10.832182	32.08	424	270	18	326	732	5490	6755	1.3e-47	194.1
primase-consensus	NODE_1509_length_3122_cov_9.439080	32.79	433	270	21	324	738	1063	2349	4.9e-47	190.8
primase-consensus	NODE_494_length_8279_cov_8.034504	32.33	430	272	19	326	738	2205	3485	2.8e-46	189.7
primase-consensus	NODE_1184_length_3812_cov_12.323427	32.02	431	276	17	324	738	132	1418	3.3e-46	188.4
primase-consensus	NODE_307_length_15891_cov_9.036803	32.27	440	277	21	295	719	4291	2993	1.6e-45	188.1
primase-consensus	NODE_307_length_15891_cov_9.036803	28.69	467	307	26	301	744	8441	7053	3.6e-42	177.0
primase-consensus	NODE_384_length_11292_cov_9.036380	31.71	451	277	31	305	732	6149	7472	2e-45	187.3
primase-consensus	NODE_1042_length_4268_cov_10.836793	35.35	331	206	8	409	732	4268	3282	1.4e-42	176.5
primase-consensus	NODE_438_length_9419_cov_8.232712	29.46	465	302	26	303	744	2860	1478	5.8e-35	152.3
primase-consensus	NODE_525_length_7529_cov_10.494230	28.39	465	307	26	303	744	1034	2416	7.8e-34	148.2
primase-consensus	NODE_2999_length_1557_cov_18.454730	31.82	374	207	48	301	626	337	1455	3.2e-33	143.9
primase-consensus	NODE_3268_length_1400_cov_14.586546	28.77	424	275	27	326	722	100	1368	7.7e-30	132.5
primase-consensus	NODE_481_length_8545_cov_10.014053	28.72	470	299	36	305	739	1597	3000	2.6e-28	130.1
primase-consensus	NODE_351_length_12979_cov_19.527050	27.76	425	277	30	326	722	1870	3135	5e-25	119.8
primase-consensus	NODE_4098_length_1054_cov_15.117707	28.62	318	205	22	286	582	955	8	5e-19	96.2
primase-consensus	NODE_7657_length_512_cov_15.101149	32.35	170	109	6	461	624	1	507	1.1e-16	87.3
primase-consensus	NODE_1487_length_3167_cov_9.898058	30.77	169	111	6	575	738	1592	2092	5.3e-12	74.5
primase-consensus	NODE_185_length_37280_cov_8.476306	29.97	317	172	50	326	595	1759	2685	7.8e-12	77.5
primase-consensus	NODE_1109_length_4046_cov_12.042076	27.05	244	166	12	507	738	1	729	1.4e-11	73.4
primase-consensus	NODE_339_length_13696_cov_9.880094	29.11	158	112	0	506	663	13231	12761	2.3e-11	74.5
vltf3-consensus	NODE_2940_length_1591_cov_13.109643	40.47	215	118	10	78	283	214	852	2.2e-32	139.8
rnapol2-consensus	NODE_9_length_260323_cov_8.439365	32.51	1052	441	269	238	1022	69020	65880	6.6e-64	252.9
rnapol2-consensus	NODE_2_length_390767_cov_8.591350	40.25	1041	370	252	213	1001	101020	104125	4.4e-35	157.2
rnapol2-consensus	NODE_53_length_136453_cov_8.512971	31.15	780	367	170	361	972	57562	59888	4.2e-20	107.3
