pATPase-polinto-consensus	NODE_1164_length_11126_cov_35.059372	47.37	95	48	2	135	227	657	938	3.9e-17	92.7
pATPase-consensus	NODE_1164_length_11126_cov_35.059372	47.00	100	52	1	135	233	657	953	6.7e-20	101.9
capsid-polinto-consensus	NODE_9627_length_531_cov_24.629956	46.54	159	83	2	104	261	10	480	1.4e-73	276.5
capsid-polinto-consensus	NODE_1214_length_10689_cov_35.280343	27.63	380	248	27	14	370	6263	5139	1.1e-57	228.1
capsid-polinto-consensus	NODE_2004_length_6834_cov_41.268018	47.40	173	76	15	211	370	401	910	8.2e-57	224.5
capsid-polinto-consensus	NODE_2939_length_4595_cov_43.669101	44.97	378	179	29	19	370	1975	3094	8.3e-57	223.9
capsid-polinto-consensus	NODE_1019_length_12363_cov_29.993814	44.30	377	182	28	19	370	3655	4771	9.8e-57	225.1
capsid-polinto-consensus	NODE_10418_length_419_cov_30.637427	46.62	133	67	4	64	193	398	6	5.5e-55	214.4
capsid-polinto-consensus	NODE_1603_length_8480_cov_32.303939	28.76	379	241	29	14	370	145	1253	1.4e-52	210.8
capsid-polinto-consensus	NODE_1264_length_10340_cov_34.812043	40.15	132	68	11	19	139	8024	7632	2.5e-36	157.0
capsid-polinto-consensus	NODE_1064_length_11854_cov_29.366732	41.79	134	55	23	4	114	404	6	1.4e-31	141.5
capsid-polinto-consensus	NODE_10346_length_427_cov_32.551429	37.14	140	74	14	171	296	7	419	6.8e-31	134.4
capsid-polinto-consensus	NODE_17440_length_166_cov_31.224719	58.18	55	23	0	278	332	165	4	1.4e-30	132.0
capsid-polinto-consensus	NODE_23664_length_147_cov_34.057143	62.50	48	18	0	285	332	144	4	3.1e-27	120.7
capsid-polinto-consensus	NODE_9113_length_642_cov_30.511504	30.07	143	87	13	14	143	200	625	1.4e-26	120.7
capsid-polinto-consensus	NODE_8911_length_706_cov_28.087440	42.67	75	38	5	105	174	480	701	5.7e-21	102.2
capsid-polinto-consensus	NODE_71963_length_92_cov_67.133333	66.67	30	10	0	308	337	90	4	2.6e-14	77.1
dnapol-consensus	NODE_2995_length_4498_cov_48.609591	38.73	679	369	47	164	798	4442	2418	3.4e-57	226.3
dnapol-consensus	NODE_1526_length_8866_cov_43.502788	37.46	702	391	48	147	803	3639	5732	9.5e-56	222.5
dnapol-consensus	NODE_5572_length_1814_cov_35.631549	30.55	586	299	108	12	560	1536	5	2.8e-44	182.2
capsid-consensus	NODE_2939_length_4595_cov_43.669101	49.01	406	191	16	3	397	1888	3085	1.1e-108	396.4
capsid-consensus	NODE_1019_length_12363_cov_29.993814	49.14	405	191	15	3	397	3568	4762	9.5e-92	341.5
capsid-consensus	NODE_2004_length_6834_cov_41.268018	39.93	268	136	25	142	397	144	901	1.3e-58	230.6
capsid-consensus	NODE_9627_length_531_cov_24.629956	48.15	162	80	4	124	282	1	480	3.2e-55	215.6
capsid-consensus	NODE_1264_length_10340_cov_34.812043	49.07	161	79	3	3	160	8111	7632	1.7e-53	214.2
capsid-consensus	NODE_1214_length_10689_cov_35.280343	29.11	371	245	18	33	393	6245	5160	7.2e-52	208.8
capsid-consensus	NODE_1064_length_11854_cov_29.366732	53.33	135	63	0	3	137	407	6	5.9e-51	206.0
capsid-consensus	NODE_1603_length_8480_cov_32.303939	29.76	373	236	26	33	393	163	1232	3.9e-50	202.7
capsid-consensus	NODE_10418_length_419_cov_30.637427	48.20	139	66	6	81	214	416	6	1.7e-43	176.4
capsid-consensus	NODE_10346_length_427_cov_32.551429	41.84	141	75	7	192	325	7	422	3.2e-41	168.8
capsid-consensus	NODE_9113_length_642_cov_30.511504	32.12	137	88	5	33	164	218	625	9.7e-24	111.3
capsid-consensus	NODE_17440_length_166_cov_31.224719	58.18	55	23	0	306	360	165	4	1.4e-22	105.6
capsid-consensus	NODE_23664_length_147_cov_34.057143	63.27	49	18	0	312	360	147	4	2.5e-20	97.9
capsid-consensus	NODE_19304_length_155_cov_31.076923	62.00	50	19	0	8	57	1	147	2.4e-19	94.7
capsid-consensus	NODE_15762_length_206_cov_30.937984	41.18	68	34	6	258	319	206	6	1.2e-14	79.4
capsid-consensus	NODE_8911_length_706_cov_28.087440	62.79	43	16	0	153	195	576	701	2.5e-12	73.6
rnapol1-consensus	NODE_3887_length_3236_cov_68.601456	38.71	1023	459	168	55	918	3038	8	6.6e-68	261.9
rnapol1-consensus	NODE_498_length_18908_cov_32.204344	37.06	1190	459	290	120	1020	14866	11303	2.1e-60	239.6
rnapol1-consensus	NODE_498_length_18908_cov_32.204344	48.65	148	72	4	1007	1150	11299	10859	2.8e-33	149.5
rnapol1-consensus	NODE_498_length_18908_cov_32.204344	44.23	104	55	3	13	113	15467	15163	1.6e-20	107.0
rnapol1-consensus	NODE_196_length_29092_cov_34.424608	30.25	357	199	50	500	808	17589	18650	1.1e-43	184.7
rnapol1-consensus	NODE_196_length_29092_cov_34.424608	27.17	427	164	147	186	474	15685	16923	5.6e-15	89.3
rnapol1-consensus	NODE_835_length_14103_cov_32.797376	34.67	375	179	66	838	1146	9534	8415	1.1e-34	153.7
rnapol1-consensus	NODE_9858_length_495_cov_31.248804	37.35	166	92	12	536	693	12	492	1e-30	135.7
rnapol1-consensus	NODE_11786_length_326_cov_30.216867	67.50	80	26	0	655	734	5	241	1e-30	135.1
rnapol1-consensus	NODE_7944_length_956_cov_52.368601	40.12	172	75	28	799	944	322	828	9e-23	110.2
rnapol1-consensus	NODE_8897_length_711_cov_50.593060	41.18	136	73	7	140	270	398	4	1.1e-22	109.5
rnapol1-consensus	NODE_5113_length_2089_cov_51.999503	51.16	86	41	1	1064	1148	2	256	1.8e-20	103.8
rnapol1-consensus	NODE_8833_length_737_cov_111.765152	33.33	201	104	30	922	1092	126	725	8.8e-20	99.9
rnapol1-consensus	NODE_15513_length_212_cov_137.074074	55.71	70	31	0	254	323	1	207	9.2e-20	98.1
rnapol1-consensus	NODE_11434_length_343_cov_39.424812	52.94	85	36	4	800	880	84	335	5.9e-17	89.4
rnapol1-consensus	NODE_15312_length_219_cov_30.147887	50.68	73	35	1	1068	1139	219	4	4e-16	86.0
rnapol1-consensus	NODE_10103_length_459_cov_32.133508	36.36	132	64	20	383	494	398	6	8.9e-16	85.9
rnapol1-consensus	NODE_7418_length_1080_cov_61.133599	32.26	155	90	15	71	216	449	6	9.1e-16	87.1
rnapol1-consensus	NODE_11813_length_325_cov_31.459677	45.56	90	41	8	701	790	323	81	1e-15	85.2
rnapol1-consensus	NODE_1_length_93130_cov_35.089250	27.77	731	225	303	335	762	6473	8648	2.6e-14	88.7
rnapol1-consensus	NODE_15843_length_204_cov_23.811024	45.76	59	32	0	49	107	189	16	6.1e-14	78.7
rnapol1-consensus	NODE_17947_length_157_cov_69.175000	58.33	48	20	0	705	752	155	15	2.7e-13	76.1
rnapol1-consensus	NODE_47756_length_121_cov_61.068182	69.23	39	12	0	655	693	117	4	4.6e-13	75.0
rnapol1-consensus	NODE_15893_length_202_cov_45.520000	45.31	64	35	0	23	86	192	4	6.9e-13	75.2
rnapol1-consensus	NODE_11790_length_326_cov_26.333333	45.05	91	47	3	799	887	55	317	4.2e-12	73.2
rnapol1-consensus	NODE_19037_length_155_cov_35.000000	52.94	51	24	0	265	315	155	6	5e-12	71.9
rnapol1-consensus	NODE_16466_length_186_cov_37.238532	49.18	61	30	1	1054	1113	184	5	4.9e-11	68.9
rnapol1-consensus	NODE_16295_length_191_cov_30.026316	47.69	65	31	3	152	215	191	6	8.4e-11	68.2
primase-consensus	NODE_3414_length_3832_cov_39.963515	29.28	649	419	40	110	738	3723	1850	3.8e-51	205.9
primase-consensus	NODE_2362_length_5817_cov_45.897213	34.24	441	276	14	306	740	5811	4516	2.7e-48	197.0
primase-consensus	NODE_2901_length_4668_cov_45.906992	35.90	454	267	24	287	720	3813	2467	3.2e-47	193.1
primase-consensus	NODE_3448_length_3784_cov_59.225250	34.92	421	250	24	319	720	996	2240	6.4e-47	191.8
primase-consensus	NODE_1839_length_7425_cov_61.349211	31.84	515	310	41	226	720	5092	3618	1e-46	192.1
primase-consensus	NODE_1783_length_7628_cov_44.665342	33.10	423	266	17	287	696	6130	7383	1.8e-46	191.3
primase-consensus	NODE_1490_length_9061_cov_44.125557	34.86	436	260	24	304	720	5101	6390	2e-46	191.5
primase-consensus	NODE_4717_length_2419_cov_44.362938	33.77	453	277	23	287	720	1432	89	2.9e-46	189.0
primase-consensus	NODE_7527_length_1056_cov_75.375894	39.23	339	193	13	393	720	1025	18	5.2e-46	186.9
primase-consensus	NODE_4136_length_2964_cov_78.225494	31.97	441	275	25	305	733	1323	2603	1e-45	187.4
primase-consensus	NODE_1433_length_9332_cov_32.030038	32.66	395	256	10	305	693	7097	5928	1.1e-45	189.0
primase-consensus	NODE_1349_length_9876_cov_42.237702	31.63	471	298	24	258	716	6069	4696	2.2e-45	188.1
primase-consensus	NODE_1333_length_9936_cov_33.489198	33.33	468	284	28	287	740	8332	9690	3.2e-45	187.6
primase-consensus	NODE_1426_length_9397_cov_41.600257	34.18	433	264	21	326	740	7592	6306	4.8e-45	186.9
primase-consensus	NODE_1426_length_9397_cov_41.600257	31.54	409	221	59	326	720	4442	3354	1.5e-20	105.5
primase-consensus	NODE_2819_length_4849_cov_30.965633	32.84	469	281	34	287	729	4094	2715	5.8e-45	185.7
primase-consensus	NODE_5097_length_2099_cov_32.496538	37.82	349	204	13	393	730	32	1069	9e-44	180.5
primase-consensus	NODE_2485_length_5541_cov_48.845534	35.55	422	247	25	319	718	1880	3129	1.9e-43	180.8
primase-consensus	NODE_1559_length_8694_cov_33.752002	32.60	411	258	19	326	720	5920	4700	3.2e-43	180.7
primase-consensus	NODE_3118_length_4298_cov_32.924425	34.13	416	249	25	325	720	2318	1089	4.2e-43	179.3
primase-consensus	NODE_1782_length_7635_cov_34.797036	31.36	472	297	27	259	716	4044	2675	6e-43	179.6
primase-consensus	NODE_2896_length_4677_cov_31.993043	31.45	442	286	17	306	740	1469	2761	6.6e-43	178.8
primase-consensus	NODE_6499_length_1384_cov_60.462892	38.04	326	191	11	404	720	1379	411	4.3e-42	174.3
primase-consensus	NODE_2529_length_5450_cov_35.159873	32.62	469	295	21	287	737	4039	2645	5.1e-42	176.0
primase-consensus	NODE_6101_length_1548_cov_34.407206	37.80	328	193	11	402	720	1477	503	5.9e-42	174.0
primase-consensus	NODE_4832_length_2310_cov_72.884908	40.69	317	170	18	326	629	1118	2050	6.5e-42	174.5
primase-consensus	NODE_4521_length_2572_cov_28.640481	38.61	316	189	5	408	719	565	1506	1.7e-41	173.2
primase-consensus	NODE_6897_length_1235_cov_30.848877	34.55	382	233	17	258	624	75	1209	9.9e-41	169.6
primase-consensus	NODE_2686_length_5161_cov_32.119984	31.93	476	302	22	287	744	628	2040	1.5e-40	171.1
primase-consensus	NODE_5267_length_1988_cov_153.235356	37.54	341	198	15	393	720	1846	841	3.3e-40	168.6
primase-consensus	NODE_459_length_19587_cov_38.714403	33.24	364	234	9	364	719	919	2004	9.2e-40	170.4
primase-consensus	NODE_2141_length_6450_cov_41.369214	36.83	334	199	12	415	738	2002	1010	1.5e-39	168.0
primase-consensus	NODE_1680_length_8133_cov_28.910626	34.54	388	241	13	368	744	37	1191	1.8e-39	168.1
primase-consensus	NODE_1023_length_12330_cov_32.578634	36.41	379	221	20	326	687	1640	2756	2.4e-39	168.3
primase-consensus	NODE_1625_length_8380_cov_31.779477	30.31	551	301	83	210	744	4264	5706	1e-38	165.7
primase-consensus	NODE_1559_length_8694_cov_33.752002	31.96	438	279	19	324	744	874	2178	3.4e-37	160.7
primase-consensus	NODE_4277_length_2833_cov_34.676343	34.37	323	199	13	301	614	1875	2828	6.9e-35	151.4
primase-consensus	NODE_3084_length_4357_cov_32.706308	31.94	432	258	36	334	739	2922	1664	5e-33	145.9
primase-consensus	NODE_1164_length_11126_cov_35.059372	35.90	273	172	3	422	693	9098	8289	1e-32	146.2
primase-consensus	NODE_8710_length_776_cov_131.563662	35.41	257	163	3	433	686	1	768	7.9e-32	139.4
primase-consensus	NODE_1334_length_9932_cov_29.661796	32.03	434	271	24	322	744	7465	8720	1.2e-31	142.5
primase-consensus	NODE_4102_length_3000_cov_39.162504	34.13	293	184	9	435	720	3	872	1.5e-31	140.4
primase-consensus	NODE_5691_length_1749_cov_38.455742	32.19	292	190	8	429	716	802	1662	3.1e-30	135.3
primase-consensus	NODE_1511_length_8935_cov_32.995371	37.55	277	163	10	454	720	3979	3152	3.4e-29	134.2
primase-consensus	NODE_1511_length_8935_cov_32.995371	33.08	266	168	10	287	545	5183	4398	6e-24	116.7
primase-consensus	NODE_347_length_22358_cov_34.041605	29.67	482	288	51	298	739	7885	9294	9.4e-29	134.0
primase-consensus	NODE_3618_length_3565_cov_42.902523	28.87	478	311	29	158	622	3319	1937	6.5e-28	128.6
primase-consensus	NODE_8757_length_762_cov_104.227737	36.79	212	134	0	373	584	119	751	8.1e-28	126.0
primase-consensus	NODE_2049_length_6691_cov_38.695343	32.44	336	198	29	292	601	5373	6368	8.6e-27	125.8
primase-consensus	NODE_2076_length_6619_cov_36.432131	34.68	297	180	14	448	740	5941	5088	2.3e-26	124.3
primase-consensus	NODE_8626_length_806_cov_37.792867	37.87	235	132	14	391	622	802	134	2.9e-25	117.6
primase-consensus	NODE_5231_length_2008_cov_29.133092	31.92	260	166	11	306	558	768	4	9.5e-24	113.9
primase-consensus	NODE_6994_length_1208_cov_30.036251	34.87	238	145	10	301	530	478	1182	2e-23	112.1
primase-consensus	NODE_9006_length_674_cov_32.293132	33.79	219	140	5	306	519	7	660	3.8e-22	107.0
primase-consensus	NODE_4663_length_2456_cov_40.460698	32.34	235	154	5	487	716	1450	749	1.5e-21	106.9
primase-consensus	NODE_8977_length_684_cov_45.841845	34.65	228	141	8	329	550	683	13	2.4e-21	104.4
primase-consensus	NODE_9541_length_548_cov_39.254777	35.56	180	116	0	379	558	9	545	2.9e-21	103.8
primase-consensus	NODE_9561_length_544_cov_42.524625	36.11	180	112	3	536	714	536	6	7.8e-20	99.0
primase-consensus	NODE_4375_length_2718_cov_35.920863	48.84	129	63	3	403	530	50	427	1.6e-19	100.3
primase-consensus	NODE_10902_length_375_cov_47.117450	49.17	120	58	3	405	523	15	365	2e-19	97.1
primase-consensus	NODE_2928_length_4617_cov_57.085331	36.78	174	108	2	364	537	186	698	4.7e-19	99.5
primase-consensus	NODE_5243_length_2003_cov_35.353583	31.30	409	224	57	326	720	828	1922	1.7e-18	96.5
primase-consensus	NODE_9337_length_586_cov_40.233792	34.24	184	118	3	539	719	553	5	8.9e-18	92.3
primase-consensus	NODE_4990_length_2178_cov_32.813898	28.16	380	241	32	287	639	1152	35	9.9e-18	94.0
primase-consensus	NODE_9439_length_568_cov_36.488798	40.65	155	87	5	402	554	544	92	1.6e-17	91.4
primase-consensus	NODE_3602_length_3579_cov_51.346088	23.98	488	328	43	287	735	2595	1147	1.7e-17	94.0
primase-consensus	NODE_2624_length_5276_cov_36.183497	25.86	495	318	49	290	743	2853	4308	2.2e-17	94.2
primase-consensus	NODE_11196_length_356_cov_34.709677	47.37	114	57	3	402	515	333	4	3.1e-17	89.8
primase-consensus	NODE_12356_length_301_cov_34.928571	51.02	98	46	2	408	505	11	295	3.4e-17	89.4
primase-consensus	NODE_9607_length_534_cov_148.507659	35.93	167	103	4	506	668	531	34	1.1e-16	88.5
primase-consensus	NODE_10179_length_448_cov_30.894879	39.46	147	83	6	378	519	439	9	1.4e-16	87.9
primase-consensus	NODE_9824_length_500_cov_36.404255	37.76	143	89	0	373	515	431	6	1.9e-16	87.6
primase-consensus	NODE_2534_length_5442_cov_39.710718	34.02	194	119	9	548	740	5442	4888	2e-16	91.0
primase-consensus	NODE_3799_length_3361_cov_29.055725	26.05	380	249	32	287	639	2210	3327	2.2e-16	90.2
primase-consensus	NODE_10789_length_383_cov_32.199346	43.55	124	64	6	372	492	368	9	1.3e-15	84.5
primase-consensus	NODE_10154_length_452_cov_32.010667	35.81	148	95	0	456	603	449	9	1.4e-15	84.6
primase-consensus	NODE_3636_length_3536_cov_36.782307	24.29	494	326	48	290	743	2364	914	4.7e-15	85.8
primase-consensus	NODE_1761_length_7720_cov_52.509878	24.89	446	295	40	287	697	3912	2593	9e-15	86.0
primase-consensus	NODE_10745_length_386_cov_33.585761	41.80	122	62	9	405	523	368	24	1.2e-14	81.4
primase-consensus	NODE_1353_length_9854_cov_31.674031	29.32	266	168	20	485	742	9746	8988	1.8e-14	85.4
primase-consensus	NODE_10742_length_386_cov_41.760518	38.89	126	75	2	544	667	7	381	6e-14	79.0
primase-consensus	NODE_3510_length_3698_cov_28.939796	41.13	124	71	2	395	518	368	6	1.6e-13	80.8
primase-consensus	NODE_2005_length_6828_cov_48.329877	27.20	375	230	43	286	623	5720	6823	2.9e-13	80.9
primase-consensus	NODE_7698_length_1016_cov_77.308839	28.22	241	148	25	267	493	692	6	3.5e-13	77.8
primase-consensus	NODE_4739_length_2389_cov_41.766869	33.56	146	94	3	509	651	1951	2385	7.4e-13	78.0
primase-consensus	NODE_15402_length_216_cov_30.417266	53.52	71	31	2	408	478	9	212	1.2e-12	73.9
primase-consensus	NODE_15656_length_209_cov_32.143939	53.52	71	31	2	411	481	3	206	4.9e-12	71.7
primase-consensus	NODE_11788_length_326_cov_29.714859	41.12	107	60	3	382	486	324	10	8e-12	71.7
primase-consensus	NODE_1526_length_8866_cov_43.502788	38.58	127	76	2	458	582	8821	8444	1.9e-11	75.2
primase-consensus	NODE_2282_length_6041_cov_33.692656	30.47	256	155	23	287	523	3483	2735	2.1e-11	74.5
primase-consensus	NODE_11857_length_323_cov_33.020325	38.68	106	65	0	395	500	320	6	2.1e-11	70.3
primase-consensus	NODE_15273_length_220_cov_33.846154	53.73	67	29	2	405	471	24	215	5.4e-11	68.4
primase-consensus	NODE_9967_length_476_cov_28.739348	30.82	159	101	9	305	456	5	472	6.1e-11	69.3
primase-consensus	NODE_5062_length_2128_cov_38.504632	32.16	199	123	12	324	512	28	611	6.4e-11	71.4
vltf3-consensus	NODE_5089_length_2108_cov_75.492368	45.24	210	108	7	78	283	1154	1767	1.4e-52	208.4
rnapol2-consensus	NODE_214_length_28185_cov_36.688487	37.43	1090	321	361	280	1008	18841	22095	2.8e-65	256.2
rnapol2-consensus	NODE_214_length_28185_cov_36.688487	33.33	258	124	48	51	260	17887	18657	1.5e-15	91.0
rnapol2-consensus	NODE_903_length_13417_cov_36.700075	29.48	1082	399	364	249	967	9893	13124	8.4e-20	104.0
rnapol2-consensus	NODE_168_length_30952_cov_32.522267	35.08	590	249	134	525	980	24089	25851	1.2e-17	98.0
