pATPase-polinto-consensus	NODE_1877_length_2752_cov_11.418692	27.59	145	100	5	64	208	1091	675	2.4e-12	74.1
dnapol-consensus	NODE_427_length_6111_cov_17.627009	38.81	894	450	97	13	816	1512	4155	4.1e-57	225.8
dnapol-consensus	NODE_869_length_4437_cov_18.757798	29.84	610	365	63	248	804	2073	289	9.7e-30	134.4
dnapol-consensus	NODE_10693_length_364_cov_16.195122	41.67	120	70	0	296	415	3	359	4.6e-18	92.0
dnapol-consensus	NODE_13938_length_312_cov_14.774468	57.61	92	32	7	504	588	34	304	5.1e-16	85.0
tf2s-consensus	NODE_28882_length_218_cov_9.375887	49.18	61	29	2	16	74	7	186	5.9e-13	70.8
tf2s-consensus	NODE_2019_length_2598_cov_17.861563	49.18	61	29	2	16	74	2387	2566	6.3e-12	71.0
rnapol1-consensus	NODE_278_length_7227_cov_17.531049	40.09	1065	427	211	131	984	4842	1659	1.4e-43	181.6
rnapol1-consensus	NODE_278_length_7227_cov_17.531049	43.59	195	91	19	977	1152	1613	1032	1.1e-26	125.4
rnapol1-consensus	NODE_278_length_7227_cov_17.531049	32.67	150	89	12	4	142	5398	4959	1e-12	79.0
rnapol1-consensus	NODE_2309_length_2317_cov_18.624107	31.79	692	353	119	520	1092	1	2063	3.8e-37	158.5
rnapol1-consensus	NODE_2122_length_2508_cov_20.016454	32.76	757	344	165	164	755	2352	87	6e-33	144.7
rnapol1-consensus	NODE_4106_length_1170_cov_16.925892	34.88	301	139	57	340	583	1065	166	2.9e-30	134.7
rnapol1-consensus	NODE_28594_length_218_cov_14.865248	69.44	72	22	0	369	440	218	6	1.2e-20	100.3
rnapol1-consensus	NODE_11262_length_353_cov_13.278986	50.96	104	48	3	814	914	320	12	9e-18	91.4
rnapol1-consensus	NODE_17890_length_275_cov_10.969697	66.67	69	23	0	253	321	67	270	3e-17	89.3
rnapol1-consensus	NODE_14861_length_302_cov_12.440000	70.31	64	19	0	693	756	299	111	1e-15	84.4
rnapol1-consensus	NODE_2136_length_2485_cov_17.693937	27.81	489	183	170	826	1144	2173	714	1.2e-15	87.2
rnapol1-consensus	NODE_57438_length_155_cov_13.089744	78.43	51	11	0	657	707	1	150	4.8e-15	81.2
rnapol1-consensus	NODE_33726_length_200_cov_16.463415	65.57	61	21	0	687	747	200	21	3.7e-14	78.6
rnapol1-consensus	NODE_2042_length_2575_cov_20.370697	34.84	353	152	78	47	321	1060	9	3e-13	79.3
rnapol1-consensus	NODE_23974_length_236_cov_9.213836	47.37	76	40	0	617	692	7	231	1.4e-12	73.7
rnapol1-consensus	NODE_1076_length_3902_cov_17.557647	33.92	171	101	12	3	161	822	319	6.3e-12	75.5
rnapol1-consensus	NODE_51471_length_155_cov_15.961538	70.00	50	15	0	669	718	152	6	8.9e-12	70.3
rnapol1-consensus	NODE_61584_length_155_cov_11.500000	72.00	50	14	0	365	414	1	147	1.3e-11	69.8
rnapol2-consensus	NODE_3329_length_1564_cov_17.659718	41.35	520	221	84	215	650	1562	6	9.6e-40	166.4
rnapol2-consensus	NODE_8896_length_410_cov_22.909910	58.20	122	50	1	902	1022	5	367	4.7e-31	135.6
rnapol2-consensus	NODE_2034_length_2585_cov_17.374402	35.28	856	411	143	208	925	40	2581	1.8e-25	119.7
rnapol2-consensus	NODE_24286_length_233_cov_23.641026	66.23	77	26	0	786	862	1	228	2.1e-20	99.4
rnapol2-consensus	NODE_2138_length_2481_cov_17.923461	33.81	775	416	97	330	1010	168	2476	1e-18	97.2
rnapol2-consensus	NODE_16088_length_290_cov_11.446009	51.81	83	40	0	778	860	1	246	7.6e-18	91.2
rnapol2-consensus	NODE_2889_length_1848_cov_17.753811	59.17	120	35	14	915	1020	6	358	5.4e-16	87.7
rnapol2-consensus	NODE_21854_length_248_cov_12.497076	54.67	75	34	0	379	453	230	9	1.7e-14	79.9
rnapol2-consensus	NODE_40941_length_176_cov_12.121212	65.38	52	18	0	929	980	1	153	2.1e-12	72.4
rnapol2-consensus	NODE_50319_length_155_cov_16.782051	70.00	50	15	0	627	676	152	6	7.9e-12	70.3
rnapol2-consensus	NODE_56615_length_155_cov_13.423077	70.00	50	15	0	627	676	4	150	7.9e-12	70.3
rnapol2-consensus	NODE_36541_length_191_cov_12.464912	69.05	42	13	0	567	608	128	6	4.7e-11	68.1
rnapol2-consensus	NODE_43589_length_167_cov_13.022222	58.49	53	22	0	794	846	1	156	7e-11	67.3
