rnapol1-consensus	NODE_4109_length_1497_cov_45.123239	34.88	496	169	154	628	969	1497	15	1.2e-37	159.9
rnapol1-consensus	NODE_4326_length_1432_cov_46.527675	42.21	443	193	63	247	626	1331	6	3.3e-35	151.8
rnapol1-consensus	NODE_26_length_66535_cov_24.015183	29.69	960	421	254	164	870	54523	57386	2.1e-31	144.7
rnapol1-consensus	NODE_42_length_57078_cov_22.587604	31.51	1209	473	355	66	926	41211	44805	2.2e-19	104.5
rnapol1-consensus	NODE_51505_length_155_cov_23.628205	74.51	51	13	0	350	400	1	150	8.6e-14	77.4
rnapol1-consensus	NODE_14388_length_439_cov_49.729282	40.48	126	67	8	140	257	394	20	6.7e-13	75.9
rnapol1-consensus	NODE_11645_length_531_cov_54.303965	37.31	134	62	22	28	139	51	443	6.6e-12	72.9
rnapol1-consensus	NODE_5322_length_1160_cov_44.561404	53.95	76	34	1	1077	1151	1	225	8.6e-12	73.7
rnapol2-consensus	NODE_6309_length_985_cov_24.709251	57.34	218	67	26	829	1020	985	335	1.9e-38	161.8
rnapol2-consensus	NODE_7682_length_806_cov_47.702332	41.47	258	77	74	511	694	803	33	6.2e-36	153.2
rnapol2-consensus	NODE_9509_length_649_cov_43.578671	43.06	216	81	42	679	852	649	9	1.3e-27	125.3
rnapol2-consensus	NODE_8677_length_713_cov_66.872642	40.51	237	123	18	316	534	713	6	4.7e-25	116.8
rnapol2-consensus	NODE_17302_length_366_cov_18.688581	59.84	122	28	21	891	991	1	361	2.1e-24	113.7
rnapol2-consensus	NODE_5140_length_1199_cov_52.729055	36.57	402	179	76	623	950	4	1194	2.1e-20	102.1
rnapol2-consensus	NODE_1274_length_3681_cov_19.473918	36.14	570	258	106	557	1022	1422	3116	9.2e-19	98.3
rnapol2-consensus	NODE_35092_length_189_cov_25.750000	61.90	63	24	0	926	988	189	4	7.6e-16	84.3
rnapol2-consensus	NODE_35079_length_189_cov_26.866071	61.90	63	24	0	926	988	1	186	7.6e-16	84.3
rnapol2-consensus	NODE_26252_length_240_cov_1.361963	51.81	83	35	5	885	967	238	8	2.4e-13	76.4
rnapol2-consensus	NODE_28000_length_227_cov_32.606667	60.78	51	20	0	567	617	164	15	2.1e-12	73.1
rnapol2-consensus	NODE_4057_length_1512_cov_49.159582	30.02	503	256	96	10	421	1499	13	2.6e-11	72.3
