pATPase-polinto-consensus	NODE_307_length_18738_cov_5.687637	40.91	242	126	17	2	227	995	1714	4.2e-21	105.2
pATPase-polinto-consensus	NODE_4411_length_659_cov_13.489691	48.61	72	36	1	157	227	644	432	3.4e-11	67.5
pATPase-consensus	NODE_307_length_18738_cov_5.687637	39.67	242	130	16	2	228	995	1714	9.9e-23	110.6
pATPase-consensus	NODE_4411_length_659_cov_13.489691	45.12	82	45	0	152	233	659	417	2.5e-12	71.3
pATPase-consensus	NODE_743_length_4622_cov_7.472387	42.33	189	94	15	2	176	4057	4617	3.1e-11	70.4
capsid-polinto-consensus	NODE_348_length_14840_cov_6.205446	44.24	373	181	27	19	367	2529	1423	5.8e-20	101.8
dnapol-consensus	NODE_222_length_30872_cov_5.464199	28.45	854	390	221	75	711	10665	8119	1.8e-44	185.4
dnapol-consensus	NODE_47_length_125697_cov_6.860200	28.34	487	259	90	408	809	65107	66539	7.1e-15	89.1
capsid-consensus	NODE_348_length_14840_cov_6.205446	49.14	405	192	14	2	397	2619	1423	2.8e-91	338.8
capsid-consensus	NODE_126_length_61916_cov_5.409644	29.88	405	264	20	5	397	56743	57930	2.2e-24	118.6
tf2s-consensus	NODE_126_length_61916_cov_5.409644	58.70	46	19	0	30	75	12202	12068	1.4e-11	73.7
rnapol1-consensus	NODE_31_length_157434_cov_6.201402	39.22	1025	401	222	121	923	134391	131322	4.4e-42	180.2
rnapol1-consensus	NODE_31_length_157434_cov_6.201402	42.77	173	95	4	983	1151	130822	130307	2e-25	124.9
rnapol1-consensus	NODE_179_length_41531_cov_5.756188	39.52	954	404	173	77	857	20459	23317	1.1e-39	170.4
rnapol1-consensus	NODE_179_length_41531_cov_5.756188	31.99	372	180	73	856	1154	24914	26026	2.4e-24	119.4
rnapol1-consensus	NODE_97_length_80252_cov_6.327396	32.76	983	397	264	254	990	69871	72748	1.1e-38	168.0
rnapol1-consensus	NODE_437_length_9175_cov_8.080787	34.22	1011	413	252	30	923	2812	194	2.3e-31	140.6
rnapol1-consensus	NODE_1370_length_2402_cov_6.615484	66.33	98	33	0	655	752	860	570	2.2e-27	125.4
rnapol1-consensus	NODE_1305_length_2511_cov_9.157354	49.45	91	45	1	1061	1150	22	291	3.4e-15	85.0
rnapol1-consensus	NODE_1451_length_2297_cov_5.608108	45.05	111	58	3	816	923	1080	751	1.3e-13	79.6
rnapol1-consensus	NODE_5232_length_540_cov_9.174946	49.43	87	41	3	840	923	2	259	3.8e-12	72.7
rnapol1-consensus	NODE_238_length_28133_cov_6.136655	28.47	1001	404	312	229	923	8597	5626	5.1e-12	77.9
primase-consensus	NODE_289_length_21620_cov_6.633756	28.92	536	347	34	224	734	8960	7383	9.3e-49	199.0
primase-consensus	NODE_462_length_8391_cov_10.075656	31.57	491	300	36	262	723	1063	2499	8e-46	187.8
primase-consensus	NODE_462_length_8391_cov_10.075656	32.30	322	203	15	304	613	6574	7523	5.3e-33	145.3
primase-consensus	NODE_2331_length_1380_cov_8.594014	30.75	439	289	15	304	731	1320	19	4.6e-45	182.7
primase-consensus	NODE_179_length_41531_cov_5.756188	28.93	477	309	30	285	741	30832	32229	5.2e-43	180.8
primase-consensus	NODE_1343_length_2451_cov_6.868997	30.00	430	278	23	304	719	419	1678	4.7e-41	170.2
primase-consensus	NODE_469_length_8186_cov_5.312122	29.98	427	282	17	302	718	6566	7822	6.2e-41	171.6
primase-consensus	NODE_1501_length_2233_cov_9.318646	31.48	359	228	18	373	716	263	1327	7.6e-41	169.4
primase-consensus	NODE_888_length_3762_cov_7.118046	26.77	564	381	32	186	733	2417	781	1.3e-40	169.4
primase-consensus	NODE_347_length_15065_cov_11.550507	28.50	428	287	19	304	719	12124	10865	2.3e-39	167.2
primase-consensus	NODE_358_length_13922_cov_5.618635	29.31	423	285	14	301	714	1791	541	6.6e-39	165.6
primase-consensus	NODE_330_length_17035_cov_5.599068	33.05	351	216	19	380	714	6082	7122	6.1e-37	159.4
primase-consensus	NODE_3315_length_934_cov_37.668611	31.97	294	192	8	408	698	934	71	4.3e-36	152.4
primase-consensus	NODE_4080_length_725_cov_17.132716	38.70	230	133	8	404	627	706	26	2.5e-34	146.2
primase-consensus	NODE_2342_length_1374_cov_15.325366	35.14	276	167	12	349	619	563	1366	4e-34	146.4
primase-consensus	NODE_2065_length_1595_cov_3.134387	31.06	367	231	22	370	720	353	1426	2.3e-31	137.4
primase-consensus	NODE_3311_length_935_cov_7.404429	27.92	308	214	8	342	646	13	918	4.7e-30	132.3
primase-consensus	NODE_179_length_41531_cov_5.756188	36.22	254	152	10	469	717	16984	16241	7e-29	133.9
primase-consensus	NODE_1392_length_2372_cov_8.577342	30.62	258	172	7	376	629	1606	2367	2.1e-28	128.2
primase-consensus	NODE_2360_length_1356_cov_6.060985	30.27	261	171	11	491	740	120	899	2.2e-25	117.4
primase-consensus	NODE_10_length_232029_cov_6.395008	29.81	265	178	8	475	734	230227	230997	2.9e-24	119.5
primase-consensus	NODE_1549_length_2162_cov_41.111751	31.36	236	149	13	326	551	707	12	4.4e-22	107.0
primase-consensus	NODE_372_length_12469_cov_5.996691	30.96	239	159	6	497	731	191	898	5.7e-22	109.2
primase-consensus	NODE_5230_length_540_cov_12.079914	36.31	179	110	4	481	657	539	14	2.1e-21	102.8
primase-consensus	NODE_559_length_6319_cov_8.573694	27.74	429	261	49	302	716	6139	4965	4e-21	105.4
primase-consensus	NODE_985_length_3405_cov_12.905649	29.75	242	163	7	480	716	2561	3277	1.4e-20	102.7
primase-consensus	NODE_237_length_28488_cov_7.885748	29.48	458	233	90	249	692	8776	7640	6.7e-20	103.5
primase-consensus	NODE_3828_length_791_cov_7.082633	34.57	188	116	7	375	557	569	15	1.1e-19	97.6
primase-consensus	NODE_855_length_3917_cov_9.551562	27.92	240	165	8	511	742	828	1544	3.1e-18	95.1
primase-consensus	NODE_7127_length_383_cov_22.428105	42.19	128	70	4	379	504	2	376	5.5e-18	90.9
primase-consensus	NODE_6329_length_434_cov_3.226891	35.00	140	89	2	509	646	2	418	1.6e-17	89.5
primase-consensus	NODE_1045_length_3167_cov_8.274757	26.88	253	173	12	304	546	1242	493	4.1e-16	87.8
primase-consensus	NODE_998_length_3345_cov_9.985618	29.27	205	136	9	521	716	853	1464	4.9e-15	84.2
primase-consensus	NODE_4911_length_583_cov_6.982213	34.39	157	100	3	525	680	469	8	1.6e-14	80.0
primase-consensus	NODE_300_length_20078_cov_6.575971	42.75	131	68	7	414	539	6844	6465	1.1e-13	82.3
primase-consensus	NODE_592_length_5891_cov_6.916753	28.57	329	193	42	345	668	5037	4171	1.8e-13	79.9
primase-consensus	NODE_4940_length_580_cov_6.161034	30.18	169	109	9	376	539	495	4	2.7e-13	75.9
primase-consensus	NODE_7625_length_360_cov_6.335689	37.40	123	68	9	539	657	356	6	2.2e-12	72.2
primase-consensus	NODE_2188_length_1485_cov_34.452229	28.57	147	103	2	573	719	381	812	2.7e-12	74.0
primase-consensus	NODE_456_length_8583_cov_4.211028	34.36	163	100	7	347	506	7290	7761	3e-12	76.4
primase-consensus	NODE_300_length_20078_cov_6.575971	21.62	495	356	32	188	664	12609	14038	3.1e-11	74.2
primase-consensus	NODE_5434_length_515_cov_7.105023	35.29	136	77	11	373	500	115	510	6.7e-11	67.8
primase-consensus	NODE_2506_length_1272_cov_3.930544	27.46	142	92	11	588	720	1239	823	6.9e-11	69.1
vltf3-consensus	NODE_126_length_61916_cov_5.409644	37.64	271	154	15	26	283	43326	44129	3.2e-29	134.2
rnapol2-consensus	NODE_181_length_41253_cov_6.605052	35.46	1004	454	194	208	1022	16467	13480	1e-65	256.7
rnapol2-consensus	NODE_1251_length_2647_cov_6.671595	41.90	790	267	192	405	1003	2647	288	8.3e-48	193.2
rnapol2-consensus	NODE_5825_length_474_cov_5.748111	51.59	157	54	22	754	888	471	6	4.6e-22	105.2
rnapol2-consensus	NODE_34_length_143746_cov_6.503818	33.04	793	372	159	384	1022	127681	130037	3.6e-17	97.2
rnapol2-consensus	NODE_2109_length_1556_cov_8.523327	33.61	482	201	119	67	429	1440	6	1.4e-13	78.8
rnapol2-consensus	NODE_296_length_20555_cov_3.132239	28.57	238	155	15	777	1007	2327	3013	8.7e-13	79.9
