dnapol-consensus	scaffold_212	32.03	615	376	42	219	809	104426	102639	1.5e-58	230.4
dnapol-consensus	scaffold_1348	31.35	606	339	77	231	768	5021	6808	1.7e-52	206.5
dnapol-consensus	scaffold_648	31.74	605	337	76	231	768	20874	19094	3.6e-52	206.8
dnapol-consensus	scaffold_549	31.59	649	353	91	231	797	40511	42423	4.6e-52	207.1
dnapol-consensus	scaffold_753	30.73	615	340	86	231	768	4977	6791	8.2e-52	205.2
dnapol-consensus	scaffold_764	31.85	606	336	77	231	768	5534	7313	9.3e-51	201.7
dnapol-consensus	scaffold_125	37.50	864	422	118	69	818	351508	354080	1.1e-47	194.4
dnapol-consensus	scaffold_1593	31.59	573	306	86	231	726	1690	6	4.4e-42	171.3
dnapol-consensus	scaffold_937	31.35	606	339	77	231	768	5750	7537	1.5e-41	170.7
dnapol-consensus	scaffold_618	31.27	614	337	85	231	768	15740	17547	2.4e-41	171.0
dnapol-consensus	scaffold_665	30.46	627	338	98	231	768	3865	5707	2.6e-39	164.0
dnapol-consensus	scaffold_1255	31.29	652	359	89	231	802	12301	10394	5.4e-38	158.5
dnapol-consensus	scaffold_1761	32.12	604	334	76	231	768	2801	1031	3.4e-36	150.7
dnapol-consensus	scaffold_891	31.06	615	338	86	231	768	3781	5595	1.2e-35	151.2
dnapol-consensus	scaffold_869	31.85	562	307	76	231	726	1655	5	1.2e-35	151.2
dnapol-consensus	scaffold_1719	39.77	259	146	10	231	485	3730	4475	1.3e-34	145.8
dnapol-consensus	scaffold_524	31.38	647	355	89	231	797	43447	41547	1.8e-33	145.5
dnapol-consensus	scaffold_572	27.96	608	359	79	227	766	165	1952	3e-33	144.4
dnapol-consensus	scaffold_452	31.47	483	306	25	224	689	67936	69353	1.1e-32	143.6
dnapol-consensus	scaffold_371	34.37	451	262	34	227	653	57517	56226	1.2e-28	130.9
dnapol-consensus	scaffold_11	34.06	323	185	28	253	558	1133233	1134151	7.5e-26	121.4
dnapol-consensus	scaffold_566	30.33	521	292	71	315	768	40854	39307	1.7e-24	115.4
dnapol-consensus	scaffold_1608	30.45	509	274	80	369	802	6791	5293	2.1e-23	109.2
dnapol-consensus	scaffold_112	31.79	390	212	54	227	612	166	1176	6.7e-22	108.7
dnapol-consensus	scaffold_149	34.81	385	224	27	227	590	385660	384551	1.3e-21	107.3
dnapol-consensus	scaffold_1603	29.55	467	258	71	369	768	6851	5480	4.1e-21	101.6
dnapol-consensus	scaffold_4	28.89	637	410	43	232	835	1255025	1256868	4.5e-21	105.7
dnapol-consensus	scaffold_1403	28.13	455	233	94	405	768	10184	8848	2.6e-15	82.9
dnapol-consensus	scaffold_331	25.57	438	254	72	396	766	171535	170240	7.5e-13	75.8
dnapol-consensus	scaffold_1412	28.44	443	235	82	405	768	10084	8774	6.7e-11	68.2
rnapol1-consensus	scaffold_24	40.68	1057	419	208	136	984	731938	728771	1e-43	181.6
rnapol1-consensus	scaffold_24	42.93	205	97	20	966	1150	728745	728138	5.4e-30	136.0
rnapol1-consensus	scaffold_260	30.46	1057	530	205	150	1005	80401	83554	1.4e-33	147.9
rnapol1-consensus	scaffold_216	28.82	1072	542	221	133	991	26860	23694	5.1e-33	146.0
rnapol1-consensus	scaffold_82	25.64	776	462	115	3	739	322109	320013	1.6e-20	104.5
rnapol1-consensus	scaffold_870	26.59	771	457	109	3	739	1910	3994	7.9e-19	95.8
rnapol1-consensus	scaffold_566	26.72	771	456	109	3	739	23185	25269	1e-18	96.7
rnapol1-consensus	scaffold_1050	26.72	771	456	109	3	739	6709	4625	1.4e-18	94.8
rnapol1-consensus	scaffold_925	26.59	771	457	109	3	739	10842	12926	1.6e-18	94.8
rnapol1-consensus	scaffold_1100	26.46	771	458	109	3	739	14116	12032	1.6e-18	94.5
rnapol1-consensus	scaffold_684	26.59	771	457	109	3	739	17372	19456	2.3e-18	94.8
rnapol1-consensus	scaffold_665	26.33	771	459	109	3	739	21811	19727	2.4e-18	94.8
rnapol1-consensus	scaffold_603	26.46	771	458	109	3	739	19866	21950	3.1e-18	94.8
rnapol1-consensus	scaffold_574	26.46	771	458	109	3	739	5792	3708	4.5e-18	94.5
rnapol1-consensus	scaffold_648	26.77	777	453	116	3	739	3147	5228	9.8e-18	92.9
rnapol1-consensus	scaffold_626	27.09	779	460	108	3	747	27717	25606	1.1e-17	92.9
rnapol1-consensus	scaffold_524	27.09	779	460	108	3	747	25725	27836	1.8e-17	92.9
rnapol1-consensus	scaffold_479	26.72	771	457	108	3	739	54924	57007	2.4e-17	92.9
rnapol1-consensus	scaffold_604	27.09	753	440	109	3	721	2045	15	2.5e-17	91.8
rnapol1-consensus	scaffold_469	26.25	781	453	123	3	739	41551	39473	4.5e-17	92.1
rnapol1-consensus	scaffold_469	27.23	786	452	120	3	747	15734	13627	9.9e-26	120.8
rnapol1-consensus	scaffold_1408	26.94	772	448	116	3	732	4229	2177	5.6e-16	85.5
rnapol1-consensus	scaffold_636	26.78	773	455	111	3	739	14298	12216	6.5e-16	86.9
rnapol1-consensus	scaffold_59	25.88	657	384	103	117	739	244201	242451	1.3e-15	88.3
rnapol1-consensus	scaffold_846	27.45	776	449	114	3	739	2228	4307	4.6e-15	83.4
rnapol1-consensus	scaffold_490	26.21	744	417	132	42	744	21496	19553	1.6e-14	83.4
rnapol1-consensus	scaffold_194	31.34	268	150	34	477	740	121011	121717	6.5e-14	82.6
rnapol1-consensus	scaffold_627	27.70	740	420	115	43	739	4101	2127	8.9e-14	79.8
rnapol1-consensus	scaffold_58	40.00	165	54	45	340	459	256071	256558	1.1e-12	78.5
rnapol1-consensus	scaffold_205	27.83	794	444	129	3	747	4391	6489	1.6e-12	78.0
rnapol1-consensus	scaffold_1063	25.66	452	275	61	3	442	13728	14925	8.3e-12	72.3
rnapol1-consensus	scaffold_1460	26.28	468	280	65	3	456	1732	2971	5e-11	69.0
primase-consensus	scaffold_185	31.19	327	216	9	404	723	203587	202620	3.2e-33	146.1
primase-consensus	scaffold_56	28.75	407	269	21	321	717	471886	473070	3.2e-33	146.1
primase-consensus	scaffold_331	29.02	417	253	43	324	719	140768	139587	4.6e-33	145.6
primase-consensus	scaffold_1466	28.60	437	281	31	326	744	174	1442	2e-30	132.8
primase-consensus	scaffold_764	28.71	411	269	24	323	719	1233	34	2.5e-30	133.6
primase-consensus	scaffold_549	28.18	440	286	30	323	744	36223	34947	1.4e-29	132.3
primase-consensus	scaffold_648	30.03	373	238	23	387	744	25343	26434	1.9e-29	131.2
primase-consensus	scaffold_937	28.60	437	281	31	326	744	1415	147	2.3e-29	130.1
primase-consensus	scaffold_869	30.03	373	238	23	387	744	6121	7212	2.5e-29	130.1
primase-consensus	scaffold_618	28.64	440	283	31	323	744	11455	10178	2.5e-29	130.9
primase-consensus	scaffold_637	28.60	437	281	31	326	744	29017	27749	4.1e-29	130.1
primase-consensus	scaffold_630	29.95	374	238	24	387	744	27580	26490	4.3e-29	130.1
primase-consensus	scaffold_596	28.60	437	281	31	326	744	34625	33357	4.9e-29	130.1
primase-consensus	scaffold_1047	27.29	436	288	29	326	744	14993	13725	9.6e-29	127.9
primase-consensus	scaffold_524	29.02	441	283	30	323	744	47734	49008	4.6e-28	127.4
primase-consensus	scaffold_572	27.29	436	288	29	326	744	36116	34848	9.4e-28	126.0
primase-consensus	scaffold_594	28.54	445	280	38	323	744	30587	29315	1.5e-27	125.2
primase-consensus	scaffold_371	27.23	404	266	28	326	713	64230	65402	4.7e-27	125.5
primase-consensus	scaffold_1593	30.79	302	194	15	326	622	6024	6892	7.1e-27	120.6
primase-consensus	scaffold_331	25.92	436	294	29	326	744	17587	18855	1.1e-26	124.4
primase-consensus	scaffold_253	26.37	383	261	21	377	744	122593	121466	6.7e-25	118.4
primase-consensus	scaffold_253	27.89	251	177	4	377	626	139274	138534	1.2e-20	104.3
primase-consensus	scaffold_60	31.76	340	208	24	400	724	98554	97585	6.4e-24	115.2
primase-consensus	scaffold_403	27.79	367	244	21	392	743	92042	93121	2.7e-23	112.7
primase-consensus	scaffold_753	31.36	236	150	12	323	555	704	31	8.4e-23	108.7
primase-consensus	scaffold_29	27.38	442	281	40	326	744	577776	579031	3.2e-21	106.2
primase-consensus	scaffold_1348	37.21	172	100	8	387	555	520	31	1.7e-19	96.7
primase-consensus	scaffold_124	30.94	181	112	13	387	560	371376	371893	1.2e-12	77.8
primase-consensus	scaffold_193	24.84	318	220	19	398	703	50577	49652	1.4e-12	77.5
rnapol2-consensus	scaffold_21	43.05	1057	368	234	198	1020	608194	611359	2e-84	316.7
rnapol2-consensus	scaffold_102	33.69	932	384	234	324	1022	408060	405273	1e-42	178.1
rnapol2-consensus	scaffold_102	33.33	162	103	5	60	218	409277	408801	4.5e-17	92.9
rnapol2-consensus	scaffold_1580	33.33	378	227	25	649	1020	1345	276	4.6e-38	158.2
rnapol2-consensus	scaffold_1466	33.33	378	227	25	649	1020	3439	2370	6e-38	158.2
rnapol2-consensus	scaffold_618	33.42	377	227	24	649	1020	8190	9260	3.6e-37	157.4
rnapol2-consensus	scaffold_980	23.91	1100	591	246	112	1020	12197	15316	3.8e-37	156.3
rnapol2-consensus	scaffold_869	23.60	1093	601	234	112	1020	11254	8131	4.3e-37	156.3
rnapol2-consensus	scaffold_690	33.16	377	228	24	649	1020	22694	23764	5.7e-37	156.3
rnapol2-consensus	scaffold_648	35.77	246	148	10	779	1020	28071	27355	6.7e-37	156.3
rnapol2-consensus	scaffold_637	33.16	377	228	24	649	1020	25751	26821	7e-37	156.3
rnapol2-consensus	scaffold_630	33.16	377	228	24	649	1020	24499	25569	7.3e-37	156.3
rnapol2-consensus	scaffold_596	33.16	377	228	24	649	1020	31361	32431	8.3e-37	156.3
rnapol2-consensus	scaffold_594	32.37	380	228	29	649	1020	27344	28413	8.4e-37	156.3
rnapol2-consensus	scaffold_549	33.42	377	227	24	649	1020	32955	34025	8.7e-37	156.6
rnapol2-consensus	scaffold_524	35.77	246	148	10	779	1020	50647	49931	1.2e-36	156.3
rnapol2-consensus	scaffold_1047	25.38	784	411	174	387	1020	10863	13139	1.6e-36	154.2
rnapol2-consensus	scaffold_572	23.81	987	553	199	189	1020	31440	34265	4.3e-36	154.2
rnapol2-consensus	scaffold_1757	34.88	344	204	20	649	987	2748	1765	6.4e-36	150.1
rnapol2-consensus	scaffold_574	33.25	379	227	26	649	1020	38516	39584	4.1e-35	150.9
rnapol2-consensus	scaffold_284	30.97	381	229	34	650	1020	13612	14679	6.2e-32	142.3
rnapol2-consensus	scaffold_371	22.66	1046	609	200	113	987	69129	66092	1.2e-31	141.2
rnapol2-consensus	scaffold_604	34.77	348	202	25	649	987	32581	33563	1.9e-30	135.2
rnapol2-consensus	scaffold_218	29.87	385	234	36	649	1020	230502	229428	2.6e-30	136.8
rnapol2-consensus	scaffold_331	33.14	347	205	27	649	987	137533	138505	1.4e-28	131.1
rnapol2-consensus	scaffold_124	31.95	338	207	23	650	980	373746	372794	2.3e-27	127.1
rnapol2-consensus	scaffold_472	28.87	381	231	40	651	1020	9803	10851	4.4e-24	115.1
rnapol2-consensus	scaffold_186	31.27	387	227	39	649	1020	206123	205058	5.2e-24	115.9
rnapol2-consensus	scaffold_112	30.74	244	154	15	780	1018	15646	14952	1.3e-18	98.0
rnapol2-consensus	scaffold_220	27.61	536	336	52	398	898	58714	57171	2.7e-18	97.0
rnapol2-consensus	scaffold_331	24.21	508	320	65	525	1020	21077	19720	2e-16	90.7
rnapol2-consensus	scaffold_232	27.97	790	468	101	314	1019	238103	240412	3.2e-16	89.9
rnapol2-consensus	scaffold_1502	33.87	124	78	4	897	1020	8676	8320	5.1e-16	85.3
rnapol2-consensus	scaffold_32	30.17	1001	536	163	131	971	379182	376192	6e-15	85.8
rnapol2-consensus	scaffold_261	36.99	219	123	15	649	866	247819	248430	3.6e-13	79.3
rnapol2-consensus	scaffold_481	32.51	203	119	18	649	846	34872	35430	4.9e-11	71.7
