NCVOG0333-consensus	NW_022158371.1	52.87	98	41	11	605	702	335080	335337	1.9e-11	69.1
NCVOG0333-consensus	NW_022158398.1	54.93	74	32	3	605	678	134575	134784	6.2e-11	68.8
NCVOG0233-consensus	NW_022158398.1	42.23	939	468	126	40	857	70399	73185	2.8e-46	186.5
NCVOG0233-consensus	NW_022158401.1	42.74	869	348	259	181	791	70154	67562	2.5e-39	163.4
NCVOG0233-consensus	NW_022158395.1	35.35	704	339	178	144	669	188414	190514	5.7e-19	94.0
NCVOG0233-consensus	NW_022158384.1	33.03	662	372	106	136	705	76025	77961	1.6e-17	91.0
NCVOG0233-consensus	NW_022158382.1	32.92	858	426	220	64	717	239888	242388	3.4e-14	79.3
NCVOG0233-consensus	NW_022158366.1	37.75	624	303	133	264	759	101542	103367	1.6e-13	77.7
NCVOG0233-consensus	NW_022158361.1	32.14	214	132	19	583	795	393071	392491	3.3e-13	76.6
NCVOG0233-consensus	NW_022158456.1	30.06	615	352	110	136	661	1442	3208	5.4e-11	65.5
NCVOG0233-consensus	NW_022158350.1	40.51	315	140	79	502	738	291874	290940	7.8e-11	68.8
NCVOG0023-consensus	NW_022158437.1	32.88	464	295	24	370	825	10442	9106	1.1e-43	175.6
NCVOG0023-consensus	NW_022158416.1	32.30	441	283	23	392	825	39866	38595	3.9e-42	171.8
NCVOG0023-consensus	NW_022158416.1	31.73	420	269	26	399	806	58714	57500	1.2e-37	156.9
NCVOG0023-consensus	NW_022158416.1	28.76	333	211	36	448	746	33445	32464	2.1e-13	76.4
NCVOG0023-consensus	NW_022158428.1	32.37	439	280	25	375	806	1553	294	1.8e-40	165.6
NCVOG0023-consensus	NW_022158428.1	34.65	488	281	58	358	829	17904	16570	7.3e-38	156.9
NCVOG0023-consensus	NW_022158416.1	30.88	446	291	25	375	813	54980	56260	3.2e-38	158.8
NCVOG0023-consensus	NW_022158416.1	30.99	453	294	27	375	815	20778	22088	8.6e-43	174.0
NCVOG0023-consensus	NW_022158416.1	29.22	460	310	22	375	827	46646	47977	1.8e-42	172.9
NCVOG0023-consensus	NW_022158416.1	28.74	450	298	31	375	814	61171	62446	4.1e-27	121.9
NCVOG0023-consensus	NW_022158454.1	32.65	370	229	30	375	718	10087	8993	3.3e-25	112.7
NCVOG0023-consensus	NW_022158376.1	28.97	221	152	7	370	585	22	675	7.2e-14	78.8
NCVOG0013-consensus	NW_022158388.1	29.68	157	109	2	122	276	28394	27927	7.1e-11	68.3
NCVOG0763-consensus	NW_022158351.1	37.10	196	116	11	117	310	1242213	1242768	7e-11	67.4
NCVOG1192-consensus	NW_022158442.1	41.38	286	119	83	98	304	8750	9592	4.2e-19	92.3
NCVOG0073-consensus	NW_022158369.1	47.43	666	274	143	24	566	204389	206317	1.4e-61	237.5
NCVOG0073-consensus	NW_022158397.1	38.16	737	374	131	34	665	100277	102400	6e-44	178.9
NCVOG0073-consensus	NW_022158404.1	45.05	636	281	123	41	566	60579	62436	2e-39	163.7
NCVOG0073-consensus	NW_022158435.1	31.58	393	247	32	134	499	33488	34648	2e-31	135.2
NCVOG2643-consensus	NW_022158388.1	36.57	209	110	35	86	264	197279	197883	1.1e-11	68.9
NCVOG5053-consensus	NW_022158428.1	75.00	48	12	0	52	99	42586	42726	5.9e-12	68.8
NCVOG4523-consensus	NW_022158400.1	41.36	992	441	235	8	818	78790	81578	2.2e-35	150.7
NCVOG1353-consensus	NW_022158374.1	64.24	869	238	198	90	763	205432	202846	1e-46	187.9
NCVOG0353-consensus	NW_022158385.1	36.42	339	192	37	48	384	20596	21504	3.1e-20	98.8
NCVOG0055-consensus	NW_022158373.1	36.80	255	144	26	162	403	150374	149656	9.2e-20	97.4
NCVOG0055-consensus	NW_022158350.1	39.10	173	94	18	188	348	731207	730714	2.4e-19	96.1
NCVOG0055-consensus	NW_022158354.1	39.50	127	72	8	228	346	631011	631388	5.3e-12	71.6
NCVOG4105-consensus	NW_022158360.1	48.70	978	346	295	9	704	12752	15615	6.2e-25	115.9
NCVOG0245-consensus	NW_022158428.1	31.11	287	186	17	31	314	5934	5119	7.1e-22	102.4
NCVOG0245-consensus	NW_022158385.1	34.25	185	119	4	29	213	12173	11634	5.1e-20	97.8
NCVOG0305-consensus	NW_022158352.1	30.43	209	144	2	821	1029	631745	632362	3.7e-22	107.2
NCVOG0305-consensus	NW_022158363.1	35.63	283	159	36	782	1039	350834	351646	6.6e-18	93.1
NCVOG0305-consensus	NW_022158356.1	36.10	278	154	37	1318	1566	530717	529911	8.7e-16	86.1
NCVOG0305-consensus	NW_022158363.1	34.43	324	178	52	754	1039	273661	272739	3.9e-15	83.9
NCVOG0305-consensus	NW_022158360.1	40.20	265	118	67	1359	1559	235175	234395	2.1e-14	81.5
NCVOG0305-consensus	NW_022158360.1	38.60	118	70	4	1406	1521	545523	545179	4.5e-13	76.8
NCVOG0305-consensus	NW_022158357.1	41.55	155	83	13	802	950	139081	139521	9.2e-13	76.0
NCVOG0305-consensus	NW_022158433.1	41.91	149	78	14	1402	1538	11508	11075	4e-12	72.0
NCVOG0305-consensus	NW_022158353.1	34.46	157	97	9	1409	1558	1016591	1017052	7.3e-12	73.0
NCVOG0305-consensus	NW_022158381.1	35.04	120	76	3	1432	1549	190377	190024	1.7e-11	71.4
NCVOG0248-consensus	NW_022158363.1	32.56	445	262	56	87	489	255609	254322	2e-15	83.3
NCVOG0248-consensus	NW_022158434.1	44.70	155	73	23	45	177	3257	3715	3.1e-14	77.3
NCVOG1216-consensus	NW_022158427.1	27.58	351	239	21	5	342	7791	8816	2.5e-25	114.0
NCVOG4804-consensus	NW_022158368.1	64.81	138	37	31	71	180	109696	110093	7.4e-18	90.0
NCVOG0282-consensus	NW_022158363.1	33.00	215	134	15	291	496	273692	273069	2.8e-13	76.9
NCVOG0282-consensus	NW_022158352.1	27.84	314	210	23	367	665	631739	632653	2.8e-13	76.9
NCVOG0282-consensus	NW_022158383.1	46.67	97	48	7	423	519	244801	245067	9.4e-12	71.2
NCVOG0249-consensus	NW_022158427.1	38.84	254	148	12	10	258	9893	9156	2e-41	167.7
NCVOG4883-consensus	NW_022158403.1	37.46	373	197	58	46	366	89246	88149	4.5e-27	121.8
NCVOG0360-consensus	NW_022158352.1	47.13	324	136	65	55	315	493200	494156	3e-28	125.2
NCVOG0979-consensus	NW_022158395.1	50.68	299	146	3	31	328	152582	153469	6e-70	262.1
NCVOG2734-consensus	NW_022158356.1	29.58	253	168	14	81	319	337952	337199	4.5e-12	72.6
NCVOG0262-consensus	NW_022158427.1	37.37	296	174	17	330	614	49630	48772	1.3e-33	142.3
NCVOG0274-consensus	NW_022158353.1	46.35	1505	603	375	149	1295	478377	482817	2e-59	230.9
NCVOG0274-consensus	NW_022158350.1	40.62	1424	581	436	304	1298	1462920	1467119	2.5e-12	74.4
NCVOG0274-consensus	NW_022158355.1	39.75	1128	474	338	252	1046	569137	572488	5.2e-11	70.1
NCVOG0074-consensus	NW_022158369.1	62.92	654	196	122	25	557	204434	206383	1.7e-91	336.3
NCVOG0074-consensus	NW_022158404.1	68.49	643	165	115	25	552	60570	62487	2.5e-69	262.5
NCVOG0074-consensus	NW_022158397.1	50.95	698	282	122	27	616	100297	102343	4.6e-68	258.4
NCVOG0074-consensus	NW_022158435.1	27.48	433	285	40	78	471	33356	34648	1.1e-28	125.5
NCVOG1299-consensus	NW_022158350.1	43.75	105	54	9	21	125	1048838	1048554	5.3e-14	76.8
NCVOG1196-consensus	NW_022158356.1	22.51	881	622	78	139	962	93411	95983	1.1e-11	72.0
NCVOG1164-consensus	NW_022158442.1	39.01	159	86	18	93	247	17821	18252	3.1e-13	72.8
NCVOG1354-consensus	NW_022158427.1	39.88	190	101	22	186	361	13817	14359	2.8e-18	90.9
NCVOG4324-consensus	NW_022158352.1	37.42	579	277	134	136	588	209068	210767	7.5e-18	91.6
NCVOG4134-consensus	NW_022158365.1	36.13	525	241	146	53	441	329964	331495	5.7e-12	71.6
NCVOG0034-consensus	NW_022158390.1	36.71	227	131	20	156	369	45983	46639	2.5e-12	72.7
NCVOG0304-consensus	NW_022158369.1	43.79	172	86	19	45	204	128170	128661	1.2e-13	77.3
NCVOG0214-consensus	NW_022158364.1	40.48	128	75	2	365	491	70624	70247	6.3e-13	75.6
NCVOG0214-consensus	NW_022158357.1	30.74	251	167	9	254	501	122033	121308	1.1e-11	71.5
NCVOG0276-consensus	NW_022158427.1	66.77	329	108	4	33	357	3599	2616	3.8e-106	382.5
NCVOG0276-consensus	NW_022158384.1	70.81	418	85	122	62	357	199186	200428	1.5e-56	218.7
NCVOG0276-consensus	NW_022158354.1	63.79	159	41	44	58	172	1028967	1029438	8.5e-21	100.5
NCVOG4882-consensus	NW_022158371.1	35.38	375	221	33	370	724	81377	80295	4.6e-29	129.5
NCVOG2204-consensus	NW_022158366.1	31.67	347	203	49	138	437	229371	230394	2.4e-15	82.8
NCVOG1060-consensus	NW_022158404.1	36.22	312	159	61	53	306	124765	125678	7.8e-12	70.8
NCVOG1240-consensus	NW_022158428.1	41.26	238	121	32	1	234	11015	11641	5.2e-28	122.3
NCVOG0185-consensus	NW_022158428.1	36.84	119	72	5	13	131	42791	42453	6.4e-14	75.6
NCVOG0030-consensus	NW_022158363.1	41.92	499	247	73	26	472	189480	190906	6.6e-27	122.0
NCVOG0030-consensus	NW_022158386.1	53.93	256	80	80	26	214	117087	117806	1.5e-12	74.2
NCVOG0030-consensus	NW_022158386.1	46.43	213	88	47	267	433	118262	118886	1.5e-12	74.2
NCVOG0030-consensus	NW_022158386.1	32.51	318	189	37	146	439	62300	63205	2.7e-12	73.4
NCVOG0020-consensus	NW_022158397.1	51.32	379	109	153	106	332	32802	33928	3e-15	82.1
NCVOG4494-consensus	NW_022158376.1	40.37	163	96	2	38	199	130466	130948	2.3e-18	93.0
NCVOG4494-consensus	NW_022158376.1	40.12	164	97	2	37	199	131901	132386	9e-15	81.1
NCVOG4494-consensus	NW_022158367.1	36.40	270	159	20	16	279	58742	57978	3.2e-17	89.2
NCVOG4494-consensus	NW_022158362.1	42.07	147	84	2	55	199	79733	79296	4.1e-14	78.9
NCVOG4494-consensus	NW_022158351.1	42.36	149	83	5	37	182	876911	876474	1.3e-13	77.3
NCVOG1100-consensus	NW_022158385.1	34.78	258	150	28	2	231	39443	40213	3.6e-26	118.8
NCVOG2647-consensus	NW_022158365.1	32.76	268	154	38	7	236	224379	225171	8e-12	70.3
NCVOG0267-consensus	NW_022158403.1	29.59	544	345	54	272	793	42205	40673	3.3e-27	123.5
NCVOG0267-consensus	NW_022158350.1	30.56	542	334	61	245	757	952514	954040	3.9e-26	120.0
NCVOG0267-consensus	NW_022158353.1	30.55	533	340	43	211	733	434905	433413	7.8e-25	115.7
NCVOG0046-consensus	NW_022158427.1	43.84	157	82	11	9	160	29533	29982	1.6e-18	91.3
NCVOG0046-consensus	NW_022158402.1	52.86	70	33	0	3	72	119553	119759	6.5e-13	74.2
NCVOG0046-consensus	NW_022158350.1	50.00	75	36	3	1	72	895205	895426	8.6e-11	67.2
NCVOG1137-consensus	NW_022158428.1	40.24	176	101	7	12	187	21354	21857	1.9e-25	113.5
NCVOG0037-consensus	NW_022158369.1	53.02	1130	367	341	107	896	224481	227838	1.9e-36	154.2
NCVOG0037-consensus	NW_022158391.1	53.00	1128	392	285	62	917	72962	76277	2.3e-36	153.9
NCVOG0007-consensus	NW_022158364.1	40.23	177	103	4	39	211	91785	92310	2.2e-22	105.9
NCVOG0005-consensus	NW_022158388.1	31.92	225	144	13	6	225	135389	134744	4e-12	72.2
NCVOG0005-consensus	NW_022158402.1	29.25	289	179	36	77	335	87096	87941	2.1e-11	69.7
NCVOG0486-consensus	NW_022158396.1	35.31	381	206	62	41	376	539	1623	4.9e-22	104.8
NCVOG0836-consensus	NW_022158420.1	39.22	548	231	166	73	461	43323	41710	9e-13	73.7
NCVOG0284-consensus	NW_022158353.1	48.31	126	61	8	157	274	265977	266351	7.1e-18	90.7
NCVOG0806-consensus	NW_022158352.1	48.52	351	138	82	124	392	333381	332334	6.5e-32	137.8
NCVOG0806-consensus	NW_022158352.1	53.33	75	35	0	373	447	332328	332107	3.9e-17	88.7
NCVOG0806-consensus	NW_022158367.1	32.80	448	253	71	24	417	80774	79487	3.3e-17	89.0
NCVOG0029-consensus	NW_022158350.1	41.00	100	59	0	251	350	1572662	1572958	7.7e-18	91.4
NCVOG0029-consensus	NW_022158351.1	40.07	361	164	86	79	355	897426	898491	1.3e-12	74.0
NCVOG0076-consensus	NW_022158442.1	39.90	435	235	44	179	605	21569	20376	2.7e-20	97.3
NCVOG1154-consensus	NW_022158427.1	31.11	190	124	10	151	333	45319	44762	3.9e-14	76.8
NCVOG1326-consensus	NW_022158369.1	50.39	183	64	54	21	149	301256	300711	3.4e-12	69.6
NCVOG0236-consensus	NW_022158385.1	31.82	212	135	14	36	238	4476	5093	1e-13	76.5
NCVOG0036-consensus	NW_022158400.1	43.16	220	108	30	106	300	124381	125022	1e-16	86.9
NCVOG0222-consensus	NW_022158409.1	23.80	438	317	22	42	468	82996	84273	6.8e-12	71.0
NCVOG0002-consensus	NW_022158374.1	36.44	614	283	167	296	757	20392	22177	4.2e-11	69.6
NCVOG4845-consensus	NW_022158384.1	31.23	474	269	81	178	629	91003	89776	1.6e-13	77.2
NCVOG2775-consensus	NW_022158358.1	30.43	313	208	14	100	400	303083	302154	1.6e-27	123.6
NCVOG2775-consensus	NW_022158368.1	28.92	251	177	2	154	403	151105	151851	1.2e-25	117.4
NCVOG2775-consensus	NW_022158400.1	35.02	219	141	2	181	398	147922	148572	1.4e-24	113.9
NCVOG2775-consensus	NW_022158364.1	33.87	339	207	26	101	421	505574	504585	2.4e-23	108.7
NCVOG2775-consensus	NW_022158364.1	34.09	344	203	36	82	399	502372	501374	8.5e-22	103.6
NCVOG2775-consensus	NW_022158364.1	35.11	133	85	2	231	361	501324	500929	5.3e-12	71.0
NCVOG2775-consensus	NW_022158364.1	30.37	243	148	30	199	420	504445	503749	6.4e-12	70.7
NCVOG2775-consensus	NW_022158389.1	31.05	322	211	16	124	441	64797	65723	3.7e-21	102.5
NCVOG2775-consensus	NW_022158372.1	30.81	367	238	23	113	458	226875	225784	1.4e-20	100.6
NCVOG2775-consensus	NW_022158406.1	34.01	339	193	46	98	402	30134	29161	8.9e-20	97.6
NCVOG2775-consensus	NW_022158350.1	35.14	338	190	44	99	406	490261	489299	8.7e-19	94.6
NCVOG2775-consensus	NW_022158350.1	33.60	430	242	64	37	402	495806	494526	4.1e-19	95.7
NCVOG2775-consensus	NW_022158350.1	34.81	355	188	65	84	397	494427	493448	4.7e-18	92.2
NCVOG2775-consensus	NW_022158350.1	35.00	192	115	14	183	367	491234	490691	1.4e-16	87.3
NCVOG2775-consensus	NW_022158373.1	33.33	325	192	37	92	381	3023	3988	3.2e-18	92.7
NCVOG2775-consensus	NW_022158354.1	30.52	449	279	47	98	501	403570	402235	3.7e-17	89.2
NCVOG2775-consensus	NW_022158481.1	33.14	387	230	43	65	415	2029	893	4.3e-17	83.7
NCVOG2775-consensus	NW_022158359.1	33.12	346	206	38	107	415	48469	49500	4.5e-17	88.9
NCVOG2775-consensus	NW_022158359.1	31.47	385	233	45	69	415	66293	67423	6.8e-18	91.6
NCVOG2775-consensus	NW_022158359.1	32.42	330	197	38	100	392	44022	45001	4.5e-17	88.9
NCVOG2775-consensus	NW_022158381.1	33.76	355	208	41	107	421	200527	201585	5.9e-17	88.1
NCVOG2775-consensus	NW_022158381.1	35.87	356	201	42	107	421	98197	99254	6.2e-16	85.1
NCVOG2775-consensus	NW_022158381.1	33.73	374	219	43	107	442	1348	249	2.8e-15	83.0
NCVOG2775-consensus	NW_022158431.1	34.60	360	206	45	98	415	28477	27410	3e-15	81.0
NCVOG2775-consensus	NW_022158399.1	34.27	187	117	9	204	381	155426	155983	3.2e-15	80.2
NCVOG2775-consensus	NW_022158376.1	38.36	388	188	83	99	406	32447	31296	6e-15	81.9
NCVOG2775-consensus	NW_022158404.1	30.11	503	309	60	94	539	132086	130598	1.4e-14	80.5
NCVOG2775-consensus	NW_022158356.1	35.62	368	206	48	62	389	338606	337530	1.5e-13	77.3
NCVOG2775-consensus	NW_022158361.1	32.64	307	192	21	98	399	467238	466375	2.3e-13	76.2
NCVOG2775-consensus	NW_022158402.1	32.99	206	130	12	177	381	130565	129984	7.2e-11	68.3
NCVOG0924-consensus	NW_022158353.1	34.32	180	111	11	5	181	536806	536294	4e-11	67.5
NCVOG0275-consensus	NW_022158359.1	50.00	82	41	0	7	88	352860	352618	9.7e-13	72.9
NCVOG0729-consensus	NW_022158362.1	47.15	592	209	193	2	408	279270	277538	2.9e-17	89.5
NCVOG4874-consensus	NW_022158354.1	47.47	333	132	79	100	357	29956	30927	1.3e-14	80.1
NCVOG4605-consensus	NW_022158398.1	31.78	285	176	27	279	558	167419	168204	2.6e-17	87.8
NCVOG4605-consensus	NW_022158394.1	30.10	364	216	55	182	535	89092	88139	3.2e-12	73.1
NCVOG4605-consensus	NW_022158351.1	33.24	450	249	77	27	415	1326717	1328015	3.9e-12	72.9
NCVOG4605-consensus	NW_022158405.1	31.82	482	285	64	213	653	68010	66637	1e-11	71.2
NCVOG4605-consensus	NW_022158418.1	29.48	493	308	55	50	525	24327	25680	3.9e-11	68.5
NCVOG1136-consensus	NW_022158352.1	56.99	316	116	45	180	452	216890	215954	4.2e-45	181.7
NCVOG0822-consensus	NW_022158354.1	39.88	184	98	21	91	264	403054	402539	2.9e-12	72.7
NCVOG0822-consensus	NW_022158359.1	34.02	215	128	21	61	264	44325	44936	2.9e-12	72.7
NCVOG0822-consensus	NW_022158359.1	33.50	224	135	21	91	302	48946	49587	2.9e-12	72.7
NCVOG0059-consensus	NW_022158427.1	30.39	322	197	39	125	441	40939	40079	8.4e-16	82.7
NCVOG2980-consensus	NW_022158411.1	38.63	505	275	55	20	474	31780	33266	8.2e-52	203.4
NCVOG4522-consensus	NW_022158355.1	51.35	214	89	30	262	445	305909	305273	4.7e-33	141.6
NCVOG1352-consensus	NW_022158402.1	31.74	180	113	14	63	228	135569	136101	1.6e-12	72.5
NCVOG0522-consensus	NW_022158373.1	33.87	200	123	14	49	241	72146	71571	1.2e-12	73.4
NCVOG4122-consensus	NW_022158350.1	34.72	417	218	82	89	433	496117	494908	5.8e-16	84.9
NCVOG4122-consensus	NW_022158350.1	34.70	364	204	50	119	460	494802	493808	1.7e-18	93.3
NCVOG0032-consensus	NW_022158364.1	35.23	608	312	123	290	814	234472	236152	1.6e-17	91.0
NCVOG0032-consensus	NW_022158395.1	34.78	197	120	13	620	805	131136	130555	2.8e-17	90.2
NCVOG0032-consensus	NW_022158361.1	38.46	112	64	8	678	783	476828	476502	2e-12	73.7
NCVOG0302-consensus	NW_022158363.1	36.08	169	101	11	267	429	273557	273069	8e-15	81.3
NCVOG0302-consensus	NW_022158428.1	30.24	313	201	24	247	540	6869	5955	9.9e-15	79.4
NCVOG0302-consensus	NW_022158355.1	33.33	182	117	6	358	535	255778	255246	3e-14	79.4
NCVOG0302-consensus	NW_022158353.1	31.30	133	90	2	10	142	41702	41313	8.4e-12	71.3
NCVOG0302-consensus	NW_022158356.1	28.52	275	181	21	273	538	530705	529926	4.6e-11	68.9
NCVOG0022-consensus	NW_022158428.1	40.35	178	102	7	19	196	32133	32642	4.2e-29	126.9
NCVOG0022-consensus	NW_022158428.1	39.27	256	133	37	205	460	34340	34993	2.3e-16	84.6
NCVOG0012-consensus	NW_022158372.1	40.00	204	108	24	304	485	163902	163300	1.1e-23	110.7
NCVOG0012-consensus	NW_022158357.1	35.35	401	214	70	84	417	126134	124944	1.5e-18	93.6
NCVOG0012-consensus	NW_022158350.1	42.37	127	68	9	313	434	656016	656381	3.6e-16	85.7
NCVOG0012-consensus	NW_022158371.1	43.33	93	51	3	301	390	237765	238040	1.3e-14	80.6
NCVOG0012-consensus	NW_022158435.1	64.00	53	18	3	323	375	14562	14708	1.4e-14	78.4
NCVOG0012-consensus	NW_022158381.1	50.60	88	41	5	328	415	171201	170956	5.2e-14	78.1
NCVOG0012-consensus	NW_022158376.1	39.06	140	77	13	287	413	66956	67368	4.5e-13	75.4
NCVOG0012-consensus	NW_022158352.1	37.68	270	128	64	227	432	619217	618413	4.5e-13	75.4
NCVOG0012-consensus	NW_022158352.1	61.54	74	25	9	327	396	93921	93718	4.5e-13	75.4
NCVOG0012-consensus	NW_022158361.1	40.76	174	93	17	276	438	270936	270436	2e-12	73.2
NCVOG0012-consensus	NW_022158398.1	40.71	119	67	6	273	388	5342	4998	4.3e-12	72.1
NCVOG0012-consensus	NW_022158398.1	64.00	52	18	2	327	378	51617	51471	4.3e-12	72.1
NCVOG0012-consensus	NW_022158359.1	29.76	375	236	39	89	437	141479	142561	1.1e-11	70.8
NCVOG0012-consensus	NW_022158459.1	39.74	161	90	11	306	461	583	126	1.7e-11	65.9
NCVOG0012-consensus	NW_022158366.1	40.38	107	62	3	312	415	205055	205372	2.8e-11	69.4
NCVOG0012-consensus	NW_022158402.1	35.33	186	108	19	243	415	54521	55057	8.7e-11	67.8
NCVOG0012-consensus	NW_022158356.1	38.02	138	75	17	307	432	582934	582539	8.7e-11	67.8
NCVOG0868-consensus	NW_022158428.1	49.57	125	57	10	148	263	42803	42443	6.7e-20	96.1
NCVOG0868-consensus	NW_022158427.1	59.32	64	24	5	156	218	25907	25731	7.2e-13	72.8
NCVOG0190-consensus	NW_022158428.1	42.11	179	88	27	182	349	42782	42297	2.6e-12	71.3
NCVOG0190-consensus	NW_022158427.1	63.64	66	20	11	194	258	25892	25728	2.1e-11	68.3
NCVOG0025-consensus	NW_022158370.1	33.42	448	245	80	110	515	280262	281488	1e-20	100.9
NCVOG0025-consensus	NW_022158383.1	26.93	412	272	39	104	497	39504	38343	9.1e-19	94.4
NCVOG0025-consensus	NW_022158353.1	27.10	530	337	67	40	521	566354	567877	6.6e-16	84.9
NCVOG0025-consensus	NW_022158366.1	29.49	398	250	43	104	491	7414	8501	1.2e-15	84.1
NCVOG0025-consensus	NW_022158386.1	23.56	365	265	18	131	487	7007	8066	5.2e-15	81.9
NCVOG0025-consensus	NW_022158436.1	34.07	464	237	103	103	500	9049	7778	1.1e-14	78.6
NCVOG0025-consensus	NW_022158392.1	32.09	413	237	64	101	502	5319	4243	1.1e-14	80.8
NCVOG0025-consensus	NW_022158441.1	47.14	70	37	0	422	491	6501	6295	6.4e-13	72.4
NCVOG0025-consensus	NW_022158362.1	27.76	388	252	38	119	487	520041	518946	9.5e-13	73.5
NCVOG0025-consensus	NW_022158350.1	27.13	435	273	60	112	508	1278388	1277155	5.2e-11	68.6
NCVOG0025-consensus	NW_022158379.1	31.88	175	108	16	328	501	247505	247033	7.3e-11	68.1
NCVOG0271-consensus	NW_022158366.1	34.36	1215	632	249	205	1178	401707	405306	6e-55	215.7
NCVOG0271-consensus	NW_022158362.1	45.29	1180	446	359	157	978	16682	13165	3e-44	180.2
NCVOG0271-consensus	NW_022158362.1	60.57	262	68	88	980	1153	13158	12380	4.6e-13	76.6
NCVOG0271-consensus	NW_022158367.1	37.91	1074	587	128	179	1139	409708	406539	8.2e-41	168.5
NCVOG0078-consensus	NW_022158371.1	47.79	167	70	32	95	235	351301	351776	1.4e-11	68.1
NCVOG4568-consensus	NW_022158355.1	52.87	196	82	22	317	490	595364	594780	1.4e-17	90.3
NCVOG4568-consensus	NW_022158404.1	34.27	182	115	6	308	485	1647	1117	1.9e-17	89.8
NCVOG4568-consensus	NW_022158404.1	26.64	222	157	8	256	475	662	18	1.2e-16	87.1
NCVOG4568-consensus	NW_022158404.1	28.33	183	129	3	305	485	3105	2563	1.3e-13	77.0
NCVOG4568-consensus	NW_022158350.1	29.11	348	242	5	143	486	873586	874613	8.9e-16	84.4
NCVOG4568-consensus	NW_022158392.1	26.70	208	149	4	284	488	199312	198699	2.9e-15	81.1
NCVOG4568-consensus	NW_022158404.1	32.09	285	182	17	218	489	931	1770	4.3e-15	81.9
NCVOG4568-consensus	NW_022158371.1	44.75	201	100	20	309	489	41762	41163	1.2e-13	77.3
NCVOG4568-consensus	NW_022158380.1	43.86	174	93	6	318	485	77807	78315	7.8e-13	74.6
NCVOG4568-consensus	NW_022158353.1	37.17	347	187	47	172	479	1061145	1060148	8.8e-13	73.2
NCVOG4568-consensus	NW_022158351.1	44.17	176	90	14	313	485	1336353	1336840	1.6e-12	73.5
NCVOG4568-consensus	NW_022158409.1	30.69	212	139	11	282	482	83166	83796	2.5e-12	72.4
NCVOG4568-consensus	NW_022158352.1	42.51	181	94	16	310	476	698783	698256	2.9e-12	72.7
NCVOG4568-consensus	NW_022158363.1	41.52	176	100	5	310	481	290618	291139	5.1e-12	71.9
NCVOG4568-consensus	NW_022158358.1	41.62	192	107	8	306	490	101231	101796	6.1e-12	71.6
NCVOG4568-consensus	NW_022158354.1	31.18	362	233	23	123	476	96200	97233	7.4e-12	71.3
NCVOG4568-consensus	NW_022158356.1	43.41	132	73	3	327	455	234484	234092	8.9e-12	71.1
NCVOG4568-consensus	NW_022158396.1	48.48	133	68	1	312	443	25936	26331	1.6e-11	70.3
NCVOG4568-consensus	NW_022158362.1	42.31	195	104	14	291	478	478521	479077	2.2e-11	68.9
NCVOG4568-consensus	NW_022158350.1	46.46	134	67	8	359	490	1405655	1405277	2.8e-11	69.4
NCVOG4568-consensus	NW_022158386.1	50.83	226	88	46	306	490	164937	164282	5.7e-11	67.5
NCVOG4568-consensus	NW_022158354.1	47.33	133	68	3	327	458	279076	278691	8.5e-11	67.8
NCVOG0061-consensus	NW_022158385.1	37.29	583	294	113	60	541	142408	140703	1.8e-31	136.7
NCVOG0967-consensus	NW_022158404.1	25.54	807	546	72	85	864	3008	744	4.1e-17	89.6
NCVOG0531-consensus	NW_022158364.1	29.81	162	112	2	48	207	155519	155039	4.7e-13	75.2
NCVOG0301-consensus	NW_022158355.1	30.81	192	127	8	349	535	255805	255246	8.9e-13	74.6
NCVOG0021-consensus	NW_022158382.1	24.70	266	189	15	231	492	166186	165425	1.4e-12	74.2
NCVOG0001-consensus	NW_022158359.1	45.27	314	161	19	313	618	376583	375680	1.4e-46	187.1
NCVOG0001-consensus	NW_022158353.1	45.15	315	163	17	247	560	1010893	1011782	4.4e-27	122.3
NCVOG0001-consensus	NW_022158376.1	44.24	234	121	17	328	555	47085	47750	5.3e-27	122.0
NCVOG0001-consensus	NW_022158352.1	42.99	261	121	48	363	586	827680	826936	9.4e-19	94.6
NCVOG0001-consensus	NW_022158364.1	39.30	216	122	15	353	565	285270	284662	7.4e-18	91.6
NCVOG0001-consensus	NW_022158353.1	42.49	301	132	70	333	571	662566	661697	8.6e-17	88.1
NCVOG0001-consensus	NW_022158353.1	39.55	315	162	47	320	600	663603	662701	8.6e-17	88.1
NCVOG0001-consensus	NW_022158350.1	47.62	283	120	53	338	580	322970	322168	1.6e-13	77.2
NCVOG0001-consensus	NW_022158350.1	42.42	301	131	72	336	577	321748	320896	1.9e-13	77.0
NCVOG0001-consensus	NW_022158405.1	51.87	258	89	72	363	550	64824	64064	1.3e-12	74.0
NCVOG0001-consensus	NW_022158358.1	44.80	296	121	76	351	589	288612	287787	6.8e-12	71.8
NCVOG2058-consensus	NW_022158350.1	42.70	344	151	79	96	370	495216	494224	3.9e-20	98.5
NCVOG2058-consensus	NW_022158406.1	36.27	336	179	54	91	381	29681	28712	1.4e-14	79.8
NCVOG0158-consensus	NW_022158442.1	28.66	157	112	0	73	229	17518	17051	1.9e-15	79.9
NCVOG0038-consensus	NW_022158427.1	40.91	989	517	114	76	1012	32321	35098	2.6e-123	441.1
NCVOG0228-consensus	NW_022158428.1	38.53	347	209	7	360	703	21089	20064	3.9e-59	227.7
NCVOG0228-consensus	NW_022158428.1	32.79	319	205	14	386	700	26211	25288	2.1e-42	172.1
NCVOG0228-consensus	NW_022158389.1	34.03	798	404	183	222	863	33747	31452	6.9e-15	82.3
NCVOG0280-consensus	NW_022158364.1	21.58	1505	1076	132	234	1678	520073	515788	2.6e-23	110.2
NCVOG0280-consensus	NW_022158360.1	24.84	1245	836	132	328	1480	375624	379229	7.9e-19	96.4
NCVOG0218-consensus	NW_022158352.1	35.18	488	268	74	463	892	619339	617931	3.8e-34	146.6
NCVOG0218-consensus	NW_022158352.1	30.80	282	179	22	674	933	719267	718435	7.7e-17	89.1
NCVOG0218-consensus	NW_022158372.1	50.39	135	64	6	602	736	163878	163495	6e-28	126.0
NCVOG0218-consensus	NW_022158357.1	40.49	169	97	6	686	851	125357	124863	7.6e-25	115.7
NCVOG0218-consensus	NW_022158357.1	29.82	581	352	76	344	864	65120	63457	3.5e-16	86.9
NCVOG0218-consensus	NW_022158366.1	32.57	268	176	7	632	896	205064	205852	1.1e-23	111.9
NCVOG0218-consensus	NW_022158374.1	45.39	171	83	19	678	834	122696	123190	5.8e-23	109.4
NCVOG0218-consensus	NW_022158375.1	25.35	534	367	42	353	857	24915	26472	2.2e-22	107.5
NCVOG0218-consensus	NW_022158405.1	36.45	219	127	18	559	766	1590	2216	1e-21	105.1
NCVOG0218-consensus	NW_022158400.1	35.68	207	128	8	652	852	66659	67270	1.4e-21	104.8
NCVOG0218-consensus	NW_022158384.1	42.86	161	83	15	690	837	2171	2640	1.6e-19	98.0
NCVOG0218-consensus	NW_022158350.1	38.36	152	90	6	749	894	656019	656471	3.8e-18	93.4
NCVOG0218-consensus	NW_022158356.1	28.40	361	241	24	492	834	583514	582455	1.2e-17	91.8
NCVOG0218-consensus	NW_022158355.1	34.42	431	235	69	518	891	51947	50720	3e-17	90.4
NCVOG0218-consensus	NW_022158359.1	28.24	365	247	20	464	822	141452	142495	1.3e-16	88.3
NCVOG0218-consensus	NW_022158376.1	41.12	109	62	3	739	846	66967	67282	4.2e-16	86.6
NCVOG0218-consensus	NW_022158435.1	75.61	41	10	0	790	830	14562	14681	5.4e-16	84.2
NCVOG0218-consensus	NW_022158402.1	26.60	337	228	26	565	880	98728	97740	4.8e-15	83.1
NCVOG0218-consensus	NW_022158361.1	41.88	169	91	11	741	905	271003	270529	1e-14	82.0
NCVOG0218-consensus	NW_022158350.1	35.33	181	107	15	720	893	1018442	1017929	1.2e-14	81.8
NCVOG0218-consensus	NW_022158351.1	35.29	163	98	11	673	825	753964	754442	1.8e-14	81.2
NCVOG0218-consensus	NW_022158354.1	26.94	381	260	24	440	805	266095	264993	6.7e-14	79.3
NCVOG0218-consensus	NW_022158352.1	54.41	71	31	3	749	818	93921	93718	1.4e-13	78.2
NCVOG0218-consensus	NW_022158371.1	63.08	74	24	9	661	734	237783	237974	1.4e-13	78.2
NCVOG0218-consensus	NW_022158384.1	33.97	165	103	9	672	830	134223	133741	1.4e-13	78.2
NCVOG0218-consensus	NW_022158365.1	25.54	548	375	44	356	884	87878	89439	1.4e-13	78.2
NCVOG0218-consensus	NW_022158351.1	29.91	230	150	16	580	793	58191	57505	3e-13	77.1
NCVOG0218-consensus	NW_022158459.1	41.67	124	70	4	623	743	583	218	3.1e-13	72.8
NCVOG0218-consensus	NW_022158362.1	27.18	469	298	59	293	734	373394	374697	3.6e-13	76.9
NCVOG0218-consensus	NW_022158352.1	29.01	285	184	25	536	800	1328216	1329046	4.1e-13	76.6
NCVOG0218-consensus	NW_022158398.1	72.00	55	14	5	714	767	51617	51468	4.4e-13	76.6
NCVOG0218-consensus	NW_022158428.1	33.83	470	261	74	485	884	48066	46682	5.4e-13	74.7
NCVOG0218-consensus	NW_022158382.1	37.10	127	77	4	596	718	33745	33370	7.7e-13	75.8
NCVOG0218-consensus	NW_022158381.1	38.53	254	129	41	703	923	171201	170487	8.4e-13	75.2
NCVOG0218-consensus	NW_022158381.1	29.23	201	136	8	495	688	186806	186216	1.8e-12	74.2
NCVOG0218-consensus	NW_022158350.1	29.97	308	200	22	593	892	1432456	1431582	1.4e-12	75.0
NCVOG0218-consensus	NW_022158359.1	27.01	458	306	38	502	941	327101	325799	2.4e-12	74.2
NCVOG0218-consensus	NW_022158355.1	36.80	133	79	8	776	900	555724	556119	2.4e-12	74.2
NCVOG0218-consensus	NW_022158356.1	29.71	178	121	5	746	921	676386	676901	2.8e-12	73.1
NCVOG0218-consensus	NW_022158352.1	28.14	238	165	8	530	759	1239028	1238322	4.7e-12	73.1
NCVOG0218-consensus	NW_022158399.1	33.90	188	114	14	595	772	172532	173068	5.8e-12	70.4
NCVOG0218-consensus	NW_022158404.1	38.62	164	87	21	749	891	33100	33582	7.9e-12	72.3
NCVOG0218-consensus	NW_022158404.1	31.11	191	123	12	667	852	84420	83876	7.9e-12	72.3
NCVOG0218-consensus	NW_022158362.1	56.90	59	25	1	800	858	502034	502204	8.3e-12	71.4
NCVOG0218-consensus	NW_022158351.1	35.71	150	90	10	763	902	1142385	1142831	1.1e-11	72.0
NCVOG0218-consensus	NW_022158350.1	28.00	276	180	26	608	860	1428734	1429549	1.3e-11	71.7
NCVOG0218-consensus	NW_022158368.1	29.23	201	138	6	672	867	27992	28588	4.8e-11	69.8
NCVOG0218-consensus	NW_022158402.1	34.58	241	140	27	538	753	54395	55108	5.8e-11	69.6
NCVOG0218-consensus	NW_022158361.1	34.27	170	94	27	636	778	531244	531750	6.2e-11	69.0
NCVOG0218-consensus	NW_022158366.1	60.38	61	21	8	627	679	30699	30520	7e-11	69.3
NCVOG0018-consensus	NW_022158404.1	24.88	907	640	54	218	1108	3213	622	5.5e-31	136.0
NCVOG0018-consensus	NW_022158495.1	26.29	932	625	83	115	1016	2697	74	1.1e-15	79.6
NCVOG0018-consensus	NW_022158428.1	31.46	374	219	54	176	547	48076	47118	1.4e-11	70.1
NCVOG4344-consensus	NW_022158372.1	27.27	337	230	20	21	347	226985	226016	1.6e-11	70.2
NCVOG4344-consensus	NW_022158376.1	33.76	355	206	44	15	336	32309	31281	7.3e-11	68.1
NCVOG2246-consensus	NW_022158350.1	36.76	139	86	3	32	167	1057745	1057332	5.8e-20	98.2
NCVOG0226-consensus	NW_022158428.1	44.04	121	61	12	31	150	42779	42453	5e-12	70.2
